 0.13628526479685E+03
 0.13628526479685E+03
 0.13628526479700E+03
 0.13628526479836E+03
 0.13628526480478E+03
 0.13628526482493E+03
 0.13628526487383E+03
 0.13628526497463E+03
 0.13628526516627E+03
 0.13628526552868E+03
 0.13628526623801E+03
 0.13628526765602E+03
 0.13628527044388E+03
 0.13628527568056E+03
 0.13628528496426E+03
 0.13628530048070E+03
 0.13628532503080E+03
 0.13628536201827E+03
 0.13628541540366E+03
 0.13628548963467E+03
 0.13628558956368E+03
 0.13628572036359E+03
 0.13628588745215E+03
 0.13628609643362E+03
 0.13628635306494E+03
 0.13628666325073E+03
 0.13628703306959E+03
 0.13628746883042E+03
 0.13628797715526E+03
 0.13628856508296E+03
 0.13628924018574E+03
 0.13629001069045E+03
 0.13629088559582E+03
 0.13629187477785E+03
 0.13629298907668E+03
 0.13629424035987E+03
 0.13629564155879E+03
 0.13629720667687E+03
 0.13629895076981E+03
 0.13630088989982E+03
 0.13630304106666E+03
 0.13630542211961E+03
 0.13630805165466E+03
 0.13631094890175E+03
 0.13631413360686E+03
 0.13631762592725E+03
 0.13632144626554E+03
 0.13632561523366E+03
 0.13633015351113E+03
 0.13633508177186E+03
 0.13634042061547E+03
 0.13634619051544E+03
 0.13635241178460E+03
 0.13635910455851E+03
 0.13636628879672E+03
 0.13637398430135E+03
 0.13638221075207E+03
 0.13639098775677E+03
 0.13640033491639E+03
 0.13641027190225E+03
 0.13642081854524E+03
 0.13643199493417E+03
 0.13644382152241E+03
 0.13645631924119E+03
 0.13646950961723E+03
 0.13648341489507E+03
 0.13649805816012E+03
 0.13651346346402E+03
 0.13652965594864E+03
 0.13654666196894E+03
 0.13656450921473E+03
 0.13658322682795E+03
 0.13660284551754E+03
 0.13662339766938E+03
 0.13664491745334E+03
 0.13666744092310E+03
 0.13669100611546E+03
 0.13671565314033E+03
 0.13674142426855E+03
 0.13676836401393E+03
 0.13679651920943E+03
 0.13682593908059E+03
 0.13685667532254E+03
 0.13688878216391E+03
 0.13692231642799E+03
 0.13695733759687E+03
 0.13699390787029E+03
 0.13703209222626E+03
 0.13707195846964E+03
 0.13711357730341E+03
 0.13715702239032E+03
 0.13720237040256E+03
 0.13724970108653E+03
 0.13729909732476E+03
 0.13735064519076E+03
 0.13740443404165E+03
 0.13746055660722E+03
 0.13751910904449E+03
 0.13758019102531E+03
 0.13764390583937E+03
 0.13771036049643E+03
 0.13777966581274E+03
 0.13785193657577E+03
 0.13792729160522E+03
 0.13800585399134E+03
 0.13808775112120E+03
 0.13817311489012E+03
 0.13826208195496E+03
 0.13835479386254E+03
 0.13845139710626E+03
 0.13855204355669E+03
 0.13865689073213E+03
 0.13876610176400E+03
 0.13887984585055E+03
 0.13899829872247E+03
 0.13912164261913E+03
 0.13925006669465E+03
 0.13938376775116E+03
 0.13952295012830E+03
 0.13966782636374E+03
 0.13981861769720E+03
 0.13997555440260E+03
 0.14013887646063E+03
 0.14030883392872E+03
 0.14048568779124E+03
 0.14066971028957E+03
 0.14086118585569E+03
 0.14106041193442E+03
 0.14126769930409E+03
 0.14148337361210E+03
 0.14170777574459E+03
 0.14194126312833E+03
 0.14218421069433E+03
 0.14243701217283E+03
 0.14270008103533E+03
 0.14297385215474E+03
 0.14325878320404E+03
 0.14355535629597E+03
 0.14386407955709E+03
 0.14418548903925E+03
 0.14452015092853E+03
 0.14486866343085E+03
 0.14523165931405E+03
 0.14560980868938E+03
 0.14600382164056E+03
 0.14641445123259E+03
 0.14684249713888E+03
 0.14728880918727E+03
 0.14775429136292E+03
 0.14823990625971E+03
 0.14874668007422E+03
 0.14927570743519E+03
 0.14982815779463E+03
 0.15040528143263E+03
 0.15100841664247E+03
 0.15163899730719E+03
 0.15229856155715E+03
 0.15298876061731E+03
 0.15371136986804E+03
 0.15446829977881E+03
 0.15526160793761E+03
 0.15609351343998E+03
 0.15696641149597E+03
 0.15788288982845E+03
 0.15884574711292E+03
 0.15985801243032E+03
 0.16092296672054E+03
 0.16204416653864E+03
 0.16322546858946E+03
 0.16447105692515E+03
 0.16578547155338E+03
 0.16717363814179E+03
 0.16864089909483E+03
 0.17019304448336E+03
 0.17183634209457E+03
 0.17357756531263E+03
 0.17542401536335E+03
 0.17738354737958E+03
 0.17946456398721E+03
 0.18167601653185E+03
 0.18402737723728E+03
 0.18652858452759E+03
 0.18918996029035E+03
 0.19202208190380E+03
 0.19503560466235E+03
 0.19824103773860E+03
 0.20164844615763E+03
 0.20526711106588E+03
 0.20910512311513E+03
 0.21316895853720E+03
 0.21746304124932E+03
 0.22198933680005E+03
 0.22674705007523E+03
 0.23173242129468E+03
 0.23693870830154E+03
 0.24235634336936E+03
 0.24797326394290E+03
 0.25377538544246E+03
 0.25974716071317E+03
 0.26587216911272E+03
 0.27213367857003E+03
 0.27851513304853E+03
 0.28500054382284E+03
 0.29157477708863E+03
 0.29822373283820E+03
 0.30493444105392E+03
 0.31169508685419E+03
 0.31849498381694E+03
 0.32532451331738E+03
 0.33217504419780E+03
 0.33903884164793E+03
 0.34590897547996E+03
 0.35277923230443E+03
 0.35964403157209E+03
 0.36649834936130E+03
 0.37333765275727E+03
 0.38015784017133E+03
 0.38695518958073E+03
 0.39372631382831E+03
 0.40046812155232E+03
 0.40717778394694E+03
 0.41385270668171E+03
 0.42049050426612E+03
 0.42708897835849E+03
 0.43364609963812E+03
 0.44015999263813E+03
 0.44662892062778E+03
 0.45305127308787E+03
 0.45942555747007E+03
 0.46575038695643E+03
 0.47202447468354E+03
 0.47824662500005E+03
 0.48441572779818E+03
 0.49053075323191E+03
 0.49659074643307E+03
 0.50259482277918E+03
 0.50854216413771E+03
 0.51443201559506E+03
 0.52026368197640E+03
 0.52603652488284E+03
 0.53174996012676E+03
 0.53740345534311E+03
 0.54299652836206E+03
 0.54852874390330E+03
 0.55399971310705E+03
 0.55940909037983E+03
 0.56475657346341E+03
 0.57004190115696E+03
 0.57526485089241E+03
 0.58042523882298E+03
 0.58552291821401E+03
 0.59055777803415E+03
 0.59552974150499E+03
 0.60043876564800E+03
 0.60528483990194E+03
 0.61006798478683E+03
 0.61478825142163E+03
 0.61944571971292E+03
 0.62404049932443E+03
 0.62857272528824E+03
 0.63304256112772E+03
 0.63745019437533E+03
 0.64179583822232E+03
 0.64607972937459E+03
 0.65030212708271E+03
 0.65446331359147E+03
 0.65856359142891E+03
 0.66260328370615E+03
 0.66658273295281E+03
 0.67050230089061E+03
 0.67436236634252E+03
 0.67816332595596E+03
 0.68190559214463E+03
 0.68558959287612E+03
 0.68921577106077E+03
 0.69278458356399E+03
 0.69629650029729E+03
 0.69975200364890E+03
 0.70315158791422E+03
 0.70649575833832E+03
 0.70978503058915E+03
 0.71301993010619E+03
 0.71620099098352E+03
 0.71932875602321E+03
 0.72240377566774E+03
 0.72542660725542E+03
 0.72839781484186E+03
 0.73131796825144E+03
 0.73418764266769E+03
 0.73700741797203E+03
 0.73977787822468E+03
 0.74249961127662E+03
 0.74517320800362E+03
 0.74779926201476E+03
 0.75037836907274E+03
 0.75291112668223E+03
 0.75539813352592E+03
 0.75783998918319E+03
 0.76023729363171E+03
 0.76259064685772E+03
