-0.10553995854924E+11
-0.65962474093275E+09
-0.13029624512255E+09
-0.41226546308424E+08
-0.16886393368199E+08
-0.81435153207822E+07
-0.43956667461091E+07
-0.25766591458051E+07
-0.16085956209091E+07
-0.10553995882322E+07
-0.72085212106796E+06
-0.50896971153748E+06
-0.36952473605982E+06
-0.27472917665779E+06
-0.20847399761323E+06
-0.16104120205639E+06
-0.12636338533790E+06
-0.10053723116272E+06
-0.80984618037271E+05
-0.65962477228847E+05
-0.54267492344478E+05
-0.45053257173556E+05
-0.37714256251080E+05
-0.31810601742179E+05
-0.27018221492459E+05
-0.23095284585890E+05
-0.19859190524507E+05
-0.17170554814919E+05
-0.14921905195256E+05
-0.13029598002579E+05
-0.11427966925485E+05
-0.10065039682637E+05
-0.88993693869252E+04
-0.78976673986278E+04
-0.70330186078817E+04
-0.62835241831673E+04
-0.56312609928703E+04
-0.50614776916108E+04
-0.45619691475638E+04
-0.41225863151871E+04
-0.37348497389254E+04
-0.33916429038481E+04
-0.30869675181966E+04
-0.28157471367624E+04
-0.25736687440431E+04
-0.23570543165320E+04
-0.21627561909345E+04
-0.19880714350323E+04
-0.18306714627938E+04
-0.16885439370780E+04
-0.15599446220127E+04
-0.14433573272617E+04
-0.13374604609396E+04
-0.12410990015919E+04
-0.11532609310164E+04
-0.10730573528336E+04
-0.99970566731154E+03
-0.93251528922801E+03
-0.87087548877225E+03
-0.81424501055091E+03
-0.76214318641869E+03
-0.71414230705983E+03
-0.66986105730498E+03
-0.62895885289401E+03
-0.59113094322103E+03
-0.55610416665402E+03
-0.52363326322820E+03
-0.49349766456211E+03
-0.46549869334620E+03
-0.43945711515514E+03
-0.41521099401501E+03
-0.39261381042132E+03
-0.37153280659838E+03
-0.35184752891808E+03
-0.33344854171858E+03
-0.31623629041814E+03
-0.30012009491481E+03
-0.28501725689183E+03
-0.27085226688531E+03
-0.25755609887935E+03
-0.24506558182375E+03
-0.23332283886592E+03
-0.22227478628727E+03
-0.21187268516372E+03
-0.20207173965725E+03
-0.19283073661224E+03
-0.18411172179009E+03
-0.17587970865084E+03
-0.16810241608631E+03
-0.16075003194201E+03
-0.15379499954071E+03
-0.14721182474843E+03
-0.14097690140996E+03
-0.13506835323056E+03
-0.12946589040091E+03
-0.12415067945258E+03
-0.11910522500237E+03
-0.11431326218994E+03
-0.10975965874583E+03
-0.10543032574097E+03
-0.10131213617072E+03
-0.97392850617314E+02
-0.93661049312822E+02
-0.90106069996361E+02
-0.86717951022197E+02
-0.83487379228836E+02
-0.80405642132543E+02
-0.77464584048607E+02
-0.74656565785669E+02
-0.71974427593358E+02
-0.69411455072772E+02
-0.66961347789850E+02
-0.64618190355497E+02
-0.62376425757785E+02
-0.60230830755306E+02
-0.58176493153945E+02
-0.56208790808702E+02
-0.54323372206443E+02
-0.52516138502735E+02
-0.50783226880769E+02
-0.49120995139444E+02
-0.47526007401530E+02
-0.45995020854954E+02
-0.44524973445207E+02
-0.43112972441540E+02
-0.41756283811478E+02
-0.40452322338962E+02
-0.39198642427384E+02
-0.37992929538700E+02
-0.36832992216459E+02
-0.35716754652091E+02
-0.34642249748838E+02
-0.33607612653174E+02
-0.32611074712312E+02
-0.31650957832814E+02
-0.30725669203792E+02
-0.29833696366441E+02
-0.28973602599396E+02
-0.28144022599451E+02
-0.27343658436145E+02
-0.26571275761266E+02
-0.25825700256279E+02
-0.25105814298352E+02
-0.24410553834635E+02
-0.23738905446253E+02
-0.23089903588715E+02
-0.22462628002913E+02
-0.21856201277321E+02
-0.21269786556816E+02
-0.20702585385074E+02
-0.20153835675100E+02
-0.19622809796752E+02
-0.19108812771415E+02
-0.18611180573849E+02
-0.18129278528313E+02
-0.17662499793710E+02
-0.17210263934422E+02
-0.16772015569377E+02
-0.16347223093487E+02
-0.15935377471177E+02
-0.15535991090323E+02
-0.15148596680780E+02
-0.14772746287073E+02
-0.14408010295442E+02
-0.14053976511126E+02
-0.13710249281590E+02
-0.13376448665844E+02
-0.13052209645774E+02
-0.12737181375545E+02
-0.12431026472108E+02
-0.12133420339657E+02
-0.11844050537582E+02
-0.11562616172133E+02
-0.11288827335079E+02
-0.11022404574382E+02
-0.10763078403809E+02
-0.10510588854069E+02
-0.10264685067277E+02
-0.10025124938729E+02
-0.97916748116441E+01
-0.95641092266797E+01
-0.93422107346367E+01
-0.91257697678821E+01
-0.89145845778690E+01
-0.87084612345540E+01
-0.85072136665961E+01
-0.83106637436439E+01
-0.81186413660634E+01
-0.79309845411386E+01
-0.77475394080605E+01
-0.75681601931411E+01
-0.73927090664567E+01
-0.72210558948924E+01
-0.70530778979621E+01
-0.68886592203035E+01
-0.67276904549491E+01
-0.65700681422569E+01
-0.64156942761452E+01
-0.62644758352278E+01
-0.61163243552221E+01
-0.59711555449833E+01
-0.58288889463339E+01
-0.56894476334956E+01
-0.55527579465759E+01
-0.54187492532638E+01
-0.52873537343551E+01
-0.51585061889801E+01
-0.50321438558903E+01
-0.49082062519062E+01
-0.47866350220579E+01
-0.46673738035374E+01
-0.45503681013695E+01
-0.44355651753658E+01
-0.43229139373701E+01
-0.42123648580838E+01
-0.41038698828556E+01
-0.39973823553412E+01
-0.38928569480987E+01
-0.37902496002572E+01
-0.36895174601275E+01
-0.35906188333466E+01
-0.34935131352908E+01
-0.33981608475064E+01
-0.33045234775174E+01
-0.32125635217178E+01
-0.31222444308799E+01
-0.30335305780957E+01
-0.29463872286686E+01
-0.28607805119045E+01
-0.27766773944919E+01
-0.26940456553092E+01
-0.26128538615605E+01
-0.25330713458775E+01
-0.24546681847779E+01
-0.23776151777224E+01
-0.23018838272035E+01
-0.22274463195650E+01
-0.21542755065232E+01
-0.20823448873490E+01
-0.20116285916928E+01
-0.19421013629370E+01
-0.18737385421124E+01
-0.18065160523017E+01
-0.17404103835397E+01
-0.16753985781552E+01
-0.16114582165451E+01
-0.15485674033572E+01
-0.14867047540819E+01
-0.14258493820145E+01
-0.13659808855746E+01
-0.13070793359927E+01
-0.12491252653207E+01
-0.11920996547841E+01
-0.11359839234373E+01
-0.10807599171384E+01
-0.10264098978116E+01
-0.97291653299895E+00
-0.92026288569892E+00
-0.86843240446692E+00
-0.81740891378544E+00
-0.76717660468796E+00
-0.71772002563233E+00
-0.66902407361409E+00
-0.62107398551629E+00
-0.57385532968902E+00
-0.52735399774814E+00
-0.48155619659311E+00
-0.43644844062462E+00
-0.39201754419095E+00
-0.34825061420674E+00
-0.30513504297685E+00
-0.26265850120973E+00
-0.22080893120971E+00
-0.17957454025035E+00
-0.13894379411901E+00
-0.98905410831271E-01
-0.59448354508501E-01
-0.20561829415460E-01
 0.17764725847116E-01
 0.55541643998895E-01
 0.92779034589154E-01
 0.12948678936377E+00
 0.16567458749193E+00
 0.20135190065878E+00
 0.23652799802547E+00
 0.27121195106180E+00
 0.30541263825372E+00
 0.33913874968977E+00
 0.37239879152971E+00
 0.40520109035833E+00
 0.43755379742696E+00
 0.46946489278739E+00
 0.50094218931922E+00
 0.53199333665434E+00
 0.56262582500205E+00
 0.59284698887579E+00
 0.62266401072609E+00
 0.65208392448004E+00
 0.68111361899259E+00
 0.70975984140882E+00
