 0.13628526479685E+03
 0.13628526479685E+03
 0.13628526479700E+03
 0.13628526479836E+03
 0.13628526480478E+03
 0.13628526482493E+03
 0.13628526487383E+03
 0.13628526497463E+03
 0.13628526516627E+03
 0.13628526552868E+03
 0.13628526623801E+03
 0.13628526765602E+03
 0.13628527044388E+03
 0.13628527568056E+03
 0.13628528496426E+03
 0.13628530048070E+03
 0.13628532503080E+03
 0.13628536201827E+03
 0.13628541540365E+03
 0.13628548963464E+03
 0.13628558956359E+03
 0.13628572036328E+03
 0.13628588745119E+03
 0.13628609643096E+03
 0.13628635305807E+03
 0.13628666323425E+03
 0.13628703303251E+03
 0.13628746875160E+03
 0.13628797699606E+03
 0.13628856477584E+03
 0.13628923961740E+03
 0.13629000967758E+03
 0.13629088385146E+03
 0.13629187186610E+03
 0.13629298435310E+03
 0.13629423289498E+03
 0.13629563004204E+03
 0.13629718929811E+03
 0.13629892507590E+03
 0.13630085262353E+03
 0.13630298792580E+03
 0.13630534758397E+03
 0.13630794867917E+03
 0.13631080862411E+03
 0.13631394500861E+03
 0.13631737544341E+03
 0.13632111740720E+03
 0.13632518810071E+03
 0.13632960431159E+03
 0.13633438229286E+03
 0.13633953765727E+03
 0.13634508528951E+03
 0.13635103928650E+03
 0.13635741287260E+03
 0.13636421841923E+03
 0.13637146740315E+03
 0.13637917042189E+03
 0.13638733721992E+03
 0.13639597673139E+03
 0.13640509713817E+03
 0.13641470594223E+03
 0.13642481005004E+03
 0.13643541586807E+03
 0.13644652940749E+03
 0.13645815639631E+03
 0.13647030239821E+03
 0.13648297293539E+03
 0.13649617361536E+03
 0.13650991025926E+03
 0.13652418903104E+03
 0.13653901656687E+03
 0.13655440010267E+03
 0.13657034759996E+03
 0.13658686786896E+03
 0.13660397068787E+03
 0.13662166691860E+03
 0.13663996861885E+03
 0.13665888914818E+03
 0.13667844327014E+03
 0.13669864724909E+03
 0.13671951894055E+03
 0.13674107787985E+03
 0.13676334536418E+03
 0.13678634453126E+03
 0.13681010042900E+03
 0.13683464008617E+03
 0.13685999257485E+03
 0.13688618907419E+03
 0.13691326292258E+03
 0.13694124967447E+03
 0.13697018716090E+03
 0.13700011553020E+03
 0.13703107729866E+03
 0.13706311739690E+03
 0.13709628321085E+03
 0.13713062462944E+03
 0.13716619411172E+03
 0.13720304671001E+03
 0.13724124012517E+03
 0.13728083475058E+03
 0.13732189373833E+03
 0.13736448303472E+03
 0.13740867143896E+03
 0.13745453069218E+03
 0.13750213553292E+03
 0.13755156373874E+03
 0.13760289619911E+03
 0.13765621704672E+03
 0.13771161373881E+03
 0.13776917710137E+03
 0.13782900139939E+03
 0.13789118464512E+03
 0.13795582845455E+03
 0.13802303831027E+03
 0.13809292372332E+03
 0.13816559841651E+03
 0.13824118024686E+03
 0.13831979165798E+03
 0.13840155980644E+03
 0.13848661662647E+03
 0.13857509910129E+03
 0.13866714973770E+03
 0.13876291633842E+03
 0.13886255282249E+03
 0.13896621904690E+03
 0.13907408147772E+03
 0.13918631323000E+03
 0.13930309476443E+03
 0.13942461388065E+03
 0.13955106661500E+03
 0.13968265719152E+03
 0.13981959904891E+03
 0.13996211486751E+03
 0.14011043741617E+03
 0.14026481030724E+03
 0.14042548826421E+03
 0.14059273813782E+03
 0.14076683972794E+03
 0.14094808644334E+03
 0.14113678616475E+03
 0.14133326268279E+03
 0.14153785607338E+03
 0.14175092457624E+03
 0.14197284531019E+03
 0.14220401601373E+03
 0.14244485627647E+03
 0.14269580944650E+03
 0.14295734400842E+03
 0.14322995598041E+03
 0.14351417069436E+03
 0.14381054520124E+03
 0.14411967091648E+03
 0.14444217618035E+03
 0.14477872942599E+03
 0.14513004255511E+03
 0.14549687435584E+03
 0.14588003484955E+03
 0.14628038941682E+03
 0.14669886388608E+03
 0.14713644981535E+03
 0.14759421053854E+03
 0.14807328742167E+03
 0.14857490737075E+03
 0.14910039042063E+03
 0.14965115946650E+03
 0.15022874872957E+03
 0.15083481554810E+03
 0.15147115219290E+03
 0.15213969802574E+03
 0.15284255530713E+03
 0.15358200453805E+03
 0.15436052188391E+03
 0.15518079862389E+03
 0.15604576198099E+03
 0.15695859788414E+03
 0.15792277569256E+03
 0.15894207419451E+03
 0.16002060962868E+03
 0.16116286497702E+03
 0.16237371925452E+03
 0.16365847774628E+03
 0.16502290113153E+03
 0.16647323085382E+03
 0.16801621271457E+03
 0.16965911000783E+03
 0.17140970766477E+03
 0.17327631300629E+03
 0.17526771509288E+03
 0.17739314351308E+03
 0.17966218841776E+03
 0.18208468672183E+03
 0.18467057284558E+03
 0.18742968450458E+03
 0.19037152434091E+03
 0.19350498523566E+03
 0.19683803712959E+03
 0.20037739882694E+03
 0.20412820155537E+03
 0.20809368638412E+03
 0.21227494466029E+03
 0.21667075358106E+03
 0.22127750473348E+03
 0.22608926173335E+03
 0.23109793745764E+03
 0.23629357867775E+03
 0.24166472801518E+03
 0.24719883344611E+03
 0.25288266116896E+03
 0.25870268599981E+03
 0.26464542958333E+03
 0.27069773940829E+03
 0.27684699394798E+03
 0.28308124833583E+03
 0.28938932097923E+03
 0.29576083153150E+03
 0.30218620696897E+03
 0.30865665837102E+03
 0.31516414215010E+03
 0.32170130977698E+03
 0.32826145339135E+03
 0.33483845044271E+03
 0.34142670761657E+03
 0.34802110901608E+03
 0.35461696730622E+03
 0.36120998009842E+03
 0.36779619031360E+03
 0.37437194915384E+03
 0.38093388470995E+03
 0.38747887376253E+03
 0.39400401721967E+03
 0.40050661740090E+03
 0.40698415925804E+03
 0.41343429277121E+03
 0.41985481824624E+03
 0.42624367497495E+03
 0.43259892602466E+03
 0.43891875071182E+03
 0.44520143546385E+03
 0.45144536534672E+03
 0.45764901704448E+03
 0.46381095336602E+03
 0.46992981746455E+03
 0.47600432820071E+03
 0.48203327530063E+03
 0.48801551627530E+03
 0.49394997319254E+03
 0.49983562879383E+03
 0.50567152436026E+03
 0.51145675738734E+03
 0.51719047916426E+03
 0.52287189313100E+03
 0.52850025202824E+03
 0.53407485820790E+03
 0.53959506005971E+03
 0.54506025182766E+03
 0.55046987229517E+03
 0.55582340263285E+03
 0.56112036672674E+03
 0.56636032877063E+03
 0.57154289275864E+03
 0.57666770209715E+03
 0.58173443745600E+03
 0.58674281696101E+03
 0.59169259433227E+03
 0.59658355928893E+03
 0.60141553490124E+03
 0.60618837882551E+03
 0.61090198076704E+03
 0.61555626269588E+03
 0.62015117656155E+03
 0.62468670711948E+03
 0.62916286576705E+03
 0.63357969410600E+03
 0.63793726099010E+03
 0.64223566256782E+03
 0.64647502099240E+03
 0.65065548379913E+03
 0.65477722351473E+03
 0.65884043586808E+03
 0.66284534008743E+03
 0.66679217722005E+03
 0.67068120979833E+03
 0.67451272121144E+03
 0.67828701407391E+03
 0.68200441052721E+03
 0.68566525064918E+03
 0.68926989202968E+03
 0.69281870894625E+03
 0.69631209146706E+03
 0.69975044496321E+03
 0.70313418904792E+03
 0.70646375706856E+03
 0.70973959527102E+03
 0.71296216205412E+03
 0.71613192739865E+03
 0.71924937206471E+03
 0.72231498691103E+03
 0.72532927223386E+03
 0.72829273718560E+03
 0.73120589893872E+03
