 0.11947382132004E-11
 0.18004977598738E-11
 0.17815977260038E-11
 0.20635561743120E-11
 0.19417209900826E-11
 0.13050388072470E-11
 0.17703144214397E-11
 0.17724231234234E-11
 0.18046035789087E-11
 0.17769417514178E-11
 0.16869349335871E-11
 0.21743151339408E-11
 0.15943223809352E-11
 0.20055185005989E-11
 0.18373435463112E-11
 0.15812262897033E-11
 0.25790181811747E-11
 0.23947550621438E-11
 0.24982617116334E-11
 0.23147068982103E-11
 0.19880088617542E-11
 0.19962215652253E-11
 0.22393344716446E-11
 0.15081858456997E-11
 0.24980254265047E-11
 0.44884589697918E-11
 0.66220719970239E-11
 0.10863237021458E-10
 0.23687465350929E-10
 0.47511871992178E-10
 0.94065537292610E-10
 0.18343232608872E-09
 0.34591212623976E-09
 0.63476636036777E-09
 0.11367449076361E-08
 0.19812463560681E-08
 0.33632530898240E-08
 0.55742278762574E-08
 0.90272470338521E-08
 0.14308967774625E-07
 0.22220996062102E-07
 0.33852689209044E-07
 0.50646125482025E-07
 0.74491162311222E-07
 0.10782075001570E-06
 0.15372958279404E-06
 0.21945919932719E-06
 0.29806756128847E-06
 0.40624256254829E-06
 0.55453571733745E-06
 0.74770684724456E-06
 0.99142035006143E-06
 0.12955877515730E-05
 0.16766211654436E-05
 0.21560492648661E-05
 0.27515870182717E-05
 0.34886532750307E-05
 0.43868852549005E-05
 0.54775450152230E-05
 0.67862449595674E-05
 0.83504463983645E-05
 0.10207015949653E-04
 0.12407463082225E-04
 0.14991864902366E-04
 0.18031931353315E-04
 0.21563698104037E-04
 0.25657928266340E-04
 0.30382795182688E-04
 0.35811862208030E-04
 0.42024201511659E-04
 0.49104512728772E-04
 0.57143204154573E-04
 0.66236456457932E-04
 0.76486269747752E-04
 0.88000482777344E-04
 0.10089278421217E-03
 0.11528269217289E-03
 0.13129552469186E-03
 0.14906234620371E-03
 0.16871991676072E-03
 0.19041057119045E-03
 0.21428218477858E-03
 0.24048809568268E-03
 0.26918620021009E-03
 0.30054171009117E-03
 0.33472318676425E-03
 0.37190389863438E-03
 0.41226231782874E-03
 0.45598158111528E-03
 0.50325036188422E-03
 0.55426106599326E-03
 0.60921060379837E-03
 0.66830112555737E-03
 0.73173841364373E-03
 0.79973117049131E-03
 0.87249390836035E-03
 0.95024463525044E-03
 0.10332050421811E-02
 0.11216016256551E-02
 0.12156639625983E-02
 0.13156293567362E-02
 0.14217363380161E-02
 0.15342313274354E-02
 0.16533623545302E-02
 0.17793730685838E-02
 0.19125329287234E-02
 0.20530696585959E-02
 0.22013183295153E-02
 0.23575407149285E-02
 0.25219852401279E-02
 0.26949272157815E-02
 0.28766483617787E-02
 0.30674584036406E-02
 0.32676856446258E-02
 0.34776932209988E-02
 0.36977856693925E-02
 0.39282571784373E-02
 0.41693604809470E-02
 0.44215005404834E-02
 0.46852152108210E-02
 0.49606461778478E-02
 0.52482467368034E-02
 0.55484303939114E-02
 0.58616294108427E-02
 0.61881133381438E-02
 0.65285319207779E-02
 0.68831043372894E-02
 0.72524559393038E-02
 0.76370152995593E-02
 0.80371760296225E-02
 0.84537135985049E-02
 0.88865818333999E-02
 0.93369973798994E-02
 0.98051526397948E-02
 0.10291521798774E-01
 0.10796961303687E-01
 0.11322016497584E-01
 0.11867062037843E-01
 0.12432820607402E-01
 0.13020185473721E-01
 0.13629622820752E-01
 0.14261887983347E-01
 0.14917924061703E-01
 0.15597961579071E-01
 0.16302801452699E-01
 0.17033432237864E-01
 0.17790638622494E-01
 0.18574777640216E-01
 0.19387104783488E-01
 0.20228133694422E-01
 0.21098633229115E-01
 0.21999269284292E-01
 0.22930466645567E-01
 0.23893556111137E-01
 0.24888825018258E-01
 0.25917078349944E-01
 0.26978529138607E-01
 0.28073925470242E-01
 0.29203687856698E-01
 0.30368185695187E-01
 0.31567100275500E-01
 0.32800882153423E-01
 0.34069531960968E-01
 0.35372505072453E-01
 0.36709263146941E-01
 0.38078798988519E-01
 0.39479956693546E-01
 0.40910939803683E-01
 0.42370012531187E-01
 0.43854507465814E-01
 0.45361284152176E-01
 0.46886641485225E-01
 0.48425912806323E-01
 0.49973447723746E-01
 0.51522750205678E-01
 0.53066193007496E-01
 0.54595740511038E-01
 0.56100217214696E-01
 0.57568864503209E-01
 0.58988290250281E-01
 0.60343814087868E-01
 0.61619170515570E-01
 0.62796469491575E-01
 0.63856746136832E-01
 0.64779640990930E-01
 0.65545295765828E-01
 0.66132508737887E-01
 0.66522300783421E-01
 0.66695838604743E-01
 0.66637714504570E-01
 0.66338535102456E-01
 0.65791692105623E-01
 0.64997994928930E-01
 0.63964827509152E-01
 0.62707392745968E-01
 0.61247171925907E-01
 0.59614818598481E-01
 0.57845492510003E-01
 0.55981106696344E-01
 0.54064913545875E-01
 0.52144315169146E-01
 0.50257245628233E-01
 0.48440158415679E-01
 0.46723920510158E-01
 0.45130396486303E-01
 0.43662146559576E-01
 0.42323200848227E-01
 0.41106173285754E-01
 0.40001241670411E-01
 0.38995347619782E-01
 0.38075290767283E-01
 0.37228445972740E-01
 0.36443747231089E-01
 0.35711663243028E-01
 0.35023907214751E-01
 0.34374144245471E-01
 0.33757241881932E-01
 0.33169181920116E-01
 0.32606816880277E-01
 0.32067810703241E-01
 0.31550340448713E-01
 0.31052778893995E-01
 0.30573966912130E-01
 0.30113116536100E-01
 0.29669236230964E-01
 0.29241676909554E-01
 0.28829669415055E-01
 0.28432623408090E-01
 0.28050040554415E-01
 0.27681351933487E-01
 0.27325983888550E-01
 0.26983413902967E-01
 0.26653259103324E-01
 0.26335028370179E-01
 0.26028255655414E-01
 0.25732493633481E-01
 0.25447352058731E-01
 0.25172459804145E-01
 0.24907461786664E-01
 0.24651926201550E-01
 0.24405570797868E-01
 0.24168048022560E-01
 0.23939018473536E-01
 0.23718183433816E-01
 0.23505280834448E-01
 0.23300011249440E-01
 0.23102093761405E-01
 0.22911279328202E-01
 0.22727331793525E-01
 0.22549997595442E-01
 0.22379043295654E-01
 0.22214257416291E-01
 0.22055436537195E-01
 0.21902357445385E-01
 0.21754822400768E-01
 0.21612652766895E-01
 0.21475666401365E-01
 0.21343673502484E-01
 0.21216508412112E-01
 0.21094010675897E-01
 0.20976015872466E-01
 0.20862375509461E-01
 0.20752929978755E-01
 0.20647549064445E-01
 0.20546078556927E-01
 0.20448402476082E-01
 0.20354366829794E-01
 0.20263872367848E-01
 0.20176783801506E-01
 0.20092976861538E-01
 0.20012344537485E-01
 0.19934775326594E-01
 0.19860166336728E-01
 0.19788412409896E-01
 0.19719407140455E-01
 0.19653061080191E-01
 0.19589274526340E-01
 0.19527959647778E-01
 0.19469023144859E-01
 0.19412387755576E-01
 0.19357965754252E-01
 0.19305676560766E-01
 0.19255445197843E-01
 0.19207190976060E-01
 0.19160847957318E-01
 0.19116340388692E-01
 0.19073605072478E-01
 0.19032572340116E-01
 0.18993175468643E-01
 0.18955357682710E-01
 0.18919056808517E-01
 0.18884216583155E-01
 0.18850778897914E-01
 0.18818688330776E-01
 0.18787897261785E-01
 0.18758345903990E-01
 0.18729995752420E-01
 0.18702793395292E-01
 0.18676691970616E-01
 0.18651653122530E-01
