   305.833180578490118847143771537581802      
   305.833180575208522449485551403157112      
   305.833180532679864089517132468032889      
   305.833180317601823404850585586757424      
   305.833179632578655134427431715671041      
   305.833177969418442227807421186713712      
   305.833174579803515330158584361835494      
   305.833168436153001172847201162645522      
   305.833158097978758591484288260843113      
   305.833141312165118130933570536217027      
   305.833114153098472694038523808004535      
   305.833069624316697240696726124367008      
   305.832995839663005174320347940238110      
   305.832874054758595946206689986207748      
   305.832676856971741281392909747270125      
   305.832366754854887710097967164461702      
   305.831895290162527611740031292160227      
   305.831202679432719632207344579749164      
   305.830217908119562477510149117904010      
   305.828859156710828083356554563672288      
   305.827034429543600828894115668186752      
   305.824642271932790478854912681520741      
   305.821572488512960805563685705780716      
   305.817706806646533566759528108068559      
   305.812919457737380632455709036992148      
   305.807077673271205215692821820330718      
   305.800042110195184221205903046066074      
   305.791667231750301278878249315786869      
   305.781801675681685658800732317284735      
   305.770288642691303443129314837418665      
   305.756966335154242707494493581587231      
   305.741668470522388046734961783509260      
   305.724224886535711745906376073594937      
   305.704462247297179354709579989322167      
   305.682204851250291465728583584095621      
   305.657275534744313123124716728778089      
   305.629496658663367765793649567738790      
   305.598691160756843155623572261148403      
   305.564683652985077349896692610711190      
   305.527301541326228911232603508134700      
   305.486376144972039890020763036271032      
   305.441743792457324009976880677439424      
   305.393246873831457808488319551184746      
   305.340734830190200872565121653637842      
   305.284065064583662483699437069963963      
   305.223103761258397215202415308161203      
   305.157726603223320803180501545210779      
   305.087819381075928885818897779811945      
   305.013278488863875369529449281924987      
   304.934011305319735842287091094074228      
   304.849936461090087196538090236204351      
   304.760983994581061893563799826636683      
   304.667095394160426832083615293832537      
   304.568223569858447732856620084183196      
   304.464332671793201039410002616392595      
   304.355397877068371108486667943285552      
   304.241405071083230520357429783117461      
   304.122350463281933928008757574431380      
   303.998240140805223002735893156620333      
   303.869089568749814876748938421034410      
   303.734923045238367586067383434024574      
   303.595773119719862377649152858600278      
   303.451679982138789531558668602549893      
   303.302690830441803006732101812846323      
   303.148859223445464452936716602153280      
   302.990244425014812500453550136639171      
   302.826910746182310019518450195353035      
   302.658926889562111970834717773451503      
   302.486365301648349532784926534721962      
   302.309301536811772079460901049658012      
   302.127813636134692299830916364475729      
   301.941981525311393117448095369125496      
   301.751886433203111169479396450085226      
   301.557610333364435427161304808081601      
   301.359235410894660714320794634082789      
   301.156843554790170609845401316833152      
   300.950515876731744154934342717592754      
   300.740332258340574241525510059343708      
   300.526370925119458995702901319020773      
   300.308708048297685725355915542873517      
   300.087417374882488879838331643751016      
   299.862569881278664427347192903645637      
   299.634233454259654383479382777809556      
   299.402472595194501594611513747733337      
   299.167348152038573943177390230964851      
   298.928917069157957528747176499685307      
   298.687232161950776547146212752949959      
   298.442341906727646089759393011090531      
   298.194290256823000845973652097018003      
   297.943116468546925345350394743817172      
   297.688854936338054252062731828036667      
   297.431535059070586140927187129706762      
   297.171181107645078694309684658358809      
   296.907812106762768116350476905222623      
   296.641441730842392565973170902972293      
   296.372078201334340978534537274678797      
   296.099724171477815433929425643236826      
   295.824376660861275568634147299044181      
   295.546026963642540746090960708183878      
   295.264660572450819508817317933211429      
   294.980257083362111478281226611315629      
   294.692790135721387754555922402298910      
   294.402227330581312323566691229397821      
   294.108530119140992723899460409494805      
   293.811653727132610806325625639587837      
   293.511547095685378694632109155015085      
   293.208152790124920158319078711064148      
   292.901406844511101506261372159569878      
   292.591238659652724773896067011113855      
   292.277570942415308232929499709255915      
   291.960319576380551841601085512763105      
   291.639393457416918449048579965261518      
   291.314694258989866904007021168858949      
   290.986116503569166764228517488634665      
   290.653547169091300227429806279068319      
   290.316865507349759881940970391009805      
   289.975943111051143787223179906389291      
   289.630643374965398435696998682918195      
   289.280821330643543849732946515307028      
   288.926323549831811235301117449599614      
   288.566987801513779006347023935116365      
   288.202642478007213407255630479867183      
   287.833106832658731040843535733094206      
   287.458189983754141799382983169329516      
   287.077691106170472253526685713375321      
   286.691398587436537811803116803882637      
   286.299089978088271397921512746284768      
   285.900531091308818298764388251957363      
   285.495476022955177222952863130722908      
   285.083665994067272620079088864655630      
   284.664829419255565807585457113031628      
   284.238680608242114443267060479009266      
   283.804919698745046635564444831093728      
   283.363231646779774909728582500512749      
   282.913285194760605420411585771633474      
   282.454732590440457714956692939885770      
   281.987208291574058178059771868146065      
   281.510327966958377867341362994212161      
   281.023687578480362373819825853127971      
   280.526862497720418253184373704281223      
   280.019405627224654845464901479987747      
   279.500846795239827154769715540715057      
   278.970690596650230350824901850818959      
   278.428415787749657678683637790937360      
   277.873472720995960928982781448936208      
   277.305282154785490883878231863049765      
   276.723232943386768281472113231434962      
   276.126680280185191045870704988014305      
   275.514943195547263794208104113372514      
   274.887302169042664358256032317471920      
   274.242996522819185366231490699937553      
   273.581221454467880272281283978509164      
   272.901124954612657767409443793440192      
   272.201804534488788055756687558451303      
   271.482303269727491541632974166945288      
   270.741606229874835825790004680523484      
   269.978635764921625945823232507229942      
   269.192247024657303087164836605719677      
   268.381222786408927769185818889133583      
   267.544267939046353791335594522419711      
   266.680003430530082776551519445282290      
   265.786959854232415783658876601606739      
   264.863570504791428418888390273113873      
   263.908163762006736869002872549652265      
   262.918954315670163213011701719097222      
   261.894035398045668320940991794669166      
   260.831368518025625583782370003654340      
   259.728773091633016585325925056277220      
   258.583917421943982601624384587755395      
   257.394305077997958578392389725344822      
   256.157264427982535875252555021539739      
   254.869936035190398426135307287425143      
   253.529260365528473344390024216816941      
   252.131964913143713422024749051938988      
   250.674552554673173932328397717549657      
   249.153289728109670337487651581031673      
   247.564197654175476542379662947623094      
   245.903044133250332343728288334261480      
   244.165340170047857544550261840943862      
   242.346341536310791124361195202983163      
   240.441056383590177627652521830516164      
   238.444261787897516761638313347832199      
   236.350534438940459792598853225741571      
   234.154290838719319544335892608186772      
   231.849855068879068317164268789792754      
   229.431536851952740213216875755720523      
   226.893754467756235688826888135957903      
   224.231166104423673384819213125953942      
   221.438856111853536863017716039179327      
   218.512548588453466110326714302312253      
   215.448861587151381690673748714751358      
   212.245592564080731666362829751562256      
   208.902032731431966718290336091731692      
   205.419295302465159091225500372454819      
   201.800632340335102007529490577791270      
   198.051721390898636385522715306521509      
   194.180881216514758710615836706294270      
   190.199193159251888379604837520241613      
   186.120474838070373501342306167308204      
   181.961099749046140825251348693305958      
   177.739635785605117163291038077765427      
   173.476326717262311673034332842645845      
   169.192436639274799061319070461687567      
   164.909518327834668240186154375979827      
   160.648670319821726007543496290590690      
   156.429851519262153460895535256284474      
   152.271306869633652148093736575035800      
   148.189145339134147900560679991593468      
   144.197082253750838027546669847759965      
   140.306340298670612777775033791229632      
   136.525684162381305044475879146704310      
   132.861563832133303625110723137111990      
   129.318324929769551056369061398262267      
   125.898462636895882992701023597964403      
   122.602889969124452260857814559925106      
   119.431202369769535444149534098867333      
   116.381925953386035610468189540783853      
   113.452741638804669349088765100045666      
   110.640681899554718717262041633563182      
   107.942298832159086164249614155035078      
   105.353804789733401350438228306251511      
   102.871189122931745204223543874953067      
   100.490312267000330294560373097289351      
   98.2069808689759733104243636005746824      
   96.0170068441091372636145631030157700      
   93.9162526013548405146143590313095130      
   91.9006660762608145077424310749313099      
   89.9663058037467719422446287803116189      
   88.1093590772026744738650208590454908      
   86.3261539696848836859404565856333970      
   84.6131672593048734887084734337526270      
   82.9670281820926136853155364378577353      
   81.3845197423660689003164252798755023      
   79.8625776461340010267113896097511042      
   78.3982873650860067788482271672067644      
   76.9888811116478079788479048082895870      
   75.6317325167493626224579156576269052      
   74.3243515574244117181489579513013346      
   73.0643790320156410552756360642985644      
   71.8495806857412361847188891027113059      
   70.6778412562425682517354136260204753      
   69.5471585525973574862358719556584311      
   68.4556376686873111863699752774481407      
   67.4014854051058814514123310192364707      
   66.3830045828423907622256900351379131      
   65.3985888120483570517261620887759286      
   64.4467174391347710422163475665613095      
   63.5259507074630410600842178153987128      
   62.6349250609688155040209335569111718      
   61.7723488327500801676550727514926836      
   60.9369981172376405608936807960922942      
   60.1277127714178333288846305239325042      
   59.3433927844520563830179562224110946      
   58.5829947816157399779453330436668495      
   57.8455287429990592658505063320538792      
   57.1300548871958342701533293447736235      
   56.4356808816639600336383742861237882      
   55.7615589371277866462289723082661009      
   55.1068834276811366341605193152100013      
   54.4708883694627061108335016410009990      
   53.8528452231712517418251978853970584      
   53.2520607673699470251350531199697546      
   52.6678751040444572379416514385858037      
   52.0996598168492707968805834510890507      
   51.5468161631552344543550808875496296      
   51.0087735290627729696972455465955378      
   50.4849877995644625609528128156918432      
   49.9749399190501422949666845393862366      
   49.4781345888364160756949431458972962      
   48.9940990242168633899558349390456589      
   48.5223814706933990032214417632025932      
   48.0625505121845579623307322655747685      
   47.6141936959165425365594754897667461      
   47.1769166475959064204180350078687357      
   46.7503420910729772713082307219926078      
   46.3341090113043009273395854561586968      
   45.9278717983989811670613602942782669      
   45.5312994513745049344394126675121886      
   45.1440748592004906411910126710785073      
   44.7658940933554586183962648946377604      
   44.3964657844011290317951716466366813      
   44.0355104601076548768015201853555006      
   43.6827599765091039103517753328828790      
   43.3379569932010636412259063834895690      
   43.0008544131132963563260071116503050      
   42.6712149173861975446933343705636401      
   42.3488104959865699195867786750372014      
   42.0334220074301839603398173383045847      
   41.7248387659586305420551480361372815      
   41.4228581388201928133120326561972094      
   41.1272851963245875587685763359032302      
   40.8379323399098927467377619421219899      
   40.5546189758063660579091997721732438      
   40.2771712120169407025089963634456009      
   40.0054215335369970410295501480111996      
   39.7392085373337125297025898455234790      
   39.4783766636788413666047974888103796      
   39.2227759312386158172610062915894899      
   38.9722617042256156796223292577491335      
   38.7266944551780553895216010977334266      
