-0.69628868653328E-10
-0.32619961270545E-10
-0.15645132711558E-10
-0.14139167231092E-10
-0.13144020303868E-10
-0.93989874876636E-11
-0.13222605618798E-10
-0.11556151337105E-11
-0.54260303239343E-11
-0.66523348995774E-11
-0.32536250750343E-11
-0.62655928741416E-11
-0.61635100088831E-11
-0.39771891488256E-11
-0.33927800201785E-11
-0.36900549911830E-11
-0.52692057276127E-11
-0.41140127187874E-11
-0.14588432763805E-11
-0.33201376108651E-11
-0.26371295843398E-11
-0.26800799446228E-11
-0.11700595228281E-11
-0.23366051129164E-11
-0.41120327430074E-11
-0.21296298403580E-11
-0.20263059920020E-11
-0.55258721217718E-14
 0.56157790981494E-11
 0.19505422743915E-10
 0.47123442806501E-10
 0.10677673650773E-09
 0.22671783995565E-09
 0.44650769622808E-09
 0.84751085409089E-09
 0.15457415480440E-08
 0.27232592778723E-08
 0.46486492296465E-08
 0.77139317295726E-08
 0.12469056585803E-07
 0.19678197326863E-07
 0.30380673107117E-07
 0.45955488507154E-07
 0.68213393488556E-07
 0.99490852209877E-07
 0.14275858426920E-06
 0.20174782847742E-06
 0.28301378148776E-06
 0.38759785847068E-06
 0.52287889881697E-06
 0.70106211834338E-06
 0.93390121197437E-06
 0.12307018854930E-05
 0.16011585800451E-05
 0.20618232134369E-05
 0.26289494676130E-05
 0.33284172613635E-05
 0.41823359483375E-05
 0.52208487712234E-05
 0.64698154831976E-05
 0.79644204660263E-05
 0.97369628264284E-05
 0.11828352435253E-04
 0.14284177382606E-04
 0.17162244358692E-04
 0.20505346340384E-04
 0.24374153604212E-04
 0.28830637566712E-04
 0.33941308752456E-04
 0.39777260230810E-04
 0.46414194784839E-04
 0.53932413049253E-04
 0.62416796055995E-04
 0.71956750255527E-04
 0.82646135348260E-04
 0.94583173184407E-04
 0.10787033294687E-03
 0.12261420077504E-03
 0.13892532880395E-03
 0.15691806717000E-03
 0.17671038509039E-03
 0.19842368494544E-03
 0.22218256605904E-03
 0.24811502625679E-03
 0.27635082860538E-03
 0.30702358160962E-03
 0.34026890722531E-03
 0.37622461199572E-03
 0.41503010076379E-03
 0.45682694077074E-03
 0.50175796079372E-03
 0.54996753267253E-03
 0.60160183520450E-03
 0.65680765456713E-03
 0.71573287515606E-03
 0.77852633190397E-03
 0.84533763456531E-03
 0.91631631956932E-03
 0.99161296908025E-03
 0.10713788687777E-02
 0.11557650522240E-02
 0.12449238743974E-02
 0.13390083398145E-02
 0.14381745091470E-02
 0.15425709406225E-02
 0.16523535102512E-02
 0.17676884615709E-02
 0.18887047879237E-02
 0.20155779251619E-02
 0.21484746498867E-02
 0.22875474232563E-02
 0.24329638962010E-02
 0.25848691779669E-02
 0.27434195483153E-02
 0.29087936827378E-02
 0.30811787582894E-02
 0.32607685986206E-02
 0.34477047558928E-02
 0.36421034024674E-02
 0.38442747648898E-02
 0.40543264063648E-02
 0.42724733333145E-02
 0.44988933066940E-02
 0.47338040603088E-02
 0.49774076236943E-02
 0.52299253220843E-02
 0.54915487048017E-02
 0.57625493056607E-02
 0.60431012547782E-02
 0.63335003942698E-02
 0.66339328701491E-02
 0.69447288238705E-02
 0.72661296565674E-02
 0.75983053475571E-02
 0.79416871670397E-02
 0.82965150042112E-02
 0.86630282128423E-02
 0.90415661683516E-02
 0.94324962034281E-02
 0.98360916948076E-02
 0.10252738802117E-01
 0.10682664929978E-01
 0.11126378771129E-01
 0.11584178561753E-01
 0.12056394557194E-01
 0.12543431594988E-01
 0.13045760779810E-01
 0.13563623712431E-01
 0.14097526346630E-01
 0.14647821329532E-01
 0.15214976186423E-01
 0.15799408713220E-01
 0.16401394758072E-01
 0.17021368094644E-01
 0.17659794758281E-01
 0.18316909698715E-01
 0.18993247679749E-01
 0.19689007985159E-01
 0.20404528327331E-01
 0.21140047523411E-01
 0.21895858230997E-01
 0.22672080165848E-01
 0.23468793083950E-01
 0.24286020449248E-01
 0.25123725043650E-01
 0.25981721545196E-01
 0.26859740959691E-01
 0.27757247831132E-01
 0.28673577167321E-01
 0.29607829695062E-01
 0.30558960577899E-01
 0.31525558020169E-01
 0.32505878251327E-01
 0.33497877503267E-01
 0.34498985261945E-01
 0.35506004759303E-01
 0.36515523635018E-01
 0.37523349982411E-01
 0.38524335999823E-01
 0.39512849971827E-01
 0.40482366377790E-01
 0.41425378501481E-01
 0.42333534503679E-01
 0.43197334961254E-01
 0.44006443558239E-01
 0.44749634790149E-01
 0.45414960797343E-01
 0.45990102640385E-01
 0.46462644791951E-01
 0.46820219528424E-01
 0.47051287116174E-01
 0.47146222186539E-01
 0.47097135175209E-01
 0.46899443323491E-01
 0.46551555599754E-01
 0.46056069419302E-01
 0.45419569255054E-01
 0.44652674774878E-01
 0.43769655901399E-01
 0.42787443709599E-01
 0.41726098032600E-01
 0.40606013680899E-01
 0.39446898115951E-01
 0.38267930261172E-01
 0.37087041110913E-01
 0.35918968600123E-01
 0.34775571060343E-01
 0.33665578525702E-01
 0.32595276586200E-01
 0.31568376433896E-01
 0.30586794286122E-01
 0.29650945786600E-01
 0.28760156939487E-01
 0.27913189330382E-01
 0.27108265737340E-01
 0.26343413277211E-01
 0.25616578614153E-01
 0.24925677032166E-01
 0.24268686131935E-01
 0.23643653167428E-01
 0.23048760219129E-01
 0.22482283099890E-01
 0.21942566504863E-01
 0.21428098069907E-01
 0.20937456085562E-01
 0.20469305692379E-01
 0.20022385602971E-01
 0.19595510253007E-01
 0.19187567805840E-01
 0.18797527928639E-01
 0.18424405437437E-01
 0.18067275690874E-01
 0.17725267743158E-01
 0.17397573565807E-01
 0.17083426760755E-01
 0.16782108641492E-01
 0.16492937268837E-01
 0.16215275813471E-01
 0.15948540819011E-01
 0.15692162297254E-01
 0.15445614295544E-01
 0.15208410163903E-01
 0.14980084353606E-01
 0.14760198633117E-01
 0.14548343759584E-01
 0.14344139309492E-01
 0.14147222168580E-01
 0.13957249882993E-01
 0.13773903453099E-01
 0.13596882560903E-01
 0.13425900609240E-01
 0.13260687565407E-01
 0.13100992942018E-01
 0.12946576693232E-01
 0.12797210998108E-01
 0.12652679794802E-01
 0.12512782888440E-01
 0.12377326003078E-01
 0.12246127369093E-01
 0.12119010883618E-01
 0.11995814713620E-01
 0.11876379557702E-01
 0.11760557128698E-01
 0.11648204176546E-01
 0.11539186197391E-01
 0.11433372348575E-01
 0.11330641706822E-01
 0.11230872860889E-01
 0.11133954618529E-01
 0.11039780569058E-01
 0.10948245223593E-01
 0.10859249973468E-01
 0.10772700757833E-01
 0.10688506941829E-01
 0.10606581345137E-01
 0.10526839951750E-01
 0.10449203360316E-01
 0.10373594259209E-01
 0.10299938774967E-01
 0.10228165099325E-01
 0.10158206862069E-01
 0.10089996610990E-01
 0.10023472271553E-01
 0.99585730908541E-02
 0.98952401759022E-02
 0.98334179778170E-02
 0.97730513326087E-02
 0.97140896242653E-02
 0.96564823998514E-02
 0.96001804845099E-02
 0.95451379284837E-02
 0.94913104012960E-02
 0.94386545293445E-02
 0.93871281560078E-02
 0.93366930496913E-02
 0.92873086203003E-02
 0.92389382662735E-02
 0.91915475926756E-02
 0.91451004310030E-02
 0.90995648686301E-02
