   482.989325850007905336203016426942572      
   482.989325850023373366427372730507558      
   482.989325850584957797292430936243272      
   482.989325856041768605215061144867016      
   482.989325882847423282309279440332893      
   482.989325962960785244021862817151859      
   482.989325964476093696761238208790550      
   482.989323864525929937062028835743798      
   482.989307845718907338225832237726780      
   482.989234833847240460362407315997113      
   482.988991236150626994847812556605288      
   482.988340379049838944864485469862581      
   482.986868768962185921027678306043714      
   482.983944750559992093781154785039095      
   482.978698897441246830608627382397322      
   482.970029026180323514896384391783376      
   482.956627168204560469917804260458607      
   482.937022552929518812596530719393108      
   482.909633636520482478411695949280791      
   482.872822783063831102351286245844184      
   482.824948603749281891441186724834268      
   482.764412590613386198071624472060562      
   482.689698180071069079331913291063681      
   482.599401575747776555095860380181086      
   482.492254507048107935831133557614494      
   482.367139629200363312293584984978596      
   482.223099544452309814152925180161834      
   482.059340512537960392078632440116264      
   481.875231885462470611544012429639054      
   481.670302199116896346592515020243084      
   481.444232720787658467275167888396123      
   481.196849113289459283375370235853330      
   480.928111748842363598083594247015788      
   480.638105096697754044384973195862116      
   480.327026520152989992923046114722961      
   479.995174749848797524037082244411593      
   479.642938248182432148056028575814816      
   479.270783640667563651642585385468818      
   478.879244360637721773683808260553043      
   478.468909630704787683891662836630947      
   478.040413885553581195775688108613851      
   477.594426724133096604179752405203655      
   477.131643464192955670765374821307601      
   476.652776357565082055523773755154438      
   476.158546510591725566266982291858783      
   475.649676540418061368068990851092718      
   475.126883984856603647801978209261702      
   474.590875471181971373752612226868817      
   474.042341637881783944096195616717162      
   473.481952793163664453164904883682458      
   472.910355285100556144615597796029587      
   472.328168550686321693427819292512352      
   471.735982804882526703701452805470218      
   471.134357325887148503203772842312029      
   470.523819289321439719208804770832114      
   469.904863101709696999970520592424920      
   469.277950182404680410171517942509303      
   468.643509142903804366337294080418638      
   468.001936313115265240749445866105066      
   467.353596562298822442555242994155931      
   466.698824385826509081710410419598256      
   466.037925169495107807373228147675471      
   465.371176645121676279214585114689963      
   464.698830458678645527885701043367306      
   464.021113830724534496452392311149513      
   463.338231274459277541744934304535320      
   462.650366342671231008190127217618946      
   461.957683378092373520047961326311708      
   461.260329244694292569205025347428448      
   460.558435021184579572873185345985792      
   459.852117640336529003796991669109827      
   459.141481460892467892066211526746203      
   458.426619761385604472637863179773840      
   457.707616147471827728410561634531456      
   456.984545866573424410606004597643637      
   456.257477025914810780949313156764938      
   455.526471711185152656225537085479929      
   454.791587004796533039301619356369221      
   454.052875904794001113815176222570946      
   453.310388145663500973206060498990014      
   452.564170922587641140611027297597409      
   451.814269524121940725276267642896796      
   451.060727876519719596951718347691864      
   450.303589002872069502224424828648607      
   449.542895404974183782159031802962781      
   448.778689368842328630399088463716297      
   448.011013203248490896132817310745205      
   447.239909412395490089892829393880290      
   446.465420812769841223096635397148129      
   445.687590594604352190631388755527530      
   444.906462335520836232504838037350905      
   444.122079973064812040449904901569060      
   443.334487734907642249114403482655823      
   442.543730035637980880067523615932562      
   441.749851352216378060655380711650151      
   440.952896053616178486869889207799197      
   440.152908234163973383953908569492307      
   439.349931501603115755311920285747069      
   438.544008774224314420368228049108030      
   437.735182040576220698132785137072589      
   436.923492128936697615175685174553145      
   436.108978456607639809583739919095169      
   435.291678778632345558414966743671944      
   434.471628923768313498999439131387093      
   433.648862542160574639186311084422545      
   432.823410839235355546540934638962930      
   431.995302309043281434389432987814581      
   431.164562470130064918996376818550808      
   430.331213609460461196917574266352578      
   429.495274524915622505640489662405851      
   428.656760249354678057413484044387540      
   427.815681812231598300607902957576885      
   426.972045979117333787128460923722783      
   426.125854994345645757064433561575885      
   425.277106336693085760187723438814603      
   424.425792464196024432374325292094471      
   423.571900580149236686124763655961962      
   422.715412326194268861733816106805600      
   421.856303712061477018442651946062525      
   420.994544622655354056309646475443648      
   420.130098749090170976949184709155312      
   419.262923253402465412203334167719282      
   418.392968549393982889357468378815501      
   417.520178033799746299642562586721475      
   416.644487847908131127277848575763709      
   415.765826578171655583414174953957853      
   414.884114987226686085130839552469868      
   413.999265741208672870070844475299923      
   413.111183097300489538055860924172459      
   412.219762632336690193727486569763289      
   411.324890859133899463836434118968809      
   410.426444959989553941815222923055707      
   409.524292414742387454898436107891095      
   408.618290614805689086664202820198697      
   407.708286485270447770474965210435948      
   406.794116072487495753110346678665787      
   405.875604098149952338238261935375480      
   404.952563533095338874107516446318980      
   404.024795040672111226215997499846927      
   403.092086524294632702982887091135020      
   402.154212521768690415120679649395112      
   401.210933609898514254207113444489387      
   400.261995779656967044402931276535667      
   399.307129760802256276083176848108531      
   398.346050254596293569189658095765284      
   397.378455179977968052379462289611805      
   396.404024845298406468069022683097728      
   395.422421042790467428164043525494328      
   394.433286007377886637380562725976653      
   393.436241573410496270219019554555473      
   392.430887811123396844308235225047069      
   391.416801930915313116370649644073348      
   390.393537440082587363843386985622502      
   389.360622019278566572579898565734379      
   388.317556591400017979220753543507268      
   387.263813626745715323192105663906032      
   386.198835540331822143488329705284632      
   385.122032849089298729852555139106496      
   384.032782376483557597133090472635876      
   382.930425248269901520214831668994464      
   381.814264958328173386487258790079341      
   380.683564915898600882591467319481492      
   379.537546322395655964497391715560062      
   378.375385788846818267131249481966799      
   377.196213078514630926135929696337470      
   375.999108336146604520476308208425215      
   374.783099810510837254611206498286351      
   373.547161651462403231991823910778552      
   372.290211236919444915536736154194398      
   371.011107699753553378941273597155646      
   369.708649917788082052225608386391512      
   368.381575494930610952206171376197118      
   367.028560768994268160872147157024437      
   365.648220888238545573639126615544143      
   364.239112450735569036165664250796489      
   362.799738178670137595847747334864200      
   361.328552056768265082748976361189056      
   359.823970486317818090792521729860876      
   358.284385665543618546398036222374157      
   356.708185400623995209630442615983211      
   355.093779495302115727650830115436752      
   353.439634376175067671647045848837178      
   351.744319791166399587794309812242604      
   350.006567403559902082651094153964970      
   348.225346289136047402700591773521832      
   346.399958536807525614092808978752868      
   344.530156319680423858595458307656633      
   342.616287818040169094407047340176660      
   340.659470754019635016129563004002419      
   338.661798663323162833028736466082636      
   336.626581222748419881047171277690593      
   334.558605964508363265700147323565358      
   332.464453057546494248614597965912220      
   330.352769935398897215648768325405180      
   328.234590856759559252962923812281270      
   326.123599809680065434956508958459251      
   324.036334571935934205460890500328783      
   321.992288302482937329686041764189413      
   320.013869760409961586275293678137596      
   318.126161506746310788499996069407631      
   316.356576516172574125193156793884119      
   314.734130115168676337129310957226863      
   313.288671528288278839206074728224310      
   312.049900848177346644782262589435332      
   311.046493319907921366400541748889711      
   310.304415965163656822483244418616647      
   309.846886541480397606843860642090146      
   309.693057565701531939035541573017694      
   309.857626353557750877822490279508976      
   310.350578562280417500455901356910957      
   311.177189743416512801418809714871596      
   312.338252394672513576769284986390775      
   313.830478536194618314616340049743417      
   315.647022492252306022134155283535623      
   317.778064677432453172079999695088468      
   320.211412624424528430905269849854303      
   322.933080387848309297909364583049386      
   325.927818882770573490090220772052858      
   329.179584263508084461526061459909435      
   332.671934232771418629498034055137213      
   336.388355667135127485059511539508967      
   340.312523697174780713534052053566682      
   344.428500532965613529979421406118053      
   348.720881939367668675691223205811604      
   353.174901008947861459704229241303218      
   357.776491893641267556013865163186083      
   362.512328120440371664844719340269164      
   367.369836965231997909551387305269641      
   372.337196157253372704819398514962521      
   377.403318224519816066599784255092121      
   382.557826089598228941744650708932743      
   387.791022752772941661976001467470003      
   393.093855368710718087458038061541939      
   398.457879864242091738020302825642543      
   403.875223087095291014208443305773859      
   409.338545591404574534550072328266829      
   414.841005501832147511275718395509051      
   420.376222866761527195511531130861095      
   425.938249146584201489145874945450818      
   431.521532247052274113654955995322349      
   437.120889775695028099519188747686053      
   442.731481433720175872337312442959309      
   448.348782947867948180934793554571119      
   453.968564093220888508056845541752683      
   459.586866275044574579273371442936709      
   465.199983022361170572849685231517258      
   470.804441944578142287167482228888873      
   476.396988328801342031920257975226950      
   481.974570017293752774232278899832772      
   487.534323056914929060675698763582544      
   493.073559500642924806873254180842312      
   498.589755764427743731893359193394450      
   504.080542172076956896182950153107273      
   509.543692955467328513718377317337028      
   514.977117557129065537461040200619733      
   520.378852639934923587990607151369961      
   525.747054797409653292672391872308355      
   531.079993381020734818984458575856171      
   536.376044807653080584408319714201983      
   541.633686253434613618196220783614549      
   546.851490929305294584991997833560035      
   552.028122807854263537735821763509422      
   557.162332521463113242699987818456081      
   562.252952856551917438308811310843440      
   567.298895351316057073199085994802738      
   572.299146359279178957323903770304792      
   577.252763862739696094213738325692058      
   582.158874393297838955604211962114033      
   587.016670352960375749652434420880037      
   591.825406826037550532009673523438749      
   596.584399334244572836085914219157559      
   601.293021656261629068533266090146985      
   605.950702954020062006881947233261597      
   610.556925697111255027884359457822144      
   615.111225347328397249909348066109221      
   619.613185427446958452679204402633507      
   624.062437493583500782174437976354528      
   628.458659370393128512940052058526057      
   632.801572797180493705925222085853672      
   637.090942335702677141993239899097958      
   641.326573345891812752236182125610280      
   645.508310734266656360840070484557696      
   649.636037392741521131413846052704798      
   653.709672729516499513438409103906672      
   657.729171283881450927445316392935550      
   661.694521469996162319502337933158033      
   665.605744050376937008630099343405592      
   669.462891056087035149617216305710821      
   673.266044463488318401931434027567691      
   677.015314957450079495712761451896676      
   680.710840723643282776604458011468644      
   684.352786347033639928518200903309918      
   687.941341673954007005105835932471299      
   691.476720646773077219601411945071668      
   694.959160239819925176205045014731195      
   698.388919400984201407646059570294600      
   701.766278093415578785864106323926226      
   705.091536122738265105669295448514250      
   708.365012322314915629687447684027416      
   711.587043477473662824693568873110601      
