   91.9024000948784202170827437330254962      
   91.9024000948756103372976966772670622      
   91.9024000947781154036684974976726514      
   91.9024000938787693816519559027311124      
   91.9024000896844288202618514146508502      
   91.9024000766383934662216935906842221      
   91.9024000450117361798632483682637049      
   91.9023999762874426698017681881933244      
   91.9023998183483736425932666257093188      
   91.9023994036952332960889697657418365      
   91.9023982669257148337705256464347100      
   91.9023953407678597069782311526394746      
   91.9023885526131462181911576684111352      
   91.9023743796610152100875680027006658      
   91.9023474336116988520808847969571259      
   91.9023001355581972815985914347736330      
   91.9022225184096036702952368844882611      
   91.9021021685560469844264187815480103      
   91.9019242974373573002690120840918307      
   91.9016719196994646108794560830456729      
   91.9013261074186398325598074607863938      
   91.9008662879190509135226210787278590      
   91.9002705544118564789415115595447368      
   91.8995159627228047227856041021926580      
   91.8985787929411180412618956364547688      
   91.8974347612661836110127469926398346      
   91.8960591739219566188748124299763183      
   91.8944270216604310196243729055667227      
   91.8925130191021368367159433006421159      
   91.8902915976698443209175061560608298      
   91.8877368643440016601773029745760326      
   91.8848225400958602575846514040553751      
   91.8815218921430253116150982813587666      
   91.8778076732729579716041593111128298      
   91.8736520795554096015312398194605162      
   91.8690267352292631948572548299680365      
   91.8639027107074423855580828404038297      
   91.8582505767536500345299571291538338      
   91.8520404952352149261652718024980933      
   91.8452423444772482522178222814815347      
   91.8378258754465305088467094780886697      
   91.8297608935170037268822938924466544      
   91.8210174597165255043943921450321427      
   91.8115661049102397452217595530955392      
   91.8013780501529967821587498463972840      
   91.7904254269147838757375430260106833      
   91.7786814911390516623652443133690601      
   91.7661208258747352515051216681362799      
   91.7527195278549288709405829287361424      
   91.7384553743952045241932668506594071      
   91.7233079677024659019912127934613544      
   91.7072588543581538665435338349464491      
   91.6902916188394800789650872780882244      
   91.6723919503549463141471614762078202      
   91.6535476829134768779027925611493874      
   91.6337488092587299227361068392386077      
   91.6129874640245517134354303897708571      
   91.5912579095105424168121001206868598      
   91.5685564488123154338989773955962824      
   91.5448813667889977176032749495395054      
   91.5202328294950146791879060235501207      
   91.4946127719844223789000149180678505      
   91.4680247719688130623337386334599651      
   91.4404739114867053745086063736648186      
   91.4119666289577723418070618557721702      
   91.3825105631319745402870661227836303      
   91.3521143915717277740287853079430659      
   91.3207876647765049392209696288929107      
   91.2885406382490057822530159168590568      
   91.2553841038235188861090186188366973      
   91.2213292212984342926211730011816729      
   91.1863873524222593432894570727435355      
   91.1505698976587643230609040775319205      
   91.1138881368577707359761155618066375      
   91.0763530749816305401586542115123000      
   91.0379752930867058337060403800545784      
   90.9987648048240811113368603396841018      
   90.9587309202973662065562504676212928      
   90.9178821160397416127572423732388693      
   90.8762259121814206119577452128846638      
   90.8337687575546882390502615631723346      
   90.7905159198421410708980605430645759      
   90.7464713837364307808037378768283388      
   90.7016377551356584897075724455163417      
   90.6560161750202346924828911325660370      
   90.6096062363044249143777024245574794      
   90.5624059097105498861443858185324150      
   90.5144114722307113251975101996548375      
   90.4656174471371422478376541257923249      
   90.4160165417356420585197115983503369      
   90.3655995906575535233041302195180042      
   90.3143555106767424686317366973606021      
   90.2622712536766102410812728755511090      
   90.2093317647316225613141828620035100      
   90.1555199490092740558402455970196089      
   90.1008166324985125089489851810034050      
   90.0452005154564207344680344709498526      
   89.9886481565176142180651675708036065      
   89.9311339373407237949231153923519546      
   89.8726300383699531495733113484671375      
   89.8131064009956920523270484355639696      
   89.7525307111115162497439879005781606      
   89.6908683727909710809951556905850143      
   89.6280824594282203497016942366401146      
   89.5641336991630503604489515566643971      
   89.4989804469533635318223036417542205      
   89.4325786715461548715680614685363300      
   89.3648818860941156106561917695308060      
   89.2958411133776352021429329597271522      
   89.2254048749460438783607994100780187      
   89.1535191840528055498485303884916229      
   89.0801274048296067608545041065713565      
   89.0051702533030405669441542105928354      
   88.9285857967108646703952839769424309      
   88.8503093291828044657563197146287178      
   88.7702733409751621119890735076939760      
   88.6884074676614622947289626251099968      
   88.6046384148049821767756519390606084      
   88.5188897935116621038728635928555063      
   88.4310821999703566598285373180565307      
   88.3411330560418276791560182144717063      
   88.2489564165915523644979526464844359      
   88.1544630314989684096764666424655615      
   88.0575601476003259010215119124470664      
   87.9581513618787521441955919112310623      
   87.8561366216964504011612431719771056      
   87.7514118615327807139600677528331419      
   87.6438691576548246497294419444770552      
   87.5333962438893894924728684605258030      
   87.4198766735873188272244219688215730      
   87.3031892857314448622204631230499896      
   87.1832083300137832724853894543941443      
   87.0598030421291409334957716382847767      
   86.9328374801159512386933131164435662      
   86.8021703957055105930836108547591841      
   86.6676546844410728339403932967619100      
   86.5291374404845760963263213852618697      
   86.3864594698057558995728012155667727      
   86.2394549765906144073854173814282948      
   86.0879512568095681147046415602904796      
   85.9317682637798772352041399621857377      
   85.7707183280495505982765606554635767      
   85.6046055417249674732015962504668854      
   85.4332256494545918385213753766458706      
   85.2563649672329410495059641849506697      
   85.0738004712262474209859621958577660      
   84.8852988442979745273242541310593531      
   84.6906158659545433677996127611754941      
   84.4894960055288078666997410424617384      
   84.2816713442494059676340694463262697      
   84.0668612446625569882889190870770433      
   83.8447710811456992501771586177762085      
   83.6150915372749971917115729932111833      
   83.3774976654753529510493546032638666      
   83.1316478279484718362913930649295397      
   82.8771824573916514541611259779835261      
   82.6137230357953553141412054984611218      
   82.3408707083230426597626604011276108      
   82.0582046409084204368019132741809243      
   81.7652810328380038224357025520573699      
   81.4616308493135727952482856503234069      
   81.1467585927607980089560940299689874      
   80.8201400961851240112520005790527870      
   80.4812206261230151602563673414547854      
   80.1294127495923770437379908147895458      
   79.7640939692845573707814445289029361      
   79.3846043255242401519735076163292213      
   78.9902436749591970407446550164372634      
   78.5802691341288318451358336209485821      
   78.1538922785207263287157499500007450      
   77.7102761241887102953701054051803675      
   77.2485318699907744102651561133293546      
   76.7677167756494533077238993984789962      
   76.2668301329257733948356354595393414      
   75.7448114625090273800707416946141034      
   75.2005374694423068129497750093197405      
   74.6328202214058180407099214407296152      
   74.0404061301968686873959127860908276      
   73.4219751956548168786231444123910112      
   72.7761424417030944448423810382423382      
   72.1014603844323896085669918801229421      
   71.3964244166823364518797793841801770      
   70.6594808997756117012010002273648816      
   69.8890390211870380428372009696660257      
   69.0834876298470696433643108347380024      
   68.2412171390155317929093090492853893      
   67.3606487798747818546280986524635859      
   66.4402713316591995860611093552285400      
   65.4786869250661138698978727251371527      
   64.4746644500647838254595369966067750      
   63.4272073647877568939748378078258465      
   62.3356224514004570840318223744561392      
   61.1996039423296057743888370814283915      
   60.0193185851263791689759685748164404      
   58.7954931314953127553449148035607544      
   57.5294957885023777682046254564950390      
   56.2234097358575722366488146368512527      
   54.8800853709634795369149834840838287      
   53.5031692959414323419495660793989369      
   52.0970906702678311109380014401491335      
   50.6670488535097752958959750093613858      
   49.2188893089576627652273617130333247      
   47.7590260228432882034343567750885680      
   46.2941803750155634081155901759281814      
   44.8313230063054324934243528831980417      
   43.3773843468296655031936165199660066      
   41.9390679996087732430838206248476458      
   40.5226575485418739048559917727765368      
   39.1338544254895448955577923094486001      
   37.7776543360951206201047913512796831      
   36.4582685256297388954704420005786799      
   35.1790912581547104140080608655968769      
   33.9427065795960073990119640428438068      
   32.7509305553519252004444296660841414      
   31.6048759587908121055239071079907826      
   30.5050334557896388228601774895311496      
   29.4513597549760405900110512634025405      
   28.4433667570986050039030166899669508      
   27.4802065161463870910004855389830334      
   26.5607492397037845699729608123658788      
   25.6836526546370308564093982604615959      
   24.8474217560847713736337967507695817      
   24.0504588382828522931344953061026423      
   23.2911056078338637323318035181294315      
   22.5676764654753746767080166945834074      
   21.8784854059705148513003658411252565      
   21.2218666151646144591794669783038470      
   20.5961902949339136690278415884586834      
   19.9998741815438248302624044770836369      
   19.4313919091846844223367781590381546      
   18.8892783912607444290163466717280693      
   18.3721332004550198976600256772494196      
   17.8786222274755151698834408036741549      
   17.4074781069559226038694389938256534      
   16.9574994930585865499902647225019014      
   16.5275497291453241381081191348075453      
   16.1165549233635250143008667416491975      
   15.7235016169881555000759434908997742      
   15.3474344103879161224745614328026718      
   14.9874530973183725375657026375346676      
   14.6427099898324244882055034044560274      
   14.3124071677806591969687871857682896      
   13.9957936880714136708809583037442876      
   13.6921629364432005133814047895644877      
   13.4008499979364730332285918987270810      
   13.1212292005305390719426897074360289      
   12.8527117062598769098413859222779185      
   12.5947432272053657906225052378189577      
   12.3468018909634451936714794561128682      
   12.1083962076896954356573327243373787      
   11.8790631445227331210313096084474304      
   11.6583663225672196443231398729330001      
   11.4458943388550255359221548882927757      
   11.2412591778723863949705076517291418      
   11.0440947291500292324600576073314108      
   10.8540553697461429250242953681990364      
   10.6708147380982792823233412912555940      
   10.4940644510616884664684106782462196      
   10.3235130140037560507723716894672117      
   10.1588847614851572865049285246809727      
   9.99991886080237043629105236745294537      
   9.84636840897576847664193071343133222      
   9.69799955560637839828647989317509101      
   9.55459073183354644747311352419118119      
   9.41593188576035797808110736955612932      
   9.28182379806883159775413588839557151      
   9.15207740880107988166298154963319743      
   9.02651324767737540857830801288200725      
   8.90496084493086975459794266808693343      
   8.78725820005885364955602848944419352      
   8.67325130182156487758372834878164531      
   8.56279365701762253064467748632459630      
   8.45574588403927309556917551373779304      
   8.35197522520315524145608365034385194      
   8.25135530518483549209673887665531165      
   8.15376565866150322908658034202174615      
   8.05909146644003828088631703609730792      
   7.96722320085417418800629751809445307      
   7.87805638320960265470632334856861335      
   7.79149126581629639619255998336512146      
   7.70743259879113761873974506782090277      
   7.62578939776274184097382197744578888      
   7.54647469021794129294798610008618897      
   7.46940534230181491819661086279729523      
   7.39450181951309334380794583346293930      
   7.32168803294922323830125179427132564      
   7.25089114784119754122640369093262783      
   7.18204141043925560863635603128886115      
   7.11507201653829721230975524786324233      
   7.04991894059233374710733376082623736      
   6.98652080958996069432074894827591796      
   6.92481877042994942274559330028865585      
   6.86475636718961995693578787599397530      
   6.80627942394495857778243528504586602      
   6.74933593603427690622637465940529109      
   6.69387596723706829164846061282201390      
   6.63985155224874056545326721729136023      
   6.58721660089547003415571469739294000      
   6.53592681667239174573335202358141308      
   6.48593960977667303530440709308087962      
