   6.91360382032105060219110298214517828      
   6.91360382032105110148990120050159411      
   6.91360382032108955897461395071538087      
   6.91360382032172657037300039129441567      
   6.91360382032646964407827706415172739      
   6.91360382034827194454909996336908498      
   6.91360382042124210775840530787544717      
   6.91360382061614616007291966432172809      
   6.91360382105205065483226954699845557      
   6.91360382188251542740228788176236732      
   6.91360382321555130734156409022526439      
   6.91360382491358848530565395931501231      
   6.91360382622306345638074285494634486      
   6.91360382520291047035177345931581604      
   6.91360381794927827012315115645918772      
   6.91360379764123045601840612242349749      
   6.91360375345348257133756898355418820      
   6.91360366939581437382726454743484721      
   6.91360352314564595965637861915930985      
   6.91360328494217466939857727004186587      
   6.91360291660884319556841898695763931      
   6.91360237076628422496223534046808507      
   6.91360159029007160547294046712231536      
   6.91360050805619154623486773298535332      
   6.91359904700207001804152893663688591      
   6.91359712051290428618674888711794193      
   6.91359463312334254327943080003097950      
   6.91359148150512670772639463330879995      
   6.91358755569414551428998359065821266      
   6.91358274049711504227174548421922442      
   6.91357691700991157479019836307600717      
   6.91356996417681231029006590430475933      
   6.91356176032228701005652417544022916      
   6.91355218459372476509816990062066865      
   6.91354111826346283701387013340072487      
   6.91352844585046121082612982714582305      
   6.91351405603473675933208285800843060      
   6.91349784235019927237411115735745738      
   6.91347970365300700796657157913722122      
   6.91345954437242770841811130663134739      
   6.91343727455914008936056140999077717      
   6.91341280975183253956919951060425517      
   6.91338607068690856471269801201571574      
   6.91335698287826905882437013772308968      
   6.91332547609475414259128949331286005      
   6.91329148376217533724302774364279125      
   6.91325494231524543221430097962914554      
   6.91321579052238918018586709784150414      
   6.91317396880363899939515785736790732      
   6.91312941855880320265278182527478125      
   6.91308208152001507233170591076448211      
   6.91303189912170218135269008109149813      
   6.91297881199883082902408788374342167      
   6.91292275937498065851196147688307258      
   6.91286367865393459956746948355491790      
   6.91280150499344127735986560477084749      
   6.91273617094595074023135733893848372      
   6.91266760615078220561136288774339493      
   6.91259573707467537339621197436244322      
   6.91252048679674158752203499276348986      
   6.91244177483332706047817287291094266      
   6.91235951699751940420314568804471282      
   6.91227362528826691976536208418338899      
   6.91218400780370898016096939767865381      
   6.91209056867312616008265137918540943      
   6.91199320800215883616695310186880519      
   6.91189182182675474900652054595763639      
   6.91178630207096043978219312983963882      
   6.91167653650309507536500277503584051      
   6.91156240868774764160442778172236983      
   6.91144379792872543079615910576110444      
   6.91132057919983416206600132857254387      
   6.91119262306064453432238321405077735      
   6.91105979555440691472535954203807306      
   6.91092195808543582950139461079667160      
   6.91077896727512979561357188908630352      
   6.91063067479362712177577162774434010      
   6.91047692716503306386961207249742271      
   6.91031756554810326873392234284912969      
   6.91015242548964258181437954562568447      
   6.90998133664589975819015560330089880      
   6.90980412247858435658961746343288855      
   6.90962059992313780891494701562301766      
   6.90943057901818468192774709785354247      
   6.90923386251933616645040098099897308      
   6.90903024546819020059703856832452317      
   6.90881951474283158937599809749236873      
   6.90860144856181364435974908196819971      
   6.90837581598614004683734361812455869      
   6.90814237635151627507530762130544336      
   6.90790087869906160349596490816370668      
   6.90765106116812311764670839966597917      
   6.90739265034637462533545206934766626      
   6.90712536058763612117327275842147873      
   6.90684889334009024548931227133335010      
   6.90656293634405578159760578480382049      
   6.90626716292478837409340487524681292      
   6.90596123112066973884239259700254939      
   6.90564478288117235381807412135796761      
   6.90531744315492115118347713899314709      
   6.90497881897306567585351885651403033      
   6.90462849850647144797549838425769311      
   6.90426605002815431297352848377387489      
   6.90389102088959752441261813530192475      
   6.90350293642036964120949251397628548      
   6.90310129879936827394494117293445685      
   6.90268558585790637069373920309898576      
   6.90225524981771322799519707700190203      
   6.90180971602130029079908529231397385      
   6.90134838152145631935253078223946422      
   6.90087061392169347918265812858370720      
   6.90037574951894865806617967402886408      
   6.89986309199916787327401613353060355      
   6.89933191075840641637764824731541967      
   6.89878143922917192868266309960618196      
   6.89821087314334411265199845925130838      
   6.89761936865346335698640212536561154      
   6.89700604029103994093599861123089075      
   6.89636995915894944816813593847663416      
   6.89571015066970906424445862644099630      
   6.89502559228675393502638662323838155      
   6.89431521118570514379279598469247778      
   6.89357788183061404431939772554112779      
   6.89281242341159552403984176477355812      
   6.89201759707887764585712901990076786      
   6.89119210307001459735851217063630603      
   6.89033457772088755919080338235959657      
   6.88944359036451222924169568133677444      
   6.88851763981154586788277233504129339      
   6.88755515108326585560979422972354386      
   6.88655447136949270999259385353542175      
   6.88551386671496791398212767623310778      
   6.88443151722599104798692047195170766      
   6.88330551311158092160096882043121596      
   6.88213384999948699882669082107907004      
   6.88091442420505946654376453594336353      
   6.87964502745788283444846847542965108      
   6.87832334158308607295132638385077163      
   6.87694693275820074860046502612493677      
   6.87551324546287588485559745077450022      
   6.87401959623270475596181562313331180      
   6.87246316662410019650558920889839533      
   6.87084099591442536282166570207642274      
   6.86914997464504275697687051174807024      
   6.86738683489172975333007019202974957      
   6.86554814273541331879211182175967231      
   6.86363028920325656967007152771331346      
   6.86162948032735242857388398643130870      
   6.85954172730857784974675960209162349      
   6.85736283535887621297662207647261855      
   6.85508839263779577081541257877188702      
   6.85271375781879370789721924876418793      
   6.85023404707349019573658025131524100      
   6.84764412099685922227498423181696687      
   6.84493856907155489126306215823194948      
   6.84211169516159435729785517116030606      
   6.83915750028524245827779192460592298      
   6.83606966610926006933064204985718854      
   6.83284153576728140393012378622188322      
   6.82946609469063748252056940787733533      
   6.82593595015805051933499249317911165      
   6.82224330915317938761349216030841686      
   6.81837995502091876940929315206085316      
   6.81433722410253519555219187502425183      
   6.81010597950179296975509277962033666      
   6.80567658421098627412818338823597981      
   6.80103887466750224556200795680114006      
   6.79618212923457009268653864361416581      
   6.79109504088723289427836213097680595      
   6.78576568416773492633876265854045901      
   6.78018148495622571761665180121552499      
   6.77432918836385256670126753866923478      
   6.76819482703747436678963724024039799      
   6.76176369123198903609190012581696304      
   6.75502029749206337434606126870064861      
   6.74794836300429383978670296601076192      
   6.74053077999778828736681286044029032      
   6.73274959690048597339728183628801984      
   6.72458600426834354474605152392865908      
   6.71602032791855084492507574541319056      
   6.70703203096072253381892045612277903      
   6.69759972911559884230022516133937387      
   6.68770121835147503062948696754190377      
   6.67731351475655967534671392663303279      
   6.66641291518620386785898852932419747      
   6.65497507430590251630445201595053595      
   6.64297509873422637880667533947156926      
   6.63038765961238666365774680560763018      
   6.61718712039909507324089806193962704      
   6.60334767395070787986447061343589118      
   6.58884348600189366000283233871511226      
   6.57364883569078147580092683205737489      
   6.55773824316012673035003997233922868      
   6.54108657930323930157582513107966948      
   6.52366914473530372503941325459359254      
   6.50546171588173653646014062239896206      
   6.48644055504817907004034795161156208      
   6.46658238794362585933665684962417414      
   6.44586435431289073784931552000553354      
   6.42426394451347567329314498116784042      
   6.40175893350114136672385927533607518      
   6.37832732546860986399661251014668912      
   6.35394731711093809713434078567992173      
   6.32859728603837084228577733689740395      
   6.30225580378014568459799217352778461      
   6.27490166899694453265508336343294420      
   6.24651395509480660492442409144547079      
   6.21707206379888147870874548731586718      
   6.18655577828027026389107676784722155      
   6.15494530832353591259052201284936162      
   6.12222132725418509995508865345101418      
   6.08836499456111125022570738850170866      
   6.05335796664994117032427610106143383      
   6.01718239654570769347904282982242586      
   5.97982092241334013919540923458465479      
   5.94125664865109449510391214046710151      
   5.90147312037356383687175444215795631      
   5.86045429355299601821783930932812334      
   5.81818450281043525482687193927549805      
   5.77464842736892524388442346679486123      
   5.72983105728319431463010384428306654      
   5.68371765991968337891672086115236499      
   5.63629374780512869290324117106180465      
   5.58754504820282660514422827182323479      
   5.53745747448614164945513728384747217      
   5.48601709956235864418955444841264032      
   5.43321013138250692036299023058069951      
   5.37902289068357670353986056447132862      
   5.32344179042121245959798109455608887      
   5.26645331732221244100211828121747195      
   5.20804401515072340168578635884329379      
   5.14820046958175974720823201904157453      
   5.08690929467280950711036662648129823      
   5.02415712049414530033920252338670215      
   4.95993058238860515843351967784645577      
   4.89421631101939247269108937160613834      
   4.82700092358706788055615965248636660      
   4.75827101598076122628011255050587047      
   4.68801315572260027828870429079344805      
   4.61621387564081105527045521881078290      
   4.54285966827311330984497345740148784      
   4.46793698080863703908631014875290033      
   4.39143221058035318022914854599016284      
   4.31333170102933429632227724380541898      
   4.23362173814016084120363267070256148      
   4.15228854718658516510009068280075471      
   4.06931828987820074229475019369682646      
   3.98469706177499674949789540578219238      
   3.89841089002542663729938704852308048      
   3.81044573130074343869126410460789589      
   3.72078746997629429873446032234040400      
   3.62942191650154593797718142280269929      
   3.53633480595621022596798953615015094      
   3.44151179676849312258911692185983075      
   3.34493846956526488529352484739245377      
   3.24660032615497641503819096462205462      
   3.14648278863935404640479129500548889      
   3.04457119860871216425137381116287240      
   2.94085081645542498851406870079163839      
   2.83530682074861796270111086201079758      
   2.72792430770745723254681274970608663      
   2.61868829072826547688574681194599001      
   2.50758369998215444750501719772291334      
   2.39459538206685005991663535120745571      
   2.27970809970908444292161809101619084      
   2.16290653151663085871783512565317169      
   2.04417527176649458200215012448916977      
   1.92349883023882284610312567132956521      
   1.80086163207537190491638373989854550      
   1.67624801766955855699620314353438330      
   1.54964224263036945309699338241810392      
   1.42102847766722616877040599394343054      
   1.29039080860191684139735540946315320      
   1.15771323635696520619531830055304237      
   1.02297967696487719690307150963765088      
  0.886173961597476666345800354337443677      
  0.747279836614593297294512681849091058      
  0.606280963621677631686781500258681756      
  0.463160919540960889567566028264290206      
  0.317903196699092535107937677309659899      
  0.170491202922603223436910860038782945      
   2.09082616428238654098043217714497849E-0002
 -0.130862387994097529759112960546658858      
 -0.284837591001974020187853062281656031      
 -0.441034276424189235402957702851819878      
 -0.599469457201109211373282171647506174      
 -0.760160230027692371251225845061603735      
 -0.923123775205444546329410626685685121      
  -1.08837735649406326429563451309858839      
  -1.25593832095135022149504463962772168      
  -1.42582409877606203450430612691198025      
  -1.59805220314268111868821140818563921      
  -1.77264023003665808011159496907487161      
  -1.94960585808185804041776288333298713      
  -2.12896684837400660779471173044135891      
  -2.31074104429982889562454236295633657      
  -2.49494637136425183796727301556244244      
  -2.68160083701152196270854711451126047      
  -2.87072253044787431134783141363298054      
  -3.06232962245482384304038996131522251      
