 0.13628526479576E+03
 0.13628526479576E+03
 0.13628526479591E+03
 0.13628526479727E+03
 0.13628526480368E+03
 0.13628526482384E+03
 0.13628526487274E+03
 0.13628526497353E+03
 0.13628526516517E+03
 0.13628526552759E+03
 0.13628526623692E+03
 0.13628526765493E+03
 0.13628527044280E+03
 0.13628527567948E+03
 0.13628528496318E+03
 0.13628530047963E+03
 0.13628532502973E+03
 0.13628536201720E+03
 0.13628541540259E+03
 0.13628548963359E+03
 0.13628558956254E+03
 0.13628572036223E+03
 0.13628588745014E+03
 0.13628609642990E+03
 0.13628635305699E+03
 0.13628666323315E+03
 0.13628703303133E+03
 0.13628746875021E+03
 0.13628797699424E+03
 0.13628856477315E+03
 0.13628923961297E+03
 0.13629000966990E+03
 0.13629088383792E+03
 0.13629187184237E+03
 0.13629298431224E+03
 0.13629423282620E+03
 0.13629562992897E+03
 0.13629718911663E+03
 0.13629892479114E+03
 0.13630085218624E+03
 0.13630298726767E+03
 0.13630534661200E+03
 0.13630794726873E+03
 0.13631080661085E+03
 0.13631394217869E+03
 0.13631737152235E+03
 0.13632111204687E+03
 0.13632518086464E+03
 0.13632959465827E+03
 0.13633436955711E+03
 0.13633952102955E+03
 0.13634506379308E+03
 0.13635101175103E+03
 0.13635737791100E+03
 0.13636417439465E+03
 0.13637141239863E+03
 0.13637910220681E+03
 0.13638725321423E+03
 0.13639587396789E+03
 0.13640497222289E+03
 0.13641455501278E+03
 0.13642462873231E+03
 0.13643519923129E+03
 0.13644627191755E+03
 0.13645785186802E+03
 0.13646994394595E+03
 0.13648255292293E+03
 0.13649568360429E+03
 0.13650934095694E+03
 0.13652353023782E+03
 0.13653825712245E+03
 0.13655352783244E+03
 0.13656934926087E+03
 0.13658572909521E+03
 0.13660267593699E+03
 0.13662019941737E+03
 0.13663831030864E+03
 0.13665702063171E+03
 0.13667634375800E+03
 0.13669629450632E+03
 0.13671688923632E+03
 0.13673814593559E+03
 0.13676008430123E+03
 0.13678272582017E+03
 0.13680609383957E+03
 0.13683021363811E+03
 0.13685511248933E+03
 0.13688081972527E+03
 0.13690736679239E+03
 0.13693478730557E+03
 0.13696311710448E+03
 0.13699239429897E+03
 0.13702265932071E+03
 0.13705395497227E+03
 0.13708632646180E+03
 0.13711982146783E+03
 0.13715449016363E+03
 0.13719038528165E+03
 0.13722756214773E+03
 0.13726607873716E+03
 0.13730599572289E+03
 0.13734737652465E+03
 0.13739028736980E+03
 0.13743479735236E+03
 0.13748097849107E+03
 0.13752890579722E+03
 0.13757865735093E+03
 0.13763031438052E+03
 0.13768396134178E+03
 0.13773968599627E+03
 0.13779757954035E+03
 0.13785773671312E+03
 0.13792025578536E+03
 0.13798523888975E+03
 0.13805279201037E+03
 0.13812302516429E+03
 0.13819605255462E+03
 0.13827199271738E+03
 0.13835096877508E+03
 0.13843310851211E+03
 0.13851854466598E+03
 0.13860741515092E+03
 0.13869986327694E+03
 0.13879603799497E+03
 0.13889609422016E+03
 0.13900019307797E+03
 0.13910850230534E+03
 0.13922119652653E+03
 0.13933845769173E+03
 0.13946047543854E+03
 0.13958744756618E+03
 0.13971958046842E+03
 0.13985708969823E+03
 0.14000020043027E+03
 0.14014914817684E+03
 0.14030417934107E+03
 0.14046555190744E+03
 0.14063353624382E+03
 0.14080841585152E+03
 0.14099048829992E+03
 0.14118006614084E+03
 0.14137747790715E+03
 0.14158306934655E+03
 0.14179720445920E+03
 0.14202026703224E+03
 0.14225266173405E+03
 0.14249481612979E+03
 0.14274718193136E+03
 0.14301023721174E+03
 0.14328448818289E+03
 0.14357047156476E+03
 0.14386875687524E+03
 0.14417994915703E+03
 0.14450469187935E+03
 0.14484367008298E+03
 0.14519761398172E+03
 0.14556730262528E+03
 0.14595356832399E+03
 0.14635730123414E+03
 0.14677945442251E+03
 0.14722104972834E+03
 0.14768318378370E+03
 0.14816703509895E+03
 0.14867387170751E+03
 0.14920505955974E+03
 0.14976207182795E+03
 0.15034649934472E+03
 0.15096006206165E+03
 0.15160462128704E+03
 0.15228219413922E+03
 0.15299496868161E+03
 0.15374532043994E+03
 0.15453583159540E+03
 0.15536931071373E+03
 0.15624881490454E+03
 0.15717767369989E+03
 0.15815951443624E+03
 0.15919828972003E+03
 0.16029830606315E+03
 0.16146425306394E+03
 0.16270123369963E+03
 0.16401479289792E+03
 0.16541094630148E+03
 0.16689620269220E+03
 0.16847758143843E+03
 0.17016262357595E+03
 0.17195938509511E+03
 0.17387642723735E+03
 0.17592276274859E+03
 0.17810779798534E+03
 0.18044123343271E+03
 0.18293292893013E+03
 0.18559272975775E+03
 0.18843025045593E+03
 0.19145461753014E+03
 0.19467417754427E+03
 0.19809617973076E+03
 0.20172645020360E+03
 0.20556907910418E+03
 0.20962614850669E+03
 0.21389752746825E+03
 0.21838076136672E+03
 0.22307107201740E+03
 0.22796147773109E+03
 0.23304302403721E+03
 0.23830510441248E+03
 0.24373583968655E+03
 0.24932248229307E+03
 0.25505180986440E+03
 0.26091048122650E+03
 0.26688533864654E+03
 0.27296364151808E+03
 0.27913324071267E+03
 0.28538269054860E+03
 0.29170131118540E+03
 0.29807920983547E+03
 0.30450727342043E+03
 0.31097713898541E+03
 0.31748115151721E+03
 0.32401231231545E+03
 0.33056422794427E+03
 0.33713105238148E+03
 0.34370743739343E+03
 0.35028848369052E+03
 0.35686969398351E+03
 0.36344693284930E+03
 0.37001638856697E+03
 0.37657454127839E+03
 0.38311813166862E+03
 0.38964413547049E+03
 0.39614974033197E+03
 0.40263232550138E+03
 0.40908944350127E+03
 0.41551880393914E+03
 0.42191825983216E+03
 0.42828579704048E+03
 0.43461952038005E+03
 0.44091764620395E+03
 0.44717849317579E+03
 0.45340047568845E+03
 0.45958209703246E+03
 0.46572194308558E+03
 0.47181867786212E+03
 0.47787103876217E+03
 0.48387783289579E+03
 0.48983793287156E+03
 0.49575027413611E+03
 0.50161385197520E+03
 0.50742771920779E+03
 0.51319098331406E+03
 0.51890280487594E+03
 0.52456239559978E+03
 0.53016901647088E+03
 0.53572197642194E+03
 0.54122063061331E+03
 0.54666437928755E+03
 0.55205266666725E+03
 0.55738497919971E+03
 0.56266084522435E+03
 0.56787983342457E+03
 0.57304155216970E+03
 0.57814564831546E+03
 0.58319180624160E+03
 0.58817974716033E+03
 0.59310922843313E+03
 0.59798004199859E+03
 0.60279201442289E+03
 0.60754500545457E+03
 0.61223890735430E+03
 0.61687364429194E+03
 0.62144917069731E+03
 0.62596547284606E+03
 0.63042256455491E+03
 0.63482048886028E+03
 0.63915931651600E+03
 0.64343914501389E+03
 0.64766009823532E+03
 0.65182232508162E+03
 0.65592599906085E+03
 0.65997131745888E+03
 0.66395850033687E+03
 0.66788778989878E+03
 0.67175944971011E+03
 0.67557376367859E+03
 0.67933103553471E+03
 0.68303158786861E+03
 0.68667576146707E+03
 0.69026391439366E+03
 0.69379642136563E+03
 0.69727367288745E+03
 0.70069607449568E+03
 0.70406404611942E+03
 0.70737802117988E+03
 0.71063844603197E+03
 0.71384577910294E+03
 0.71700049028666E+03
 0.72010306017447E+03
 0.72315397946793E+03
 0.72615374816528E+03
 0.72910287504989E+03
