   305.833180578490118847143771537581802      
   305.833180575208522449485551403157112      
   305.833180532679864089517132468032840      
   305.833180317601823404850585586749930      
   305.833179632578655134427431646047656      
   305.833177969418442227807389306379145      
   305.833174579803515330155956387567713      
   305.833168436153001172773360773825578      
   305.833158097978758590474854495842387      
   305.833141312165118122614375204437560      
   305.833114153098472646627070125298068      
   305.833069624316697035779633100112665      
   305.832995839663004456303210354639501      
   305.832874054758593777413186220951429      
   305.832676856971740634501232482385542      
   305.832366754854879560588061553681920      
   305.831895290162461790767484402416403      
   305.831202679432305200961266588108716      
   305.830217908117444557966679344453432      
   305.828859156701580542761393595716518      
   305.827034429508325050698128203238603      
   305.824642271813066592755475517710152      
   305.821572488145943899356713854827791      
   305.817706805617445583902766743737349      
   305.812919455070089519431190269330636      
   305.807077666823168989727757587126350      
   305.800042095545148989331438476137321      
   305.791667200262051576031816321971486      
   305.781801611292636863353660753622667      
   305.770288516810547804976605159660724      
   305.756966098862694442457070979705086      
   305.741668043051951003571270296219030      
   305.724224138770826223663384850466837      
   305.704460978797852651521277132099742      
   305.682202759049360745999903908685079      
   305.657272171931610934269690127502170      
   305.629491380544891569370501080203683      
   305.598683056176206378690355438468642      
   305.564671458225299251888627110340225      
   305.527283533879217675410047259605445      
   305.486350014378850120867323606893658      
   305.441706485382914417728359198197857      
   305.393194410559992061156906347206708      
   305.340662081906002553617084219225642      
   305.283965525760706395767338035277152      
   305.222969245169345705269279925462969      
   305.157546924108538027739583475148186      
   305.087581989868861524447305125398314      
   305.012968066812142464276130727720614      
   304.933609314247465880252231142085891      
   304.849420649455953309020426805100831      
   304.760327858853600967280652847817608      
   304.666267602055494371277330652306456      
   304.567187314822514257295278019732351      
   304.463045018072408416006620386215499      
   304.353809040890068046033658462061642      
   304.239457665891074405003766348418815      
   304.119978705804560238483358291656312      
   303.995369019963570755757532319049581      
   303.865633979877633900095628029449885      
   303.730786891838305229102909549607370      
   303.590848385618700468617048182686740      
   303.445845776577737138245056513494669      
   303.295812408908931829065549256848830      
   303.140786987125859435548996326817696      
   302.980812900948726608974424077654523      
   302.815937551453650490872861083268377      
   302.646211681078214924628899511709820      
   302.471688714257843303122907182702813      
   302.292424111803649182293340432503995      
   302.108474741059644403493860629599207      
   301.919898267698154844975485579269778      
   301.726752568397884635219700494326411      
   301.529095168558115102665206586268987      
   301.326982703352356373871310733777711      
   301.120470409070669162658172114671124      
   300.909611634998754409562864899556006      
   300.694457388282155538103240155475421      
   300.475055901355895904010859491462042      
   300.251452232157691211981719490749529      
   300.023687883158778421346434864861197      
   299.791800447877783664699676871560387      
   299.555823279119015821838131804973781      
   299.315785182214244062353018689496729      
   299.071710132005883438356995684750014      
   298.823617005104811239439010161801210      
   298.571519332436353644310755384526097      
   298.315425068351272578175520926206868      
   298.055336382303832392139929147414689      
   297.791249441589744427599538084566213      
   297.523154220933270336178184714547039      
   297.251034328592560188163638866363149      
   296.974866831825829212867944389193008      
   296.694622094121635261267609793583369      
   296.410263626866537488058283580819359      
   296.121747901840937540775547707740751      
   295.829024194178233295227567031172418      
   295.532034439985042302330704974139044      
   295.230713099610729864921025098492987      
   294.924986954570583095080354953605230      
   294.614774928614846848607047845922216      
   294.299988096739423713743582517282011      
   293.980529211946110247242622341438154      
   293.656292700313266472858636806457647      
   293.327164419289308174582243125765611      
   292.993021520728940740119749541371846      
   292.653732145743575180437191513465196      
   292.309155129468375145249221061111631      
   291.959139831845451277502786759186381      
   291.603526045097400865133344055634016      
   291.242143298848844972881255049768375      
   290.874810732998563109657109676209563      
   290.501337056537128532616531528383173      
   290.121519743993188153486703839450552      
   289.735144744617739811957437100643031      
   289.341986315805193345957756879554652      
   288.941806516710392109673374596942909      
   288.534354235636409588229880421476926      
   288.119365633364928339985754262367006      
   287.696562522672163741541967680840220      
   287.265652751423668019694757027331107      
   286.826328740521974820092282572896459      
   286.378267541036361442758107752800772      
   285.921129508573708084579933920700711      
   285.454558098013214406983343355479244      
   284.978178357528417233639119582391470      
   284.491596745828762716443366340582484      
   283.994399792879934981381347051072231      
   283.486152963661095325158122953386912      
   282.966399908109198865823462117552893      
   282.434661208175871210191261328046175      
   281.890432711908523394185462256306534      
   281.333184957980245071478636115892018      
   280.762361081546984884923579692128127      
   280.177375631508188315552339491650455      
   279.577612488757563255809126454408342      
   278.962423300331658185560282984350032      
   278.331126281832516095831906370596847      
   277.683002428142009798156654161363085      
   277.017295236608197164048559733028926      
   276.333207113438455099670162417561752      
   275.629897215730226655109873224082000      
   274.906478307661729733221474033936001      
   274.162014456781258294153647246329128      
   273.395517358541954013271775626417129      
   272.605943230392136312323268048927539      
   271.792188394860001950644900924350262      
   270.953086578794015055486729449482580      
   270.087403451305615050692399577814287      
   269.193832463758033173129845582746611      
   268.270989965805681998386409605508063      
   267.317409722150838326074742014457181      
   266.331537914736078731221392872800856      
   265.311725649487827121675955731770459      
   264.256224127045278137188488927191634      
   263.163176379516198773292902077120771      
   262.030610621195698043605955498686744      
   260.856431904025805816070255585054366      
   259.638414561974662546708009698810227      
   258.374192791613552490930023627663747      
   257.061252574889826704991325302689945      
   255.696921661215611650030405659159297      
   254.278361106387360705175213154288137      
   252.802555137955167558267733675499030      
   251.266302721721790642098626635702951      
   249.666209177800401621364713149809559      
   247.998679222458179044267944437940370      
   246.259910553558106678167183575667783      
   244.445891871847427748550112934324900      
   242.552402397029437028188696944159232      
   240.575016617727801695529839303030898      
   238.509116599986148018810249216718293      
   236.349910304883793715315746624878229      
   234.092459847470281285229720946846381      
   231.731734804284302191648742983715566      
   229.262656629581697082179303513886612      
   226.680191499304741712869977864642290      
   223.979453923658810928856578532281837      
   221.155842662248441701396872773649426      
   218.205209645228998921354530727755478      
   215.124069204076755413982540079086050      
   211.909843869440079023325055611446496      
   208.561152984879989831309192058182681      
   205.078128167383252267212639418038799      
   201.462755826676741649706124590253245      
   197.719217562519179475952182371177692      
   193.854202440286350747270708474446269      
   189.877145793327004116520608500347558      
   185.800362110404988888464304938356690      
   181.639010351894399249982377734646305      
   177.410856228461780524763283535663356      
   173.135838243021667626905382722163031      
   168.835421067111912339742104543049136      
   164.531815249189659785467555150336564      
   160.247125319177178113702254871664896      
   156.002518367499292939312276422728799      
   151.817504581057885794823578884831112      
   147.709383762377779818971872874550561      
   143.692892478661112223040496722742434      
   139.780050351104423875830036899692507      
   135.980179416764202752693617285152832      
   132.300055735845821520468794298876736      
   128.744156211872678031879637654796257      
   125.314949065935366035862131957184080      
   122.013205611769075106731887983170018      
   118.838302560965964516970680118043342      
   115.788502407742604180442653430256976      
   112.861202365531459171632565743201628      
   110.053149427560041708179687483671914      
   107.360620814669380195506948284780787      
   104.779572488558289934338892685748333      
   102.305758819852319453006862218658204      
   99.9348294597453058277032948569455333      
   97.6624037758699152733862812579750251      
   95.4841285969864426948627180096376157      
   93.3957223066805306005592297480348850      
   91.3930069700914050507928350354099277      
   89.4719318324902146425317658794622577      
   87.6285893985112552722813965596910957      
   85.8592257246740087657066767164867190      
   84.1602463216036124553270172799747899      
   82.5282188339291547313307989768121188      
   80.9598726891078411126049229095024366      
   79.4520972588058427546803866885621122      
   78.0019380986828467897428273582130062      
   76.6065924140132988129841697828023008      
   75.2634035286737300533822046106702307      
   73.9698555266933184973657454373814630      
   72.7235666993361492755676054341081165      
   71.5222833951512018800837107005628681      
   70.3638737131095702604890238653740194      
   69.2463214115162205217955499519361372      
   68.1677196531706623006342390827678703      
   67.1262651484823358244736741777935877      
   66.1202523967898453128908126553596596      
   65.1480682369254872910700570780542905      
   64.2081866239336642618200900411001564      
   63.2991635871079481013177404626849335      
   62.4196324436177894442341923978642202      
   61.5682993831814305470359551737021551      
   60.7439392468616185289913392761330545      
   59.9453913194499457158465044447451492      
   59.1715558582258451664463086072109126      
   58.4213901749155305596048522394019978      
   57.6939056092158816612391631294064295      
   56.9881641167548890407755292547082510      
   56.3032756620866508222388980941907860      
   55.6383949495043557750915654906213483      
   54.9927192869568417422984123370435592      
   54.3654858283315791696602862001929456      
   53.7559694845511987368147190906984002      
   53.1634806261126005964896573879094202      
   52.5873630550742291590628458366511871      
   52.0269924025975429012419711147225032      
   51.4817738475070966886646518264982531      
   50.9511409886788450689933856939357020      
   50.4345538661268876139420062115451332      
   49.9314977264291582990287914225287646      
   49.4414815707392174367370728269875979      
   48.9640368421390982287783818121806694      
   48.4987162530891873981733686507484136      
   48.0450926551995786811132525007924088      
   47.6027579437017048778651764286011527      
   47.1713219577631940081459425112394585      
   46.7504117504409718217561923887418747      
   46.3396704869583248101364705384320611      
   45.9387567606837172992201366123841997      
   45.5473436975861627718955778599084500      
   45.1651182714197135463729823998284900      
   44.7917805546992811736898039599016251      
   44.4270431360595477989468269372683058      
   44.0706304248180086448094994070313334      
   43.7222781110970453437851940891092573      
   43.3817325922233707261205912943800989      
   43.0487504487751591286069954340940464      
   42.7230979714333160736733583524430753      
   42.4045506809590857205964390681088293      
   42.0928928979536706459737753655583971      
   41.7879173063276156017237364556070417      
   41.4894245941776526824902517459801829      
   41.1972230672590418291445496255529536      
   40.9111282806958329581929477032046610      
   40.6309627275828089564114017730799049      
   40.3565555241634015618577034163501191      
   40.0877421016181028021100062271515978      
   39.8243639275966043746790556768918496      
   39.5662682305543668803752904726348266      
   39.3133077643429118045935736826000926      
   39.0653405497109705879541490768769569      
   38.8222296482746845846023105683673378      
   38.5838429512099267759131293730759644      
   38.3500529706298101942127180416235701      
   38.1207366381594299824823370645902052      
   37.8957751278847470685888749960731468      
   37.6750536662938757541263934476146150      
   37.4584613770480932149411662053934787      
   37.2458911146035869496418855606184623      
   37.0372393067914536139211221401726340      
   36.8324058169237655980249907962115913      
   36.6312938055094200183486492099459123      
