   92.211259828003278     
   92.211259827930306     
   92.211259826169695     
   92.211259814632825     
   92.211259774846326     
   92.211259679308654     
   92.211259495033573     
   92.211259181584950     
   92.211258666113977     
   92.211257758444475     
   92.211255964249773     
   92.211252175983034     
   92.211244266587343     
   92.211228644050905     
   92.211199838871607     
   92.211150184135093     
   92.211069623186930     
   92.210945660462230     
   92.210763439025982     
   92.210505923120706     
   92.210154157550306     
   92.209687569227484     
   92.209084276707046     
   92.208321388394111     
   92.207375263081218     
   92.206221715120293     
   92.204836169466688     
   92.203193749686221     
   92.201269313536741     
   92.199037440416660     
   92.196472389916963     
   92.193548031744939     
   92.190237779247269     
   92.186514523998937     
   92.182350588950882     
   92.177717711397889     
   92.172587056608393     
   92.166929263429722     
   92.160714534077584     
   92.153912744154397     
   92.146493592943159     
   92.138426769190943     
   92.129682141637645     
   92.120229950340388     
   92.110041015061768     
   92.099086927041171     
   92.087340246850033     
   92.074774677272103     
   92.061365226171830     
   92.047088347180463     
   92.031922050965193     
   92.015846003306507     
   91.998841583569472     
   91.980891924066029     
   91.961981922284124     
   91.942098223418384     
   91.921229185040374     
   91.899364812072832     
   91.876496674209633     
   91.852617803999692     
   91.827722579318447     
   91.801806586230128     
   91.774866478360309     
   91.746899815362667     
   91.717904903329327     
   91.687880624252571     
   91.656826263681097     
   91.624741334074429     
   91.591625399095534     
   91.557477905449645     
   91.522298001779191     
   91.486084379904526     
   91.448835111848837     
   91.410547484621830     
   91.371217866220690     
   91.330841543306860     
   91.289412599575996     
   91.246923786602068     
   91.203366393719946     
   91.158730151887440     
   91.113003116990058     
   91.066171573311877     
   91.018216230556575     
   90.969126573043511     
   90.918879768534296     
   90.867454218792844     
   90.814826183545335     
   90.760969732079673     
   90.705856682893284     
   90.649456556223655     
   90.591736556730396     
   90.532661508234469     
   90.472193830489246     
   90.410293512898619     
   90.346918084489474     
   90.282022563225809     
   90.215559486056023     
   90.147478738592156     
   90.077727786002214     
   90.006251420533857     
   89.932991901998633     
   89.857888673916250     
   89.780878461097274     
   89.701895574991212     
   89.620871403097411     
   89.537734525963998     
   89.452410726645880     
   89.364823002613292     
   89.274891324540761     
   89.182532790085489     
   89.087661455330974     
   88.990188263558736     
   88.890021135999291     
   88.787064491735748     
   88.681219935651782     
   88.572385343069413     
   88.460455227097640     
   88.345320376304755     
   88.226868035130408     
   88.104981642213446     
   87.979540657353525     
   87.850420607186962     
   87.717492769663792     
   87.580624138469062     
   87.439676813018849     
   87.294508835838769     
   87.144972916038427     
   86.990916620029381     
   86.832182629966269     
   86.668607796379845     
   86.500023731951813     
   86.326255269454705     
   86.147120583401104     
   85.962432658117820     
   85.771996967286782     
   85.575603364896452     
   85.373056833397527     
   85.164133072815744     
   84.948607039670620     
   84.726243065105237     
   84.496798010902793     
   84.260016810814363     
   84.015636747013971     
   83.763383238510272     
   83.502968353671008     
   83.234095567272888     
   82.956453664500941     
   82.669717608250863     
   82.373549902888939     
   82.067596112372385     
   81.751488463912338     
   81.424841211180180     
   81.087249871303840     
   80.738293876638508     
   80.377531599947559     
   80.004500853527134     
   79.618718236605773     
   79.219677007920609     
   78.806846677688895     
   78.379669568558086     
   77.937564785437857     
   77.479921757165243     
   77.006098383216681     
   76.515424663182074     
   76.007198936591919     
   75.480686147945576     
   74.935118852080151     
   74.369693739350936     
   73.783555817299572     
   73.175866413916324     
   72.545705835857618     
   71.892135018993329     
   71.214187017732641     
   70.510866220937046     
   69.781155059166764     
   69.024022655068393     
   68.238429102995639     
   67.423338486355675     
   66.577734905789427     
   65.700637262307410     
   64.791122294013718     
   63.848350947157506     
   62.871597856793393     
   61.860291456406060     
   60.814050435082073     
   59.732738012114794     
   58.616506435336774     
   57.465857861206821     
   56.281697096970603     
   55.065391344596527     
   53.818815205294506     
   52.544397661462789     
   51.245147556630478     
   49.924653951802014     
   48.587074976060428     
   47.237076945884823     
   45.879768631190800     
   44.520572015344939     
   43.165094015907002     
   41.818898858582514     
   40.487590984367841     
   39.176316833098269     
   37.889834596697646     
   36.632366406799058     
   35.407508782944355     
   34.218212337853998     
   33.066756227439285     
   31.954796007504616     
   30.883387466765146     
   29.853062579986513     
   28.863893298885237     
   27.915561783492148     
   27.007432258892269     
   26.138622237812523     
   25.308027246682553     
   24.514426836277710     
   23.756488723092914     
   23.032813865112121     
   22.341969271219593     
   21.682510233395192     
   21.053000522404279     
   20.452025410022028     
   19.878203990100495     
   19.330196073833083     
   18.806711007525898     
   18.306507647308639     
   17.828399039875809     
   17.371252063910717     
   16.933989793071326     
   16.515587265292762     
   16.115073805869798     
   15.731530767462479     
   15.364087489951245     
   15.011921642548312     
   14.674259882657481     
   14.350362305260516     
   14.039539969799652     
   13.741140027849871     
   13.454546225364812     
   13.179176736746850     
   12.914483364718468     
   12.659948355545493     
   12.415083288298803     
   12.179427000118677     
   11.952544325824755     
   11.734024083386695     
   11.523478097248507     
   11.320539242009227     
   11.124860822282576     
   10.936114741770046     
   10.753990720449984     
   10.578195054609118     
   10.408449752433524     
   10.244491502329646     
   10.086070737503551     
   9.9329509465243753     
   9.7849077155216602     
   9.6417282993347833     
   9.5032106080612788     
   9.3691627565328073     
   9.2394025221310461     
   9.1137566103645824     
   8.9920602862866126     
   8.8741568282668748     
   8.7598970966683112     
   8.6491390718203007     
   8.5417474732006085     
   8.4375933892355981     
   8.3365539387351344     
   8.2385119069498156     
   8.1433554533703330     
   8.0509778330142261     
   7.9612771165423668     
   7.8741559220841850     
   7.7895211861975842     
   7.7072839377534432     
   7.6273590843415677     
   7.5496652051324169     
   7.4741243858310300     
   7.4006620040093249     
   7.3292065922002863     
   7.2596896820020032     
   7.1920456302684501     
   7.1262115085097903     
   7.0621269476342441     
   6.9997340288007877     
   6.9389771543842134     
   6.8798029562708667     
   6.8221601577497681     
   6.7659995097169423     
   6.7112736841023235     
   6.6579371723970109     
   6.6059462197907735     
   6.5552587328673857     
   6.5058342167429446     
   6.4576336896655668     
   6.4106196230512280     
   6.3647558828449808     
   6.3200076545461048     
   6.2763413978860783     
