 0.14499199287322E+03
 0.14499199287317E+03
 0.14499199287240E+03
 0.14499199286797E+03
 0.14499199285118E+03
 0.14499199282264E+03
 0.14499199264393E+03
 0.14499199220181E+03
 0.14499199122568E+03
 0.14499198986381E+03
 0.14499198327077E+03
 0.14499198204316E+03
 0.14499197360985E+03
 0.14499196951728E+03
 0.14499196654806E+03
 0.14499196819368E+03
 0.14499197658981E+03
 0.14499199941047E+03
 0.14499204582069E+03
 0.14499213333337E+03
 0.14499226022810E+03
 0.14499245297311E+03
 0.14499272252932E+03
 0.14499307621439E+03
 0.14499356084922E+03
 0.14499415928686E+03
 0.14499492064552E+03
 0.14499584630172E+03
 0.14499697739507E+03
 0.14499833136931E+03
 0.14499993901543E+03
 0.14500181259106E+03
 0.14500398930666E+03
 0.14500654067279E+03
 0.14500941195274E+03
 0.14501268716460E+03
 0.14501639765796E+03
 0.14502053865128E+03
 0.14502517852060E+03
 0.14503031033938E+03
 0.14503596436367E+03
 0.14504216643658E+03
 0.14504891866708E+03
 0.14505628454126E+03
 0.14506429366360E+03
 0.14507288585542E+03
 0.14508209864118E+03
 0.14509199168652E+03
 0.14510247586961E+03
 0.14511356034396E+03
 0.14512530829629E+03
 0.14513775268614E+03
 0.14515068654272E+03
 0.14516435212023E+03
 0.14517850062294E+03
 0.14519325539445E+03
 0.14520859137359E+03
 0.14522437570354E+03
 0.14524073106777E+03
 0.14525764090147E+03
 0.14527505453643E+03
 0.14529282387031E+03
 0.14531098453534E+03
 0.14532966993177E+03
 0.14534865143943E+03
 0.14536805667281E+03
 0.14538774473020E+03
 0.14540781544549E+03
 0.14542825089967E+03
 0.14544891676508E+03
 0.14546992642906E+03
 0.14549123835318E+03
 0.14551277551091E+03
 0.14553467313003E+03
 0.14555685690063E+03
 0.14557933919376E+03
 0.14560227677649E+03
 0.14562551844180E+03
 0.14564906641847E+03
 0.14567302655153E+03
 0.14569748503945E+03
 0.14572238407184E+03
 0.14574785510579E+03
 0.14577388272947E+03
 0.14580058551538E+03
 0.14582801437975E+03
 0.14585611920306E+03
 0.14588525092157E+03
 0.14591523465680E+03
 0.14594633213396E+03
 0.14597852306088E+03
 0.14601205366189E+03
 0.14604685607356E+03
 0.14608331607962E+03
 0.14612145310529E+03
 0.14616143216491E+03
 0.14620331614463E+03
 0.14624755453285E+03
 0.14629399000738E+03
 0.14634313458323E+03
 0.14639502145575E+03
 0.14644998096999E+03
 0.14650820155433E+03
 0.14657002815966E+03
 0.14663576941988E+03
 0.14670561144408E+03
 0.14678002010748E+03
 0.14685921555391E+03
 0.14694372740530E+03
 0.14703387321265E+03
 0.14713022588600E+03
 0.14723310325260E+03
 0.14734293136530E+03
 0.14746051260547E+03
 0.14758623212846E+03
 0.14772083241568E+03
 0.14786472712749E+03
 0.14801888697491E+03
 0.14818455982997E+03
 0.14836203484788E+03
 0.14855139052718E+03
 0.14875601824841E+03
 0.14897392968702E+03
 0.14920830707898E+03
 0.14946024728913E+03
 0.14973138524160E+03
 0.15002114499255E+03
 0.15033337242894E+03
 0.15066826727849E+03
 0.15102829419053E+03
 0.15141807386019E+03
 0.15183590768898E+03
 0.15228672651175E+03
 0.15277281144323E+03
 0.15329674874206E+03
 0.15386522040239E+03
 0.15447408390066E+03
 0.15513836816341E+03
 0.15585258744730E+03
 0.15662727744836E+03
 0.15746879395559E+03
 0.15838707760223E+03
 0.15937633891651E+03
 0.16046223781279E+03
 0.16164217123661E+03
 0.16292954984795E+03
 0.16433864320742E+03
 0.16588339322814E+03
 0.16759141452603E+03
 0.16945483320951E+03
 0.17150456576679E+03
 0.17377514434615E+03
 0.17627631365282E+03
 0.17906218821489E+03
 0.18215038850562E+03
 0.18558955129671E+03
 0.18940115714728E+03
 0.19365731194169E+03
 0.19837053219521E+03
 0.20363946313388E+03
 0.20949494537604E+03
 0.21597884494626E+03
 0.22315325088761E+03
 0.23107691181761E+03
 0.23970707550002E+03
 0.24912737161395E+03
 0.25934471521601E+03
 0.27023462909353E+03
 0.28187899492292E+03
 0.29423706500937E+03
 0.30726095638334E+03
 0.32105479118489E+03
 0.33531491651138E+03
 0.35012828307131E+03
 0.36551259899736E+03
 0.38134683922375E+03
 0.39766901791532E+03
 0.41433708427652E+03
 0.43139888048355E+03
 0.44884660055998E+03
 0.46665436306962E+03
 0.48477972784970E+03
 0.50313224389602E+03
 0.52174500595786E+03
 0.54084971903428E+03
 0.56005764313298E+03
 0.57955175160384E+03
 0.59922339235462E+03
 0.61923603157276E+03
 0.63939706218413E+03
 0.65978443679632E+03
 0.68045034709317E+03
 0.70134593045325E+03
 0.72242560676200E+03
 0.74379092106238E+03
 0.76536702059366E+03
 0.78704449182885E+03
 0.80902247766515E+03
 0.83118104177830E+03
 0.85348487510938E+03
