 0.13628526479685E+03
 0.13628526479685E+03
 0.13628526479700E+03
 0.13628526479836E+03
 0.13628526480478E+03
 0.13628526482493E+03
 0.13628526487383E+03
 0.13628526497463E+03
 0.13628526516627E+03
 0.13628526552868E+03
 0.13628526623801E+03
 0.13628526765602E+03
 0.13628527044388E+03
 0.13628527568056E+03
 0.13628528496426E+03
 0.13628530048070E+03
 0.13628532503080E+03
 0.13628536201827E+03
 0.13628541540365E+03
 0.13628548963464E+03
 0.13628558956359E+03
 0.13628572036328E+03
 0.13628588745119E+03
 0.13628609643094E+03
 0.13628635305801E+03
 0.13628666323408E+03
 0.13628703303206E+03
 0.13628746875048E+03
 0.13628797699344E+03
 0.13628856477005E+03
 0.13628923960521E+03
 0.13629000965304E+03
 0.13629088380411E+03
 0.13629187177810E+03
 0.13629298419512E+03
 0.13629423262026E+03
 0.13629562957800E+03
 0.13629718853508E+03
 0.13629892385194E+03
 0.13630085070474E+03
 0.13630298498095E+03
 0.13630534315270E+03
 0.13630794213244E+03
 0.13631079911596E+03
 0.13631393141798E+03
 0.13631735630492E+03
 0.13632109082967E+03
 0.13632515167230E+03
 0.13632955499049E+03
 0.13633431628249E+03
 0.13633945026490E+03
 0.13634497076759E+03
 0.13635089064636E+03
 0.13635722171449E+03
 0.13636397469349E+03
 0.13637115918263E+03
 0.13637878364697E+03
 0.13638685542327E+03
 0.13639538074246E+03
 0.13640436477400E+03
 0.13641381165459E+03
 0.13642372458674E+03
 0.13643410589424E+03
 0.13644495711374E+03
 0.13645627908955E+03
 0.13646807207585E+03
 0.13648033584418E+03
 0.13649306979569E+03
 0.13650627307630E+03
 0.13651994469377E+03
 0.13653408363628E+03
 0.13654868899045E+03
 0.13656376005888E+03
 0.13657929647631E+03
 0.13659529832325E+03
 0.13661176623718E+03
 0.13662870152121E+03
 0.13664610624816E+03
 0.13666398336152E+03
 0.13668233677220E+03
 0.13670117145016E+03
 0.13672049351410E+03
 0.13674031031592E+03
 0.13676063052191E+03
 0.13678146418648E+03
 0.13680282282600E+03
 0.13682471948560E+03
 0.13684716880612E+03
 0.13687018708098E+03
 0.13689379231823E+03
 0.13691800429911E+03
 0.13694284462568E+03
 0.13696833677318E+03
 0.13699450613745E+03
 0.13702138007889E+03
 0.13704898796651E+03
 0.13707736124037E+03
 0.13710653343820E+03
 0.13713654023998E+03
 0.13716741951278E+03
 0.13719921136091E+03
 0.13723195816085E+03
 0.13726570460170E+03
 0.13730049775846E+03
 0.13733638712468E+03
 0.13737342466085E+03
 0.13741166482863E+03
 0.13745116468637E+03
 0.13749198395002E+03
 0.13753418502993E+03
 0.13757783306114E+03
 0.13762299607537E+03
 0.13766974504099E+03
 0.13771815388819E+03
 0.13776829962536E+03
 0.13782026255385E+03
 0.13787412621744E+03
 0.13792997744951E+03
 0.13798790681987E+03
 0.13804800844035E+03
 0.13811038021399E+03
 0.13817512405846E+03
 0.13824234598447E+03
 0.13831215622334E+03
 0.13838466961224E+03
 0.13846000551091E+03
 0.13853828835814E+03
 0.13861964756534E+03
 0.13870421804997E+03
 0.13879214028302E+03
 0.13888356086071E+03
 0.13897863248202E+03
 0.13907751465780E+03
 0.13918037371757E+03
 0.13928738354052E+03
 0.13939872580850E+03
 0.13951459042313E+03
 0.13963517619264E+03
 0.13976069134503E+03
 0.13989135399664E+03
 0.14002739293666E+03
 0.14016904813650E+03
 0.14031657185070E+03
 0.14047022902104E+03
 0.14063029867645E+03
 0.14079707434650E+03
 0.14097086551606E+03
 0.14115199875017E+03
 0.14134081887423E+03
 0.14153769021273E+03
 0.14174299846573E+03
 0.14195715211516E+03
 0.14218058401362E+03
 0.14241375395133E+03
 0.14265715034325E+03
 0.14291129283953E+03
 0.14317673485581E+03
 0.14345406654838E+03
 0.14374391794507E+03
 0.14404696243409E+03
 0.14436392072145E+03
 0.14469556505678E+03
 0.14504272399287E+03
 0.14540628771129E+03
 0.14578721374949E+03
 0.14618653349114E+03
 0.14660535923049E+03
 0.14704489212696E+03
 0.14750643114232E+03
 0.14799138262001E+03
 0.14850127127686E+03
 0.14903775210322E+03
 0.14960262366952E+03
 0.15019784280465E+03
 0.15082554111938E+03
 0.15148804201062E+03
 0.15218788134223E+03
 0.15292782807369E+03
 0.15371090771207E+03
 0.15454042699725E+03
 0.15542000069548E+03
 0.15635357949225E+03
 0.15734547869447E+03
 0.15840040737009E+03
 0.15952349658451E+03
 0.16072032626696E+03
 0.16199694729559E+03
 0.16335989859160E+03
 0.16481621500862E+03
 0.16637342425470E+03
 0.16803952571994E+03
 0.16982295213827E+03
 0.17173251561751E+03
 0.17377730606658E+03
 0.17596658274374E+03
 0.17830962385834E+03
 0.18081555061601E+03
 0.18349312314632E+03
 0.18635051462689E+03
 0.18939506519280E+03
 0.19263306837367E+03
 0.19606949958869E+03
 0.19970782649827E+03
 0.20354987566943E+03
 0.20759551643626E+03
 0.21184285814098E+03
 0.21628809663092E+03
 0.22092563304351E+03
 0.22574823077600E+03
 0.23074723818054E+03
 0.23591285069430E+03
 0.24123440390816E+03
 0.24670066741089E+03
 0.25230012711009E+03
 0.25802122939444E+03
 0.26385259547342E+03
 0.26978318582643E+03
 0.27580242253747E+03
 0.28190027349630E+03
 0.28806730024447E+03
 0.29429468045589E+03
 0.30057420707827E+03
 0.30689827181817E+03
 0.31325983917052E+03
 0.31965241391288E+03
 0.32607000147903E+03
 0.33250707088789E+03
 0.33895851581129E+03
 0.34541961789982E+03
 0.35188601181475E+03
 0.35835365155483E+03
 0.36481878186438E+03
 0.37127791009745E+03
 0.37772778219232E+03
 0.38416535942003E+03
 0.39058779976163E+03
 0.39699243933271E+03
 0.40337677626810E+03
 0.40973845923277E+03
 0.41607527037132E+03
 0.42238511797280E+03
 0.42866602562200E+03
 0.43491612317536E+03
 0.44113363895373E+03
 0.44731689357317E+03
 0.45346429388223E+03
 0.45957432685543E+03
 0.46564555547739E+03
 0.47167661448132E+03
 0.47766620657525E+03
 0.48361309905614E+03
 0.48951612062519E+03
 0.49537415938580E+03
 0.50118616016070E+03
 0.50695112165807E+03
 0.51266809598329E+03
 0.51833618568213E+03
 0.52395454307567E+03
 0.52952236783337E+03
 0.53503890650082E+03
 0.54050345162102E+03
 0.54591533896378E+03
 0.55127394821655E+03
 0.55657870110875E+03
 0.56182906118869E+03
 0.56702453166504E+03
 0.57216465582477E+03
 0.57724901573880E+03
 0.58227723140275E+03
 0.58724895983903E+03
 0.59216389466520E+03
 0.59702176518203E+03
 0.60182233524430E+03
 0.60656540300581E+03
 0.61125080083254E+03
 0.61587839304108E+03
 0.62044807523340E+03
 0.62495977544525E+03
 0.62941345083732E+03
 0.63380908949150E+03
 0.63814670691880E+03
 0.64242634810942E+03
 0.64664808448548E+03
 0.65081201424863E+03
 0.65491826135981E+03
 0.65896697481699E+03
 0.66295832774622E+03
 0.66689251654124E+03
 0.67076976033069E+03
 0.67459030008052E+03
 0.67835439766090E+03
 0.68206233517683E+03
 0.68571441424636E+03
 0.68931095521440E+03
 0.69285229603002E+03
 0.69633879206903E+03
 0.69977081495454E+03
 0.70314875165634E+03
 0.70647300428312E+03
 0.70974398888486E+03
