   482.989325854482766625225197452827150      
   482.989325854498234655481154983509087      
   482.989325855059819086560773405629421      
   482.989325860516629894659871621304289      
   482.989325887322284515814506888760315      
   482.989325967435644092579237856628548      
   482.989325968950923145089179893993903      
   482.989323869000587490525627134596899      
   482.989307850192948667100329484743098      
   482.989234838319703610198783066574132      
   482.988991240619911146703356775007570      
   482.988340383513760671802037767460279      
   482.986868773418212425520252004634113      
   482.983944755005538988436231030231703      
   482.978698901874578837231104091458409      
   482.970029030597565301299840514445428      
   482.956627172603781114677343324213361      
   482.937022557309080447652258135945426      
   482.909633640877747500193462265122852      
   482.872822787389905579862943549342612      
   482.824948608005769942859585493161457      
   482.764412594687544155039689307907944      
   482.689698183623099465076098311699839      
   482.599401577875635719371236325871410      
   482.492254505606287407628712921709665      
   482.367139619315061976523410126648509      
   482.223099515973718822854878249672406      
   482.059340445585195450174450597685763      
   481.875231742846281370242755651254102      
   481.670301914587492421903100229285766      
   481.444232181323057424679084688822519      
   481.196848133284892741216479929036707      
   480.928110033904112740169692533447842      
   480.638102194372459497711923455281762      
   480.327021754759001940646224423298547      
   479.995167138450955012700161294089224      
   479.642926394719247099563941802638646      
   479.270765605507934692830512297515032      
   478.879217502865525186953355183390771      
   478.468870421029902551328196063791018      
   478.040357687888668401833814554389317      
   477.594347544605181510919365024434108      
   477.131533666767280229224995619724922      
   476.652626346014693051998789746124942      
   476.158344377407479789497564685533263      
   475.649407683198539357991261418443863      
   475.126530686236971967998309168287185      
   474.590416469457225192625928961213269      
   474.041751642187840749311224093036921      
   473.481201991178458754684981452343916      
   472.909408823604518231259824600325523      
   472.326985995911854658574789674893557      
   471.734517584587510008543971965983056      
   471.132556155232924669338874509670067      
   470.521621582704651700954741518290275      
   469.902200372074566975106807661480032      
   469.274745429045754784675156620187544      
   468.639676229260778915606295680975910      
   467.997379334775567402566510703006905      
   467.348209208737670192209894821322760      
   466.692489281029584402898639405686509      
   466.030513219489402233319381485032658      
   465.362546364577723056111751891607685      
   464.688827289206640072882981628329789      
   464.009569447147811459091088859745805      
   463.324962877670329745368221840055388      
   462.635175938869942420547974561499486      
   461.940357041909733689901115057073014      
   461.240636366130028246948190217835058      
   460.536127534996627696577506993736886      
   459.826929235757847276374554421879493      
   459.113126772249084268149464942923163      
   458.394793537498622513824242832387022      
   457.671992399426950594998437845306546      
   456.944776993013967761531009601877673      
   456.213192915502385843518703024435899      
   455.477278820394240629466407658411009      
   454.737067412646667383456006623189035      
   453.992586342300152804120132433633046      
   453.243859000751388835571417558741793      
   452.490905222181041096390302605721121      
   451.733741887647056549400147732232839      
   450.972383446115668577575071966394461      
   450.206842343946634634363997134654038      
   449.437129384417379317806422905099482      
   448.663254005926544953149521220901524      
   447.885224493946407186445655481847096      
   447.103048125692266914762284366651168      
   446.316731264600864217016153252720496      
   445.526279386876973795878183347761090      
   444.731697062728404703755350801621071      
   443.932987904535053278100397926568024      
   443.130154466731731815861363429695682      
   442.323198112471482569288987496452335      
   441.512118857835958478139815654907373      
   440.696915166890188306386280176961911      
   439.877583722256685982562856678953825      
   439.054119208399225655923056715553790      
   438.226514055547635620072384759479919      
   437.394758163329580854003325939264027      
   436.558838616785313896545815071501686      
   435.718739405136676452895475672695711      
   434.874441121551028922167728371775514      
   434.025920593531143270260438134222020      
   433.173150600413553974896648583807401      
   432.316099671964975081077655402162307      
   431.454731596008792125398379133080667      
   430.589005117254465377331327036212471      
   429.718873630732387653863547704803914      
   428.844284933231162987280548725981115      
   427.965180807622435348360268335869856      
   427.081496560383162646376550240395230      
   426.193160912388572930969290560955633      
   425.300095621273643331612420360415092      
   424.402214867417950681867942518036404      
   423.499425206237644949401852430416034      
   422.591625218107515696740044779859948      
   421.678704855932605734220579474239345      
   420.760545269757141051452407569315151      
   419.837018641245320304925293895486904      
   418.907987277215534907338147588437552      
   417.973303880433000927926475806393576      
   417.032810425590473896862573022480627      
   416.086338549489673218983754655400953      
   415.133708307955021933457719841559839      
   414.174728570139703345392566757384401      
   413.209195722285736736157483644541916      
   412.236894023343833755806045540584296      
   411.257594523126916999939281414496835      
   410.271054842691647743384966453291718      
   409.277018671884007542657928559308089      
   408.275215092927094582974870522024757      
   407.265358164445384718155553744049299      
   406.247146073720791281194464355878508      
   405.220261127110942112656042139091187      
   404.184368557105425402969404566148084      
   403.139115815589148244844218320924897      
   402.084132728166820207252026336184779      
   401.019029647260886344673052943182428      
   399.943397746279460096529099305831549      
   398.856807601268536153624639019399293      
   397.758808571362973382427571393023215      
   396.648928480330669888377559167752056      
   395.526672160945816021954490162223157      
   394.391520990998818733798570338306182      
   393.242932220521969796154668152859683      
   392.080337870121801386877386191665945      
   390.903144043065678808397456820306423      
   389.710730452844312432581549637306569      
   388.502449112652595024748303799632707      
   387.277624603716479434280174328486256      
   386.035552581229130218442278358333288      
   384.775500100375408592391080456463185      
   383.496704963768309205293402357882240      
   382.198376056045770735596658698162105      
   380.879693899114408680198021313001285      
   379.539810344112877698509455261236468      
   378.177851103829850728881027261582567      
   376.792916570406654651675513317685590      
   375.384084890207367412595878254006139      
   373.950415877032109576932967150884535      
   372.490954921062259834830074241844916      
   371.004739853658545334283620461805498      
   369.490809021062637394088329614196679      
   367.948211752449897870460157696221523      
   366.376021594275869180579163377341380      
   364.773353291586901498351599863555151      
   363.139383809811451252256908719794784      
   361.473378398819948905928869590150716      
   359.774724161295280025326854375314096      
   358.042970155942610646621364562473776      
   356.277877380425107942661171494283272      
   354.479481080314651002106833228428676      
   352.648164889839381092035854187567707      
   350.784752415608026555208054755728447      
   348.890616805022255575771869155200388      
   346.967813572376338018252593770169218      
   345.019232427741131242609247226781407      
   343.048776832169339222058704802714279      
   341.061595285122023882240095050182590      
   339.064280788377927869571214504059433      
   337.065156940110502264440495140106754      
   335.074545425168821098756244802525617      
   333.105047135750219241682937440527246      
   331.171804538834783957687826207034782      
   329.292721142862824048299415989439983      
   327.488597884712879203692771530407282      
   325.783146422402722646398042263311316      
   324.202826181935516246832053158363013      
   322.776464682801627807136093844728436      
   321.534623785134330066274519275811069      
   320.508710690562949284342995677794360      
   319.729853316940391101484364094576284      
   319.227622574333824436091592252717630      
   319.028706579631776066552381512964666      
   319.155682531629216142645312232832580      
   319.626024287740779507225515602294777      
   320.451457660065482510916242789567645      
   321.637723274133298338219563516905726      
   323.184741476074995174932778397443503      
   325.087117641525802073574546266677099      
   327.334889911670548027688454973196201      
   329.914408492190329984336638950196904      
   332.809244997197497549232294902980270      
   336.001053079900948896127302372043901      
   339.470330913689034236974369178014051      
   343.197055412228565670929510474322372      
   347.161190175895604302663633371931036      
   351.343067330997499933575970638172927      
   355.723663369373970363594822942538547      
   360.284785955271226101104064515009386      
   365.009188670868328162473203110417456      
   369.880631551644220301336686994494896      
   374.883902520092405759060418644847893      
   380.004808474863162670939879332995881      
   385.230144362777992850348232997318529      
   390.547653285454389581720663207919130      
   395.945976303299287149078339434692154      
   401.414597725867870488934260440458444      
   406.943789028912830339011977204058458      
   412.524554263818643501553806062501047      
   418.148575329441569667430562039465720      
   423.808161414286979832927728123584561      
   429.496199345690623464463234662437252      
   435.206108608041961599811674682475559      
   440.931799013304017020576452052221089      
   446.667632214413457811710166748839636      
   452.408384792846640665697379883159518      
   458.149215124658479874332817932789865      
   463.885635460777943427742094233229353      
   469.613480919200051108693442463259852      
   475.328886794725546946817839349221351      
   481.028264389103126959603987225977125      
   486.708280467048216789497997480554614      
   492.365838408312253694085735085661213      
   497.998060570802663719971859614894323      
   503.602272241013129696735492503400760      
   509.175987401939407814766474950674918      
   514.716895991880451125253463470509854      
   520.222851300687864659621394403018499      
   525.691858959783847713202435932391462      
   531.122067487885268499466575555458965      
   536.511758989484528261162892672386933      
   541.859340665704814806205101420274030      
   547.163336745986196823944263626023266      
   552.422381939420762804920851641580089      
   557.635214743362236111552041215072034      
   562.800672291942430080239437439703727      
   567.917682814460324080224059040615805      
   572.985262960602125978029134296257520      
   578.002511206244565761810608167300946      
   582.968604886481678057365879678013295      
   587.882795005321996838820415605026250      
   592.744403468221115515479076950739198      
   597.552818564924403530126029229758570      
   602.307492891051460056283581855476977      
   607.007938699065329313760070721967203      
   611.653726352816705351817679825294495      
   616.244481217573034895026381953040059      
   620.779881320962277254791345180905795      
   625.259653693732770848513498753890241      
   629.683573374506286547702408525412531      
   634.051461730946656589522341292904537      
   638.363182173255986671558543034401920      
   642.618640460573496310560182975273805      
   646.817781161139136915514343940079098      
   650.960587752427443348916141868994241      
   655.047078923193028846325925213917234      
   659.077307147193776838800620931483693      
   663.051358933015698607022307090501950      
   666.969351080942515458108380007366755      
   670.831430638853292422271712609069263      
   674.637773026480020871462058452552294      
   678.388580368405890450337501776862318      
   682.084080808150286535662593166841683      
   685.724526739206216671624265697472065      
   689.310193715346763156310993488061631      
   692.841379204806862905489692541054048      
   696.318401978075798274150253066874201      
   699.741599872867881670654069942137117      
   703.111329672052952838742196596348066      
   706.427965945423614633988719130325119      
   709.691899480002352144672994683557174      
   712.903536841984097158700996451206318      
   716.063299347113883346170776730429027      
   719.171621699548177238890472754280960      
   722.228951793740819573012447825399715      
   725.235749320469046076998160337348376      
   728.192485076133723283003289379072685      
   731.099640249326328572259474052504538      
   733.957705629576072995687847365946252      
   736.767180580058883998687029086319967      
   739.528572692491733357040341412555516      
   742.242396898276702760987828080286842      
   744.909174801219805763440022784631188      
   747.529433874909252065622656571231352      
   750.103707175914268009809294118287427      
   752.632532421885768364903329820155556      
   755.116451501641502447909973279700389      
   757.556009990986648021885500176509078      
