 0.13628526479685E+03
 0.13628526479685E+03
 0.13628526479700E+03
 0.13628526479836E+03
 0.13628526480478E+03
 0.13628526482493E+03
 0.13628526487383E+03
 0.13628526497463E+03
 0.13628526516627E+03
 0.13628526552868E+03
 0.13628526623801E+03
 0.13628526765602E+03
 0.13628527044388E+03
 0.13628527568056E+03
 0.13628528496426E+03
 0.13628530048070E+03
 0.13628532503080E+03
 0.13628536201827E+03
 0.13628541540366E+03
 0.13628548963466E+03
 0.13628558956363E+03
 0.13628572036344E+03
 0.13628588745168E+03
 0.13628609643237E+03
 0.13628635306179E+03
 0.13628666324339E+03
 0.13628703305349E+03
 0.13628746879705E+03
 0.13628797708948E+03
 0.13628856495901E+03
 0.13628923996152E+03
 0.13629001029953E+03
 0.13629088493672E+03
 0.13629187369999E+03
 0.13629298736248E+03
 0.13629423770234E+03
 0.13629563753423E+03
 0.13629720071203E+03
 0.13629894210319E+03
 0.13630087753666E+03
 0.13630302372740E+03
 0.13630539818152E+03
 0.13630801908655E+03
 0.13631090519167E+03
 0.13631407568291E+03
 0.13631755005766E+03
 0.13632134801642E+03
 0.13632548929922E+03
 0.13632999365200E+03
 0.13633488069338E+03
 0.13634016985077E+03
 0.13634588030345E+03
 0.13635203094344E+03
 0.13635864035474E+03
 0.13636572681093E+03
 0.13637330829062E+03
 0.13638140250983E+03
 0.13639002697062E+03
 0.13639919902432E+03
 0.13640893594789E+03
 0.13641925503258E+03
 0.13643017368229E+03
 0.13644170952069E+03
 0.13645388050542E+03
 0.13646670504714E+03
 0.13648020213355E+03
 0.13649439145456E+03
 0.13650929353005E+03
 0.13652492983660E+03
 0.13654132293325E+03
 0.13655849658636E+03
 0.13657647589013E+03
 0.13659528738478E+03
 0.13661495916990E+03
 0.13663552101472E+03
 0.13665700446141E+03
 0.13667944292713E+03
 0.13670287179732E+03
 0.13672732851613E+03
 0.13675285267107E+03
 0.13677948607049E+03
 0.13680727282384E+03
 0.13683625940973E+03
 0.13686649475079E+03
 0.13689803027076E+03
 0.13693091995962E+03
 0.13696522043151E+03
 0.13700099098479E+03
 0.13703829364950E+03
 0.13707719325390E+03
 0.13711775748450E+03
 0.13716005693212E+03
 0.13720416515155E+03
 0.13725015871970E+03
 0.13729811728449E+03
 0.13734812364722E+03
 0.13740026384575E+03
 0.13745462720077E+03
 0.13751130639499E+03
 0.13757039756346E+03
 0.13763200038527E+03
 0.13769621816240E+03
 0.13776315792519E+03
 0.13783293061437E+03
 0.13790565116286E+03
 0.13798143847282E+03
 0.13806041578319E+03
 0.13814271077127E+03
 0.13822845569379E+03
 0.13831778745796E+03
 0.13841084793927E+03
 0.13850778430217E+03
 0.13860874894664E+03
 0.13871389985514E+03
 0.13882340108073E+03
 0.13893742271993E+03
 0.13905614122020E+03
 0.13917974003964E+03
 0.13930840971016E+03
 0.13944234811088E+03
 0.13958176131327E+03
 0.13972686342136E+03
 0.13987787771556E+03
 0.14003503641475E+03
 0.14019858193781E+03
 0.14036876678269E+03
 0.14054585486230E+03
 0.14073012150716E+03
 0.14092185455801E+03
 0.14112135524585E+03
 0.14132893851899E+03
 0.14154493456096E+03
 0.14176968923298E+03
 0.14200356545223E+03
 0.14224694416716E+03
 0.14250022577556E+03
 0.14276383092392E+03
 0.14303820253620E+03
 0.14332380689330E+03
 0.14362113575120E+03
 0.14393070786628E+03
 0.14425307060381E+03
 0.14458880291924E+03
 0.14493851703852E+03
 0.14530286113798E+03
 0.14568252209526E+03
 0.14607822848984E+03
 0.14649075403939E+03
 0.14692092078918E+03
 0.14736960354929E+03
 0.14783773371983E+03
 0.14832630430803E+03
 0.14883637486886E+03
 0.14936907738285E+03
 0.14992562197897E+03
 0.15050730432521E+03
 0.15111551323137E+03
 0.15175173821923E+03
 0.15241757933107E+03
 0.15311475632701E+03
 0.15384512074808E+03
 0.15461066754002E+03
 0.15541354815288E+03
 0.15625608594423E+03
 0.15714079160632E+03
 0.15807038139904E+03
 0.15904779591166E+03
 0.16007622198692E+03
 0.16115911485757E+03
 0.16230022328253E+03
 0.16350361594394E+03
 0.16477370937730E+03
 0.16611529796138E+03
 0.16753358423587E+03
 0.16903421007045E+03
 0.17062328631626E+03
 0.17230742182517E+03
 0.17409374597617E+03
 0.17598993426699E+03
 0.17800420733308E+03
 0.18014533206751E+03
 0.18242259772766E+03
 0.18484576871172E+03
 0.18742500642879E+03
 0.19017075050545E+03
 0.19309355614464E+03
 0.19620387614727E+03
 0.19951178938585E+03
 0.20302666617437E+03
 0.20675679164474E+03
 0.21070894436658E+03
 0.21488798235581E+03
 0.21929643591996E+03
 0.22393419308421E+03
 0.22879828672587E+03
 0.23388284322482E+03
 0.23917920312946E+03
 0.24467620444404E+03
 0.25036061675445E+03
 0.25621766388083E+03
 0.26223158821013E+03
 0.26838619578123E+03
 0.27466534283043E+03
 0.28105333215513E+03
 0.28753521299204E+03
 0.29409697502850E+03
 0.30072566284302E+03
 0.30740941752491E+03
 0.31413746574832E+03
 0.32090007081491E+03
 0.32768846282650E+03
 0.33449475775811E+03
 0.34131187076435E+03
 0.34813343163848E+03
 0.35495370695426E+03
 0.36176752326913E+03
 0.36857020377045E+03
 0.37535750939778E+03
 0.38212558702763E+03
 0.38887092418343E+03
 0.39559031053194E+03
 0.40228080442557E+03
 0.40893970305368E+03
 0.41556451657503E+03
 0.42215294753028E+03
 0.42870287105518E+03
 0.43521231919353E+03
 0.44167946528954E+03
 0.44810261193112E+03
 0.45448018216446E+03
 0.46081070678704E+03
 0.46709281774176E+03
 0.47332524047788E+03
 0.47950678757429E+03
 0.48563635297519E+03
 0.49171290678644E+03
 0.49773549068698E+03
 0.50370321407936E+03
 0.50961525068542E+03
 0.51547083483704E+03
 0.52126925846986E+03
 0.52700986895222E+03
 0.53269206690488E+03
 0.53831530289519E+03
 0.54387907670506E+03
 0.54938293432639E+03
 0.55482646728141E+03
 0.56020931049138E+03
 0.56553114061524E+03
 0.57079167497281E+03
 0.57599067028250E+03
 0.58112792151221E+03
 0.58620325970615E+03
 0.59121655261246E+03
 0.59616770148427E+03
 0.60105664211656E+03
 0.60588334190787E+03
 0.61064780065317E+03
 0.61535004748477E+03
 0.61999014287327E+03
 0.62456817377832E+03
 0.62908425684507E+03
 0.63353853399054E+03
 0.63793117420924E+03
 0.64226237086659E+03
 0.64653234103868E+03
 0.65074132694530E+03
 0.65488959114567E+03
 0.65897741868633E+03
 0.66300511563423E+03
 0.66697300752761E+03
 0.67088143909048E+03
 0.67473077362934E+03
 0.67852139141056E+03
 0.68225369002847E+03
 0.68592808275281E+03
 0.68954499783830E+03
 0.69310487814778E+03
 0.69660818010117E+03
 0.70005537301335E+03
 0.70344693845734E+03
 0.70678336946346E+03
 0.71006516976321E+03
 0.71329285311710E+03
 0.71646694283743E+03
 0.71958797085296E+03
 0.72265647731881E+03
 0.72567300978352E+03
 0.72863812257740E+03
 0.73155237630103E+03
 0.73441633737285E+03
 0.73723057715822E+03
 0.73999567152275E+03
 0.74271220044502E+03
 0.74538074734229E+03
 0.74800189857171E+03
 0.75057624297136E+03
 0.75310437142572E+03
 0.75558687632138E+03
 0.75802435116959E+03
