   482.989325854482766625225197452827150      
   482.989325854498234655481154983509087      
   482.989325855059819086560773405629421      
   482.989325860516629894659871621299359      
   482.989325887322284515814506827638681      
   482.989325967435644092579205762488023      
   482.989325968950923145086406133439098      
   482.989323869000587490447948959878825      
   482.989307850192948666073688359465949      
   482.989234838319703602176403158910996      
   482.988991240619911103932690759391722      
   482.988340383513760500633254532166578      
   482.986868773418211874932558593400213      
   482.983944755005537468890576902074412      
   482.978698901874574764994063990342837      
   482.970029030597558334540467496626784      
   482.956627172603725836098730148809123      
   482.937022557308733187694686599027716      
   482.909633640875952774336935442591045      
   482.872822787382047390146542140682329      
   482.824948607975920464240028140322142      
   482.764412594587250211356171904247835      
   482.689698183320196985105612147280080      
   482.599401577042288891009207608329874      
   482.492254503494166557560937163985732      
   482.367139614336474702498611391074828      
   482.223099504970990939587359795321141      
   482.059340422628395298547483923108200      
   481.875231697354506809103793092329944      
   481.670301828525373945275991707758742      
   481.444232025186320144503830283993478      
   481.196847860561101100662424854936727      
   480.928109573680792304958546616369585      
   480.638101441767208223264285765702847      
   480.327020558866271860320622161974495      
   479.995165287537611690069158293701944      
   479.642923598454315032153251795496616      
   479.270761474078215695665637790979344      
   478.879211522904482107209137252789300      
   478.468861928368143151737332134202788      
   478.040345837216141989439170400186486      
   477.594331276212980644926748604854043      
   477.131511670608540442281670005098390      
   476.652597023382961869535756211694777      
   476.158305800579426886307168155090482      
   475.649357553418169416340422876553185      
   475.126466289590828774299119227435727      
   474.590334635050027997774577556655484      
   474.041648695357978312058585837738060      
   473.481073709404380733864085033016230      
   472.909250391929629905660199571981846      
   472.326791962826381913958125674162748      
   471.734281818587009079571792703774187      
   471.132271802212772459391050972570686      
   470.521281024291248477690578051607434      
   469.901795184942781548536654925794540      
   469.274266345210293391737168510826429      
   468.639113097282705694227376264773072      
   467.996721081780846234322606207989609      
   467.347443803118481986133659906237726      
   466.691603695637779978643051523945522      
   466.029493395152371197438099378897719      
   465.361377173716633374523210224254962      
   464.687492499349043685411804880158769      
   464.008051684134276759933122769339751      
   463.323243588297113313135971935882804      
   462.633235352829647835463483939161812      
   461.938174132780580445820373802938741      
   461.238188811270914028092973841846538      
   460.533391674209608517542485975555387      
   459.823880028514465698918991351040474      
   459.109737753441764945539388657587429      
   458.391036771558399885249077669873609      
   457.667838432768834325380667351093091      
   456.940194804686908129229826639488286      
   456.208149866089198790328182355970572      
   455.471740598962007343853816474366463      
   454.730997981895569220944138815922219      
   453.985947881798428674838379182663794      
   453.236611848283844109390263242549855      
   452.483007813298782604497965877619138      
   451.725150693077845561076198016464514      
   450.963052907554356654517426675008288      
   450.196724807528515819153622710978357      
   449.426175032578379341903134991740101      
   448.651410787281192000770814914275038      
   447.872438051114686056626473934291068      
   447.089261721321104582441637280035933      
   446.301885705502807302495603911748386      
   445.510312945605718880285730269871056      
   444.714545397197369821238690290915329      
   443.914583975681147534820437484420355      
   443.110428453891177218292907837990867      
   442.302077326499849072595255441172171      
   441.489527652472025879074866903117478      
   440.672774846022796371590485437949493      
   439.851812445240433334167294901178141      
   439.026631892878936177314263855584013      
   438.197222277371561830987673129682253      
   437.363570053470115496907685982672630      
   436.525658754335438569449826086998599      
   435.683468708908434393312847574145101      
   434.836976735441821999016524810960473      
   433.986155767324980817050386783102933      
   433.130974565225301050267906452412922      
   432.271397530902466606360384545196182      
   431.407384177877172809075772211864435      
   430.538888844839484391422905241601271      
   429.665860379743966400387917979844963      
   428.788241900337012240747169547139639      
   427.905970341673812310810003931377116      
   427.018976006234141217954889824964298      
   426.127182473552139805444580359269645      
   425.230506156854604322614390580728581      
   424.328855733715695539611916533127514      
   423.422132077965997531005537363666206      
   422.510227896882856852944068414818462      
   421.593027041288357199081128811811426      
   420.670404405629748719203513446743075      
   419.742225649773629814364191176657046      
   418.808346378256502706795380725047137      
   417.868612327697521786998999271420878      
   416.922858287498582044462204736930021      
   415.970908417811971279180622157652042      
   415.012575096137824188408247144222070      
   414.047659177145129963587198871496677      
   413.075948814075287819924134922860530      
   412.097219660180887005300453146467514      
   411.111234002678731050393723888027061      
   410.117740141947631116957892674339335      
   409.116472391152013050396423549301079      
   408.107149887591398062700576653765161      
   407.089476572423247741240441137577436      
   406.063140254543629931624905284752754      
   405.027812158184192960751647368232301      
   403.983146076030740078249097136851499      
   402.928778267202477165163345880897498      
   401.864326130949199252582412142890174      
   400.789387999079218085512254695852451      
   399.703541935061581121122425147422907      
   398.606345300605034758972543536229105      
   397.497334383026814000552834800049782      
   396.376022714592014257255548805352944      
   395.241900989932882625722020627717027      
   394.094436122194253967655742401625212      
   392.933070474156472083983806287496525      
   391.757221111567423949567289017081461      
   390.566278909085207873517265383389436      
   389.359608304621620780142885445802119      
   388.136546134225828796639813806993020      
   386.896401630550587993632731322544662      
   385.638455707007930047464753876069955      
   384.361960988193350406536470780397955      
   383.066141594698096368722891614132376      
   381.750193987148717367686764589582972      
   380.413287037886472684886940202381785      
   379.054563084076487770139813525998152      
   377.673140401284529792600611200145023      
   376.268114912648729780894223661358891      
   374.838564427946808039216695836910516      
   373.383552072495627632687401210350043      
   371.902132766641121143766195092251469      
   370.393361166276066919728238232025938      
   368.856300765620049255271101690433530      
   367.290037116711232557741589769199529      
   365.693693036821822451605290406919688      
   364.066448988262323962038666984974915      
   362.407566950018059471121694698867567      
   360.716421890382469752301730673946148      
   358.992539385871759584164993351089082      
   357.235642623618285094970868852155196      
   355.445710123083836855035555244800983      
   353.623045660649672450555508494114645      
   351.768363829481770131435154084161708      
   349.882892900489230704536878465091663      
   347.968498764635064575138990894693075      
   346.027830995239395030103207518668950      
   344.064488764224009774522531557644679      
   342.083244497386824488239995565260918      
   340.090232998908842279497453796021098      
   338.093227967145881485353584827472097      
   336.101905964514308948202808745539962      
   334.128125586819952224301589785918783      
   332.186198108838915805621413979590209      
   330.293125842277108292448585036924802      
   328.468772293295652016415052276023203      
   326.735924979817970684044385935347503      
   325.120200869628371484054411542163470      
   323.649750638822507829647565943482264      
   322.354717494920139219879721424447983      
   321.266437195863536603620135600154838      
   320.416386541913222782675017753231245      
   319.834942625219673748957255996558582      
   319.550045533644936994514047015406888      
   319.585903237082931676126153596465361      
   319.961883018309237613333878695845152      
   320.691719899820267615110685886050736      
   321.783123231645012423269882279782875      
   323.237804506457942290615356986696657      
   325.051881129289322543749189131813100      
   327.216568220787213767248486969345369      
   329.719044410965292053281464420679269      
   332.543382968351580469607038917780523      
   335.671456256369977985703087751261318      
   339.083753379426454248944265844898510      
   342.760070166863598456256828284171400      
   346.680067511189850457918237549812754      
   350.823697883529807967566845224256892      
   355.171515545133813001622102795203139      
   359.704887787649974096416546199351291      
   364.406128741865039802182413948079817      
   369.258573204730448728369942884881258      
   374.246604102216383935834566275230350      
   379.355648053801889727447283085282446      
   384.572150081755471416764535252541346      
   389.883529367751748406739286474221338      
   395.278130652923606416335635591943266      
   400.745168559062756747247830847111998      
   406.274669943223493244046186786722660      
   411.857416358814396899206976563198185      
   417.484888798680380840737182149720732      
   423.149214746656928338683182909252645      
   428.843117375141704000417134927520375      
   434.559867974478540142050040448153196      
   440.293243352179491422282762128085371      
   446.037484710598774718438231952344327      
   451.787261133513176981014621239123960      
   457.537634302770883466855438408047151      
   463.284027609660872844775779473623790      
   469.022199508302406922294331998950260      
   474.748214611203305277841435898741900      
   480.458421514578830890821020264190550      
   486.149430908063621629398704888516840      
   491.818095969594815444373227679459027      
   497.461494393422646679448942855104078      
   503.076911934521242317822614836568973      
   508.661827453371615696148026130946726      
   514.213899513367365396096503899528451      
   519.730954194754458817221963237405236      
   525.210973358855066590787407432207838      
   530.652084244400546745165149805228582      
   536.052550472827910209069184263630556      
   541.410763622109618374338264639008557      
   546.725234253478946352037392504520593      
   551.994585853116680666884007415322865      
   557.217547058983986568706562000378861      
   562.392946494979636538221279971684642      
   567.519706592755685716673517440551390      
   572.596838192468396383974794895346652      
   577.623436009279315816655198905621234      
   582.598674203328547137215122386823440      
   587.521802314824157318253773249201830      
   592.392140447131866394540936515318410      
   597.209077357563363007667176940369981      
   601.972065062096795494557308869412982      
   606.680617698915362524120357142954959      
   611.334306723438561679039292525176300      
   615.932759855813855670841191520806710      
   620.475656442278060677423676127989592      
   624.962727840904937372979175055146111      
   629.393751286904096296653613442061135      
   633.768551663641118791275516120848970      
   638.086995989897542189355269197403745      
   642.348994033482166744459988566272686      
   646.554494625027933714704980572824574      
   650.703484034311784732741244253127610      
   654.795986456541257818731489490221551      
   658.832058490294558435698758842500234      
   662.811790442620928090095585337863500      
   666.735304170854708954830576331654149      
   670.602750891874552720093205588103693      
   674.414310270784928287202085913070084      
   678.170189243388052380898480683490825      
   681.870619881984852405703557949495541      
   685.515859242600485025822136678887027      
   689.106187272680034747252649466101430      
   692.641905688740277635522447752398220      
   696.123337191344242950415951990302542      
   699.550824046765181429395215476606181      
   702.924727074319072751175077352017887      
   706.245424681928807634528794987516053      
   709.513311762377849749125422857544064      
   712.728798653171688120054461511109757      
   715.892310197370857318088031882120460      
   719.004285013227526304287881893127879      
   722.065174329981553463939131782044280      
   725.075441374142664340332357153845472      
   728.035560334632111955887945883066274      
   730.946015558247464500818753518004717      
   733.807300855736031775942552629650603      
   736.619918877415434104210874332072866      
   739.384380087651328444474270045975802      
   742.101202166373316089539985119340657      
   744.770909478380495472923101249702573      
   747.394032268868785858791604088769526      
   749.971106039581705820958061064496638      
   752.502670971851784363865828425770169      
   754.989271380653780871764630894642756      
   757.431455067297448666118873794495565      
   759.829772842535062496294116175914017      
