   6.91360382032105060219110298214517828      
   6.91360382032105110148990120050159411      
   6.91360382032108955897461395071538087      
   6.91360382032172657037300039129441259      
   6.91360382032646964407827706415172585      
   6.91360382034827194454909996337541744      
   6.91360382042124210775840530959596281      
   6.91360382061614616007291978567234520      
   6.91360382105205065483227301527547722      
   6.91360382188251542740234036897338262      
   6.91360382321555130734206305605483198      
   6.91360382491358848530899478566429599      
   6.91360382622306345639780358730407314      
   6.91360382520291047042214312880086079      
   6.91360381794927827036772729090381772      
   6.91360379764123045675814474342615037      
   6.91360375345348257139131506553800437      
   6.91360366939581437446963471311439948      
   6.91360352314564596469128614799436791      
   6.91360328494217470055236748138040491      
   6.91360291660884335736226015174803959      
   6.91360237076628433196870716529119391      
   6.91360159029007204811681024334039554      
   6.91360050805619318359332138098172779      
   6.91359904700207550586773906966327194      
   6.91359712051292113894191407212882190      
   6.91359463312339041612777222836167887      
   6.91359148150525353253064121930480850      
   6.91358755569446107333385364338434623      
   6.91358274049785700213663837913629438      
   6.91357691701156897471036230609592379      
   6.91356996418034625512464913198191966      
   6.91356176032950928288370301746663775      
   6.91355218460792380309258790557749984      
   6.91354111829040463038229081892828584      
   6.91352844589994182183373536847671865      
   6.91351405612292490274770909932119363      
   6.91349784250308322836625693343375042      
   6.91347970391135139444907092600819607      
   6.91345954479875347332072864343868662      
   6.91343727524736642195414571320608163      
   6.91341281084036297107537131238690977      
   6.91338607237610571080028403986293210      
   6.91335698545344345117272251011806587      
   6.91332547995599190236814924585123232      
   6.91329148946254698611817569192414152      
   6.91325495060917221812714035306658982      
   6.91321580242619237913353598229600122      
   6.91317398567056086765164206044077791      
   6.91312944217106123414426070983958724      
   6.91308211420073147431318140432413653      
   6.91303194388786729243072974051267009      
   6.91297887267413295732836961542974820      
   6.91292284082566741517196503235616583      
   6.91286378700073982370043827317383484      
   6.91280164787546127324275642605734117      
   6.91273635782728588486492486947720275      
   6.91266784867462306747887030601409775      
   6.91259604946970004321748134293389663      
   6.91252088634085935973202545103177762      
   6.91244228237990526409463545797205929      
   6.91236015756936234829203784498637702      
   6.91227442873012215571004586443657988      
   6.91218500956673779067369220237597827      
   6.91209181060781861757320589130248307      
   6.91199473928709212525058441090968343      
   6.91189369998008118692477419774649984      
   6.91178859406063404336534201178925167      
   6.91167931996069084834688584553391717      
   6.91156577323028234477807275514351609      
   6.91144784659280141609992688440831839      
   6.91132542999211316619682360435637200      
   6.91119841062843475445089489974816442      
   6.91106667297967095676028468026545976      
   6.91093009880542228885931319001692234      
   6.91078856713234122343912388361769306      
   6.91064195421763496315364786223535239      
   6.91049013348850087339529133614397344      
   6.91033297545845584741906091188911510      
   6.91017034761814083853474456754008904      
   6.91000211429587612047093782414900083      
   6.90982813649346274394554958376036286      
   6.90964827169380550463313642719211573      
   6.90946237363514444602500934988014175      
   6.90927029206289548088780088040368656      
   6.90907187244368822776510797673691014      
   6.90886695565633717434051395755259759      
   6.90865537764488633341890612548974584      
   6.90843696905012602831657648970090507      
   6.90821155480312781465269754243134046      
   6.90797895368890799990946696102956414      
   6.90773897788714699318849076275687663      
   6.90749143246833266240868443800451315      
   6.90723611486194281967101544030766452      
   6.90697281432145833156336044453314827      
   6.90670131129164044922429999816039223      
   6.90642137683037926803016704696568563      
   6.90613277191452020088449350911319550      
   6.90583524677810960659338227542896263      
   6.90552854016923321394673287438229247      
   6.90521237860929139579864258198281659      
   6.90488647558535059043808261992160662      
   6.90455053075221956005075342948000720      
   6.90420422901693490090786312766722352      
   6.90384723968346781207777635904819392      
   6.90347921549559971574954375168772555      
   6.90309979164168872327904701515912161      
   6.90270858473115652564559105949498175      
   6.90230519173816599355317719072495970      
   6.90188918889903188203039844369218383      
   6.90146013049927500902433670182697657      
   6.90101754771698729297421478178885996      
   6.90056094733082384282889893833385150      
   6.90008981039631626256407767068109324      
   6.89960359088246903599889900174879396      
   6.89910171421441080188436594408425056      
   6.89858357580856963140992157471672035      
   6.89804853948271068127089223872252148      
   6.89749593559222663429314972104777514      
   6.89692506002891845984259868095237289      
   6.89633517154595079332969436859184861      
   6.89572549033020196933436656403409538      
   6.89509519597404510810804550611658827      
   6.89444342540095118851446860993365271      
   6.89376927074251725958527349088193762      
   6.89307177702349596533440192737358063      
   6.89234993974542115615724206817114478      
   6.89160270245494607018656007366512675      
   6.89082895402083326455735721422018403      
   6.89002752599447343226598665520857089      
   6.88919718955991697680970868679397426      
   6.88833665247754820945448478419046265      
   6.88744455601939928917844206550674430      
   6.88651947130936368798568878527257740      
   6.88555989589263619128712334226373767      
   6.88456424980773795821655245636130097      
   6.88353087162772250691944981401084722      
   6.88245801429640830504715037975854741      
   6.88134384041887221196753662835179432      
   6.88018641760031165543306246429366348      
   6.87898371350184794623357518502100070      
   6.87773359023525440491704082855976359      
   6.87643379894097706410892937535207648      
   6.87508197346410164385995283128935562      
   6.87367562422422234120089346187100567      
   6.87221213111613425181898804096948989      
   6.87068873641847589479188347878836288      
   6.86910253694872525063698295972348916      
   6.86745047589212833714476871875082832      
   6.86572933388779906245301322442191821      
   6.86393571964254239629061850746231539      
   6.86206606021287504669148151770231725      
   6.86011658959817690216162846501685507      
   6.85808333772698324587242431851054961      
   6.85596211868939764846163374439214334      
   6.85374851637831890253619489088338765      
   6.85143787122350395120761033341320801      
   6.84902526484334829812148280771740544      
   6.84650550401902840766765974567142955      
   6.84387310308037673861290898894372852      
   6.84112226543274769989737233815380065      
   6.83824686379866664673709912494997044      
   6.83524041794218843398612566679148607      
   6.83209607243368743081197009319464100      
   6.82880657136287121847313479552660716      
   6.82536423199472106502197455573730687      
   6.82176091673823158721963040624377897      
   6.81798800143385799887595333184842393      
   6.81403634392552280218484106474336233      
   6.80989624856975068892821171939024514      
   6.80555742891016508232546661094285086      
   6.80100896852272834867515990346877206      
   6.79623927886822860301244195685170942      
   6.79123605446342743248006490412888880      
   6.78598622708147854284027177821240125      
   6.78047591568232583209392257620531875      
   6.77469037842479404777368894950086595      
   6.76861395819908661906203846786710257      
   6.76223003214975108070865720080060908      
   6.75552095849766439607126743727449415      
   6.74846802665224442069447810826316077      
   6.74105140891809476306575513493350549      
   6.73325011868501182584978765619888417      
   6.72504197470250775451905772629721781      
   6.71640357658432959187949490814904075      
   6.70731029294611034710283605536489594      
   6.69773626802239409622348271067450548      
   6.68765444917540264385014607150906614      
   6.67703664088748612005648586708910985      
   6.66585358865899047474255900898010194      
   6.65407509390927110528483164976103940      
   6.64167016774773366779407163161159857      
   6.62860721257322755231943605641459345      
   6.61485424036584410113921067946574348      
   6.60037911134783174725376156355465051      
   6.58514978897300365117088933789503404      
   6.56913459312851009536256332020914490      
   6.55230244080383379486787559325719707      
   6.53462305501134584949588876677717189      
   6.51606713046933403043503384031478521      
   6.49660645007821565473321298104203049      
   6.47621394116921097332292200996463850      
   6.45486368448992387909533163224260481      
   6.43253087827359118696212657539344123      
   6.40919177564847693789346521840207785      
   6.38482358868381082714915610799644944      
   6.35940441948793593715219628305669503      
   6.33291316720553032107883602080412288      
   6.30532945973712305289949520093866898      
   6.27663359657590960314515807395958654      
   6.24680650406871874079176401750857097      
   6.21582970074283927480294012488324860      
   6.18368526938652587751041836970511826      
   6.15035583246163855202602884101872077      
   6.11582452693115151620002997837988568      
   6.08007498007536156038190395987945647      
   6.04309128016390077771330148946625956      
   6.00485794681038292993283868410156203      
   5.96535989764507235752945593643301484      
   5.92458241456403234849813748252265502      
   5.88251110814663374711280874585908129      
   5.83913188270891256129407492538876001      
   5.79443090166842135144872666199694597      
   5.74839455391779918836434471796280039      
   5.70100942222824983644834770064059911      
   5.65226225305301710095171615018751191      
   5.60213992914693433244025593206810540      
   5.55062944354909477715794352648702538      
   5.49771787653692131839763524831434479      
   5.44339237428037062762930254192995553      
   5.38764012982419741050306342615872332      
   5.33044836601780382201990851106188477      
   5.27180432014245357339240622011039879      
   5.21169523058050079735538913975534930      
   5.15010832457517494649320010831928320      
   5.08703080779089703717622160306880955      
   5.02244985485288040316786832679693374      
   4.95635260124432155201001557804344282      
   4.88872613607009571326726639010213820      
   4.81955749558421890871154692085706546      
   4.74883365794111454549656030197587796      
   4.67654153819834749024052513028259181      
   4.60266798417421145492288708847534104      
   4.52719977273226035051056658876363577      
   4.45012360664181252110396292222479156      
   4.37142611180036011060406585452729633      
   4.29109383486130426807596330628064673      
   4.20911324113218630611494285377178363      
   4.12547071280455596615383357048103259      
   4.04015254742385496079864016988209102      
   3.95314495658346420365647743798841859      
   3.86443406479680104869910331809463436      
   3.77400590852973558310084822554079791      
   3.68184643542360521845932154242055269      
   3.58794150362711180780540545920761308      
   3.49227688122610607075324797118382705      
   3.39483824580464546089385643319464374      
   3.29561118407151330214153566959473318      
   3.19458119159287462193463028584450375      
   3.09173367257085349293062067039559382      
   2.98705393967984180799934469857934092      
   2.88052721398995797509766518340981227      
   2.77213862490443145709171449903846177      
   2.66187321015569351039524797428949152      
   2.54971591582748376972573822283597326      
   2.43565159641788066559939467316959984      
   2.31966501493613689790156538176485668      
   2.20174084301057670640288652785415860      
   2.08186366102725545809420162961960206      
   1.96001795828475108229461994112493171      
   1.83618813317394394250342506741788236      
   1.71035849336025008594185632908505946      
   1.58251325598646099805490554190662544      
   1.45263654788702078096916635303938693      
   1.32071240581282039015512404194259292      
   1.18672477665234730257420460792071325      
   1.05065751768608123105130056708092051      
  0.912494396819374022735317697522552437      
  0.772219092836384515506107895425400305      
  0.629815195654722453620192157309125833      
  0.485266206584405368875713561826705125      
  0.338555538587957510305561982395476117      
  0.189666516546916670834203032176918152      
   3.85823775249303094336530919342318315E-0002
 -0.114713728960928214591632851946258213      
 -0.270238740675164416601973421910666411      
 -0.428009682391200760041362654022731469      
 -0.588043665623640505738319295284293616      
 -0.750357888356617255143284863943979855      
 -0.914969634775700463290421595818366776      
  -1.08189627499715409783624317284476175      
  -1.25115526479913392959570321170490023      
  -1.42276414535294910941392738777751893      
  -1.59674054295753571063035038485655024      
  -1.77310216877235811869158759926928828      
  -1.95186681855036138898371771006216052      
  -2.13305237237855366215874680575166222      
  -2.31667679441169570872623497289364792      
  -2.50275813261339860414370955895753884      
  -2.69131451849584138483114570641143899      
