0 0.00000000000000000000e+00 0.00000000000000000000e+00 0 0.00000000000000000000e+00 0.00000000000000000000e+00 1 1.95041351279085546366e+01 2.37777572655082591879e+00  1.52225452775691234564e+01 0.00000000000000000000e+00
8 2.61052384440103146801e-01 0.00000000000000000000e+00 0 0.00000000000000000000e+00 0.00000000000000000000e+00 3 1.29603321653556839976e+01 5.60588399322935782010e+00  1.05088494413135755678e+01 0.00000000000000000000e+00
8 2.61052384440103146801e-01 0.00000000000000000000e+00 1 7.65366864730179452536e-01 0.00000000000000000000e+00 3 1.18931860095692099044e+00 1.52039223594065786571e+00  1.29967647928483343023e+00 0.00000000000000000000e+00
8 2.61052384440103146801e-01 0.00000000000000000000e+00 2 1.41421356237309492343e+00 0.00000000000000000000e+00 3 4.05054566438530494477e-01 3.59957142718283940042e-01  3.90022091865114939324e-01 0.00000000000000000000e+00
8 2.61052384440103146801e-01 0.00000000000000000000e+00 3 1.84775906502257325492e+00 0.00000000000000000000e+00 3 1.72637575617132693617e-01 2.49534552974571027795e-01  1.98269901402945480928e-01 0.00000000000000000000e+00
8 2.61052384440103146801e-01 0.00000000000000000000e+00 4 2.00000000000000000000e+00 0.00000000000000000000e+00 3 1.32430023123936507767e-01 1.72497725043422284186e-01  1.45785923763765090655e-01 0.00000000000000000000e+00
8 2.61052384440103146801e-01 0.00000000000000000000e+00 5 -1.84775906502257325492e+00 0.00000000000000000000e+00 3 1.72584227297402192924e-01 1.70265356468729062156e-01  1.71811270354511130831e-01 0.00000000000000000000e+00
8 2.61052384440103146801e-01 0.00000000000000000000e+00 6 -1.41421356237309492343e+00 0.00000000000000000000e+00 3 4.33015460531914864184e-01 3.59911929321575507768e-01  4.08647616795135171230e-01 0.00000000000000000000e+00
8 2.61052384440103146801e-01 0.00000000000000000000e+00 7 -7.65366864730179452536e-01 0.00000000000000000000e+00 3 1.65491808995035794005e+00 1.61275234656850452453e+00  1.64086284215640687556e+00 0.00000000000000000000e+00
11 3.69183822565028962881e-01 0.00000000000000000000e+00 0 0.00000000000000000000e+00 0.00000000000000000000e+00 6 7.80025087824454832486e+00 5.99625933090733820308e+00  7.19892036246547650791e+00 0.00000000000000000000e+00
11 3.69183822565028962881e-01 0.00000000000000000000e+00 1 7.65366864730179452536e-01 0.00000000000000000000e+00 6 1.25657681555461220313e+00 1.39947379548317596409e+00  1.30420914219746664209e+00 0.00000000000000000000e+00
11 3.69183822565028962881e-01 0.00000000000000000000e+00 2 1.41421356237309514547e+00 0.00000000000000000000e+00 6 3.24735432457704475961e-01 3.73357613079048633598e-01  3.40942825998152454492e-01 0.00000000000000000000e+00
11 3.69183822565028962881e-01 0.00000000000000000000e+00 3 1.84775906502257347697e+00 0.00000000000000000000e+00 6 1.59716717867751240023e-01 2.12231756623136008644e-01  1.77221730786212838815e-01 0.00000000000000000000e+00
11 3.69183822565028962881e-01 0.00000000000000000000e+00 4 2.00000000000000000000e+00 0.00000000000000000000e+00 6 1.46551614872029389858e-01 2.07187855760850692111e-01  1.66763695168303138772e-01 0.00000000000000000000e+00
11 3.69183822565028962881e-01 0.00000000000000000000e+00 5 -1.84775906502257347697e+00 0.00000000000000000000e+00 6 1.74139170191735970228e-01 1.87010039646285569637e-01  1.78429460009919133023e-01 0.00000000000000000000e+00
11 3.69183822565028962881e-01 0.00000000000000000000e+00 6 -1.41421356237309514547e+00 0.00000000000000000000e+00 6 3.83013374816889462515e-01 3.62848925031566238442e-01  3.76291891555115165513e-01 0.00000000000000000000e+00
11 3.69183822565028962881e-01 0.00000000000000000000e+00 7 -7.65366864730179452536e-01 0.00000000000000000000e+00 6 1.49390533229600164233e+00 1.18021328999480945576e+00  1.38934131819560424681e+00 0.00000000000000000000e+00
14 4.52155993287261637192e-01 0.00000000000000000000e+00 0 0.00000000000000000000e+00 0.00000000000000000000e+00 4 5.41828738089553052504e+00 3.84000812183809969724e+00  4.89219429454305387850e+00 0.00000000000000000000e+00
14 4.52155993287261637192e-01 0.00000000000000000000e+00 1 7.65366864730179563558e-01 0.00000000000000000000e+00 4 1.46961532287214424741e+00 1.12293845119672019983e+00  1.35405636564700260216e+00 0.00000000000000000000e+00
14 4.52155993287261637192e-01 0.00000000000000000000e+00 2 1.41421356237309492343e+00 0.00000000000000000000e+00 4 3.73888818899916319793e-01 5.43900793823732353616e-01  4.30559477207854979230e-01 0.00000000000000000000e+00
14 4.52155993287261637192e-01 0.00000000000000000000e+00 3 1.84775906502257325492e+00 0.00000000000000000000e+00 4 2.08489288672996764262e-01 1.99262502504935795633e-01  2.05413693283643089549e-01 0.00000000000000000000e+00
14 4.52155993287261637192e-01 0.00000000000000000000e+00 4 2.00000000000000000000e+00 0.00000000000000000000e+00 4 1.36874740262468569396e-01 1.14637033366471893792e-01  1.29462171297136330317e-01 0.00000000000000000000e+00
14 4.52155993287261637192e-01 0.00000000000000000000e+00 5 -1.84775906502257325492e+00 0.00000000000000000000e+00 4 1.63756247876582466949e-01 1.56126021636200956744e-01  1.61212839129788648718e-01 0.00000000000000000000e+00
14 4.52155993287261637192e-01 0.00000000000000000000e+00 6 -1.41421356237309492343e+00 0.00000000000000000000e+00 4 4.29093949434790955522e-01 3.95293649226876098179e-01  4.17827182698819299400e-01 0.00000000000000000000e+00
14 4.52155993287261637192e-01 0.00000000000000000000e+00 7 -7.65366864730179563558e-01 0.00000000000000000000e+00 4 1.20740244028728072045e+00 8.62191415608153710615e-01  1.09233209872757175418e+00 0.00000000000000000000e+00
16 5.17638090205041478953e-01 0.00000000000000000000e+00 0 0.00000000000000000000e+00 0.00000000000000000000e+00 3 4.16290746562152147447e+00 3.71834018722634684906e+00  4.01471837282312993267e+00 0.00000000000000000000e+00
16 5.17638090205041478953e-01 0.00000000000000000000e+00 1 7.65366864730179452536e-01 0.00000000000000000000e+00 3 1.06663563743550859897e+00 8.20729508907848459565e-01  9.84666927926288404471e-01 0.00000000000000000000e+00
16 5.17638090205041478953e-01 0.00000000000000000000e+00 2 1.41421356237309492343e+00 0.00000000000000000000e+00 3 3.66831394850609227021e-01 4.04087017896007483220e-01  3.79249935865741960583e-01 0.00000000000000000000e+00
16 5.17638090205041478953e-01 0.00000000000000000000e+00 3 1.84775906502257325492e+00 0.00000000000000000000e+00 3 1.44984921098491342795e-01 1.67521953798814182690e-01  1.52497265331932307930e-01 0.00000000000000000000e+00
16 5.17638090205041478953e-01 0.00000000000000000000e+00 4 2.00000000000000000000e+00 0.00000000000000000000e+00 3 1.27271673722266276396e-01 1.37471771746283638604e-01  1.30671706396938674954e-01 0.00000000000000000000e+00
16 5.17638090205041478953e-01 0.00000000000000000000e+00 5 -1.84775906502257325492e+00 0.00000000000000000000e+00 3 1.54162510531993895979e-01 1.14957074708703643751e-01  1.41094031924230478570e-01 0.00000000000000000000e+00
16 5.17638090205041478953e-01 0.00000000000000000000e+00 6 -1.41421356237309492343e+00 0.00000000000000000000e+00 3 3.07670499318036583247e-01 3.81627165854613814577e-01  3.32322721496895678861e-01 0.00000000000000000000e+00
16 5.17638090205041478953e-01 0.00000000000000000000e+00 7 -7.65366864730179452536e-01 0.00000000000000000000e+00 3 1.15713221010749700568e+00 8.75394995057380054249e-01  1.06321980509079128119e+00 0.00000000000000000000e+00
18 5.79739199858855691616e-01 0.00000000000000000000e+00 0 0.00000000000000000000e+00 0.00000000000000000000e+00 6 3.62086176560334926933e+00 2.77555263087858827831e+00  3.33909205402842923505e+00 0.00000000000000000000e+00
18 5.79739199858855691616e-01 0.00000000000000000000e+00 1 7.65366864730179452536e-01 0.00000000000000000000e+00 6 1.03476061424837095792e+00 1.17403571339081591596e+00  1.08118564729585298068e+00 0.00000000000000000000e+00
18 5.79739199858855691616e-01 0.00000000000000000000e+00 2 1.41421356237309514547e+00 0.00000000000000000000e+00 6 4.05017946948114437866e-01 3.47803174771373457830e-01  3.85946356222534092684e-01 0.00000000000000000000e+00
18 5.79739199858855691616e-01 0.00000000000000000000e+00 3 1.84775906502257347697e+00 0.00000000000000000000e+00 6 1.52552384973155180647e-01 2.14733970428546500075e-01  1.73279580124952287123e-01 0.00000000000000000000e+00
18 5.79739199858855691616e-01 0.00000000000000000000e+00 4 2.00000000000000000000e+00 0.00000000000000000000e+00 6 1.44966563691681510351e-01 1.31277083495940499747e-01  1.40403403626434469809e-01 0.00000000000000000000e+00
18 5.79739199858855691616e-01 0.00000000000000000000e+00 5 -1.84775906502257347697e+00 0.00000000000000000000e+00 6 1.78742806156719530319e-01 1.42165049454108571858e-01  1.66550220589182507158e-01 0.00000000000000000000e+00
18 5.79739199858855691616e-01 0.00000000000000000000e+00 6 -1.41421356237309514547e+00 0.00000000000000000000e+00 6 3.16305961922942913134e-01 3.19638522438400518588e-01  3.17416815428095466789e-01 0.00000000000000000000e+00
18 5.79739199858855691616e-01 0.00000000000000000000e+00 7 -7.65366864730179452536e-01 0.00000000000000000000e+00 6 1.06611689970622669499e+00 1.05028658199083202440e+00  1.06084012713442832343e+00 0.00000000000000000000e+00
20 6.35803340094128088822e-01 0.00000000000000000000e+00 0 0.00000000000000000000e+00 0.00000000000000000000e+00 3 3.59625846212594346696e+00 2.97832897662065532174e+00  3.39028196695751438128e+00 0.00000000000000000000e+00
20 6.35803340094128088822e-01 0.00000000000000000000e+00 1 7.65366864730179452536e-01 0.00000000000000000000e+00 3 7.65869015745371584103e-01 8.70306319993130017565e-01  8.00681450494624358249e-01 0.00000000000000000000e+00
20 6.35803340094128088822e-01 0.00000000000000000000e+00 2 1.41421356237309492343e+00 0.00000000000000000000e+00 3 2.62440256102187408072e-01 3.61061055698338184694e-01  2.95313855967570926264e-01 0.00000000000000000000e+00
20 6.35803340094128088822e-01 0.00000000000000000000e+00 3 1.84775906502257325492e+00 0.00000000000000000000e+00 3 1.63300586480396331401e-01 2.15512312513640141853e-01  1.80704495158144295974e-01 0.00000000000000000000e+00
20 6.35803340094128088822e-01 0.00000000000000000000e+00 4 2.00000000000000000000e+00 0.00000000000000000000e+00 3 1.71593651963923010673e-01 1.19271516720031139913e-01  1.54152940215959072257e-01 0.00000000000000000000e+00
20 6.35803340094128088822e-01 0.00000000000000000000e+00 5 -1.84775906502257325492e+00 0.00000000000000000000e+00 3 1.39137242426814716767e-01 1.66976581079735453272e-01  1.48417021977788277098e-01 0.00000000000000000000e+00
20 6.35803340094128088822e-01 0.00000000000000000000e+00 6 -1.41421356237309492343e+00 0.00000000000000000000e+00 3 2.96100302765798406579e-01 2.79096070825014752614e-01  2.90432225452203873761e-01 0.00000000000000000000e+00
20 6.35803340094128088822e-01 0.00000000000000000000e+00 7 -7.65366864730179452536e-01 0.00000000000000000000e+00 3 9.29821091722281223291e-01 9.84272653135994768370e-01  9.47971612193519330702e-01 0.00000000000000000000e+00
24 7.77204434035285607330e-01 0.00000000000000000000e+00 0 0.00000000000000000000e+00 0.00000000000000000000e+00 3 2.01365010939112609734e+00 1.56579040001007685490e+00  1.86436353959744294251e+00 0.00000000000000000000e+00
24 7.77204434035285607330e-01 0.00000000000000000000e+00 1 7.65366864730179452536e-01 0.00000000000000000000e+00 3 8.39528371586415023131e-01 7.45418909380488936556e-01  8.08158550851106327606e-01 0.00000000000000000000e+00
24 7.77204434035285607330e-01 0.00000000000000000000e+00 2 1.41421356237309492343e+00 0.00000000000000000000e+00 3 2.89943709279785799549e-01 3.11214981815455371539e-01  2.97034133458342342049e-01 0.00000000000000000000e+00
24 7.77204434035285607330e-01 0.00000000000000000000e+00 3 1.84775906502257325492e+00 0.00000000000000000000e+00 3 1.91653761107332676339e-01 1.43900582312453395595e-01  1.75736034842372962350e-01 0.00000000000000000000e+00
24 7.77204434035285607330e-01 0.00000000000000000000e+00 4 2.00000000000000000000e+00 0.00000000000000000000e+00 3 1.12582382486833221247e-01 1.02741328887338112530e-01  1.09302031287001513715e-01 0.00000000000000000000e+00
24 7.77204434035285607330e-01 0.00000000000000000000e+00 5 -1.84775906502257325492e+00 0.00000000000000000000e+00 3 1.86191753425566264291e-01 1.40687300844655388543e-01  1.71023602565262639041e-01 0.00000000000000000000e+00
24 7.77204434035285607330e-01 0.00000000000000000000e+00 6 -1.41421356237309492343e+00 0.00000000000000000000e+00 3 3.01890008073717408532e-01 2.12394237072159569601e-01  2.72058084406531563992e-01 0.00000000000000000000e+00
24 7.77204434035285607330e-01 0.00000000000000000000e+00 7 -7.65366864730179452536e-01 0.00000000000000000000e+00 3 9.93158370288106495671e-01 7.58264414285741761290e-01  9.14860384953985028567e-01 0.00000000000000000000e+00
28 8.96575472168053333455e-01 0.00000000000000000000e+00 0 0.00000000000000000000e+00 0.00000000000000000000e+00 1 1.11047460891538718464e+00 2.17236353946366644863e+00  1.46443758576481353195e+00 0.00000000000000000000e+00
28 8.96575472168053333455e-01 0.00000000000000000000e+00 1 7.65366864730179563558e-01 0.00000000000000000000e+00 1 6.17501073313908910301e-01 4.86361198718812337560e-01  5.73787781782210237758e-01 0.00000000000000000000e+00
28 8.96575472168053333455e-01 0.00000000000000000000e+00 2 1.41421356237309492343e+00 0.00000000000000000000e+00 1 3.18434829082066550576e-01 2.75008372491487018685e-01  3.03959343551873428790e-01 0.00000000000000000000e+00
28 8.96575472168053333455e-01 0.00000000000000000000e+00 3 1.84775906502257325492e+00 0.00000000000000000000e+00 1 1.76095901900253593020e-01 1.90956342071987444919e-01  1.81049381957498173312e-01 0.00000000000000000000e+00
28 8.96575472168053333455e-01 0.00000000000000000000e+00 4 2.00000000000000000000e+00 0.00000000000000000000e+00 1 1.56847011914838491142e-01 7.73925483254736118477e-02  1.30362190718383536003e-01 0.00000000000000000000e+00
28 8.96575472168053333455e-01 0.00000000000000000000e+00 5 -1.84775906502257325492e+00 0.00000000000000000000e+00 1 1.61088059127944771554e-01 1.62271295241834145884e-01  1.61482471165907887078e-01 0.00000000000000000000e+00
28 8.96575472168053333455e-01 0.00000000000000000000e+00 6 -1.41421356237309492343e+00 0.00000000000000000000e+00 1 3.68736177067406245556e-01 2.74512054687799489372e-01  3.37328136274203993494e-01 0.00000000000000000000e+00
28 8.96575472168053333455e-01 0.00000000000000000000e+00 7 -7.65366864730179563558e-01 0.00000000000000000000e+00 1 6.12228271161041726067e-01 7.31601147851329902672e-01  6.52019230057804488609e-01 0.00000000000000000000e+00
