-0.31401950199272E-09
-0.14711288853763E-09
-0.70558044065803E-10
-0.63766284565175E-10
-0.59278267618845E-10
-0.42388529786262E-10
-0.59632680993463E-10
-0.52117281863423E-11
-0.24470988653952E-10
-0.30001978187613E-10
-0.14675881563354E-10
-0.28258894594398E-10
-0.27820654300766E-10
-0.16976765069682E-10
-0.19074722995317E-10
-0.18325254365048E-10
-0.16603162207867E-10
-0.13144098861636E-10
 0.42650087671355E-11
 0.44697340046466E-10
 0.17442465394828E-09
 0.52812104438918E-09
 0.14029596048018E-08
 0.33945284724599E-08
 0.75993964278792E-08
 0.15953829084460E-07
 0.31683102086359E-07
 0.59818375060576E-07
 0.10802321136731E-06
 0.18740144066725E-06
 0.31362764529403E-06
 0.50802656276855E-06
 0.79896248081698E-06
 0.12231569187564E-05
 0.18113629642664E-05
 0.26838931997265E-05
 0.38047772516226E-05
 0.53466176019481E-05
 0.74244731164322E-05
 0.10084616830244E-04
 0.13458868536788E-04
 0.17709572593298E-04
 0.23081029641058E-04
 0.29752773892388E-04
 0.37921535193615E-04
 0.47785862091175E-04
 0.59628695988182E-04
 0.73800438064571E-04
 0.90550942964264E-04
 0.11025293799664E-03
 0.13324886573264E-03
 0.15993106729419E-03
 0.19071018887848E-03
 0.22602074100046E-03
 0.26632056465124E-03
 0.31209017053876E-03
 0.36383192459249E-03
 0.42206907362535E-03
 0.48734463736688E-03
 0.56022019090845E-03
 0.64127448017269E-03
 0.73110199073303E-03
 0.83031142022910E-03
 0.93952398786633E-03
 0.10593718419523E-02
 0.11904963299440E-02
 0.13335462586251E-02
 0.14891762434960E-02
 0.16580445721427E-02
 0.18408156886984E-02
 0.20381431216492E-02
 0.22506970656082E-02
 0.24791377791689E-02
 0.27241169245557E-02
 0.29862841195296E-02
 0.32662882907790E-02
 0.35647726373542E-02
 0.38823717936167E-02
 0.42197092711441E-02
 0.45774025699522E-02
 0.49560593200346E-02
 0.53562823029441E-02
 0.57786691209383E-02
 0.62238025512082E-02
 0.66922583267911E-02
 0.71846095738726E-02
 0.77014140449174E-02
 0.82432931238592E-02
 0.88106776826041E-02
 0.94041559998382E-02
 0.10024344829980E-01
 0.10671809534343E-01
 0.11347038611291E-01
 0.12050593779290E-01
 0.12782992611212E-01
 0.13544775046534E-01
 0.14336526082078E-01
 0.15158866582125E-01
 0.16012326714780E-01
 0.16897660342832E-01
 0.17815291124491E-01
 0.18765924724469E-01
 0.19750157804238E-01
 0.20768622883522E-01
 0.21821990137142E-01
 0.22911129873530E-01
 0.24036652989249E-01
 0.25199317239262E-01
 0.26399809943519E-01
 0.27639288637428E-01
 0.28918038742652E-01
 0.30237546423444E-01
 0.31598158690354E-01
 0.33001549317683E-01
 0.34447455401043E-01
 0.35939129150319E-01
 0.37474486863883E-01
 0.39057901537842E-01
 0.40687746424457E-01
 0.42367391653760E-01
 0.44096492612619E-01
 0.45877714058414E-01
 0.47711211138899E-01
 0.49599053815368E-01
 0.51541841352048E-01
 0.53541901336115E-01
 0.55600213501560E-01
 0.57718398353748E-01
 0.59898246103628E-01
 0.62140846866992E-01
 0.64448407197671E-01
 0.66822067487966E-01
 0.69264113527593E-01
 0.71775538738998E-01
 0.74357564036742E-01
 0.77012506032200E-01
 0.79742339730842E-01
 0.82547482010703E-01
 0.85430180388662E-01
 0.88392054285954E-01
 0.91433971359047E-01
 0.94556887558537E-01
 0.97762744757307E-01
 0.10105181515722E+00
 0.10442435941279E+00
 0.10788103726274E+00
 0.11142219777115E+00
 0.11504705000136E+00
 0.11875488691464E+00
 0.12254446272654E+00
 0.12641329248635E+00
 0.13035915127219E+00
 0.13437884291150E+00
 0.13846734153675E+00
 0.14261845001039E+00
 0.14682475864713E+00
 0.15107807970511E+00
 0.15536787609831E+00
 0.15968127265352E+00
 0.16400220617865E+00
 0.16831400719810E+00
 0.17259381906617E+00
 0.17681550337668E+00
 0.18094928056942E+00
 0.18495910915453E+00
 0.18880335568028E+00
 0.19243437812027E+00
 0.19579591274795E+00
 0.19882464313569E+00
 0.20144823272879E+00
 0.20358680092474E+00
 0.20515251325966E+00
 0.20604992059103E+00
 0.20617908166301E+00
 0.20543718117053E+00
 0.20372121221526E+00
 0.20093567455575E+00
 0.19699763773442E+00
 0.19184188035864E+00
 0.18543797062453E+00
 0.17780395084706E+00
 0.16902018453097E+00
 0.15924680455040E+00
 0.14873055776140E+00
 0.13780065073995E+00
 0.12684320009846E+00
 0.11626852822061E+00
 0.10646075211335E+00
 0.97732282158345E-01
 0.90288631947602E-01
 0.84212651673917E-01
 0.79467868579685E-01
 0.75921552921737E-01
 0.73380533347906E-01
 0.71622963749019E-01
 0.70432286423083E-01
 0.69614524461521E-01
 0.69014569852353E-01
 0.68514330505573E-01
 0.68032224518504E-01
 0.67516706313246E-01
 0.66939560861891E-01
 0.66289270206301E-01
 0.65565287364406E-01
 0.64773862651123E-01
 0.63925005695655E-01
 0.63030096923024E-01
 0.62100438338745E-01
 0.61146547237845E-01
 0.60177704527502E-01
 0.59201814196614E-01
 0.58225475358862E-01
 0.57254076650762E-01
 0.56291848872844E-01
 0.55342170040778E-01
 0.54407666867762E-01
 0.53490413987695E-01
 0.52591860535124E-01
 0.51713139833698E-01
 0.50855064168949E-01
 0.50018160858350E-01
 0.49202768309754E-01
 0.48409015937383E-01
 0.47636952839369E-01
 0.46886497779245E-01
 0.46157497529615E-01
 0.45449690249128E-01
 0.44762796379090E-01
 0.44096463436617E-01
 0.43450287519372E-01
 0.42823888550743E-01
 0.42216802781825E-01
 0.41628597459293E-01
 0.41058792866514E-01
 0.40506907284129E-01
 0.39972454018792E-01
 0.39454952829029E-01
 0.38953906008694E-01
 0.38468829003391E-01
 0.37999243527459E-01
 0.37544643975446E-01
 0.37104582294550E-01
 0.36678568904970E-01
 0.36266148705152E-01
 0.35866880283343E-01
 0.35480292590041E-01
 0.35105980407618E-01
 0.34743504489582E-01
 0.34392453330113E-01
 0.34052424134675E-01
 0.33723024521051E-01
 0.33403876440320E-01
 0.33094594531210E-01
 0.32794850732952E-01
 0.32504245826401E-01
 0.32222481363786E-01
 0.31949229872392E-01
 0.31684164496897E-01
 0.31426957980628E-01
 0.31177324632239E-01
 0.30934984509132E-01
 0.30699675629361E-01
 0.30471117187304E-01
 0.30249044032254E-01
 0.30033200574838E-01
 0.29823345334653E-01
 0.29619275720718E-01
 0.29420738958100E-01
 0.29227528349010E-01
 0.29039435552176E-01
 0.28856263811443E-01
 0.28677816694711E-01
 0.28503910263321E-01
 0.28334367612540E-01
 0.28169011245905E-01
 0.28007685166492E-01
 0.27850222208893E-01
 0.27696477950616E-01
 0.27546299817826E-01
 0.27399549297751E-01
 0.27256090186181E-01
 0.27115793792836E-01
 0.26978530481121E-01
 0.26844186736574E-01
 0.26712642949203E-01
 0.26583790516808E-01
 0.26457524465059E-01
 0.26333742129806E-01
 0.26212346122625E-01
 0.26093241892176E-01
 0.25976338684082E-01
 0.25861555616295E-01
 0.25748803538464E-01
 0.25638007718190E-01
 0.25529093010192E-01
 0.25421984452598E-01
 0.25316611424991E-01
 0.25212911181221E-01
 0.25110815736282E-01
 0.25010266357730E-01
