   305.833180578490118847143771537581802      
   305.833180575208522449485551403157112      
   305.833180532679864089517132468032889      
   305.833180317601823404850585586757474      
   305.833179632578655134427431715675478      
   305.833177969418442227807421197522389      
   305.833174579803515330158587148543686      
   305.833168436153001172847385186426470      
   305.833158097978758591489173951318428      
   305.833141312165118131001990785874994      
   305.833114153098472694639738291405736      
   305.833069624316697244420396558398790      
   305.832995839663005191945752002141969      
   305.832874054758596013766683245016167      
   305.832676856971741500220936246477407      
   305.832366754854888328814404793120551      
   305.831895290162529181979184004124398      
   305.831202679432720329307449047652384      
   305.830217908119568863341155237410234      
   305.828859156710867208026773578071243      
   305.827034429543638223076651924652039      
   305.824642271932963664126880971342306      
   305.821572488513665891174826519217027      
   305.817706806649097583404238608616778      
   305.812919457745821238916995346551646      
   305.807077673296646187719760362665637      
   305.800042110266077844326656591873692      
   305.791667231934464436400702458956629      
   305.781801676130880215629129781489464      
   305.770288643726455140647284959387202      
   305.756966337420278975137385520541350      
   305.741668475257022056493295416976840      
   305.724224896017228750749799148544885      
   305.704462265563217546240792097073829      
   305.682204885213395840341078655126434      
   305.657275595871075733209435109807725      
   305.629496765432331070140635491211104      
   305.598691342165772356334188523407064      
   305.564683953440070007091407706133950      
   305.527302027312428460461590639643992      
   305.486376913977052982395550053878360      
   305.441744984692314981344312500644857      
   305.393248687369041000515247685526907      
   305.340737540211185602921494553474464      
   305.284069047493308937725939135700191      
   305.223109524496172945001043056563431      
   305.157734821644270851018395983024130      
   305.087830940826974317873373700486152      
   305.013294539710225908483440199661199      
   304.934033322396664700133021625859535      
   304.849966317058878900642475333875804      
   304.761024043159192379813314597178734      
   304.667148572536522774155961788065399      
   304.568293489945319915973708979418586      
   304.464423759747882394951942363886834      
   304.355515506223613216172611135919355      
   304.241555715485637965507252008985312      
   304.122541867381502279564066831038453      
   303.998481501436009149625235484034732      
   303.869391750411233262157107066645787      
   303.735298789950227832359117568764682      
   303.596237288714858375206523117234338      
   303.452249811805140480734710190120514      
   303.303386205860245291717751434917804      
   303.149702969369660274751652728984899      
   302.991262614126188033009616695225779      
   302.828133024228167204726737731886173      
   302.660386817071983888515145036052929      
   302.488100711717302443457468555387827      
   302.311354908427490895353354584453222      
   302.130232482585387978147883995596930      
   301.944818796975221782921874704561188      
   301.755200934165923688374018098895477      
   301.561467151317079137436999190584688      
   301.363706359541992687224251400055078      
   301.162007628321960260264646519284071      
   300.956459715872488897742665514374067      
   300.747150627209651437663783521731300      
   300.534167198623110260883497626024603      
   300.317594709499790311106230796737329      
   300.097516521727798282216771262025314      
   299.874013743112050883166797712607048      
   299.647164917343992841511293481697507      
   299.417045737539265691896944294344728      
   299.183728786687412171516892362281785      
   298.947283296749515026154269037846022      
   298.707774932134314121436012478935677      
   298.465265589413626714477547976281557      
   298.219813222686914830228213896060854      
   297.971471677802054076758462275633928      
   297.720290542984820081485683849365647      
   297.466315022856883442807313424682803      
   297.209585818377761477207862883651961      
   296.950139021760485751055592017818127      
   296.688006024028529996156079301442407      
   296.423213430243512881747972015194093      
   296.155782960707729102432404629878024      
   295.885731403299390569161055304319726      
   295.613070535117587462049262427960454      
   295.337807070406262277101453445147088      
   295.059942589645340957118007294155966      
   294.779473495140670264870053904812131      
   294.496390961856588979447568836941750      
   294.210680852841886184474796002229076      
   293.922323681650276072447000441200164      
   293.631294557696221522288557136782515      
   293.337563148931242328208155866828411      
   293.041093572796977310225461320742663      
   292.741844326135313011321558265324336      
   292.439768243817391118178446527860469      
   292.134812464615578758649071195828874      
   291.826918223876857483153168284784661      
   291.516020806982889970143369542291393      
   291.202049515481335290456611589399312      
   290.884927520816670493388669401365272      
   290.564571598558032488980334306585655      
   290.240892182912037580232057734096568      
   289.913793301236982806734973301429374      
   289.583172006230368427181554982192246      
   289.248918608698017540671634662538404      
   288.910916352324870509625561409586643      
   288.569041106528873187908171450155832      
   288.223161270869524520692201187022074      
   287.873137563150635931838742793727581      
   287.518822543251752061114982421484714      
   287.160060659705081841498556640201426      
   286.796687542556137979121819307949221      
   286.428530093232580986884237925170072      
   286.055405759379700537872170446886000      
   285.677122493504476264961956773216405      
   285.293477900746013787632226676591881      
   284.904259313423342643945815158036264      
   284.509242777246524998301779102589228      
   284.108193023692513627667628605780449      
   283.700862514484551356411495635597297      
   283.286990984908681937730297188261951      
   282.866304957275921610117324124838174      
   282.438516732091873404821779459949396      
   282.003323728689860616621188304550413      
   281.560407726371656929917400533842872      
   281.109434042637695802686111721437496      
   280.650050434264462621396208289490177      
   280.181885932945550501151389378888037      
   279.704550033085541024414582975197299      
   279.217631381794053088108835945820574      
   278.720696267005299546334417363360199      
   278.213287389650112550582424331047086      
   277.694922251151004738085509306582605      
   277.165091492172892470710376255773991      
   276.623257066428888015239403497055388      
   276.068850323753069500625998597742891      
   275.501269575691949992155961988801819      
   274.919878495109165817139257447015187      
   274.324002564992825282112608057149868      
   273.712927007788058238397297274306221      
   273.085893643934113225409249320151769      
   272.442097435775848929042222474334620      
   271.780683106890393325408989351576870      
   271.100741018257322834130035012467898      
   270.401303253230865955638288712385470      
   269.681338701832684194813608344891679      
   268.939747798124167072614272860469850      
   268.175357316429174651224845614504060      
   267.386914389634047419907432630547241      
   266.573079233436350656315726133313646      
   265.732418718772345854548173169825566      
   264.863398107978370150913787900810256      
   263.964372795475961629911355287406945      
   263.033578536590794429886188762473138      
   262.069121776429133901541646262831738      
   261.068968693424868108147765839823651      
   260.030933604702998309188164253002146      
   258.952666455427426930427720730681846      
   257.831639002131429420729901548568940      
   256.665132375667448771047865280527218      
   255.450220608971329959864602577069450      
   254.183756886170853972505973814514733      
   252.862358284315846108642477880470271      
   251.482390997384885187832612943201481      
   250.039957169535309432713138487374160      
   248.530882384527858797283425898596684      
   246.950707194611212362852424083937134      
   245.294682362622050075656434654350488      
   243.557770609122845936952419589473017      
   241.734655935112007628864506285522628      
   239.819765065803172572206656605419386      
   237.807303101095758938311477848403891      
   235.691306135566482819256570371191228      
   233.465716854940814186829984424747202      
   231.124489214228939103496211288512350      
   228.661716565916709079142627721761033      
   226.071797299932948194384412554588126      
   223.349645163966511034180085921865116      
   220.490909420741317340240233139551680      
   217.492250345990388037949570108754600      
   214.351624323502788883417567983424605      
   211.068581293397849654945782920587304      
   207.644556574609152661965348177214054      
   204.083133124871924769596507207325918      
   200.390239574774677864942603901690539      
   196.574338591668140428639865638006073      
   192.646398986466505271086254561400332      
   188.619852195570254642155484700067693      
   184.510470342995106411919720771821779      
   180.335701783715136533038164483427859      
   176.114663696305452039307497283509899      
   171.867322039735220718086572345436103      
   167.613951215902420053629802747232352      
   163.374517504550001178419222831932523      
   159.168104099369735028377426234255349      
   155.012406965088240457443975115003740      
   150.923343136220896873929839698655206      
   146.914783068160462255868814579078974      
   142.998408185546637778413314900250891      
   139.183687348524664916258637460967715      
   135.477945900033834422206143857817954      
   131.886508741841481573968647177765083      
   128.412892488859493065571177980232049      
   125.059023516449145641929955584772045      
   121.825464791405984870996047670034051      
   118.711638528007629604242965481605610      
   115.716035066905969503519121544165664      
   112.836401870690645301013765705421026      
   110.069910931576469441339273018782771      
   107.413302422539069083774859775910549      
   104.863007889535246461121650537824531      
   102.415252041279305629273497476132605      
   100.066135889010402646159791221440249      
   97.8117047084592401196669362807398762      
   95.6480016455402441204297507537053215      
   93.5711101508378754080741079615504242      
   91.5771861708695170499483345412179060      
   89.6624823032268002853723913288919208      
   87.8233656364949445086208433621350285      
   86.0563302243480393640033058481656759      
   84.3580049443309916899362692393740076      
   82.7251581267281488367549660080671008      
   81.1546996389843851493554503874307466      
   79.6436803545750548117857414470131286      
   78.1892911708409422113320399571475111      
   76.7888593217333812765989783385158598      
   75.4398448064478449224317575211339802      
   74.1398360590090833693767997321672541      
   72.8865448709268058411222117744445328      
   71.6778012941449475400097413912445693      
   70.5115483389321040115184735986287869      
   69.3858367032021335644675597232458812      
   68.2988194256465396650944043946542570      
   67.2487466424084852217055320201848804      
   66.2339605340340813624379642659823673      
   65.2528904937945010979593561796488658      
   64.3040482733821682748575535884462433      
   63.3860234762457562227500540588746550      
   62.4974793148887178937854335140446185      
   61.6371483642005810750533094419515702      
   60.8038287898555855555251920099868949      
   59.9963804647724493390829928459102285      
   59.2137216357489845854261092883547915      
   58.4548255040207149234699768604521282      
   57.7187171064206881829355189782743593      
   57.0044704584386808350733939604070107      
   56.3112056395058692817492560721981535      
   55.6380863131076400295955296528275104      
   54.9843171749083968779421970538769626      
   54.3491416969948894551528923879081288      
   53.7318399552350183576830988735586035      
   53.1317265814215675571948901207688046      
   52.5481487829835063629602696349285256      
   51.9804846654969251573452446218989715      
   51.4281414323737367855287042626525675      
   50.8905538527679017752336617305434592      
   50.3671827182263864176167043293064454      
   49.8575134954662241008257006632944792      
   49.3610549901985352873941174927008261      
   48.8773379912185335932408852924290747      
   48.4059142670579538645224667888478408      
   47.9463554605422272341378601187654088      
   47.4982518857096960220502793175541176      
   47.0612117332289958481629491162818618      
   46.6348600146608425786700432584189631      
   46.2188378509248159917861871321695098      
   45.8128014907891583959320956118788404      
   45.4164216856995972049324632346149658      
   45.0293828668952134729285052692682241      
   44.6513825539517110809445576809518791      
   44.2821306112498168975033005371132385      
   43.9213487379102880113382794637786418      
   43.5687698295739528296324421057953662      
   43.2241374479330985268994905168197712      
   42.8872053652485147040682906558542926      
   42.5577369882820976686369755215641917      
   42.2355049812504451523496891876429097      
   41.9202908009089320704571911700831033      
   41.6118842688534547754872809131165483      
   41.3100832431611505741670669029520409      
   41.0146931844155195123111929525586206      
   40.7255268604042748050951887299482570      
   40.4424039873310786588053061068850609      
   40.1651509320807537846048510154482603      
   39.8936004179735902990377589582165041      
