   91.9024000954186098051982755948291852      
   91.9024000954157999254187997248733201      
   91.9024000953183049918287565234925636      
   91.9024000944189589698065997008635562      
   91.9024000902246183962721118108032372      
   91.9024000771785825126478429836562786      
   91.9024000455519185186102243658489358      
   91.9023999768275853313573421230524430      
   91.9023998188883745646529098577088493      
   91.9023994042348768958233510625396677      
   91.9023982674646564898249993859367697      
   91.9023953413056547157047150506276010      
   91.9023885531493150382642828976593293      
   91.9023743801951093692403164616680082      
   91.9023474341429646814401294659799101      
   91.9023001360864857938760722659361927      
   91.9022225189347619237525907611932255      
   91.9021021690780327081273607837614489      
   91.9019242979562718540757579238820212      
   91.9016719202157505248694937119331452      
   91.9013261079323028194539951604189902      
   91.9008662884305764634918958866126971      
   91.9002705549226156761455724251568601      
   91.8995159632330964053150448734799715      
   91.8985787934575575400867155551227418      
   91.8974347617856351581925554367123083      
   91.8960591744457911581825506666411891      
   91.8944270222176571414145015398420930      
   91.8925130197385025594371757722326861      
   91.8902915984828828200811531118104144      
   91.8877368655465569444085802261022844      
   91.8848225421128303587918978646442888      
   91.8815218957842718287220364277127213      
   91.8778076800195565190716232454672852      
   91.8736520920143698903109335608762373      
   91.8690267578330606621368777642158472      
   91.8639027507533799771183643421049466      
   91.8582506459165725863923531437648388      
   91.8520406116946515704669729732579031      
   91.8452425358677068611476089408820167      
   91.8378261828231565988463277391732700      
   91.8297613766096137767863328510541302      
   91.8210182037581289139578445451394169      
   91.8115672293276661829904179979637509      
   91.8013797195380961508996181652269569      
   91.7904278645934856519750738851277287      
   91.7786849957600728550323858812063916      
   91.7661257914140749083840647419610694      
   91.7527264675238336736925964833851191      
   91.7384649488441815586389737495545588      
   91.7233210179228595051913298257569986      
   91.7072764398156797426301148689027011      
   91.6903150611716793500692197763575650      
   91.6724228830292568063166695452294376      
   91.6535881072831524735611930489716972      
   91.6338011573142700426227242971183279      
   91.6130546737120090612097220050750845      
   91.5913434864009512469493172165267397      
   91.5686645647700649500771791514981174      
   91.5450169476016138252761069891786653      
   91.5204016547935077186801033112344998      
   91.4948215783221874452889400660569215      
   91.4682813805825417370049684212004944      
   91.4407873401304594466645254310930249      
   91.4123472261424301140322740377933587      
   91.3829701464184007967599617293123026      
   91.3526663929489785910893821711039894      
   91.3214472832666511302675122933919755      
   91.2893249989537859588011400927249728      
   91.2563124232590082672318518517793982      
   91.2224229788803582553874035605856963      
   91.1876704672195670099357154799584189      
   91.1520689102646629882973873665433412      
   91.1156323959313781487578915978727056      
   91.0783749276268592907470764542660252      
   91.0403102789987678062799621717471193      
   91.0014518540583307415805615546769525      
   90.9618125529742471364235762090598147      
   90.9214046445707362052320358590369076      
   90.8802396453882925395158224599779522      
   90.8383282043957525703169570007013358      
   90.7956799952203790693346337782583038      
   90.7523036150655964980389163905609021      
   90.7082064889389072082125242833365971      
   90.6633947822297892147939062813436489      
   90.6178733172487996273603166670618373      
   90.5716454976512395369942594795032492      
   90.5247132364395682282468743374444586      
   90.4770768917793237128542519169542288      
   90.4287352058444911770798538936223590      
   90.3796852486482646131484382153946683      
   90.3299223683161381420278634585969397      
   90.2794401417784805444618913140649307      
   90.2282303299769727881745052705711441      
   90.1762828437705558492861389169901659      
   90.1235856953793138804699900313335992      
   90.0701249751107296980059907598025642      
   90.0158848083600286910077150505188159      
   89.9608473315102310446748681466550224      
   89.9049926568213291953008723828625802      
   89.8482988466228445113155964398782933      
   89.7907418876322742125230101990700462      
   89.7322956586899025055685363670717452      
   89.6729319025339923223890045618685131      
   89.6126202042250022270400658586029587      
   89.5513279601783162123652615190060011      
   89.4890203460224764448529261230457228      
   89.4256602859153863307958666521396675      
   89.3612084251813237134369594797461542      
   89.2956230984635445582132318199801695      
   89.2288602818973245959628049160084374      
   89.1608735670868337674762825477539274      
   89.0916141170320067319418318782493222      
   89.0210306170235193117674253360663734      
   88.9490692325792480482004206590933424      
   88.8756735529662250863564820642049580      
   88.8007845455430886941204600920299895      
   88.7243404903995670662049398827768762      
   88.6462768585688446218060157471699459      
   88.5665264271784802918503144748169337      
   88.4850189762432712992347866930973253      
   88.4016813245978194922666623026616895      
   88.3164372278670311202096058884085149      
   88.2292072794963189772970177383830053      
   88.1399088217276010742206266048059352      
   88.0484558213994336797091146068900066      
   87.9547587464964364270415502223399310      
   87.8587244561685965882676027711800521      
   87.7602560414751387522812931398286262      
   87.6592527112031838526743447075368405      
   87.5556095947176478194903944138648528      
   87.4492175849558915965470061509872244      
   87.3399631890016381637686700167420697      
   87.2277282732576779206874130139949124      
   87.1123898904677635316400383624835562      
   86.9938200303746945808892529921707598      
   86.8718853798100464691343303224402745      
   86.7464470826099160091628144737578946      
   86.6173604072345314077370278867048726      
   86.4844744609435949273753410418264063      
   86.3476319119694522054684495495361892      
   86.2066685239626368310207726664071935      
   86.0614128956696603473229219780064828      
   85.9116859508486233237714437375284561      
   85.7573005438335513041007000033489708      
   85.5980609766168982124150879883657862      
   85.4337624713673184185867738764243709      
   85.2641906179275552405444069283174865      
   85.0891207602246290213519360206888681      
   84.9083173897117620147245066650717731      
   84.7215333519970648129861423393448441      
   84.5285092006124470917459285732862503      
   84.3289722912583277124602223199378109      
   84.1226358634920757701647371431978640      
   83.9091983352059371714245978313641829      
   83.6883418712355066476659877477586902      
   83.4597314931972514745660819315206759      
   83.2230138307455620476570542746242577      
   82.9778157601372963462823926742551143      
   82.7237429877205298593357506006659192      
   82.4603785120239360439662157247549565      
   82.1872810230528771111305917221587545      
   81.9039828473806594563497989055508446      
   81.6099882434981472509909649709008823      
   81.3047711195820900787952721683986894      
   80.9877728036736001983332517679172515      
   80.6583997525213402128275167002572158      
   80.3160205200046923236408175570096979      
   79.9599633602581818488431540315910711      
   79.5895129628980170852513524280078249      
   79.2039073395416290200092928648557704      
   78.8023346305495352914457520723722783      
   78.3839293583107938198255430241425026      
   77.9477690650735211104437139762470209      
   77.4928705612484921064546899363295389      
   77.0181860267521250216973859794568714      
   76.5226003880683185327316638744825640      
   76.0049270466905542900653795966277647      
   75.4639058283907820657026398688455927      
   74.8982005295353706129723600078012832      
   74.3063983226005408047808365876495978      
   73.6870097777725558994712764533456596      
   73.0384717156013585577078473424242915      
   72.3591523174648748615401842267307214      
   71.6473593663702217477907979134668512      
   70.9013533703476751161205728917565826      
   70.1193656250939946762330313492869697      
   69.2996230008790108634403634085770937      
   68.4403803949957237469834093280801811      
   67.5399622215483368298556004462850411      
   66.5968125648064070461084163169463712      
   65.6095577552999810869271744471870449      
   64.5770750001964381231012800128981180      
   63.4985759220493912777842270332080397      
   62.3736887198105358195222172625450750      
   61.2025500842220822839904912047916262      
   59.9858912965660306549812115976088345      
   58.7251170407082423034944657582830541      
   57.4223688589225748691736942283522643      
   56.0805637553822749367814106474321961      
   54.7034148229206225362717866079619453      
   53.2954023195582961054275107281625608      
   51.8617233649842960578291060165311261      
   50.4081994172116286778261861863568998      
   48.9411747774654777078608084366919281      
   47.4672781339310366316172902044406321      
   45.9933653294609799297659857385681476      
   44.5262621448951347274673974394991355      
   43.0725949775257247036744285684095372      
   41.6386179620415486574105025790437362      
   40.2300622187135069849670787139526681      
   38.8520179039277393102440263079328792      
   37.5088530375999754657422298000184221      
   36.2041714254006220962001756220907845      
   34.9408068866453048541337362121761673      
   33.7208500308874051955333008132711274      
   32.5456980419859293082402728602937881      
   31.4161229602057110654045437869442335      
   30.3323488648591330025642988426603043      
   29.2941335512043383119761618081462023      
   28.3008485764772756552877270475172422      
   27.3515547134677535514717160608443941      
   26.4450709056075845421501005729919759      
   25.5800348138321251935847941627822250      
   24.7549548453365500829662703774548657      
   23.9682548652564110791866544301013031      
   23.2183101219923455283615663113412978      
   22.5034768924888066704082877643106639      
   21.8221161454537128526764974444235866      
   21.1726116041619543428934321678682113      
   20.5533838424910894939345748532054675      
   19.9629004540384270005539997635423765      
   19.3996833859446662285786129866315302      
   18.8623138685456224306269217549031639      
   18.3494352637615160765990749120327538      
   17.8597546263435234235551127542380331      
   17.3920428487540731065302257019894649      
   16.9451341530182603503292198177408667      
   16.5179247094834693856117689910229973      
   16.1093707271052093182596433104081376      
   15.7184865132759076757028539294876015      
   15.3443419549726963779686384839310254      
   14.9860600211812597122955557666219710      
   14.6428141481369035896490362712231101      
   14.3138256232111008046228524396588487      
   13.9983610369471562367205777999877240      
   13.6957296967220319605018292598015936      
   13.4052811808517987464669770765046000      
   13.1264029597333034953037744815823248      
   12.8585181369890886447847998016242899      
   12.6010832835246490836245615415610371      
   12.3535863761413604412829833876447934      
   12.1155448581930823241863127555316793      
   11.8865037965905449541579130651163150      
   11.6660341867265436964781631539184689      
   11.4537313014451135818264000578465294      
   11.2492131771382244591938150053260694      
   11.0521191950653910568899789281401829      
   10.8621087368133580844592714807876826      
   10.6788599469923957322542450726926284      
   10.5020685487026271966775414932811533      
   10.3314467753251594376140231729299949      
   10.1667223242473466602770853027007788      
   10.0076374338047526482904045066205269      
   9.85394796445795966465002567318265583      
   9.70542259444096871588078972458374430      
   9.56184202595569368703532875095541222      
   9.42299826812092043460803397563157161      
   9.28869396881107665832299069156507988      
   9.15874176988790429301550252544092952      
   9.03296372135687899202122081351046534      
   8.91119073814274971779058958557417195      
   8.79326207176766339019106235047085628      
   8.67902483568305639347354736106221292      
   8.56833357204481671742397023792104752      
   8.46104976650003669134476143234644564      
   8.35704154451155679281394254995035672      
   8.25618323814327571154262103175874200      
   8.15835506215807486077122744770123914      
   8.06344278166958879321411005502528418      
   7.97133741634187055806683101821926725      
   7.88193494858001300468258212253034449      
   7.79513605921677246609097553981687663      
   7.71084587804760434420906930429810448      
   7.62897374373669659798651465605487072      
   7.54943298705709560852133185476720017      
   7.47214071977376239530228092962517664      
   7.39701763991563672668060621180490446      
   7.32398784766170336576307555293467402      
   7.25297867306425254885706870397088900      
   7.18392051239402029954691301870499718      
   7.11674667365077359104046529165947122      
   7.05139323370070182411807596847449499      
   6.98779890029299890243771077806904857      
   6.92590488490340296928140976431869797      
   6.86565477999761475216501549676342802      
   6.80699444538739619268463811068800318      
   6.74987189994265860304507232977476244      
   6.69423721894299853355283026901247189      
   6.64004243807182557464496419405739932      
