 0.13628526479685E+03
 0.13628526479685E+03
 0.13628526479700E+03
 0.13628526479836E+03
 0.13628526480478E+03
 0.13628526482493E+03
 0.13628526487383E+03
 0.13628526497463E+03
 0.13628526516627E+03
 0.13628526552868E+03
 0.13628526623801E+03
 0.13628526765602E+03
 0.13628527044388E+03
 0.13628527568056E+03
 0.13628528496426E+03
 0.13628530048070E+03
 0.13628532503080E+03
 0.13628536201827E+03
 0.13628541540365E+03
 0.13628548963464E+03
 0.13628558956359E+03
 0.13628572036328E+03
 0.13628588745119E+03
 0.13628609643094E+03
 0.13628635305801E+03
 0.13628666323408E+03
 0.13628703303206E+03
 0.13628746875048E+03
 0.13628797699345E+03
 0.13628856477007E+03
 0.13628923960524E+03
 0.13629000965311E+03
 0.13629088380426E+03
 0.13629187177840E+03
 0.13629298419571E+03
 0.13629423262137E+03
 0.13629562958001E+03
 0.13629718853864E+03
 0.13629892385804E+03
 0.13630085071491E+03
 0.13630298499752E+03
 0.13630534317905E+03
 0.13630794217347E+03
 0.13631079917860E+03
 0.13631393151184E+03
 0.13631735644317E+03
 0.13632109103003E+03
 0.13632515195831E+03
 0.13632955539301E+03
 0.13633431684146E+03
 0.13633945103146E+03
 0.13634497180646E+03
 0.13635089203865E+03
 0.13635722356091E+03
 0.13636397711790E+03
 0.13637116233612E+03
 0.13637878771236E+03
 0.13638686062010E+03
 0.13639538733249E+03
 0.13640437306772E+03
 0.13641382201633E+03
 0.13642373744305E+03
 0.13643412174103E+03
 0.13644497652444E+03
 0.13645630272367E+03
 0.13646810068818E+03
 0.13648037029440E+03
 0.13649311105852E+03
 0.13650632225205E+03
 0.13652000301944E+03
 0.13653415249695E+03
 0.13654876993116E+03
 0.13656385479686E+03
 0.13657940691349E+03
 0.13659542655916E+03
 0.13661191458205E+03
 0.13662887250935E+03
 0.13664630265151E+03
 0.13666420820344E+03
 0.13668259334137E+03
 0.13670146331456E+03
 0.13672082453512E+03
 0.13674068466254E+03
 0.13676105268489E+03
 0.13678193899255E+03
 0.13680335545208E+03
 0.13682531547292E+03
 0.13684783407441E+03
 0.13687092794248E+03
 0.13689461549171E+03
 0.13691891692385E+03
 0.13694385427531E+03
 0.13696945146946E+03
 0.13699573436406E+03
 0.13702273079501E+03
 0.13705047062047E+03
 0.13707898578437E+03
 0.13710831033779E+03
 0.13713848049369E+03
 0.13716953466179E+03
 0.13720151350379E+03
 0.13723445996734E+03
 0.13726841932665E+03
 0.13730343925612E+03
 0.13733956986307E+03
 0.13737686373643E+03
 0.13741537598115E+03
 0.13745516431446E+03
 0.13749628912725E+03
 0.13753881352096E+03
 0.13758280333821E+03
 0.13762832733702E+03
 0.13767545722994E+03
 0.13772426771011E+03
 0.13777483656964E+03
 0.13782724491506E+03
 0.13788157711693E+03
 0.13793792085795E+03
 0.13799636758430E+03
 0.13805701230881E+03
 0.13811995386289E+03
 0.13818529512517E+03
 0.13825314309396E+03
 0.13832360902665E+03
 0.13839680881689E+03
 0.13847286292450E+03
 0.13855189691955E+03
 0.13863404139747E+03
 0.13871943250419E+03
 0.13880821197941E+03
 0.13890052775338E+03
 0.13899653390227E+03
 0.13909639138463E+03
 0.13920026803830E+03
 0.13930833931308E+03
 0.13942078854796E+03
 0.13953780737069E+03
 0.13965959640228E+03
 0.13978636577063E+03
 0.13991833562566E+03
 0.14005573677989E+03
 0.14019881148918E+03
 0.14034781435799E+03
 0.14050301282589E+03
 0.14066468837800E+03
 0.14083313739719E+03
 0.14100867237867E+03
 0.14119162289106E+03
 0.14138233701186E+03
 0.14158118263754E+03
 0.14178854913766E+03
 0.14200484892529E+03
 0.14223051908340E+03
 0.14246602389470E+03
 0.14271185654923E+03
 0.14296854181913E+03
 0.14323663861313E+03
 0.14351674293063E+03
 0.14380949114563E+03
 0.14411556332914E+03
 0.14443568748447E+03
 0.14477064368459E+03
 0.14512126889018E+03
 0.14548846235415E+03
 0.14587319141227E+03
 0.14627649797649E+03
 0.14669950585229E+03
 0.14714342854323E+03
 0.14760957845010E+03
 0.14809937647538E+03
 0.14861436316532E+03
 0.14915621068869E+03
 0.14972673619280E+03
 0.15032791713842E+03
 0.15096190650966E+03
 0.15163105231622E+03
 0.15233791629518E+03
 0.15308529578080E+03
 0.15387624703010E+03
 0.15471411004235E+03
 0.15560253571279E+03
 0.15654551355596E+03
 0.15754740057847E+03
 0.15861295035663E+03
 0.15974734158937E+03
 0.16095620407813E+03
 0.16224564077061E+03
 0.16362224460498E+03
 0.16509310567191E+03
 0.16666580490418E+03
 0.16834839603685E+03
 0.17014936140773E+03
 0.17207755766967E+03
 0.17414211101367E+03
 0.17635230745629E+03
 0.17871743787815E+03
 0.18124661915802E+03
 0.18394858686648E+03
 0.18683146713782E+03
 0.18990252338800E+03
 0.19316794741688E+03
 0.19663258065748E+03
 0.20029972594730E+03
 0.20417101928340E+03
 0.20824611108045E+03
 0.21252287968648E+03
 0.21699727978364E+03
 0.22166347352470E+03
 0.22651399898208E+03
 0.23153999961599E+03
 0.23673149561509E+03
 0.24207768159326E+03
 0.24756722176305E+03
 0.25318853197063E+03
 0.25893002159765E+03
 0.26478030304136E+03
 0.27072835130859E+03
 0.27676362218792E+03
 0.28287612994127E+03
 0.28905649293684E+03
 0.29529595080514E+03
 0.30158636132697E+03
 0.30792018202062E+03
 0.31429044182283E+03
 0.32069070764633E+03
 0.32711504454868E+03
 0.33355797720639E+03
 0.34001445157252E+03
 0.34647979792804E+03
 0.35294969592807E+03
 0.35942014106161E+03
 0.36588741634949E+03
 0.37234806442101E+03
 0.37879886371597E+03
 0.38523680556771E+03
 0.39165907537823E+03
 0.39806303493768E+03
 0.40444620628879E+03
 0.41080626001564E+03
 0.41714099884183E+03
 0.42344835035295E+03
 0.42972635618774E+03
 0.43597316309067E+03
 0.44218701558172E+03
 0.44836624950453E+03
 0.45450928614367E+03
 0.46061462638069E+03
 0.46668084646470E+03
 0.47270659379123E+03
 0.47869058340903E+03
 0.48463159429135E+03
 0.49052846683774E+03
 0.49638010015477E+03
 0.50218544995580E+03
 0.50794352556873E+03
 0.51365338919135E+03
 0.51931415384266E+03
 0.52492498130494E+03
 0.53048508104490E+03
 0.53599370929651E+03
 0.54145016771059E+03
 0.54685380123214E+03
 0.55220399851755E+03
 0.55750019025499E+03
 0.56274184854130E+03
 0.56792848523444E+03
 0.57305965187044E+03
 0.57813493888380E+03
 0.58315397420483E+03
 0.58811642300828E+03
 0.59302198644534E+03
 0.59787040178471E+03
 0.60266144021652E+03
 0.60739490730997E+03
 0.61207064264363E+03
 0.61668851765908E+03
 0.62124843462595E+03
 0.62575032859791E+03
 0.63019416324342E+03
 0.63457993301064E+03
 0.63890765977480E+03
 0.64317739453202E+03
 0.64738921475631E+03
 0.65154322433851E+03
 0.65563955285240E+03
 0.65967835478407E+03
 0.66365980845912E+03
 0.66758411545689E+03
 0.67145149985349E+03
 0.67526220725125E+03
 0.67901650427640E+03
 0.68271467735988E+03
 0.68635703238405E+03
 0.68994389381321E+03
 0.69347560352017E+03
 0.69695252059236E+03
 0.70037502024943E+03
 0.70374349296138E+03
 0.70705834408462E+03
 0.71031999275133E+03
