-0.34915748048027E-09
-0.15543276272008E-09
-0.11493737526420E-09
-0.56956477672847E-10
-0.50455440137805E-10
-0.46308173817239E-10
-0.23802408916758E-10
-0.53153954416918E-11
-0.51988069797306E-11
-0.10561350928041E-10
-0.95803402859733E-11
-0.55786474610422E-11
-0.91426156708342E-11
-0.22227255854203E-11
-0.53901379331443E-11
-0.33574924004671E-11
-0.11129100140133E-11
-0.38609276486781E-12
-0.33817759991671E-11
-0.28047996997456E-11
-0.19249230999265E-11
-0.17981152916123E-11
-0.59373866494592E-12
-0.14398779612444E-11
-0.58594487699472E-12
-0.17414779734818E-12
-0.56358075269329E-12
-0.14994551767434E-11
 0.67607521664085E-12
 0.44347307563231E-11
 0.15066310968084E-10
 0.38246602725454E-10
 0.85088670373672E-10
 0.17459858470863E-09
 0.34504041611702E-09
 0.64911911907148E-09
 0.11774266403354E-08
 0.20641844023060E-08
 0.35081664678735E-08
 0.58006327881111E-08
 0.93497962937587E-08
 0.14722994431499E-07
 0.22692564765814E-07
 0.34287812996225E-07
 0.50865253919954E-07
 0.74180125401691E-07
 0.10647542127733E-06
 0.15058098702101E-06
 0.20923668822327E-06
 0.28983910984561E-06
 0.39403001047954E-06
 0.52834436075932E-06
 0.70244768395327E-06
 0.92572415402320E-06
 0.12080487414792E-05
 0.15627286716884E-05
 0.20029132688286E-05
 0.25454468004221E-05
 0.32091322423291E-05
 0.40164841176062E-05
 0.49930780764526E-05
 0.61671973259555E-05
 0.75696660738521E-05
 0.92349222058292E-05
 0.11200990733871E-04
 0.13510586557041E-04
 0.16210485782721E-04
 0.19351665159059E-04
 0.22989620956557E-04
 0.27184528942730E-04
 0.32001391237272E-04
 0.37510166960993E-04
 0.43785883941949E-04
 0.50908737557404E-04
 0.58964167373276E-04
 0.68042918726900E-04
 0.78241085009321E-04
 0.89660135070849E-04
 0.10240691791802E-03
 0.11659365625866E-03
 0.13233792312332E-03
 0.14976260443288E-03
 0.16899582887871E-03
 0.19017094295572E-03
 0.21342637125819E-03
 0.23890568067098E-03
 0.26675714721441E-03
 0.29713406608518E-03
 0.33019446425100E-03
 0.36610094654641E-03
 0.40502065749005E-03
 0.44712504124326E-03
 0.49258990903628E-03
 0.54159526101821E-03
 0.59432509545609E-03
 0.65096746272594E-03
 0.71171438049238E-03
 0.77676163735545E-03
 0.84630873267686E-03
 0.92055901598216E-03
 0.99971939285085E-03
 0.10840001830386E-02
 0.11736157022029E-02
 0.12687836137019E-02
 0.13697253534372E-02
 0.14766660151327E-02
 0.15898344774872E-02
 0.17094629292405E-02
 0.18357904025330E-02
 0.19690534841275E-02
 0.21094982674239E-02
 0.22573753917325E-02
 0.24129397121799E-02
 0.25764498505497E-02
 0.27481674143715E-02
 0.29283580625074E-02
 0.31172979313462E-02
 0.33152658693954E-02
 0.35225616369262E-02
 0.37394659027561E-02
 0.39662795130191E-02
 0.42033119569694E-02
 0.44508789187358E-02
 0.47093042532184E-02
 0.49789205534138E-02
 0.52600715270434E-02
 0.55531074298047E-02
 0.58583919360846E-02
 0.61762999719312E-02
 0.65072188098019E-02
 0.68515437018074E-02
 0.72096913563115E-02
 0.75820840707766E-02
 0.79691686418261E-02
 0.83713970880581E-02
 0.87892467646884E-02
 0.92232081509905E-02
 0.96737916748519E-02
 0.10141526968368E-01
 0.10626962397303E-01
 0.11130677566600E-01
 0.11653260768116E-01
 0.12195327291348E-01
 0.12757526208569E-01
 0.13340526444361E-01
 0.13945023568857E-01
 0.14571749290598E-01
 0.15221455577549E-01
 0.15894926148621E-01
 0.16592983921002E-01
 0.17316474100561E-01
 0.18066288523564E-01
 0.18843360148076E-01
 0.19648647541983E-01
 0.20483144909553E-01
 0.21347894722401E-01
 0.22243981138174E-01
 0.23172523110337E-01
 0.24134682745694E-01
 0.25131669732768E-01
 0.26164738676595E-01
 0.27235177348238E-01
 0.28344316937702E-01
 0.29493535964643E-01
 0.30684248763057E-01
 0.31917903707874E-01
 0.33195976398890E-01
 0.34519980556599E-01
 0.35891441657293E-01
 0.37311907854619E-01
 0.38782922327089E-01
 0.40306017289713E-01
 0.41882692574734E-01
 0.43514406160493E-01
 0.45202558817635E-01
 0.46948460710898E-01
 0.48753259549008E-01
 0.50617957563470E-01
 0.52543330646004E-01
 0.54529895549687E-01
 0.56577824455464E-01
 0.58686889115248E-01
 0.60856397350731E-01
 0.63085088800401E-01
 0.65371052536583E-01
 0.67711641819694E-01
 0.70103371192132E-01
 0.72541874682193E-01
 0.75021824291728E-01
 0.77536918906500E-01
 0.80079904700333E-01
 0.82642596674561E-01
 0.85216062478233E-01
 0.87790761492202E-01
 0.90356829701810E-01
 0.92904349516190E-01
 0.95423694420038E-01
 0.97905857925732E-01
 0.10034275452254E+00
 0.10272750099964E+00
 0.10505445602977E+00
 0.10731949567384E+00
 0.10951989051935E+00
 0.11165421438663E+00
 0.11372204146293E+00
 0.11572395051985E+00
 0.11766122749404E+00
 0.11953558144082E+00
 0.12134901120272E+00
 0.12310364036697E+00
 0.12480161796757E+00
 0.12644505229217E+00
 0.12803596849712E+00
 0.12957629216144E+00
 0.13106786454625E+00
 0.13251243793474E+00
 0.13391169208925E+00
 0.13526724151064E+00
 0.13658065126220E+00
 0.13785343867413E+00
 0.13908708380220E+00
 0.14028302994705E+00
 0.14144268552481E+00
 0.14256742501692E+00
 0.14365858935868E+00
 0.14471748544292E+00
 0.14574538123354E+00
 0.14674350912900E+00
 0.14771306202546E+00
 0.14865519425301E+00
 0.14957101844474E+00
 0.15046160641451E+00
 0.15132799195827E+00
 0.15217116585496E+00
 0.15299207950950E+00
 0.15379164483515E+00
 0.15457073597007E+00
 0.15533018968012E+00
 0.15607080413159E+00
 0.15679334394305E+00
 0.15749853932243E+00
 0.15818708734394E+00
 0.15885965375655E+00
 0.15951687345561E+00
 0.16015935258780E+00
 0.16078766971757E+00
 0.16140237649128E+00
 0.16200399921645E+00
 0.16259303990723E+00
 0.16316997782024E+00
 0.16373526998253E+00
 0.16428935228118E+00
 0.16483264074888E+00
 0.16536553256391E+00
 0.16588840661747E+00
 0.16640162461721E+00
 0.16690553183669E+00
 0.16740045798826E+00
 0.16788671788619E+00
 0.16836461223325E+00
 0.16883442829357E+00
 0.16929644050417E+00
 0.16975091113668E+00
 0.17019809082037E+00
 0.17063821918657E+00
 0.17107152532650E+00
 0.17149822832011E+00
 0.17191853773612E+00
 0.17233265403515E+00
 0.17274076896816E+00
 0.17314306623246E+00
 0.17353972149286E+00
 0.17393090294869E+00
 0.17431677172529E+00
 0.17469748210402E+00
 0.17507318194627E+00
 0.17544401286180E+00
 0.17581011060500E+00
 0.17617160527242E+00
 0.17652862163267E+00
 0.17688127933176E+00
 0.17722969311980E+00
 0.17757397308953E+00
 0.17791422490865E+00
 0.17825054997777E+00
 0.17858304567323E+00
 0.17891180548199E+00
 0.17923691922391E+00
 0.17955847316960E+00
 0.17987655024193E+00
 0.18019123014092E+00
 0.18050258951071E+00
 0.18081070204953E+00
 0.18111563867372E+00
 0.18141746759896E+00
 0.18171625450329E+00
 0.18201206261941E+00
 0.18230495283486E+00
 0.18259498382294E+00
 0.18288221212887E+00
