 0.13628526479685E+03
 0.13628526479685E+03
 0.13628526479700E+03
 0.13628526479836E+03
 0.13628526480478E+03
 0.13628526482493E+03
 0.13628526487383E+03
 0.13628526497463E+03
 0.13628526516627E+03
 0.13628526552868E+03
 0.13628526623801E+03
 0.13628526765602E+03
 0.13628527044388E+03
 0.13628527568056E+03
 0.13628528496426E+03
 0.13628530048070E+03
 0.13628532503080E+03
 0.13628536201827E+03
 0.13628541540365E+03
 0.13628548963465E+03
 0.13628558956363E+03
 0.13628572036341E+03
 0.13628588745161E+03
 0.13628609643216E+03
 0.13628635306127E+03
 0.13628666324215E+03
 0.13628703305075E+03
 0.13628746879129E+03
 0.13628797707799E+03
 0.13628856493711E+03
 0.13628923992148E+03
 0.13629001022901E+03
 0.13629088481669E+03
 0.13629187350195E+03
 0.13629298704487E+03
 0.13629423720606E+03
 0.13629563677707E+03
 0.13629719958191E+03
 0.13629894045019E+03
 0.13630087516366E+03
 0.13630302037923E+03
 0.13630539353264E+03
 0.13630801272716E+03
 0.13631089661223E+03
 0.13631406425707E+03
 0.13631753502361E+03
 0.13632132845576E+03
 0.13632546411762E+03
 0.13632996155371E+03
 0.13633484015727E+03
 0.13634011910430E+03
 0.13634581729544E+03
 0.13635195331563E+03
 0.13635854541227E+03
 0.13636561149195E+03
 0.13637316913496E+03
 0.13638123562703E+03
 0.13638982800729E+03
 0.13639896313107E+03
 0.13640865774585E+03
 0.13641892857971E+03
 0.13642979243955E+03
 0.13644126631821E+03
 0.13645336750873E+03
 0.13646611372364E+03
 0.13647952321922E+03
 0.13649361492116E+03
 0.13650840855264E+03
 0.13652392476171E+03
 0.13654018524762E+03
 0.13655721288627E+03
 0.13657503185150E+03
 0.13659366773394E+03
 0.13661314765515E+03
 0.13663350037855E+03
 0.13665475641355E+03
 0.13667694811825E+03
 0.13670010979342E+03
 0.13672427777365E+03
 0.13674949051255E+03
 0.13677578866087E+03
 0.13680321514708E+03
 0.13683181524601E+03
 0.13686163665371E+03
 0.13689272954503E+03
 0.13692514663869E+03
 0.13695894325520E+03
 0.13699417737681E+03
 0.13703090969483E+03
 0.13706920367527E+03
 0.13710912561857E+03
 0.13715074470486E+03
 0.13719413305279E+03
 0.13723936577664E+03
 0.13728652103433E+03
 0.13733568010738E+03
 0.13738692748287E+03
 0.13744035089806E+03
 0.13749604141763E+03
 0.13755409352160E+03
 0.13761460519433E+03
 0.13767767800186E+03
 0.13774341719268E+03
 0.13781193187644E+03
 0.13788333510128E+03
 0.13795774383845E+03
 0.13803527932734E+03
 0.13811606718364E+03
 0.13820023753317E+03
 0.13828792508657E+03
 0.13837926943397E+03
 0.13847441537008E+03
 0.13857351284867E+03
 0.13867671729134E+03
 0.13878419009488E+03
 0.13889609859107E+03
 0.13901261634359E+03
 0.13913392378074E+03
 0.13926020829919E+03
 0.13939166446702E+03
 0.13952849491168E+03
 0.13967091010666E+03
 0.13981912953946E+03
 0.13997338141715E+03
 0.14013390397599E+03
 0.14030094528136E+03
 0.14047476458739E+03
 0.14065563231203E+03
 0.14084383113918E+03
 0.14103965677528E+03
 0.14124341843951E+03
 0.14145544012163E+03
 0.14167606125916E+03
 0.14190563795543E+03
 0.14214454375322E+03
 0.14239317139694E+03
 0.14265193321726E+03
 0.14292126342865E+03
 0.14320161932065E+03
 0.14349348237338E+03
 0.14379736090335E+03
 0.14411379131569E+03
 0.14444334024446E+03
 0.14478660720848E+03
 0.14514422673889E+03
 0.14551687100095E+03
 0.14590525284520E+03
 0.14631012925304E+03
 0.14673230419176E+03
 0.14717263310622E+03
 0.14763202648893E+03
 0.14811145492342E+03
 0.14861195386737E+03
 0.14913462918916E+03
 0.14968066321957E+03
 0.15025132098398E+03
 0.15084795869744E+03
 0.15147203027540E+03
 0.15212509757484E+03
 0.15280883862572E+03
 0.15352505987606E+03
 0.15427570731951E+03
 0.15506287926357E+03
 0.15588884128350E+03
 0.15675604125678E+03
 0.15766712719382E+03
 0.15862496553089E+03
 0.15963266237225E+03
 0.16069358534084E+03
 0.16181138802154E+03
 0.16299003591053E+03
 0.16423383433939E+03
 0.16554745697546E+03
 0.16693597704707E+03
 0.16840489789459E+03
 0.16996018322063E+03
 0.17160828566804E+03
 0.17335617446086E+03
 0.17521135178310E+03
 0.17718187331601E+03
 0.17927633631464E+03
 0.18150386937485E+03
 0.18387409143013E+03
 0.18639704163167E+03
 0.18908307412605E+03
 0.19194270743281E+03
 0.19498642392075E+03
 0.19822441367013E+03
 0.20166625845006E+03
 0.20532056771882E+03
 0.20919457149133E+03
 0.21329370082365E+03
 0.21762118374910E+03
 0.22217769144371E+03
 0.22696111525679E+03
 0.23196645040276E+03
 0.23718587725778E+03
 0.24260899602498E+03
 0.24822321878650E+03
 0.25401426830746E+03
 0.25996673014738E+03
 0.26606460256956E+03
 0.27229179792251E+03
 0.27863256253803E+03
 0.28507180225697E+03
 0.29159530161230E+03
 0.29818986276136E+03
 0.30484336475911E+03
 0.31154476617986E+03
 0.31828406863024E+03
 0.32505225284059E+03
 0.33184120129838E+03
 0.33864361416961E+03
 0.34545292511115E+03
 0.35226322318019E+03
 0.35906917421695E+03
 0.36586595721100E+03
 0.37264920309788E+03
 0.37941494151386E+03
 0.38615955424292E+03
 0.39287973566962E+03
 0.39957245698677E+03
 0.40623493633536E+03
 0.41286461179934E+03
 0.41945911905388E+03
 0.42601627190389E+03
 0.43253404540885E+03
 0.43901055991318E+03
 0.44544406842427E+03
 0.45183294718827E+03
 0.45817568302360E+03
 0.46447086617780E+03
 0.47071718240012E+03
 0.47691340631027E+03
 0.48305839566096E+03
 0.48915108580416E+03
 0.49519048483957E+03
 0.50117566987137E+03
 0.50710578324128E+03
 0.51298002904529E+03
 0.51879766969741E+03
 0.52455802414076E+03
 0.53026046501091E+03
 0.53590441605594E+03
 0.54148934998756E+03
 0.54701478759714E+03
 0.55248029504842E+03
 0.55788548229910E+03
 0.56323000238914E+03
 0.56851354925708E+03
 0.57373585656082E+03
 0.57889669648030E+03
 0.58399587833418E+03
 0.58903324855565E+03
 0.59400868732160E+03
 0.59892211030962E+03
 0.60377346483649E+03
 0.60856273118552E+03
 0.61328991988335E+03
 0.61795507267377E+03
 0.62255825899169E+03
 0.62709957743164E+03
 0.63157915348672E+03
 0.63599713940496E+03
 0.64035371266094E+03
 0.64464907497145E+03
 0.64888345307538E+03
 0.65305709577784E+03
 0.65717027369076E+03
 0.66122327936617E+03
 0.66521642520189E+03
 0.66915004338433E+03
 0.67302448514454E+03
 0.67684011903953E+03
 0.68059733164572E+03
 0.68429652533584E+03
 0.68793811820563E+03
 0.69152254312010E+03
 0.69505024740534E+03
 0.69852169131274E+03
 0.70193734791370E+03
 0.70529770212052E+03
 0.70860325006654E+03
 0.71185449824571E+03
 0.71505196324868E+03
 0.71819617040812E+03
 0.72128765385858E+03
 0.72432695549380E+03
 0.72731462432168E+03
 0.73025121601996E+03
 0.73313729242188E+03
 0.73597342056540E+03
 0.73876017244028E+03
 0.74149812445445E+03
 0.74418785673101E+03
 0.74682995262768E+03
 0.74942499832533E+03
 0.75197358231872E+03
 0.75447629485860E+03
 0.75693372761738E+03
