   299.98752335222969     
   299.98752332266378     
   299.98752299140858     
   299.98752154990456     
   299.98751754758587     
   299.98750891620546     
   299.98749300242076     
   299.98746655357513     
   299.98742558822113     
   299.98736500139216     
   299.98727772778261     
   299.98715339445170     
   299.98697658348550     
   299.98672496732047     
   299.98636761098004     
   299.98586366528701     
   299.98516155954036     
   299.98419869419121     
   299.98290155390913     
   299.98118612337078     
   299.97895848967840     
   299.97611552120929     
   299.97254555202562     
   299.96812902020514     
   299.96273904435208     
   299.95624192508990     
   299.94849760436699     
   299.93936008546427     
   299.92867786405054     
   299.91629436439075     
   299.90204845333886     
   299.88577498348911     
   299.86730547728098     
   299.84646883394976     
   299.82309216967940     
   299.79700172281633     
   299.76802382849729     
   299.73598594696756     
   299.70071772640227     
   299.66205207726017     
   299.61982624009772     
   299.57388282574340     
   299.52407080865004     
   299.47024645592791     
   299.41227418218261     
   299.35002730854205     
   299.28338873232741     
   299.21225148465231     
   299.13651918336802     
   299.05610637828312     
   298.97093878313422     
   298.88095340910172     
   298.78609858793220     
   298.68633390847094     
   298.58163005467594     
   298.47196856820779     
   298.35734153133512     
   298.23775118709068     
   298.11320949750808     
   297.98373765533830     
   297.84936554877311     
   297.71013119537440     
   297.56608014950109     
   297.41726488304107     
   297.26374416239543     
   297.10558240956550     
   296.94284906878846     
   296.77561796798136     
   296.60396669466382     
   296.42797598471014     
   296.24772911486730     
   296.06331133013191     
   295.87480928045056     
   295.68231047722924     
   295.48590279365800     
   295.28567395862603     
   295.08171110807996     
   294.87410034879053     
   294.66292634155468     
   294.44827193250421     
   294.23021778831566     
   294.00884206994772     
   293.78422013678551     
   293.55642425826716     
   293.32552335971178     
   293.09158279714063     
   292.85466414199715     
   292.61482499232068     
   292.37211878559737     
   292.12659465638086     
   291.87829730045553     
   291.62726683914701     
   291.37353458089001     
   291.11713882253747     
   290.85810174541444     
   290.59644416300245     
   290.33218185955570     
   290.06532551645643     
   289.79588065756155     
   289.52384761453624     
   289.24922147189807     
   288.97199192818584     
   288.69214337547953     
   288.40965465763230     
   288.12449933240498     
   287.83664536400806     
   287.54605509673456     
   287.25268527059654     
   286.95648689485495     
   286.65740521113440     
   286.35537963099267     
   286.05034359544828     
   285.74222454837383     
   285.43094382550447     
   285.11641645526629     
   284.79855106622961     
   284.47725009982929     
   284.15240905292427     
   283.82391675430546     
   283.49165485547081     
   283.15549802359527     
   282.81531361203548     
   282.47096125932347     
   282.12229271086801     
   281.76915211173048     
   281.41137452060514     
   281.04878698660059     
   280.68120685145817     
   280.30844266910628     
   279.93029287706651     
   279.54654573942514     
   279.15697891828933     
   278.76135943044636     
   278.35944210660102     
   277.95097006886158     
   277.53567197839010     
   277.11326552389073     
   276.68345270872817     
   276.24591977926656     
   275.80033909685659     
   275.34636565100743     
   274.88362824475013     
   274.41175876566740     
   273.93036263126481     
   273.43899580612651     
   272.93722227141456     
   272.42455991096142     
   271.90054149006147     
   271.36463380011139     
   270.81628774169201     
   270.25492175400001     
   269.67992311439281     
   269.09064393810871     
   268.48639878410188     
   267.86646028781166     
   267.23006053104541     
   266.57638324478904     
   265.90456286481884     
   265.21367937820742     
   264.50275584706907     
   263.77075487120635     
   263.01656997009832     
   262.23902062213944     
   261.43685493160342     
   260.60873311326213     
   259.75322360362992     
   258.86880043831053     
   257.95383183557300     
   257.00657396148682     
   256.02515925223651     
   255.00759295269063     
   253.95173406078621     
   252.85529876568441     
   251.71583794305928     
   250.53073271614437     
   249.29718225781590     
   248.01219704192698     
   246.67258747366043     
   245.27491285711511     
   243.81563762334366     
   242.29090061624740     
   240.69666420913492     
   239.02867872333059     
   237.28250806540512     
   235.45354199651882     
   233.53703982196578     
   231.52817009673333     
   229.42208233791087     
   227.21398076563801     
   224.89922758863656     
   222.47347661969090     
   219.93280099694607     
   217.27387049649212     
   214.49412883627696     
   211.59198820821646     
   208.56703899553676     
   205.42022862585549     
   202.15405440613219     
   198.77270765331630     
   195.28216582115115     
   191.69031281320719     
   188.00683792602658     
   184.24318651777315     
   180.41239606386534     
   176.52883138446947     
   172.60786431808540     
   168.66550185716960     
   164.71797099040862     
   160.78129173732455     
   156.87088456871027     
   153.00119425088758     
   149.18544501825534     
   145.43537662240664     
   141.76114483097155     
   138.17125785855637     
   134.67258906397518     
   131.27045184365684     
   127.96871111561391     
   124.76991295538672     
   121.67544437834665     
   118.68571272678743     
   115.80019441255435     
   113.01774203058426     
   110.33660408562166     
   107.75456960155644     
   105.26908088676220     
   102.87731064008929     
   100.57625092011563     
   98.362770017502370     
   96.233667166429782     
   94.185713477310173     
   92.215692961094092     
   90.320425053201859     
   88.496787177704633     
   86.741732954889656     
   85.052300124711905     
   83.425627886782024     
   81.858956008065277     
   80.349623519603270     
   78.895085881339753     
   77.492916022455304     
   76.140749185879059     
   74.836376634702489     
   73.577671468215868     
   72.362608090198421     
   71.189258132941930     
   70.055785991160178     
   68.960444943854910     
   67.901574481817164     
   66.877595335668133     
   65.887006805985067     
   64.928382222611347     
   64.000365718802001     
   63.101668004554853     
   62.231064386270027     
   61.387389910612811     
   60.569537531201952     
   59.776453627115245     
   59.007136732700374     
   58.260634106274246     
   57.536038338986216     
   56.832486759395508     
   56.149157039987564     
   55.485266510971542     
   54.840069264206967     
   54.212854676636205     
   53.602944760365880     
   53.009693533657078     
   52.432484496797670     
   51.870729311073347     
   51.323866293492941     
   50.791359184950089     
   50.272695576585136     
   49.767385924503287     
   49.274962017384958     
   48.794976344899638     
   48.327000701525115     
   47.870625285757853     
   47.425457788786581     
   46.991122536780750     
   46.567259690086892     
   46.153524296740621     
   45.749585824214172     
   45.355127193558971     
   44.969844301467369     
   44.593445276980525     
   44.225649943923216     
   43.866189409392021     
   43.514805160276623     
   43.171249019553009     
   42.835282331205242     
   42.506675679189371     
   42.185208394393293     
   41.870668204014002     
   41.562850835227920     
   41.261559621838892     
   40.966605197867231     
   40.677805176881130     
   40.394983842609314     
   40.117971829860387     
