   305.833180578490118847143771537581802      
   305.833180575208522449485551403157112      
   305.833180532679864089517132468032840      
   305.833180317601823404850585586736174      
   305.833179632578655134427431557843048      
   305.833177969418442227807358124046111      
   305.833174579803515330153867088418544      
   305.833168436153001172723929884630958      
   305.833158097978758589890965763313741      
   305.833141312165118118373138859979237      
   305.833114153098472624983661349979705      
   305.833069624316696950842005817366695      
   305.832995839663004180659241776781420      
   305.832874054758595862976785382970033      
   305.832676856971739508731655973983378      
   305.832366754854869398516262824270649      
   305.831895290162390401745707035865065      
   305.831202679431899805627858965102869      
   305.830217908115520237870438973013771      
   305.828859156693737751845338358344444      
   305.827034429480278110144648250503863      
   305.824642271723481448804125657914805      
   305.821572487886588039082542699297808      
   305.817706804928509734379661525211858      
   305.812919453373609965822876394933420      
   305.807077662916696977684245813264777      
   305.800042087070773455243844573739889      
   305.791667182832768930781350388972492      
   305.781801577119694746045993703087250      
   305.770288452633164698599609987962922      
   305.756965982937291343054614075991336      
   305.741667840913817227794420531633871      
   305.724223797439141525389805714327519      
   305.704460419057164673800441457149067      
   305.682201865408915760264160708409798      
   305.657270779839658071693413202517224      
   305.629489260419554597180714133660274      
   305.598679893808398167276522765974512      
   305.564666831112893192582382689139786      
   305.527276883065398143774922286054701      
   305.486340611391821499328305270242181      
   305.441693393906216508385786572806116      
   305.393176434913304405973450084730926      
   305.340637745469068825550443015195785      
   305.283932975364894311753523905983142      
   305.222926213943597612973277043447211      
   305.157490657060292363272668163896244      
   305.087509169034328965850150076523051      
   305.012874730101193847513267972886159      
   304.933490768103614950561347004647431      
   304.849271375529487156940288570363745      
   304.760141414940649518104129812990878      
   304.666036517629528759788288822405206      
   304.566902981524830527566192945337488      
   304.462697575580325124465452308787944      
   304.353387258626441319148635066135597      
   304.238948821048968037969810783178230      
   304.119368458200382315298302528969875      
   303.994641284212299576183925763866933      
   303.864770795441582954851430339088900      
   303.729768291384901299619163986735254      
   303.589652262229888226572006797189500      
   303.444447750221639434276946632345254      
   303.294185692621115031234055943687086      
   303.138902253312482889509020119593954      
   302.978638148018648412483151245732282      
   302.813437971253600271120006542337212      
   302.643349527172379236032953206045810      
   302.468423171357145252774518829633373      
   302.288711166481804775215649896875556      
   302.104267053632951915535972051534754      
   301.915145045561445339251581880086158      
   301.721399440489841820299476834315273      
   301.523084061159523167331508331786201      
   301.320251716612227007701246589600025      
   301.112953694719813747160115408699270      
   300.901239274116486552406309702186700      
   300.685155268645376328457665174820443      
   300.464745599253063711560817614016681      
   300.240050885035122767392538150130198      
   300.011108069975921658607570248654222      
   299.777950063877321364724060672570291      
   299.540605409195068169450033906365855      
   299.299097972446663169406675991342435      
   299.053446658389411264796109477616082      
   298.803665138667293210260268963699808      
   298.549761600435913472552568047676368      
   298.291738511741567161635926574456638      
   298.029592407641478917016683393016104      
   297.763313664977207796776818888545513      
   297.492886307975046807262800274228798      
   297.218287826329860173527097991803836      
   296.939488992814456661436485413807031      
   296.656453692967534354977938630111791      
   296.369138767650597159634834696344032      
   296.077493811240522892386543092743319      
   295.781461007085016036308492901593110      
   295.480974972429108291124228774733235      
   295.175962611615823065190861220043624      
   294.866342857019467858083553901317113      
   294.552026658452662647606288991922530      
   294.232916643022968570420553210749951      
   293.908906926067463692864054072529120      
   293.579882958560046990205416439202418      
   293.245721284303569742173500942176132      
   292.906289401377262537539678813573814      
   292.561445402869170757276634322130631      
   292.211037669674978663638609690227703      
   291.854904715020241157353979944086531      
   291.492875031996596465058626336120098      
   291.124766328466929809841590817440629      
   290.750385478929492066952245099286953      
   290.369528393385632396783459249636408      
   289.981979124884417387922364588063854      
   289.587509643625737062678810137153359      
   289.185879636080674620169987735514763      
   288.776835774703405575488182100663004      
   288.360111052434916066416385484957085      
   287.935424781600282965808657297026272      
   287.502481212884211924020295737169499      
   287.060969825986501695448049826666261      
   286.610563607831069361914625623055030      
   286.150919441552204405896907711455637      
   285.681676280875658446936127877724901      
   285.202455059850505401985374570844849      
   284.712857522841148409939168272984991      
   284.212465109803187821330424831857714      
   283.700838297321324058764289156697202      
   283.177515126692680763002238718067340      
   282.642010126493258422258069717758364      
   282.093813421252677217779182875442456      
   281.532388898515454706258858207153699      
   280.957172494434367894842427321690912      
   280.367571887261385601737777944163075      
   279.762963080910403631415912033171671      
   279.142690309893265241238550815834022      
   278.506062672901954553536353638427855      
   277.852353096684228839526604437106537      
   277.180795503015749902543468282268311      
   276.490582376144849732901827420361038      
   275.780863049325887661639324520129537      
   275.050739704428992040017420389606545      
   274.299265146943110041582800904478635      
   273.525439694010216706335369481374423      
   272.728207170144392536493695071520924      
   271.906451472858496872997528254889233      
   271.058992986030289168024738065310429      
   270.184583784848319163751378112065478      
   269.281902868783474893139794562536622      
   268.349551669011438394496265151088520      
   267.386049226556099354315718267908323      
   266.389825043223073017967207942231060      
   265.359213913118545873089477038233320      
   264.292450241257612755400821568001630      
   263.187659512561597693857241077627058      
   262.042852086276427776185630229146859      
   260.855914694505427361438180744049070      
   259.624602973857637720489004028977755      
   258.346532486922926748934673842256476      
   257.019170232925219859890001046285242      
   255.639825243752602215375092226359355      
   254.205639749618749443232957728292038      
   252.713580015532964059640827103383203      
   251.160427745537657754068502625144660      
   249.542772371021423440205319553686699      
   247.857003498699199403832880291493852      
   246.099306815564251503112155792132393      
   244.265661677924101589344922903242970      
   242.351841510737581864730309665370660      
   240.353419366365522433875566580218404      
   238.265783181021330935320178049947971      
   236.084152951247608373218358711764604      
   233.803612869551477234357940607185653      
   231.419165406536272419504161820836076      
   228.925779776468742714277760707742464      
   226.318487897715911693533758640020045      
   223.592488266440166463321597369100769      
   220.743287679093197020194720709451693      
   217.766876200948501478350299722179504      
   214.659935860885192241158741213207131      
   211.420094879115431701229307751257821      
   208.046214091037625180743323079413016      
   204.538708696093417168138628947690774      
   200.899888490414147718039531028124380      
   197.134291534294859349549649304103821      
   193.248996921480246027012184695887497      
   189.253843038733724597061942613280603      
   185.161545345818672563898330611723902      
   180.987639170321021437640556318430709      
   176.750212041448615285123418253163949      
   172.469444342737685916186730859474584      
   168.166935995647812688511952547929021      
   163.864912667710615425911465765028710      
   159.585365694746525855986480064749808      
   155.349233112665770732315025747683088      
   151.175695732062793787280797225301848      
   147.081652292168625929495841866386687      
   143.081396911120396079785649385926393      
   139.186494407157684974034055976870687      
   135.405824308997226043069181953910509      
   131.745753319861214348587586615845967      
   128.210392887955088142127145031724618      
   124.801897657461387401373514831966796      
   121.520778211905526975221513894000115      
   118.366202305405467599642912290547831      
   115.336270489833917693749654269659920      
   112.428259767233175170341236077623964      
   109.638832572446397024686839489248056      
   106.964210845309048822605391025151597      
   104.400319267247615579507469344848912      
   101.942899858917280845571341205844633      
   99.5876045437863815314674195298053115      
   97.3300654299408485639689083776880027      
   95.1659502424538452281375239206435657      
   93.0910036033817206432731129745111061      
   91.1010772873528958916073994087493804      
   89.1921522231080952788182340604405696      
   87.3603534914924176655114263148782465      
   85.6019598753480542549993345004219521      
   83.9134089590893973691797345158430601      
   82.2912994416807717641659176672583411      
   80.7323906565101817755836429699668532      
   79.2336002935776645103445973520207357      
   77.7920007628155424730668024029907673      
   76.4048146407002798900111284183431649      
   75.0694088406310467966915119743400864      
   73.7832896431900802156743690182846484      
   72.5440960176587619947181522462353928      
   71.3495936426692334340399505600415762      
   70.1976685734848580039689221800302090      
   69.0863212522902003626913018773373404      
   68.0136604359200179529662758667912426      
   66.9778973148379541733507993400680497      
   65.9773399193620329328752279388410599      
   65.0103876336944334586573766061556882      
   64.0755261211721720930474840788069189      
   63.1713223548278158824310736061362436      
   62.2964199024607773045710433755207850      
   61.4495344826563794968325467224956003      
   60.6294497886166443589477446892970552      
   59.8350136054988584382801264805011551      
   59.0651338697289919332535817182324798      
   58.3187753759057391549183024237062358      
   57.5949563706580225768784143234987968      
   56.8927453024977908367839526583291030      
   56.2112581460609315694571029404458410      
   55.5496554943562550327137041656175369      
   54.9071400084119897925693236669206268      
   54.2829540471165929265004128863216925      
   53.6763772938574418592057942719555108      
   53.0867247835139217338830366844061906      
   52.5133446260173060462822276957871699      
   51.9556165523429676710864216330919500      
   51.4129496706378987405172802838262108      
   50.8847812578115768800296443479880656      
   50.3705748719743465953686282898244234      
   49.8698190968847729050626196358025142      
   49.3820260977345843050480182913918181      
   48.9067303593015987329041794112974485      
   48.4434874758712772336102303016773623      
   47.9918730188573301656846006191059297      
   47.5514815001181146148608516783253554      
   47.1219252496758135429384649713381950      
   46.7028337036433298736274402137162707      
   46.2938523186327105040232079152675805      
   45.8946418169573409876107191252248781      
   45.5048774106217535573114217452497711      
   45.1242480679590433427969644202312292      
   44.7524557588312353747775671079077264      
   44.3892148799414859387933357397634834      
   44.0342515689914744343925053982462034      
   43.6873031960528893753772868582057768      
   43.3481177404010182665098447478065510      
   43.0164533235644090882013625228301430      
   42.6920777028277630018345780096016367      
   42.3747677872804756077213864540364788      
   42.0643092661926876579852587762510758      
   41.7604961122749020494822985448737542      
   41.4631302643480365172904238603384444      
   41.1720212091808720543002208103212759      
   40.8869856575794961485738845796479801      
   40.6078472121993203361282891536544855      
   40.3344360417836528549355050308748062      
   40.0665886008384091971517808489938359      
   39.8041473346263186722995336211268036      
   39.5469604246745144563814109842415697      
   39.2948815305514533697958975607443991      
   39.0477695425120028510351007431695299      
   38.8054883691637029567381129557834828      
   38.5679067138192934547931158586236184      
   38.3348978672479533004705518956191940      
   38.1063395197924533733965479292620402      
   37.8821135642392445004794314445816731      
   37.6621059352725925448463815622957036      
   37.4462064289801218945595248903399146      
   37.2343085472032466733535911741261555      
   37.0263093494636443132290171615381202      
   36.8221093068514128591894792382491534      
   36.6216121611702649889666500621446425      
   36.4247247931784685440973365965806561      
