 0.13628526479685E+03
 0.13628526479685E+03
 0.13628526479700E+03
 0.13628526479836E+03
 0.13628526480478E+03
 0.13628526482493E+03
 0.13628526487383E+03
 0.13628526497463E+03
 0.13628526516627E+03
 0.13628526552868E+03
 0.13628526623801E+03
 0.13628526765602E+03
 0.13628527044388E+03
 0.13628527568056E+03
 0.13628528496426E+03
 0.13628530048070E+03
 0.13628532503081E+03
 0.13628536201829E+03
 0.13628541540377E+03
 0.13628548963509E+03
 0.13628558956509E+03
 0.13628572036778E+03
 0.13628588746348E+03
 0.13628609646187E+03
 0.13628635313039E+03
 0.13628666339297E+03
 0.13628703336155E+03
 0.13628746939992E+03
 0.13628797821655E+03
 0.13628856698105E+03
 0.13628924345674E+03
 0.13629001614098E+03
 0.13629089440481E+03
 0.13629188862368E+03
 0.13629301029260E+03
 0.13629427211997E+03
 0.13629568809672E+03
 0.13629727353872E+03
 0.13629904510230E+03
 0.13630102077417E+03
 0.13630321983828E+03
 0.13630566283847E+03
 0.13630837145299E+03
 0.13631136849474E+03
 0.13631467777490E+03
 0.13631832402577E+03
 0.13632233281320E+03
 0.13632673045416E+03
 0.13633154394231E+03
 0.13633680088419E+03
 0.13634252944774E+03
 0.13634875832494E+03
 0.13635551670900E+03
 0.13636283428666E+03
 0.13637074124570E+03
 0.13637926829697E+03
 0.13638844671033E+03
 0.13639830836366E+03
 0.13640888580374E+03
 0.13642021231707E+03
 0.13643232201090E+03
 0.13644524990098E+03
 0.13645903200624E+03
 0.13647370544817E+03
 0.13648930855311E+03
 0.13650588095893E+03
 0.13652346372018E+03
 0.13654209941620E+03
 0.13656183225665E+03
 0.13658270818540E+03
 0.13660477498500E+03
 0.13662808237476E+03
 0.13665268210905E+03
 0.13667862806928E+03
 0.13670597635787E+03
 0.13673478537996E+03
 0.13676511593610E+03
 0.13679703129253E+03
 0.13683059726967E+03
 0.13686588231020E+03
 0.13690295755077E+03
 0.13694189689884E+03
 0.13698277710715E+03
 0.13702567784134E+03
 0.13707068174801E+03
 0.13711787452803E+03
 0.13716734501055E+03
 0.13721918522372E+03
 0.13727349046407E+03
 0.13733035940785E+03
 0.13738989418198E+03
 0.13745220045257E+03
 0.13751738752300E+03
 0.13758556842789E+03
 0.13765686003628E+03
 0.13773138321243E+03
 0.13780926293552E+03
 0.13789062846387E+03
 0.13797561330490E+03
 0.13806435565292E+03
 0.13815699838641E+03
 0.13825368922761E+03
 0.13835458111739E+03
 0.13845983230289E+03
 0.13856960661090E+03
 0.13868407357755E+03
 0.13880340891912E+03
 0.13892779482303E+03
 0.13905742005271E+03
 0.13919248029592E+03
 0.13933317893849E+03
 0.13947972699403E+03
 0.13963234349176E+03
 0.13979125639136E+03
 0.13995670278610E+03
 0.14012892899988E+03
 0.14030819218464E+03
 0.14049475967769E+03
 0.14068891060701E+03
 0.14089093606238E+03
 0.14110113999570E+03
 0.14131983998389E+03
 0.14154736814223E+03
 0.14178407169036E+03
 0.14203031462870E+03
 0.14228647794252E+03
 0.14255296128760E+03
 0.14283018429357E+03
 0.14311858731093E+03
 0.14341863334950E+03
 0.14373080927318E+03
 0.14405562797287E+03
 0.14439362928265E+03
 0.14474538283930E+03
 0.14511148934758E+03
 0.14549258382527E+03
 0.14588933680003E+03
 0.14630245830157E+03
 0.14673269987110E+03
 0.14718085790040E+03
 0.14764777733595E+03
 0.14813435520663E+03
 0.14864154480914E+03
 0.14917036025720E+03
 0.14972188122221E+03
 0.15029725847318E+03
 0.15089771937001E+03
 0.15152457461145E+03
 0.15217922538410E+03
 0.15286317091790E+03
 0.15357801712711E+03
 0.15432548507438E+03
 0.15510742257040E+03
 0.15592581489872E+03
 0.15678279682293E+03
 0.15768066672410E+03
 0.15862190117158E+03
 0.15960917150175E+03
 0.16064536164678E+03
 0.16173358805198E+03
 0.16287722040681E+03
 0.16407990566242E+03
 0.16534559285709E+03
 0.16667856006177E+03
 0.16808344275481E+03
 0.16956526512115E+03
 0.17112947125160E+03
 0.17278195662431E+03
 0.17452910115638E+03
 0.17637779748431E+03
 0.17833548739784E+03
 0.18041017050820E+03
 0.18261042651819E+03
 0.18494541410581E+03
 0.18742485569752E+03
 0.19005899565628E+03
 0.19285853229878E+03
 0.19583450580767E+03
 0.19899814173829E+03
 0.20236063593849E+03
 0.20593287695305E+03
 0.20972510252214E+03
 0.21374648372004E+03
 0.21800467135484E+03
 0.22250528702300E+03
 0.22725145737273E+03
 0.23224336538966E+03
 0.23747795111405E+03
 0.24294874894957E+03
 0.24864595278804E+03
 0.25455668488831E+03
 0.26066546718291E+03
 0.26695483984982E+03
 0.27340605909119E+03
 0.27999979712215E+03
 0.28671678574165E+03
 0.29353834851315E+03
 0.30044680591802E+03
 0.30742574738484E+03
 0.31446017455416E+03
 0.32153655442201E+03
 0.32864278990158E+03
 0.33576814199125E+03
 0.34290311920641E+03
 0.35003935401866E+03
 0.35716947542628E+03
 0.36428698492642E+03
 0.37138614479100E+03
 0.37846187601900E+03
 0.38550966752271E+03
 0.39252550134883E+03
 0.39950578574046E+03
 0.40644729842734E+03
 0.41334714052748E+03
 0.42020269548885E+03
 0.42701159606259E+03
 0.43377169590611E+03
 0.44048104467458E+03
 0.44713786789651E+03
 0.45374054941350E+03
 0.46028761628592E+03
 0.46677772631922E+03
 0.47320965520269E+03
 0.47958228918948E+03
 0.48589461369967E+03
 0.49214570767221E+03
 0.49833473629325E+03
 0.50446094448449E+03
 0.51052365233711E+03
 0.51652225023475E+03
 0.52245619420127E+03
 0.52832500220375E+03
 0.53412825057960E+03
 0.53986557073455E+03
 0.54553664688806E+03
 0.55114121258724E+03
 0.55667904841134E+03
 0.56214997984054E+03
 0.56755387570113E+03
 0.57289064454140E+03
 0.57816023566173E+03
 0.58336263402557E+03
 0.58849786110046E+03
 0.59356597252615E+03
 0.59856705648067E+03
 0.60350123297603E+03
 0.60836865140681E+03
 0.61316949155279E+03
 0.61790395883421E+03
 0.62257228699517E+03
 0.62717473425899E+03
 0.63171158337135E+03
 0.63618314048748E+03
 0.64058973442734E+03
 0.64493171505090E+03
 0.64920945272267E+03
 0.65342333734387E+03
 0.65757377730269E+03
 0.66166119862830E+03
 0.66568604493922E+03
 0.66964877450302E+03
 0.67354986236021E+03
 0.67738979667179E+03
 0.68116907993737E+03
 0.68488822694202E+03
 0.68854776492461E+03
 0.69214823219954E+03
 0.69569017797515E+03
 0.69917416098980E+03
 0.70260074935236E+03
 0.70597051981477E+03
 0.70928405686241E+03
 0.71254195212217E+03
 0.71574480390963E+03
 0.71889321673944E+03
 0.72198780013106E+03
 0.72502916865058E+03
 0.72801794108410E+03
 0.73095473997695E+03
 0.73384019098969E+03
 0.73667492248093E+03
 0.73945956504269E+03
 0.74219475087378E+03
 0.74488111352843E+03
 0.74751928727950E+03
 0.75010990682090E+03
 0.75265360676688E+03
 0.75515102134340E+03
 0.75760278388571E+03
 0.76000952658707E+03
 0.76237188009746E+03
 0.76469047321317E+03
 0.76696593250157E+03
 0.76919888204451E+03
 0.77138994312418E+03
 0.77353973396681E+03
 0.77564886947980E+03
 0.77771796095398E+03
 0.77974761586161E+03
 0.78173843766303E+03
