 0.13628526479685E+03
 0.13628526479685E+03
 0.13628526479700E+03
 0.13628526479836E+03
 0.13628526480478E+03
 0.13628526482493E+03
 0.13628526487383E+03
 0.13628526497463E+03
 0.13628526516627E+03
 0.13628526552868E+03
 0.13628526623801E+03
 0.13628526765602E+03
 0.13628527044388E+03
 0.13628527568056E+03
 0.13628528496426E+03
 0.13628530048070E+03
 0.13628532503080E+03
 0.13628536201827E+03
 0.13628541540365E+03
 0.13628548963464E+03
 0.13628558956359E+03
 0.13628572036328E+03
 0.13628588745119E+03
 0.13628609643094E+03
 0.13628635305801E+03
 0.13628666323410E+03
 0.13628703303211E+03
 0.13628746875060E+03
 0.13628797699374E+03
 0.13628856477076E+03
 0.13628923960678E+03
 0.13629000965638E+03
 0.13629088381090E+03
 0.13629187179135E+03
 0.13629298422002E+03
 0.13629423266542E+03
 0.13629562965740E+03
 0.13629718867064E+03
 0.13629892407723E+03
 0.13630085106991E+03
 0.13630298555936E+03
 0.13630534404941E+03
 0.13630794349519E+03
 0.13631080114886E+03
 0.13631393439852E+03
 0.13631736060469E+03
 0.13632109693937E+03
 0.13632516023148E+03
 0.13632956682262E+03
 0.13633433243574E+03
 0.13633947205930E+03
 0.13634499984888E+03
 0.13635092904713E+03
 0.13635727192292E+03
 0.13636403973007E+03
 0.13637124269255E+03
 0.13637888997393E+03
 0.13638698973039E+03
 0.13639554911815E+03
 0.13640457434621E+03
 0.13641407073798E+03
 0.13642404280549E+03
 0.13643449433491E+03
 0.13644542848204E+03
 0.13645684787567E+03
 0.13646875472827E+03
 0.13648115095145E+03
 0.13649403827593E+03
 0.13650741837391E+03
 0.13652129298295E+03
 0.13653566403084E+03
 0.13655053375941E+03
 0.13656590484730E+03
 0.13658178053078E+03
 0.13659816472148E+03
 0.13661506212115E+03
 0.13663247833337E+03
 0.13665041996994E+03
 0.13666889475384E+03
 0.13668791161734E+03
 0.13670748079434E+03
 0.13672761391075E+03
 0.13674832406891E+03
 0.13676962592859E+03
 0.13679153577986E+03
 0.13681407161610E+03
 0.13683725319953E+03
 0.13686110212711E+03
 0.13688564188538E+03
 0.13691089791161E+03
 0.13693689765114E+03
 0.13696367060324E+03
 0.13699124837301E+03
 0.13701966471446E+03
 0.13704895557771E+03
 0.13707915915029E+03
 0.13711031592183E+03
 0.13714246870732E+03
 0.13717566269833E+03
 0.13720994550197E+03
 0.13724536719938E+03
 0.13728198037847E+03
 0.13731984018178E+03
 0.13735900438247E+03
 0.13739953343086E+03
 0.13744149048840E+03
 0.13748494148672E+03
 0.13752995522976E+03
 0.13757660346422E+03
 0.13762496091954E+03
 0.13767510534735E+03
 0.13772711773531E+03
 0.13778108233337E+03
 0.13783708669067E+03
 0.13789522186694E+03
 0.13795558248688E+03
 0.13801826686615E+03
 0.13808337716497E+03
 0.13815101961731E+03
 0.13822130453422E+03
 0.13829434648691E+03
 0.13837026470907E+03
 0.13844918300262E+03
 0.13853123013000E+03
 0.13861654003723E+03
 0.13870525195088E+03
 0.13879751093285E+03
 0.13889346779456E+03
 0.13899327980275E+03
 0.13909711061540E+03
 0.13920513103649E+03
 0.13931751909971E+03
 0.13943446062782E+03
 0.13955614971505E+03
 0.13968278903241E+03
 0.13981459059175E+03
 0.13995177625528E+03
 0.14009457814078E+03
 0.14024323959541E+03
 0.14039801579067E+03
 0.14055917443714E+03
 0.14072699663285E+03
 0.14090177796312E+03
 0.14108382932341E+03
 0.14127347809016E+03
 0.14147106934060E+03
 0.14167696691020E+03
 0.14189155514065E+03
 0.14211524024324E+03
 0.14234845167738E+03
 0.14259164458986E+03
 0.14284530136335E+03
 0.14310993385106E+03
 0.14338608590237E+03
 0.14367433606897E+03
 0.14397530012206E+03
 0.14428963456942E+03
 0.14461803998264E+03
 0.14496126506177E+03
 0.14532011060849E+03
 0.14569543423469E+03
 0.14608815587305E+03
 0.14649926289133E+03
 0.14692981714543E+03
 0.14738096132113E+03
 0.14785392702001E+03
 0.14835004349197E+03
 0.14887074669167E+03
 0.14941759000004E+03
 0.14999225608545E+03
 0.15059656962508E+03
 0.15123251169703E+03
 0.15190223468646E+03
 0.15260808077034E+03
 0.15335259988760E+03
 0.15413857124861E+03
 0.15496902483161E+03
 0.15584726663324E+03
 0.15677690398429E+03
 0.15776187343295E+03
 0.15880646921892E+03
 0.15991537286759E+03
 0.16109368224732E+03
 0.16234693981329E+03
 0.16368115809528E+03
 0.16510284070684E+03
 0.16661899625893E+03
 0.16823714126511E+03
 0.16996529079279E+03
 0.17181193674798E+03
 0.17378598918931E+03
 0.17589670676376E+03
 0.17815358909700E+03
 0.18056623646536E+03
 0.18314417498748E+03
 0.18589664472500E+03
 0.18883235688558E+03
 0.19195922424643E+03
 0.19528407860825E+03
 0.19881235694743E+03
 0.20254793681510E+03
 0.20649282728428E+03
 0.21064689059980E+03
 0.21500799693470E+03
 0.21957187250097E+03
 0.22433223597843E+03
 0.22928099404106E+03
 0.23440851366196E+03
 0.23970394510214E+03
 0.24515557025096E+03
 0.25075114800357E+03
 0.25647823252121E+03
 0.26232445081058E+03
 0.26827772399330E+03
 0.27432643926794E+03
 0.28045956752667E+03
 0.28666673641132E+03
 0.29293826611225E+03
 0.29926517648439E+03
 0.30563917186492E+03
 0.31205261198521E+03
 0.31849847221229E+03
 0.32497030245823E+03
 0.33146217778991E+03
 0.33796865537167E+03
 0.34448472899193E+03
 0.35100578853568E+03
 0.35752758194510E+03
 0.36404617917026E+03
 0.37055794092777E+03
 0.37705949000466E+03
 0.38354768632014E+03
 0.39001960336934E+03
 0.39647250834555E+03
 0.40290384417770E+03
 0.40931121407897E+03
 0.41569236647985E+03
 0.42204518486667E+03
 0.42836767351957E+03
 0.43465795101638E+03
 0.44091423983838E+03
 0.44713485938077E+03
 0.45331821945434E+03
 0.45946281451722E+03
 0.46556721813066E+03
 0.47163007823010E+03
 0.47765011329392E+03
 0.48362610918949E+03
 0.48955691473275E+03
 0.49544143981827E+03
 0.50127865241289E+03
 0.50706757671327E+03
 0.51280729002075E+03
 0.51849692184998E+03
 0.52413565192276E+03
 0.52972270869526E+03
 0.53525736724023E+03
 0.54073894909944E+03
 0.54616682039992E+03
 0.55154039028357E+03
 0.55685911088767E+03
 0.56212247546681E+03
 0.56733001795938E+03
 0.57248131190521E+03
 0.57757596911875E+03
 0.58261363986626E+03
 0.58759401082963E+03
 0.59251680537622E+03
 0.59738178164911E+03
 0.60218873324108E+03
 0.60693748669516E+03
 0.61162790136059E+03
 0.61625987043822E+03
 0.62083331732118E+03
 0.62534819571273E+03
 0.62980449027360E+03
 0.63420221414460E+03
 0.63854140878381E+03
 0.64282214336110E+03
 0.64704451392435E+03
 0.65120864224732E+03
 0.65531467534530E+03
 0.65936278456839E+03
 0.66335316513910E+03
 0.66728603469355E+03
 0.67116163292393E+03
 0.67498022091763E+03
 0.67874208002573E+03
 0.68244751124725E+03
 0.68609683438013E+03
 0.68969038725448E+03
 0.69322852519744E+03
 0.69671161975483E+03
 0.70014005828423E+03
 0.70351424335649E+03
 0.70683459148247E+03
 0.71010153285385E+03
 0.71331551042188E+03
 0.71647697920066E+03
 0.71958640555044E+03
