 0.13628526479685E+03
 0.13628526479685E+03
 0.13628526479700E+03
 0.13628526479836E+03
 0.13628526480478E+03
 0.13628526482493E+03
 0.13628526487383E+03
 0.13628526497463E+03
 0.13628526516627E+03
 0.13628526552868E+03
 0.13628526623801E+03
 0.13628526765602E+03
 0.13628527044388E+03
 0.13628527568056E+03
 0.13628528496426E+03
 0.13628530048070E+03
 0.13628532503080E+03
 0.13628536201827E+03
 0.13628541540365E+03
 0.13628548963464E+03
 0.13628558956359E+03
 0.13628572036328E+03
 0.13628588745119E+03
 0.13628609643094E+03
 0.13628635305801E+03
 0.13628666323408E+03
 0.13628703303206E+03
 0.13628746875047E+03
 0.13628797699343E+03
 0.13628856477001E+03
 0.13628923960510E+03
 0.13629000965280E+03
 0.13629088380358E+03
 0.13629187177700E+03
 0.13629298419294E+03
 0.13629423261609E+03
 0.13629562957032E+03
 0.13629718852137E+03
 0.13629892382817E+03
 0.13630085066464E+03
 0.13630298491500E+03
 0.13630534304672E+03
 0.13630794196582E+03
 0.13631079885926E+03
 0.13631393102992E+03
 0.13631735572858E+03
 0.13632108998775E+03
 0.13632515046135E+03
 0.13632955327393E+03
 0.13633431388226E+03
 0.13633944695161E+03
 0.13634496624898E+03
 0.13635088455397E+03
 0.13635721358835E+03
 0.13636396396465E+03
 0.13637114515350E+03
 0.13637876546928E+03
 0.13638683207350E+03
 0.13639535099475E+03
 0.13640432716401E+03
 0.13641376446439E+03
 0.13642366580008E+03
 0.13643403314548E+03
 0.13644486766367E+03
 0.13645616977656E+03
 0.13646793926960E+03
 0.13648017539653E+03
 0.13649287698903E+03
 0.13650604256930E+03
 0.13651967046472E+03
 0.13653375892411E+03
 0.13654830623355E+03
 0.13656331083190E+03
 0.13657877142501E+03
 0.13659468709765E+03
 0.13661105742314E+03
 0.13662788257055E+03
 0.13664516340759E+03
 0.13666290160047E+03
 0.13668109970976E+03
 0.13669976128130E+03
 0.13671889093528E+03
 0.13673849445024E+03
 0.13675857884396E+03
 0.13677915244708E+03
 0.13680022497682E+03
 0.13682180760391E+03
 0.13684391301961E+03
 0.13686655549291E+03
 0.13688975093273E+03
 0.13691351694679E+03
 0.13693787288959E+03
 0.13696283991520E+03
 0.13698844102498E+03
 0.13701470111193E+03
 0.13704164700504E+03
 0.13706930753126E+03
 0.13709771354180E+03
 0.13712689796085E+03
 0.13715689582538E+03
 0.13718774433360E+03
 0.13721948288628E+03
 0.13725215312185E+03
 0.13728579898897E+03
 0.13732046677890E+03
 0.13735620517256E+03
 0.13739306527396E+03
 0.13743110070172E+03
 0.13747036764829E+03
 0.13751092491571E+03
 0.13755283394472E+03
 0.13759615897548E+03
 0.13764096709175E+03
 0.13768732824218E+03
 0.13773531534509E+03
 0.13778500450194E+03
 0.13783647490817E+03
 0.13788980907781E+03
 0.13794509290459E+03
 0.13800241584285E+03
 0.13806187096755E+03
 0.13812355517643E+03
 0.13818756935885E+03
 0.13825401840780E+03
 0.13832301166491E+03
 0.13839466279196E+03
 0.13846909031419E+03
 0.13854641754173E+03
 0.13862677300506E+03
 0.13871029059813E+03
 0.13879711001641E+03
 0.13888737680855E+03
 0.13898124301437E+03
 0.13907886716042E+03
 0.13918041500269E+03
 0.13928605965731E+03
 0.13939598212186E+03
 0.13951037188520E+03
 0.13962942732542E+03
 0.13975335622505E+03
 0.13988237649255E+03
 0.14001671680826E+03
 0.14015661721881E+03
 0.14030233012149E+03
 0.14045412103754E+03
 0.14061226932170E+03
 0.14077706943317E+03
 0.14094883210457E+03
 0.14112788517158E+03
 0.14131457520265E+03
 0.14150926875867E+03
 0.14171235398771E+03
 0.14192424250398E+03
 0.14214537076840E+03
 0.14237620276383E+03
 0.14261723196048E+03
 0.14286898366060E+03
 0.14313201799173E+03
 0.14340693279063E+03
 0.14369436690152E+03
 0.14399500388093E+03
 0.14430957604858E+03
 0.14463886897178E+03
 0.14498372640083E+03
 0.14534505584126E+03
 0.14572383471963E+03
 0.14612111684333E+03
 0.14653804011521E+03
 0.14697583495511E+03
 0.14743583339278E+03
 0.14791947944025E+03
 0.14842834032499E+03
 0.14896411951663E+03
 0.14952867027249E+03
 0.15012401133626E+03
 0.15075234425156E+03
 0.15141607100368E+03
 0.15211781617425E+03
 0.15286044804090E+03
 0.15364710311350E+03
 0.15448121184399E+03
 0.15536652611280E+03
 0.15630714748529E+03
 0.15730755625196E+03
 0.15837264024346E+03
 0.15950772191180E+03
 0.16071858321114E+03
 0.16201148410189E+03
 0.16339317517603E+03
 0.16487089907484E+03
 0.16645237627708E+03
 0.16814577727507E+03
 0.16995966746627E+03
 0.17190294000258E+03
 0.17398469807873E+03
 0.17621413239896E+03
 0.17860035635323E+03
 0.18115222094079E+03
 0.18387810619912E+03
 0.18678569106566E+03
 0.18988174553390E+03
 0.19317188088165E+03
 0.19666035389809E+03
 0.20034987933735E+03
 0.20424153830422E+03
 0.20833448095012E+03
 0.21262617818867E+03
 0.21711227581707E+03
 0.22178674163405E+03
 0.22664203582158E+03
 0.23166933095999E+03
 0.23685877512060E+03
 0.24219976839066E+03
 0.24768124016355E+03
 0.25329190922480E+03
 0.25902050924174E+03
 0.26485597992821E+03
 0.27078761556577E+03
 0.27680517356529E+03
 0.28289894589298E+03
 0.28905980195922E+03
 0.29527920514612E+03
 0.30154920812261E+03
 0.30786243791410E+03
 0.31421207016235E+03
 0.32059179469519E+03
 0.32699578137905E+03
 0.33341864296460E+03
 0.33985539860635E+03
 0.34630143959769E+03
 0.35275249526265E+03
 0.35920460223844E+03
 0.36565407620683E+03
 0.37209748620940E+03
 0.37853163131792E+03
 0.38495351870573E+03
 0.39136034528346E+03
 0.39774948111151E+03
 0.40411845333905E+03
 0.41046493474992E+03
 0.41678672873966E+03
 0.42308176107342E+03
 0.42934807018618E+03
 0.43558379785958E+03
 0.44178718262879E+03
 0.44795655349312E+03
 0.45409032336806E+03
 0.46018698432209E+03
 0.46624510289275E+03
 0.47226331647000E+03
 0.47824032905077E+03
 0.48417490832094E+03
 0.49006588293310E+03
 0.49591214012482E+03
 0.50171262293468E+03
 0.50746632808948E+03
 0.51317230511492E+03
 0.51882965368523E+03
 0.52443752266885E+03
 0.52999510789878E+03
 0.53550165251406E+03
 0.54095644445290E+03
 0.54635881536210E+03
 0.55170814027741E+03
 0.55700383675313E+03
 0.56224536288760E+03
 0.56743221749585E+03
 0.57256393889328E+03
 0.57764010445708E+03
 0.58266032862654E+03
 0.58762426382700E+03
 0.59253159853931E+03
 0.59738205734199E+03
 0.60217539827178E+03
 0.60691141641493E+03
 0.61158993754864E+03
 0.61621082169263E+03
 0.62077395948055E+03
 0.62527927465843E+03
 0.62972671952243E+03
 0.63411627728132E+03
 0.63844795955871E+03
 0.64272180655675E+03
 0.64693788537564E+03
 0.65109629007136E+03
 0.65519714060623E+03
 0.65924058184048E+03
 0.66322678266296E+03
 0.66715593598985E+03
 0.67102825719353E+03
 0.67484398333714E+03
 0.67860337292065E+03
 0.68230670462565E+03
 0.68595427660516E+03
 0.68954640598147E+03
 0.69308342764101E+03
 0.69656569380869E+03
 0.69999357310106E+03
 0.70336744974542E+03
 0.70668772307518E+03
