   482.989325854482766625225197452827150      
   482.989325854498234655481154983509087      
   482.989325855059819086560773405629421      
   482.989325860516629894659871614416646      
   482.989325887322284515814479607128752      
   482.989325967435644092572336083546873      
   482.989325968950923144728365983337527      
   482.989323869000587483507359750182890      
   482.989307850192948596637239475254727      
   482.989234838319703165617012966183550      
   482.988991240619909147032389191093493      
   482.988340383513753647462912203618024      
   482.986868773418190890111880828214612      
   482.983944755005518276885309680216709      
   482.978698901874299191013730424852945      
   482.970029030595203781786544218391545      
   482.956627172589087215944949767987209      
   482.937022557234397768762052248666358      
   482.909633640557683593982069066857059      
   482.872822786203493645558413244832634      
   482.824948604122774302895704904029150      
   482.764412583275586889037817926132968      
   482.689698153082683838322574247814663      
   482.599401502580757041875235397852368      
   482.492254332910921065487555109219155      
   482.367139247763558611090387158451247      
   482.223098760797832091643992447521723      
   482.059338986773178452576337476738873      
   481.875229050427228384557677704026197      
   481.670297145375482857852662946479157      
   481.444224041278696350235322047225057      
   481.196834699915666510357515969510405      
   480.928088533747105623537382582167008      
   480.638068731556699532895148756061321      
   480.326970987881246253684232224468798      
   479.995091904441228332363174998805256      
   479.642817279940093804080032438560102      
   479.270610465927355122137663149423196      
   478.879000936683694522766502712001811      
   478.468573198542967741920077622659139      
   478.039956144570637331424935984505073      
   477.593812936151465604125139702112612      
   477.130831532189109398904827969115235      
   476.651715813608104151217796452104991      
   476.157177490984210813862453047880571      
   475.647928723036129387707829856933988      
   475.124675503611201106611758138270493      
   474.588111815415406991294981064645113      
   474.038914544367264242736479001890441      
   473.477739136822138262436628113918506      
   472.905215973793512608863282559388124      
   472.321947428605976002253502065162097      
   471.728505567173315091349050160712482      
   471.125430446059688200344956983858546      
   470.513228960029631691748504161359004      
   469.892374188084898141052122702860235      
   469.263305185650185497869529035905452      
   468.626427171811647301534268146667278      
   467.982112059399187516779447923438395      
   467.330699278892989092930366425944856      
   466.672496848038638790721824755792395      
   466.007782642759855539073656335574898      
   465.336805826495812151635917217731679      
   464.659788400425010626408212081310073      
   463.976926838382502044345710342151278      
   463.288393773191971218399914695486707      
   462.594339709734617481523086745713680      
   461.894894734673510232972040516842769      
   461.190170205254245978674169098310086      
   460.480260397238423060772723536730935      
   459.765244093547810795633026053865191      
   459.045186106704722315112261502032745      
   458.320138718549676310111402257528401      
   457.590143034431732143698323291291169      
   456.855230240462088903052583814285058      
   456.115422768191210591662898054341019      
   455.370735355485803324291589351160712      
   454.621176007179494971163690793843708      
   453.866746858880096158653502671788740      
   453.107444942485976277458793631523413      
   452.343262857384432260324126092354304      
   451.574189343862850837867217655811898      
   450.800209768984259062131254795443371      
   450.021306533879707606512868238554493      
   449.237459400669269222459200153148075      
   448.448645742427224344148922741622229      
   447.654840724042932056712113302666390      
   446.856017423504633169928586379912581      
   446.052146896375230875499275201088717      
   445.243198156062521416726103949273477      
   444.429138140847539084589480690429935      
   443.609931623914742449792132716326932      
   442.785541080465992873745253479322539      
   441.955926528690769877182415372170301      
   441.121045332455050283409386089808969      
   440.280851940231347310979863036934232      
   439.435297634727843162513185070297030      
   438.584330229431995821658647404758557      
   437.727893927541509457573469856608667      
   436.865928761687746538467505004537213      
   435.998370418460595278956293318687921      
   435.125149902920173661915243452160023      
   434.246193053919486313856768313538817      
   433.361420263254245502278852242239586      
   432.470746077253826171736669596766955      
   431.574078913629046125097312481492071      
   430.671320477445617434226234044563358      
   429.762365378954872275072256297869009      
   428.847100912197539442294830750574607      
   427.925406590486247204273209923841953      
   426.997153381104203293924018825240287      
   426.062203713943062007879258411041545      
   425.120410998150265678914492572672510      
   424.171618866492563474794953830535178      
   423.215660814699860008264408147853676      
   422.252360275822499842178648358130379      
   421.281529094245130731689605433391361      
   420.302968272145134969628742024103694      
   419.316466432545771135194934015433977      
   418.321800051682008617338833259386688      
   417.318732388543803393786182051637193      
   416.307013545324638370112628843405110      
   415.286379277119087999779598993906977      
   414.256551170506380937226776957740311      
   413.217235324671035214217090564005040      
   412.168122425816478048043976329736544      
   411.108886900618899574012845786876005      
   410.039186027283546124041878408019222      
   408.958660010763531711586387547620503      
   407.866930687831723331412964378835980      
   406.763601376838207952041860260209160      
   405.648255734242108140226974228289401      
   404.520457741625844642135724934103140      
   403.379750742092727325570920427846547      
   402.225656553644392993739756824778724      
   401.057675477224559943557287390579064      
   399.875285069255837260708467074417349      
   398.677939975192538825481934538440969      
   397.465071355873180226846281029866192      
   396.236086458622319636545233888795378      
   394.990367864502051893576719234957678      
   393.727273986906678623422721193692665      
   392.446138116504999364027635727178262      
   391.146269131748447429187828452223904      
   389.826951251308932642217776519317122      
   388.487445083046164792701331425737550      
   387.126988481313941345958699348845364      
   385.744797460985114124063711313814528      
   384.340068283615989418014323445754128      
   382.911980005017780394351744851758762      
   381.459698500565097492664114133831075      
   379.982379869451805096284810000371930      
   378.479176363270384418157880646564374      
   376.949243610689502787665397178828945      
   375.391749872987958955335328322848117      
   373.805886730901845728661626914409590      
   372.190883777260588505851807932558245      
   370.546025845906290786437105989443902      
   368.870674591147591113996507739029998      
   367.164295478054162603873617865520260      
   365.426490705711673929441412039940084      
   363.657039199332260040201843345884492      
   361.855946300119922951386873441684486      
   360.023504179435594702105388363211940      
   358.160364493390914563994425413103025      
   356.267627130166987429400316629232930      
   354.346945385659173550768748688735923      
   352.400654960064165713436144790545304      
   350.431920494941720517373024855523155      
   348.444907419478153501987762680037567      
   346.445008124589803739028889320881141      
   344.439035664605643139879075396306371      
   342.435504022234180671294905978099004      
   340.444896617835768173988584171983001      
   338.479953334160552510378049688123142      
   336.555951063883050923855266768594729      
   334.690953375658552237007658470261097      
   332.906002890876609503470543244221575      
   331.225211038350087856344049907961470      
   329.675702176699280518208223854616155      
   328.287361468197045229017569628993499      
   327.092339375849510366725524350998865      
   326.124278766846955531871221591667361      
   325.417255880579941564930490439130808      
   325.004459944486490554335707126395477      
   324.916692609783323655817421994988341      
   325.180814110936562893237041578476035      
   325.818306252272364085212301617511898      
   326.844132935533082580977054888679914      
   328.266053877513095660759585521650384      
   330.084477111726830623817795712464842      
   332.292849926281819419591271549122910      
   334.878501005388221310114613145810684      
   337.823789252771196580487383081007042      
   341.107389054192687189543852162298145      
   344.705564655486410189005886412748978      
   348.593314326773353066380902422441302      
   352.745322380823545203539621761091998      
   357.136693970033255931953996600016876      
   361.743474037142098672947249168135211      
   366.542988774071349878624869613404050      
   371.514035242935230163012103104100870      
   376.636959057048593028949217268819546      
   381.893656390462229358172807346560703      
   387.267519511216470697052792605950229      
   392.743354720272059501510399534940788      
   398.307282236695437651486444892029630      
   403.946628932672168871093036925771857      
   409.649825402907402088333916481326297      
   415.406302599747001854119088947965885      
   421.206400015249704850342350985949923      
   427.041280481799152000488765879864998      
   432.902850720316657483994542782728247      
   438.783692767105340655328467968040919      
   444.677001033604982877806224705033228      
   450.576526255703378668157763764953359      
   456.476526492254451647482733892948398      
   462.371720906428780663506759271753459      
   468.257250834299193119573289281224876      
   474.128643415131005709417522482132131      
   479.981779936325971119739559702050410      
   485.812866836843695229428728953253955      
   491.618408625886632568535099739984117      
   497.395186230527110816746373577876037      
   503.140233285957201415872074138730983      
   508.850818544588466971211936171261737      
   514.524427892499625550506433918495149      
   520.158747798447113371134286753299069      
   525.751651321166340222287096878820972      
   531.301184777817262927835423612186944      
   536.805555408321274618902054746302594      
   542.263120415608022648323436734299036      
   547.672376678977284712411062883595846      
   553.031951282590272915690419947712318      
   558.340593618428896046280621154340843      
   563.597166435397812562415290313612347      
   568.800639703341782273574360791120836      
   573.950082932683050885805685767182197      
   579.044659828703994261084185392734896      
   584.083621651191022206208833914257580      
   589.066303175124349909812035523646716      
   593.992116652329845821886189843583809      
   598.860547866939034366353671256936130      
   603.671151149089487372986096342699961      
   608.423546833489602409419404038725980      
   613.117416355631025895447735385620632      
   617.752498673622306466304090776112501      
   622.328588714557643482625906581069302      
   626.845531613517994965791704464757946      
   631.303222693965695575449821996166061      
   635.701603604709333180427705065951496      
   640.040658678370495309038806330618359      
   644.320414352330857396719413737339549      
   648.540936314736269431892425016208860      
   652.702326470560618641037681109091526      
   656.804722474941492655430228100498444      
   660.848294793896597473037056055834846      
   664.833245188837803749241531945001689      
   668.759804296356038103268548007543418      
   672.628231622687321634788924971039575      
   676.438811783107363431203763094969150      
   680.191855730589855558189913031497646      
   683.887696089136933234264025679997410      
   687.526688417896049084824034402034761      
   691.109208512611503017030009146301488      
   694.635651689122531249792294205251268      
   698.106431204188258262524612907668621      
   701.521977558418442244213869062060807      
   704.882737027894073519837380273049694      
   708.189170495157895854997258866399464      
   711.441752958469466992097464618030460      
   714.640971971329072631845061210814466      
   717.787327018562396054113421548959831      
   720.881328340164772761786831907993297      
   723.923496495006877343327284689432285      
   726.914361012070735288294434089568625      
   729.854459983106529395865582956914090      
   732.744339002685191514953550709537990      
   735.584550664516827725970909100996294      
   738.375653697998307109818128814065217      
   741.118212213270037544927531220768550      
   743.812795366209298824357282475960264      
   746.459976251380443435711398012111600      
   749.060331748080004193064888713156576      
   751.614441747408360934687486758630029      
   754.122888478565234107889747408168739      
   756.586256246242641379932478682780196      
   759.005130711380541756902064727693049      
   761.380098557073377269342208760502400      
   763.711746860905601486480901930465904      
   766.000662830629452278590673494000157      
   768.247433290794644308741339371669803      
   770.452644312501280638379691737554578      
   772.616880813004213489409343327450573      
   774.740726217454335576705124215901047      
   776.824762105887022743884485877010983      
   778.869567895562353976479002832611640      
   780.875720563895621113279672528180355      
   782.843794292570685310887257153849506      
   784.774360273557433722828391964719803      
