 0.12217508597493E-11
 0.14851590907320E-11
 0.17774875274889E-11
 0.18649282010190E-11
 0.24666996964623E-11
 0.27170441799182E-11
 0.22801412457693E-11
 0.14288359160264E-11
 0.13144149037458E-11
 0.18462604237225E-11
 0.19718558196562E-11
 0.19196225475176E-11
 0.25533179003862E-11
 0.12406684467981E-11
 0.22261917603906E-11
 0.17004840038695E-11
 0.55650246850394E-12
 0.93133072065873E-12
 0.21123294226008E-11
 0.17959887112315E-11
 0.15929427327335E-11
 0.20811362705496E-11
 0.15669758808017E-11
 0.22246966896321E-11
 0.90841523700100E-12
 0.25325653928880E-11
 0.23830836887774E-11
 0.28951352608900E-11
 0.25564470719189E-11
 0.43483678137945E-11
 0.74367291042083E-11
 0.15450363929855E-10
 0.30044603136987E-10
 0.58353931359178E-10
 0.10911825586065E-09
 0.20271754930951E-09
 0.36482676097623E-09
 0.64213443747257E-09
 0.11030941693051E-08
 0.18501211148520E-08
 0.30336177476112E-08
 0.48645267537575E-08
 0.76482558251156E-08
 0.11794751946474E-07
 0.17866718488353E-07
 0.26610225981100E-07
 0.39012901893967E-07
 0.56344435055086E-07
 0.80241360958891E-07
 0.11276493830983E-06
 0.15649564655092E-06
 0.21832654131588E-06
 0.28799873833035E-06
 0.38794587677381E-06
 0.52032077241145E-06
 0.68800523591171E-06
 0.89564453692562E-06
 0.11527010337796E-05
 0.14753425225717E-05
 0.18707307889454E-05
 0.23693628356383E-05
 0.29825028247150E-05
 0.37209568489768E-05
 0.45997873749114E-05
 0.56517468055752E-05
 0.69120989346866E-05
 0.84058306661598E-05
 0.10167071503893E-04
 0.12233503026119E-04
 0.14646554960429E-04
 0.17451576566705E-04
 0.20698021319266E-04
 0.24439599903277E-04
 0.28734438335867E-04
 0.33645210302990E-04
 0.39239270076388E-04
 0.45588760608925E-04
 0.52770710046536E-04
 0.60867126583918E-04
 0.69965051791025E-04
 0.80156628660780E-04
 0.91539183018033E-04
 0.10421502207896E-03
 0.11829192731801E-03
 0.13388263226448E-03
 0.15110515056538E-03
 0.17008260651075E-03
 0.19094381274636E-03
 0.21382028415481E-03
 0.23885220996958E-03
 0.26618338206572E-03
 0.29596159267809E-03
 0.32833945411310E-03
 0.36347506008192E-03
 0.40153099216394E-03
 0.44267656519222E-03
 0.48708161892390E-03
 0.53492580716239E-03
 0.58639140829632E-03
 0.64166510674367E-03
 0.70093440354182E-03
 0.76439455549239E-03
 0.83224595291024E-03
 0.90469303741049E-03
 0.98194883293517E-03
 0.10642251851498E-02
 0.11517400170759E-02
 0.12447187016678E-02
 0.13433884872762E-02
 0.14479821420356E-02
 0.15587654862575E-02
 0.16758868715928E-02
 0.17997203768889E-02
 0.19305173098632E-02
 0.20684414354686E-02
 0.22137642524602E-02
 0.23667622680495E-02
 0.25279538677613E-02
 0.26974334691066E-02
 0.28753106457751E-02
 0.30621792040331E-02
 0.32582572756309E-02
 0.34638660765373E-02
 0.36793433367925E-02
 0.39050135465978E-02
 0.41412623142286E-02
 0.43884173669081E-02
 0.46468627679342E-02
 0.49169964122533E-02
 0.51992151995590E-02
 0.54939116397267E-02
 0.58015569050208E-02
 0.61224693618501E-02
 0.64572981579615E-02
 0.68063841683107E-02
 0.71701915958306E-02
 0.75492767256314E-02
 0.79441828756166E-02
 0.83553954384543E-02
 0.87835352289433E-02
 0.92290670388648E-02
 0.96926841800315E-02
 0.10174937592143E-01
 0.10676572975594E-01
 0.11197955250648E-01
 0.11740023346609E-01
 0.12303517827606E-01
 0.12889064311202E-01
 0.13497333960718E-01
 0.14128921192579E-01
 0.14784781135469E-01
 0.15465555641629E-01
 0.16172682834897E-01
 0.16905991011631E-01
 0.17666812049356E-01
 0.18455913159721E-01
 0.19274122470680E-01
 0.20122206694748E-01
 0.21000955977013E-01
 0.21911228120513E-01
 0.22853703228308E-01
 0.23829179460336E-01
 0.24838176577141E-01
 0.25881554145099E-01
 0.26959637084082E-01
 0.28073001345494E-01
 0.29221922777506E-01
 0.30406415392915E-01
 0.31626503775180E-01
 0.32882185459812E-01
 0.34172750057954E-01
 0.35497453458690E-01
 0.36855039174186E-01
 0.38243640209796E-01
 0.39662030886500E-01
 0.41107055867994E-01
 0.42575015846771E-01
 0.44062349913841E-01
 0.45563560797255E-01
 0.47072592328653E-01
 0.48582540131120E-01
 0.50084995175100E-01
 0.51570251968061E-01
 0.53026158420788E-01
 0.54441009025804E-01
 0.55800237407619E-01
 0.57087524044015E-01
 0.58286328078470E-01
 0.59378004875438E-01
 0.60345158768962E-01
 0.61168029746148E-01
 0.61829567987496E-01
 0.62314123371110E-01
 0.62608214611528E-01
 0.62702672188555E-01
 0.62592491330579E-01
 0.62278716681295E-01
 0.61766801258151E-01
 0.61068534781487E-01
 0.60202000863005E-01
 0.59183946546129E-01
 0.58039835806748E-01
 0.56798447949135E-01
 0.55485856710855E-01
 0.54115643634148E-01
 0.52728698131194E-01
 0.51334088071416E-01
 0.49952253548283E-01
 0.48596641013944E-01
 0.47277813661750E-01
 0.46002976961039E-01
 0.44776871014038E-01
 0.43602175894253E-01
 0.42479304798014E-01
 0.41408567825188E-01
 0.40388685730704E-01
 0.39418128852952E-01
 0.38494899761519E-01
 0.37616805297734E-01
 0.36781780697572E-01
 0.35987509496948E-01
 0.35231942002151E-01
 0.34513016555539E-01
 0.33828574346068E-01
 0.33177016615248E-01
 0.32556354423846E-01
 0.31964897050219E-01
 0.31401137678761E-01
 0.30863542307737E-01
 0.30350655015214E-01
 0.29861174778553E-01
 0.29393813202918E-01
 0.28947413379841E-01
 0.28520819482881E-01
 0.28113011952661E-01
 0.27722924791858E-01
 0.27349718593347E-01
 0.26992500474674E-01
 0.26650335188935E-01
 0.26322547532867E-01
 0.26008390994213E-01
 0.25707189398348E-01
 0.25418281443755E-01
 0.25141055526549E-01
 0.24874977952707E-01
 0.24619505737102E-01
 0.24374122904358E-01
 0.24138365654542E-01
 0.23911804567264E-01
 0.23694019978309E-01
 0.23484620832186E-01
 0.23283226858134E-01
 0.23089501843238E-01
 0.22903115440988E-01
 0.22723757728192E-01
 0.22551130195320E-01
 0.22384964550657E-01
 0.22224991354850E-01
 0.22070965599276E-01
 0.21922645126666E-01
 0.21779813318901E-01
 0.21642248485896E-01
 0.21509753821623E-01
 0.21382133138823E-01
 0.21259203089168E-01
 0.21140783820470E-01
 0.21026711326383E-01
 0.20916824948113E-01
 0.20810968059653E-01
 0.20708992434660E-01
 0.20610758805081E-01
 0.20516135227864E-01
 0.20424983611471E-01
 0.20337181344916E-01
 0.20252614882646E-01
 0.20171161682143E-01
 0.20092712998994E-01
 0.20017161641490E-01
 0.19944404354968E-01
 0.19874341779694E-01
 0.19806878434864E-01
 0.19741921985617E-01
 0.19679383115290E-01
 0.19619175400248E-01
 0.19561216045896E-01
 0.19505424278331E-01
 0.19451723187738E-01
 0.19400037678916E-01
 0.19350296130042E-01
 0.19302426532080E-01
 0.19256362610396E-01
 0.19212037925513E-01
 0.19169389890365E-01
 0.19128356703956E-01
 0.19088880253259E-01
 0.19050902063825E-01
 0.19014366221588E-01
 0.18979219765632E-01
 0.18945410490036E-01
 0.18912889587093E-01
