 0.13585192139466E+03
 0.13585192139477E+03
 0.13585192139743E+03
 0.13585192141518E+03
 0.13585192147755E+03
 0.13585192163060E+03
 0.13585192193224E+03
 0.13585192245033E+03
 0.13585192326954E+03
 0.13585192451821E+03
 0.13585192642504E+03
 0.13585192940961E+03
 0.13585193419491E+03
 0.13585194192336E+03
 0.13585195425448E+03
 0.13585197342922E+03
 0.13585200229597E+03
 0.13585204429237E+03
 0.13585210339874E+03
 0.13585218406851E+03
 0.13585229114436E+03
 0.13585242977229E+03
 0.13585260532920E+03
 0.13585282336256E+03
 0.13585308955542E+03
 0.13585340972833E+03
 0.13585378985739E+03
 0.13585423613399E+03
 0.13585475504527E+03
 0.13585535347617E+03
 0.13585603881646E+03
 0.13585681908220E+03
 0.13585770301781E+03
 0.13585870019257E+03
 0.13585982107661E+03
 0.13586107708623E+03
 0.13586248060247E+03
 0.13586404496561E+03
 0.13586578442604E+03
 0.13586771408550E+03
 0.13586984980027E+03
 0.13587220807383E+03
 0.13587480592480E+03
 0.13587766075850E+03
 0.13588079021728E+03
 0.13588421204568E+03
 0.13588794394624E+03
 0.13589200345690E+03
 0.13589640782675E+03
 0.13590117391422E+03
 0.13590631810267E+03
 0.13591185622236E+03
 0.13591780350602E+03
 0.13592417455360E+03
 0.13593098331953E+03
 0.13593824311781E+03
 0.13594596664726E+03
 0.13595416603097E+03
 0.13596285287138E+03
 0.13597203832393E+03
 0.13598173317690E+03
 0.13599194794976E+03
 0.13600269299269E+03
 0.13601397860476E+03
 0.13602581514661E+03
 0.13603821316736E+03
 0.13605118352855E+03
 0.13606473753517E+03
 0.13607888706700E+03
 0.13609364469891E+03
 0.13610902384195E+03
 0.13612503885740E+03
 0.13614170518157E+03
 0.13615903945246E+03
 0.13617705960648E+03
 0.13619578501119E+03
 0.13621523655144E+03
 0.13623543673271E+03
 0.13625640978654E+03
 0.13627818174089E+03
 0.13630078051794E+03
 0.13632423601299E+03
 0.13634858015606E+03
 0.13637384698687E+03
 0.13640007755044E+03
 0.13642730125424E+03
 0.13645556313368E+03
 0.13648490627507E+03
 0.13651537617326E+03
 0.13654702076542E+03
 0.13657989046561E+03
 0.13661403822592E+03
 0.13664951958100E+03
 0.13668639268106E+03
 0.13672471833432E+03
 0.13676456008480E+03
 0.13680598418486E+03
 0.13684905974614E+03
 0.13689385868950E+03
 0.13694045584881E+03
 0.13698892896313E+03
 0.13703935880655E+03
 0.13709182955365E+03
 0.13714642803294E+03
 0.13720324450620E+03
 0.13726237263261E+03
 0.13732390938631E+03
 0.13738795521772E+03
 0.13745461423442E+03
 0.13752399419837E+03
 0.13759620673142E+03
 0.13767136741453E+03
 0.13774959587146E+03
 0.13783101610740E+03
 0.13791575654191E+03
 0.13800394989337E+03
 0.13809573397767E+03
 0.13819125153817E+03
 0.13829065078005E+03
 0.13839408508669E+03
 0.13850171369995E+03
 0.13861370192180E+03
 0.13873022117721E+03
 0.13885144970451E+03
 0.13897757270544E+03
 0.13910878283662E+03
 0.13924528041323E+03
 0.13938727398946E+03
 0.13953498150954E+03
 0.13968862859647E+03
 0.13984845151033E+03
 0.14001469681982E+03
 0.14018762274060E+03
 0.14036749841646E+03
 0.14055460433860E+03
 0.14074923574450E+03
 0.14095170187064E+03
 0.14116233699008E+03
 0.14138146103141E+03
 0.14160943679331E+03
 0.14184664622257E+03
 0.14209347309592E+03
 0.14235034136992E+03
 0.14261768532760E+03
 0.14289596584413E+03
 0.14318567063062E+03
 0.14348731305215E+03
 0.14380143832806E+03
 0.14412862175804E+03
 0.14446947416019E+03
 0.14482464256589E+03
 0.14519481262766E+03
 0.14558071546179E+03
 0.14598312982141E+03
 0.14640288061525E+03
 0.14684085076758E+03
 0.14729798171140E+03
 0.14777527725285E+03
 0.14827381299476E+03
 0.14879473920206E+03
 0.14933928975389E+03
 0.14990878565063E+03
 0.15050464606464E+03
 0.15112839907809E+03
 0.15178168489802E+03
 0.15246627156369E+03
 0.15318406527890E+03
 0.15393711761656E+03
 0.15472764797629E+03
 0.15555807972117E+03
 0.15643095317099E+03
 0.15734909185806E+03
 0.15831552192995E+03
 0.15933352028949E+03
 0.16040662891325E+03
 0.16153867880683E+03
 0.16273381094964E+03
 0.16399649065265E+03
 0.16533153534423E+03
 0.16674413020592E+03
 0.16823983768076E+03
 0.16982461370201E+03
 0.17150480890206E+03
 0.17328716266208E+03
 0.17517879110512E+03
 0.17718714710609E+03
 0.17931998633126E+03
 0.18158528095688E+03
 0.18399114375614E+03
 0.18654569483501E+03
 0.18925692110468E+03
 0.19213249978496E+03
 0.19517958494786E+03
 0.19840459071377E+03
 0.20181295222213E+03
 0.20540888382017E+03
 0.20919516128263E+03
 0.21317294292167E+03
 0.21734160610291E+03
 0.22169861352361E+03
 0.22623989418121E+03
 0.23095939675098E+03
 0.23584964043200E+03
 0.24090181636009E+03
 0.24610611969048E+03
 0.25145201516091E+03
 0.25692855215104E+03
 0.26252464809513E+03
 0.26822924848035E+03
 0.27403161480739E+03
 0.27992139438194E+03
 0.28588875853718E+03
 0.29192444157576E+03
 0.29801978244095E+03
 0.30416667385455E+03
 0.31035778406336E+03
 0.31658616214427E+03
 0.32284545089554E+03
 0.32912979669518E+03
 0.33543381210019E+03
 0.34175252296293E+03
 0.34808134155523E+03
 0.35441601780721E+03
 0.36075262955141E+03
 0.36708752555999E+03
 0.37341731838205E+03
 0.37973884762846E+03
 0.38604917122106E+03
 0.39234551746346E+03
 0.39862531645727E+03
 0.40488612505412E+03
 0.41112567786937E+03
 0.41734179995596E+03
 0.42353246733729E+03
 0.42969576485516E+03
 0.43582981781809E+03
 0.44193301791652E+03
 0.44800367452472E+03
 0.45404023057917E+03
 0.46004122317717E+03
 0.46600524782269E+03
 0.47193097714134E+03
 0.47781715098020E+03
 0.48366256697806E+03
 0.48946608333130E+03
 0.49522661930085E+03
 0.50094314237056E+03
 0.50661467900258E+03
 0.51224030230863E+03
 0.51781913655908E+03
 0.52335034941736E+03
 0.52883316193474E+03
 0.53426683245011E+03
 0.53965066664968E+03
 0.54498401049777E+03
 0.55026625556288E+03
 0.55549682818319E+03
 0.56067519836950E+03
 0.56580087109095E+03
 0.57087339415824E+03
 0.57589234711153E+03
 0.58085734727103E+03
 0.58576804844184E+03
 0.59062413925712E+03
 0.59542534020599E+03
 0.60017140623804E+03
 0.60486212450987E+03
 0.60949731430332E+03
 0.61407682563485E+03
 0.61860053899994E+03
 0.62306836410168E+03
 0.62748023975593E+03
 0.63183613370801E+03
 0.63613603959348E+03
 0.64037997878856E+03
 0.64456799988871E+03
 0.64870017467504E+03
 0.65277660057062E+03
 0.65679739926997E+03
 0.66076271471842E+03
 0.66467271358548E+03
 0.66852758519336E+03
 0.67232753871232E+03
 0.67607280357913E+03
 0.67976362965061E+03
 0.68340028482679E+03
 0.68698305506650E+03
 0.69051224394791E+03
 0.69398817184934E+03
 0.69741117507047E+03
 0.70078160472738E+03
 0.70409982652046E+03
 0.70736622044455E+03
 0.71058117909879E+03
 0.71374510841852E+03
 0.71685842512595E+03
 0.71992155758795E+03
 0.72293494521206E+03
 0.72589903643140E+03
 0.72881428948076E+03
