 0.10000000133514E-09
 0.10000000133514E-09
 0.10000000133514E-09
 0.10000000133514E-09
 0.10000000133514E-09
 0.10000000133514E-09
 0.10000000133514E-09
 0.10000000133514E-09
 0.10000000133514E-09
 0.10000000133514E-09
 0.10000000133514E-09
 0.10000000133514E-09
 0.10000000133514E-09
 0.10000000133514E-09
 0.10000000133514E-09
 0.10000000133514E-09
 0.10000000133514E-09
 0.10000000133514E-09
 0.74576022872363E-08
 0.74576022872363E-08
 0.12687014666052E-06
 0.29480031787305E-06
 0.54283905994800E-06
 0.95104070558137E-06
 0.15950704901404E-05
 0.25741848802551E-05
 0.40148743600994E-05
 0.60740902452111E-05
 0.89422858399610E-05
 0.12845697268687E-04
 0.18049231911788E-04
 0.24855519909301E-04
 0.33609708035969E-04
 0.44701932475542E-04
 0.58550313555283E-04
 0.75627142788052E-04
 0.96444609300475E-04
 0.12154619266636E-03
 0.15152750033865E-03
 0.18700735001376E-03
 0.22863863172400E-03
 0.27714092754010E-03
 0.33326482639562E-03
 0.39774165116360E-03
 0.47139196171084E-03
 0.55505636602741E-03
 0.64959116008157E-03
 0.75587315594784E-03
 0.87489190630896E-03
 0.10113061538774E-02
 0.11589515589656E-02
 0.13222210828081E-02
 0.15023048215253E-02
 0.17000726015571E-02
 0.19170148434362E-02
 0.21538696699519E-02
 0.24121280839469E-02
 0.26922356064567E-02
 0.29969196369202E-02
 0.33255621207723E-02
 0.36817889153573E-02
 0.40641830525838E-02
 0.44765127156726E-02
 0.49184729309940E-02
 0.53928484901293E-02
 0.59001680552822E-02
 0.64424422715246E-02
 0.70209662520216E-02
 0.76374236075188E-02
 0.82933996666776E-02
 0.89905890968637E-02
 0.97301290037591E-02
 0.10513738386077E-01
 0.11345689200049E-01
 0.12223476815356E-01
 0.13153481636225E-01
 0.14136702249950E-01
 0.15172258186375E-01
 0.16265280547256E-01
 0.17417733249301E-01
 0.18628275815009E-01
 0.19900913689114E-01
 0.21241571053994E-01
 0.22646653994386E-01
 0.24124949229548E-01
 0.25674731088469E-01
 0.27304331929454E-01
 0.29007223679000E-01
 0.30796253373654E-01
 0.32663408388378E-01
 0.34624741868188E-01
 0.36670597034494E-01
 0.38817949960969E-01
 0.41059060398440E-01
 0.43401417412922E-01
 0.45844761970957E-01
 0.48402531016698E-01
 0.51064395060280E-01
 0.53853878978622E-01
 0.56747675996912E-01
 0.59783873550959E-01
 0.62959391349900E-01
 0.66253057025860E-01
 0.69687981442771E-01
 0.73284951027585E-01
 0.77012601756037E-01
 0.80919131621148E-01
 0.84975755346438E-01
 0.89219973121404E-01
 0.93641704760519E-01
 0.98267679995101E-01
 0.10308564359273E+00
 0.10811175683927E+00
 0.11339988193433E+00
 0.11899046810389E+00
 0.12499293437124E+00
 0.13156529828070E+00
 0.13911655178181E+00
 0.14757993125749E+00
 0.15718086665070E+00
 0.16785644591787E+00
 0.17793459639314E+00
 0.18611474219421E+00
 0.19291022047135E+00
 0.19880360423723E+00
 0.20411505825088E+00
 0.20901777975839E+00
 0.21367444467798E+00
 0.21814720486668E+00
 0.22249743665365E+00
 0.22677747243358E+00
 0.23099055656865E+00
 0.23516985319244E+00
 0.23932776328381E+00
 0.24347425197069E+00
 0.24762550437855E+00
 0.25177286145710E+00
 0.25593866355903E+00
 0.26011401447335E+00
 0.26430840514563E+00
 0.26852386189646E+00
 0.27276480868662E+00
 0.27702425001257E+00
 0.28131149326254E+00
 0.28562464101452E+00
 0.28995887559519E+00
 0.29432212737120E+00
 0.29870699112886E+00
 0.30311994613615E+00
 0.30755091875302E+00
 0.31199991511609E+00
 0.31647468579186E+00
 0.32096492207679E+00
 0.32547507197854E+00
 0.33000006413826E+00
 0.33453812043003E+00
 0.33908671762966E+00
 0.34364674774491E+00
 0.34821353252461E+00
 0.35278623885965E+00
 0.35736313420295E+00
 0.36194075868869E+00
 0.36651889641977E+00
 0.37109454201542E+00
 0.37566519677376E+00
 0.38023032891774E+00
 0.38478691345564E+00
 0.38933089108882E+00
 0.39386420405032E+00
 0.39838339520329E+00
 0.40288628012051E+00
 0.40737259845387E+00
 0.41183790612362E+00
 0.41628285567048E+00
 0.42070742001245E+00
 0.42510667039374E+00
 0.42948202166891E+00
 0.43383002952196E+00
 0.43815231456240E+00
 0.44244463983728E+00
 0.44670842014220E+00
 0.45094177861325E+00
 0.45514458242135E+00
 0.45931549714191E+00
 0.46345383041989E+00
 0.46755859167530E+00
 0.47162957951510E+00
 0.47566682722290E+00
 0.47966928007144E+00
 0.48363605761035E+00
 0.48756866255965E+00
 0.49146589767874E+00
 0.49532687882389E+00
 0.49915227822381E+00
 0.50294237620985E+00
 0.50669570260825E+00
 0.51041232425404E+00
 0.51409385598215E+00
 0.51773931907122E+00
 0.52134884277242E+00
