   482.989325854482766625225197452827150      
   482.989325854498234655481154983509087      
   482.989325855059819086560773405629421      
   482.989325860516629894659871621307888      
   482.989325887322284515814506940590596      
   482.989325967435644092579268230233511      
   482.989325968950923145092020982179038      
   482.989323869000587490610083377163147      
   482.989307850192948668269838023273665      
   482.989234838319703619686225318053463      
   482.988991240619911198862830462052219      
   482.988340383513760885947644794812336      
   482.986868773418213128639715333004991      
   482.983944755005540947736924888774605      
   482.978698901874583938565232372331656      
   482.970029030597571456548726500030183      
   482.956627172603831761140395355745640      
   482.937022557309409087756837117741257      
   482.909633640879496099827461091750691      
   482.872822787397765285643139247808416      
   482.824948608036343773547156428885605      
   482.764412594792521815475315325123918      
   482.689698183946493168074909895109014      
   482.599401578781695825117029548178614      
   482.492254507941526821836998461696674      
   482.367139624905548135213691127744267      
   482.223099528507559863071415980970764      
   482.059340472088302698736959776010229      
   481.875231796023536166944744991847009      
   481.670302016366321304560655499944689      
   481.444232367996084276166865351999492      
   481.196848462696521853709192284233253      
   480.928110595156868504850889971208961      
   480.638103120538226440347086876268504      
   480.327023239065132553626489773439548      
   479.995169454370855683973142327688186      
   479.642929920332600253903917454645998      
   479.270770852410361696162129078493232      
   478.879225149805632141529850534298859      
   478.468881352338823558446322450243835      
   478.040373036649552209596651499482880      
   477.594368740394494577196887379880586      
   477.131562487690012053746644776166687      
   476.652664974660971884128057493088532      
   476.158395460276684899981923790759758      
   475.649474393079859988839253148274514      
   475.126616792423086142962532423440388      
   474.590526384128175077113042725783862      
   474.041890516845981437495447177144703      
   473.481375767336662536776466169905998      
   472.909624305959825684754688271948158      
   472.327250921085612468857489013787141      
   471.734840689330334546044800542249380      
   471.132947243813043065958049004397513      
   470.522091593280189042614751126231334      
   469.902761441924278724140455631628536      
   469.275410958622647111561392779758510      
   468.640460945103278405360633085493396      
   467.998299351378895760837791729221165      
   467.349282089531410978285192778738798      
   466.693734098700052777316322879920007      
   466.031950615863607867832630534333242      
   465.364198610362443206057844462501448      
   464.690718343866209534346619070017339      
   464.011725019198202246206778274860571      
   463.327410485754894034783368267792008      
   462.637944973815672584988772902221401      
   461.943478830125575369935370070083606      
   461.244144234560231870208215794953432      
   460.540056877837299479192067523292640      
   459.831317583240391173637189620036055      
   459.118013861562112623228955245075341      
   458.400221386183885906040612989987006      
   457.678005380736879909876385219906254      
   456.951421914889005204396087471147675      
   456.220519101158369309738913007975646      
   455.485338192289671137689942099143280      
   454.745914579041622975866425278509121      
   454.002278686687465629379379384979983      
   453.254456774119266695108489864909513      
   452.502471637995608178676998652419602      
   451.746343220580175269041969928297448      
   450.986089130652486993173839164138955      
   450.221725081715685044030550777499533      
   449.453265248774581737820797342353039      
   448.680722552185701785265636508471862      
   447.904108872236868390554538558378760      
   447.123435196601586404945270836632989      
   446.338711717735553084725506715025209      
   445.549947863163489496140657012252313      
   444.757152280136747071974332323185949      
   443.960332786420211000808729625929044      
   443.159496273927034232762450001970413      
   442.354648578807820293298456015385588      
   441.545794328294224888282286237098828      
   440.732936742257823520836415875997980      
   439.916077406646107315944186201889147      
   439.095216060601400551316638608348146      
   438.270350344675339484349706412083874      
   437.441475529742530627167824677031146      
   436.608584238149240629779505553081837      
   435.771666165754822529754880348190571      
   434.930707789799042824935878887223983      
   434.085692007336846885434251172675359      
   433.236597886909651392756351402973641      
   432.383400313669458832569803735367045      
   431.526069814943464746374808983882838      
   430.664571973437427507296846817657094      
   429.798867266115173299270543132886279      
   428.928910782259513669901326423101311      
   428.054651851773880789766596945480899      
   427.176033572811151946929969666827634      
   426.292992676648140027037677873276500      
   425.405459232302655797837841119931250      
   424.513355992671364936818214159658658      
   423.616598356192806621939330184465638      
   422.715094038762801186489447178905742      
   421.808742482881456321759478832290681      
   420.897434584470201469270794352393518      
   419.981052645565624012160459915927623      
   419.059469429747493822604356899655330      
   418.132548423652902658917292260386215      
   417.200142862656449479195374644429292      
   416.262095883667542606039159225793363      
   415.318239590360038848042166368703139      
   414.368395221055454223787954708651687      
   413.412372043007738191238094373442207      
   412.449967644331653588410159089539344      
   411.480966727111456312141262215560170      
   410.505141347567426585618699007771405      
   409.522249861739691332410064568510001      
   408.532036645394682004187509744571688      
   407.534231548837730865039439292925403      
   406.528549326699561578769055532703708      
   405.514689079600104085078330574204871      
   404.492333507046859015225630174599953      
   403.461148590460948478520401745672398      
   402.420782283480732276545566866316033      
   401.370864868518417170252758450106117      
   400.311007118628518896284826045047434      
   399.240800299681655041357620393082440      
   398.159815070742858056077893748662199      
   397.067600828831983229662778624321618      
   395.963684915670215170195263206573652      
   394.847571547824281242922820770668784      
   393.718741406521007718355683887920785      
   392.576650162054987613513518234058808      
   391.420728276075347215505820710861707      
   390.250379722060371893744108980378550      
   389.064981217763680388046413651913391      
   387.863881726312849540293492684115675      
   386.646401230821177648184238181215719      
   385.411830641193011775992264473240471      
   384.159430906852984797539098833646060      
   382.888432652725452144023132762670565      
   381.598036367630934136824370118788335      
   380.287412261505945020965486303867512      
   378.955701127728980779140524071125003      
   377.602014821040598395041280166602349      
   376.225438278942727647032071593356830      
   374.825031323797177236830702055139104      
   373.399833080465162180512048276399990      
   371.948865078753619562555020848373144      
   370.471137657072612530340174077579224      
   368.965658013435437655098751295799836      
   367.431439720261237550306446703152476      
   365.867515857200260086251823332648334      
   364.272955169856554475867565548048138      
   362.646882686777053806017686155056576      
   360.988505031880490981205157504665165      
   359.297143081581610881570640852929259      
   357.572271859862671544715599136504651      
   355.813569536459460283512023525523579      
   354.020978488754397463757895605123999      
   352.194779710573626203309857126669995      
   350.335683174841459732917087908211739      
   348.444936566675203082407808486649010      
   346.524457103615307400056492550281297      
   344.576986271038466438552983595865117      
   342.606264875230682137557084681643979      
   340.617266785417765531242699746493839      
   338.616400300839217589913621018323705      
   336.611792735572644733708974367483181      
   334.613561363262448615926282948137958      
   332.634095424075401523825679520382448      
   330.688321200683532250562203055557700      
   328.793922921397900445768594620535253      
   326.971483317101172189422266512075586      
   325.244497525038209613240145268894013      
   323.639213932572986549412551197667473      
   322.184258154571285348748866863611311      
   320.910004717616400924066950531175156      
   319.847694436525931762111894889091675      
   319.028325973295120511846940267862919      
   318.481391891269313806979904804866007      
   318.233576129736780902156315938309407      
   318.307546604842866662880765221145437      
   318.720980640723218749279191293902299      
   319.485929082313053786977912589386125      
   320.608576346235515476320539520048398      
   322.089388620686734589912094873832657      
   323.923592167640992943875517322270320      
   326.101887266788409629833864867423263      
   328.611291958904440762628602749087026      
   331.436019417679347984275542285823013      
   334.558315066506638501454456319748626      
   337.959198168744317214697021776462492      
   341.619091007890961211841644198750132      
   345.518321450831994647734393763765165      
   349.637510103206481488117886783007545      
   353.957851421210516465772485167654252      
   358.461308656334315775783072805314397      
   363.130739066886082072496477925202916      
   367.949962747070098939873175604654884      
   372.903792716036615882016401663077747      
   377.978032945787135583656083701384246      
   383.159455226700844399045590347904997      
   388.435762982053288130981969909211874      
   393.795546726209523764837172478292456      
   399.228231441336305105820861400444648      
   404.724024485939454134396885783151653      
   410.273861886208677205590206288796722      
   415.869356537334624923472355689450563      
   421.502747157366642213418892408369839      
   427.166850492181640150969220995416934      
   432.855016748639620658051064129289354      
   438.561087741612587895028668785444243      
   444.279358163270496039241724049973150      
   450.004538852650186114017569347578101      
   455.731724583479918041816566381316374      
   461.456365125830453988825234535247763      
   467.174235004255756627091780898926991      
   472.881409744129789758274512154789176      
   478.574242842594570949477693009034197      
   484.249344605433444819773400141535694      
   489.903563064525703637046175849633636      
   495.533966263123782444980315940265677      
   501.137826363650342248033040812538897      
   506.712605864761953688696157106363890      
   512.255943574895656298184846422592870      
   517.765642655057858163892786881912658      
   523.239660150960565866276406095606751      
   528.676096430578153730443079197872915      
   534.073186372348981158787687777993415      
   539.429290801386566026026455999703027      
   544.742888107206771780567888732166103      
   550.012568817821428950464842240196478      
   555.237027389198438611773819591815813      
   560.415057338192971524282769361967708      
   565.545545380582623719892291201441179      
   570.627465786893930458574158260405588      
   575.659876769771975533230637261857065      
   580.641915267943573728966494621364139      
   585.572793271462469607422609464556830      
   590.451794171552784553656111257175815      
   595.278268522977129746762106979757251      
   600.051631907750997126277214978312681      
   604.771360297326105061163762971248438      
   609.436989589782539561177087182015746      
   614.048109838975513862417720973944395      
   618.604365113108289947695251476140291      
   623.105450114489949944631926564298256      
   627.551107884933555088090136008220997      
   631.941127536817265378728780049625316      
   636.275342835421120724991263379913358      
   640.553629729385496086299240319275857      
   644.775903648938912483868851439459183      
   648.942120185064803587973241221638556      
   653.052270551750369510162013149179774      
   657.106381059074021477029074109721191      
   661.104512629473386172932791556033884      
   665.046756954139853516442426922334488      
   668.933237402337220216840551441862191      
   672.764105976679392000649651066707420      
   676.539542473044128097703428608489587      
   680.259753550247659010117752474238674      
   683.924970469146906440132930619954057      
   687.535448938000891359712964456839224      
   691.091467236454186397547912725427644      
   694.593325231270610632984436722119871      
   698.041343319497969265650166385564545      
   701.435861218805271616481347863349031      
   704.777236983050370694923260222817269      
   708.065845915718687616008114041442658      
   711.302079663170065844922788979965172      
   714.486345303049688055208307067599294      
   717.619064087970664917507244233583692      
   720.700671013132880865622965518216323      
   723.731613479442694309090877136855756      
   726.712350770286131425492810790352693      
   729.643353145486356132213955873196804      
   732.525100934161562247562884732592151      
   735.358083797443408422710022727594406      
   738.142800201296949173654976151123777      
   740.879756374983438085698353648908843      
   743.569465825339453253546566742925945      
   746.212448573322287235622728908492029      
   748.809230599984695643996898108209618      
   751.360343066278285526706722765422853      
   753.866321864596307994744001477924509      
