   6.91360382032448847522976250442333937      
   6.91360382032448897452856100055816334      
   6.91360382032452743201328781372421293      
   6.91360382032516444341181800519017037      
   6.91360382032990751712095170069107785      
   6.91360382035170981779289176704701914      
   6.91360382042467998402730047340781464      
   6.91360382061958405575426265455258135      
   6.91360382105548862151155589056489316      
   6.91360382188595357240623354966487994      
   6.91360382321898980226124803848727943      
   6.91360382491702757129606571097652635      
   6.91360382622650346014924898005335312      
   6.91360382520635178998693076880377856      
   6.91360381795271752132857274799695178      
   6.91360379764466425287068690311705143      
   6.91360375345691106824674188064525336      
   6.91360366939923728873702538627555106      
   6.91360352314906093077809732662989012      
   6.91360328494557195185316526541056912      
   6.91360291661218425479282048506149010      
   6.91360237076947482949916413265128033      
   6.91360159029283329015208744715618900      
   6.91360050805784786282760101869211226      
   6.91359904700104580669939962486282498      
   6.91359712050584262432544863871393811      
   6.91359463310340496805793603225045450      
   6.91359148145901655851457645404276617      
   6.91358755559736305367688791181705580      
   6.91358274030628991349456701275529969      
   6.91357691665109456647529844132834220      
   6.91356996352812847554613558983960527      
   6.91356175918897234375118466223563563      
   6.91355218267312458487580505627975813      
   6.91354111509712096457492539268880006      
   6.91352844075988855269443379505427888      
   6.91351404803698096804464623603148409      
   6.91349783004869668753352446502195026      
   6.91347968509884089068499891045222716      
   6.91345951689030654582401243546263591      
   6.91343723453207339458414938276450651      
   6.91341275233587811525467771326719126      
   6.91338598955041803094048325489839799      
   6.91335686976782865586215012629811382      
   6.91332532039799889901749267373909082      
   6.91329127197446019764792381385798921      
   6.91325465741686889133193062582718465      
   6.91321541125656959082900738459954920      
   6.91317346884521901401879838502951191      
   6.91312876556331027590897931251554596      
   6.91308123604241472092958054010293906      
   6.91303081341211037122999494251835695      
   6.91297742857999552443565815443649484      
   6.91292100955005232677383965014236008      
   6.91286148078321313222688745589789613      
   6.91279876260156005435109666053539007      
   6.91273277063579826699677705654859463      
   6.91266341531515079703742907299669555      
   6.91259060139639195460009281984907553      
   6.91251422753013879502588058195474616      
   6.91243418585848016951626731384281154      
   6.91235036164207218022296815447259681      
   6.91226263291045959148806981056195764      
   6.91217087013226234846669784534492124      
   6.91207493590132110495951732759797401      
   6.91197468463076615984540505933246489      
   6.91186996225778771604558903787100383      
   6.91176060594711028699226095664057299      
   6.91164644379622254572932475060876827      
   6.91152729453716390038268753398057816      
   6.91140296722674401100345363911625752      
   6.91127326093298460524717622742274674      
   6.91113796440406082469883165257802895      
   6.91099685572759263026428131697316528      
   6.91084970196523955684910184536975980      
   6.91069625878072128524110056178864562      
   6.91053627003967533766196040252606774      
   6.91036946738387279777875838371451769      
   6.91019556979401060432504592636631579      
   6.91001428312831865963343275299679054      
   6.90982529963729230963465067445665618      
   6.90962829743976618927714947382629360      
   6.90942293997344338865129608390917270      
   6.90920887543242324545071122267286172      
   6.90898573617207997206275976698464587      
   6.90875313807993937876177858310704189      
   6.90851067991350493093839386247869247      
   6.90825794262333774926610110962364455      
   6.90799448864921188199656364119281274      
   6.90771986109428128037085073455424595      
   6.90743358297278554275546827880222217      
   6.90713515638438350155557751931772522      
   6.90682406164408112273485335660827781      
   6.90649975640519643912367381883872542      
   6.90616167471472938724677469398565336      
   6.90580922593634625062881071173054709      
   6.90544179363351303021794997833775072      
   6.90505873487595959104035576993776958      
   6.90465937865570940994422339658370448      
   6.90424302487136506312084854193400649      
   6.90380894311309715981261439921533891      
   6.90335637146285765772519275256282271      
   6.90288451475937299547182073442201490      
   6.90239254342567300818198757919454254      
   6.90187959191388546382606553025821451      
   6.90134475743444395408572373849304306      
   6.90078709770213949829051578862665645      
   6.90020562933460632423352943458517477      
   6.89959932660737580514964924418972114      
   6.89896711923286324331394366544420684      
   6.89830788953420292129714243823298296      
   6.89762047162595798921724135218156881      
   6.89690364893530082324813288253117809      
   6.89615615103898838909667732334681966      
   6.89537665165102818868074132968504699      
   6.89456376732208002596923568373175164      
   6.89371605199018962787687057141043660      
   6.89283199757571434416105606311397164      
   6.89191002787436513109352300297405258      
   6.89094849799030186550379810280586377      
   6.88994568883124857919607603942620673      
   6.88889980602984624318229472083693589      
   6.88780897399459274781266983204126818      
   6.88667123442216477271339135129306047      
   6.88548454006083860981277053488442715      
   6.88424675285324074592061000297412036      
   6.88295563738591535723669550144090226      
   6.88160885869635198813742766625718039      
   6.88020397512770279564940366501639065      
   6.87873843494610646560673061256854954      
   6.87720956968400010156913577443568539      
   6.87561459066608531134421765201379466      
   6.87395058133517061797511888650304209      
   6.87221449190141577188576073559605272      
   6.87040313273368179019668373602939322      
   6.86851316820714008111706558050361007      
   6.86654110966380761765925542658260448      
   6.86448330734684533606496511802239454      
   6.86233594425365634657776437540495385      
   6.86009502665656665351869632729659321      
   6.85775637692363631449848191030691350      
   6.85531562353838608916188933845489981      
   6.85276819415428260403137336963352343      
   6.85010930430302047887604294105791821      
   6.84733394798813637704785090286625329      
   6.84443688890479994782186967256216676      
   6.84141264851790828721214238404357079      
   6.83825549476740806033851683841666527      
   6.83495943222244783496598604444355560      
   6.83151818942499957714281348643416630      
   6.82792520892020922355487155582286051      
   6.82417363194175706394523257972816976      
   6.82025628830945589500990309839562517      
   6.81616568326502951632334762052847307      
   6.81189398450385372986773354991534026      
   6.80743300985205713646805346522597856      
   6.80277421454738443085591730320542595      
   6.79790867912267767374782147445478411      
   6.79282709714252194235880298791463905      
   6.78751976452417161451072174827489204      
   6.78197656848224761137806618870982582      
   6.77618697874744123548244507741907622      
   6.77014004022912143440454785706929319      
   6.76382436703340655941509445923777852      
   6.75722813963532150830926218684097023      
   6.75033910339148652034345021223704947      
   6.74314457519908016095822952106154488      
   6.73563144701863977228875716820419129      
   6.72778620092715309765582836190462803      
   6.71959492662959299697401390075223653      
   6.71104334727753026398892948721791886      
   6.70211684772667395879319844685110381      
   6.69280051766881534831800449115378046      
   6.68307919394202279774388586816203347      
   6.67293751637599286290728518406394225      
   6.66235998245040168930040274004846572      
   6.65133101522639055850500926111510861      
   6.63983501993378377068507896419183359      
   6.62785645082543066927005279052770147      
   6.61537985260546956051201378962347069      
   6.60238990290014937582527638218808243      
   6.58887141857533407634362668899086930      
   6.57480933383647528380675490096362892      
   6.56018865179614428772459746602613816      
   6.54499434457208307980567648671566019      
   6.52921122285163756266383877521824116      
   6.51282377742257483685626606317520237      
   6.49581600501124139919775081848792736      
   6.47817123229033748491571822304605735      
   6.45987196794926883707715638165295310      
   6.44089979117584493686497080994284039      
   6.42123529490803663745395369161211775      
   6.40085808668030193399735333794609086      
   6.37974684670737556834210293087187889      
   6.35787943464317397305331319875216764      
   6.33523303287243807953326924312535716      
   6.31178431265057959542617320602632403      
   6.28750960836052900989863187172827362      
   6.26238509254144546917384606511070804      
   6.23638693579875592909294223642547115      
   6.20949145118214095649904138439149347      
   6.18167521646062207605759648140746380      
   6.15291517394462855367024590938338945      
   6.12318870673939207271850786911468430      
   6.09247369431901298965442775481884365      
   6.06074854883376725707172744962233369      
   6.02799223461694507327870040287607404      
   5.99418427427979287313178740836622211      
   5.95930474374140575574146317825152386      
   5.92333425806530768934183042498509114      
   5.88625395111730932829201373097293699      
   5.84804545035064879634872092777410767      
   5.80869084865373777236473518839509400      
   5.76817267402837731314077447713929280      
   5.72647385840239518199224332711259664      
   5.68357770642232786538590396238718143      
   5.63946786444688266715712361702933066      
   5.59412829074371522366875162033609775      
   5.54754322653329267594557535734260440      
   5.49969716860576883985205817021651193      
   5.45057484333526167119342593019682156      
   5.40016118231145971510633069339692642      
   5.34844129957921627145083160018470685      
   5.29540047033664176787599929696456935      
   5.24102411130188100860455129545819672      
   5.18529776238105376498448396061762006      
   5.12820706985503521524437950657673172      
   5.06973777085011041847623723333217765      
   5.00987567900640680227342962727369196      
   4.94860667132939521437232945502149278      
   4.88591667612983510674613507830021140      
   4.82179166191598907317174155246215482      
   4.75621762725601113265576162152756501      
   4.68918059143297880641667451486271565      
   4.62066658592996098003700010711947439      
   4.55066164658921650479235030616076757      
   4.47915180646969838269641493401057219      
   4.40612308927114752739486823001013331      
   4.33156150332784722572067474077927756      
   4.25545303612618162055654163290457398      
   4.17778364923698147835730571132167133      
   4.09853927370077590898465429261857537      
   4.01770580583661183287717625832554836      
   3.93526910330307361711983311570903871      
   3.85121498162585470194235623147840967      
   3.76552921085501821032337670948718188      
   3.67819751266348576359052335742997167      
   3.58920555755745844915142484280080758      
   3.49853896237519944179765595448958530      
   3.40618328798507352796873145589664763      
   3.31212403720002114465670512207795451      
   3.21634665279340106085546143932957079      
   3.11883651575896210079801646252684970      
   3.01957894368329618195417940827309921      
   2.91855918919000323963540588122390438      
   2.81576243862948553551331302344457616      
   2.71117381079534929824351318844669019      
   2.60477835575874832195402366826846900      
   2.49656105382636226293260561429853334      
   2.38650681454199646884395179119997068      
   2.27460047577807712627420963171363924      
   2.16082680305388813587808185413904176      
   2.04517048859433350382738777946961582      
   1.92761615072832485545398415368391889      
   1.80814833329501592463693310281753957      
   1.68675150503580589477967093613964391      
   1.56341005907401542588087628310660941      
   1.43810831244692041033694888923332873      
   1.31083050567324509225048376075535103      
   1.18156080233808277532145074015939349      
   1.05028328876754738416702042499099918      
  0.916981973668107609309136075041179438      
  0.781640787904562137474206541256519077      
  0.644243584128281832883421070563668915      
  0.504774136637687765177740206784561349      
  0.363216141130198137344692049451420289      
  0.219553214517299726812089941758222299      
   7.37688947640567220714340001049075334E-0002
  -7.41533592712535820618535927014630825E-0002
 -0.224230167925777456881852483162756102      
 -0.376478230879120721417660521241582869      
 -0.530914327225028378359035265949197430      
 -0.687555315533517803382682103913145851      
 -0.846418133952995316421712927288548783      
  -1.00751980020855459465939271906468946      
  -1.17087741167595282207389356230278992      
  -1.33650814538074982569756481824718501      
  -1.50442925802465005501655273184629346      
  -1.67465808598136144767314642375246312      
  -1.84721204528090652939623242887122096      
  -2.02210863161991773894741376208594770      
  -2.19936542029120175753977910259745219      
  -2.37900006620366369900034325923518903      
  -2.56103030379833972630072450555664431      
  -2.74547394700426187170635832682320968      
  -2.93234888922007070852730838971724964      
  -3.12167310321167778294702837132216238      
  -3.31346464106084735227287329397127168      
  -3.50774163410564154918124945159686574      
  -3.70452229282903224977762262672042920      
