   482.989325854482766625225197452827150      
   482.989325854498234655481154983509087      
   482.989325855059819086560773405629075      
   482.989325860516629894659871512456719      
   482.989325887322284515814258076278631      
   482.989325967435644092535483725878461      
   482.989325968950923143319373847050237      
   482.989323869000587462036582574947961      
   482.989307850192948419526525620134720      
   482.989234838319702214822239386279620      
   482.988991240619905387855059794417256      
   482.988340383513741069275315843148094      
   482.986868773418191529432506467827855      
   482.983944755005247698695712676403776      
   482.978698901871880940429040135590411      
   482.970029030578780589302511198086144      
   482.956627172500149410281903192999764      
   482.937022556835609660295826685527351      
   482.909633639032418214441608846819573      
   482.872822781107377995613093724849912      
   482.824948588959184313141137307145807      
   482.764412542453755481562665109131383      
   482.689698052347903883319558136877723      
   482.599401272230358628406261859464280      
   482.492253840313229183372426856798289      
   482.367138254988342196527871347595403      
   482.223096862656849121509906587733684      
   482.059335524351591804762743467165125      
   481.875222995321567897983697548010100      
   481.670286950361279946725597374335032      
   481.444207453989764849111268459634580      
   481.196808537270922801907234933885728      
   480.928048416229609561983701288112411      
   480.638008777933452559055875112266199      
   480.326883472458225649412379095112221      
   479.994966880373868680655730886641938      
   479.642642173392125230512753332825539      
   479.270369646914634581488648067285819      
   478.878675273216606764679977893363593      
   478.468139591218152583174780278758556      
   478.039387095887640013677037873015356      
   477.593076080650523105322276206760512      
   477.129889180555495479340968416121111      
   476.650524549347227537931353943020450      
   476.155687763264842383096351196722042      
   475.646084473067816568867269003606090      
   475.122413821464193439943332402506023      
   474.585362629281218036602636982115265      
   474.035600343222936941191212847496109      
   473.473774726228392536371889204860950      
   472.900508263657044091048304685426815      
   472.316395250673712440432795379717871      
   471.721999519352397667767652142385646      
   471.117852759925694273318293146735039      
   470.504453387330434566520291231649673      
   469.882265901900829054859899607948625      
   469.251720691449136881755743552423232      
   468.613214223687082438307995724861068      
   467.967109576815265401900681342495589      
   467.313737259695054477381394910243325      
   466.653396273061686043376453074201182      
   465.986355368711087848409386178411976      
   465.312854463294675819072149055391239      
   464.633106170304730243980821602368431      
   463.947297414368539148243813003729854      
   463.255591094124441190284709355031505      
   462.558127771441763531881862237687949      
   461.855027355102456042804430329074203      
   461.146390763417377722208899556640483      
   460.432301545867666506033955586125043      
   459.712827444409628914173598483792140      
   458.988021890242129008340860232427983      
   458.257925416808424698165082691630824      
   457.522566988962318102194174614030819      
   456.781965238513558992046020339330642      
   456.036129602184683923672039355735599      
   455.285061357716272677267924095903107      
   454.528754569009260265491642535926953      
   453.767196925558050462840066449519099      
   453.000370490146636774505909030107685      
   452.228252350874601018909460589366636      
   451.450815176891031303724316706556415      
   450.668027682532300406649736415176197      
   449.879855023005858621679709862767968      
   449.086259102331064713847769984026871      
   448.287198807087668138174051562993693      
   447.482630168609185752410332921139114      
   446.672506475917567465034880961297174      
   445.856778317259859931541608069860480      
   445.035393531130912611606589500317957      
   444.208297172750637918029440549648551      
   443.375431397952371124213477508876027      
   442.536735311384311176884832662535981      
   441.692144760961784483512801261930421      
   440.841592223743148804526435024185156      
   439.985006354929616318376011575670336      
   439.122311807310891808848858051585324      
   438.253428975209505865246742487399501      
   437.378273574771627609914339885943992      
   436.496756321701317779742937168911160      
   435.608782678096001083592831364260261      
   434.714252287228113514899620882412748      
   433.813058635845217945483589820863639      
   432.905088673284521864612068387180930      
   431.990222420650724343048867006203152      
   431.068332560237816025325043269201559      
   430.139283782740648873922870090406386      
   429.202932446412585392245393871552074      
   428.259126455085976306034060596750973      
   427.307704139671944140119230360090289      
   426.348494131128230417482819477631386      
   425.381315041113419475020541708491203      
   424.405974752840128063090350958711082      
   423.422269525739659788299732791763123      
   422.429984475373121212124308467320946      
   421.428891778301026810456137609753082      
   420.418751292254802772441111901923289      
   419.399309152488654139396042863905683      
   418.370297684682886916115128153159923      
   417.331434481060443531032626439145718      
   416.282422249819736157077911951964703      
   415.222947632684233025717854085066399      
   414.152681136656573085112094171313254      
   413.071275957558601062229578961604516      
   411.978368093809594048128072516954924      
   410.873574907973680639012151111381076      
   409.756494926762155211821981118201475      
   408.626706812842629694374350041891003      
   407.483769279948317890209931299078762      
   406.327219846703380766960256065972676      
   405.156574375350273053037033039848582      
   403.971326908296529246078794967587418      
   402.770948167132122457950179868970829      
   401.554885599653568748457119532901722      
   400.322562639075099593986122355819644      
   399.073378328491845955905543706932235      
   397.806707138298517847026511338444378      
   396.521898053142501504341241863945031      
   395.218275276600829981330410088121752      
   393.895137663445152280831577491024812      
   392.551759567119659337338099808173431      
   391.187390945296286359550625277958837      
   389.801259082971534018165112756847408      
   388.392568495585129205079798002673372      
   386.960505298297347826373095995838713      
   385.504237418262950604567606043357370      
   384.022920317310606035007342422831063      
   382.515699897377024620041789290990844      
   380.981719787066926775171673720372471      
   379.420128197350497829839024381028096      
   377.830087374913738192524823763908847      
   376.210786627781683198663899529614609      
   374.561456091251247224495326060886194      
   372.881386017374970461215330977318215      
   371.169950267689719864463572195810253      
   369.426634700274903258854162826179562      
   367.651072374270819195087324700122584      
   365.843087421190340764463512998517490      
   364.002748675028697916317821543873747      
   362.130434148473731342277830513401071      
   360.226911485164147781063881423055198      
   358.293433411022589401092792325779475      
   356.331855580046189469393972708027927      
   354.344772074670133359579706708131635      
   352.335676832959231844259254961961094      
   350.309181009433173388592790177715902      
   348.271197677665013042141677330801477      
   346.229218957444233939459492617921526      
   344.192592101517709386039098238416818      
   342.172818031652700556892324833654276      
   340.183862767060712150863063164961619      
   338.242456075602900729689510037156653      
   336.368354786098703732798809516313720      
   334.584535415750649845685797390662841      
   332.917272989280155510512610149237607      
   331.396057965113039532501651930168384      
   330.053301210442129764213889377565457      
   328.923779749172193014931188823704048      
   328.043788817828586042985136585205898      
   327.449987095056350671981928215165701      
   327.177957750417291815590480758796823      
   327.260559504996790378414804002441642      
   327.726196563460029152929376918993646      
   328.597189866259872337930529388068558      
   329.888457863649028172103799902654231      
   331.606692143581019371681143198179816      
   333.750157424765882957860144726784456      
   336.309128020186961204830302844372498      
   339.266885607741642281481107868447483      
   342.601100688790950114607082528071345      
   346.285402715311400432991546280089926      
   350.290941319622104159891025313659796      
   354.587789928778287929209241886231565      
   359.146100259611759113793629943819575      
   363.936980645306265819741039466553389      
   368.933089599594367247610758981241309      
   374.109001318666222235681001826891650      
   379.441373781176085911597573242138319      
   384.908980149766597782874821245522436      
   390.492639967635306565447521142980573      
   396.175094653714032066398997310480608      
   401.940847797969871740981523659874119      
   407.775995771416780897238630508540847      
   413.668058156873637297317506878799449      
   419.605820596129134291805503270316338      
   425.579186190193551511258852262908227      
   431.579046189287432258762812178263305      
   437.597164796413387255252429284780073      
   443.626079414099769740689110762069860      
   449.659013261151307294856851168744118      
   455.689800396172490497610619984378829      
   461.712821327201557446313368031591067      
   467.722946295702452244133000056551264      
   473.715487221748903758612259324386705      
   479.686155434644620360212984665980696      
   485.631024728518909769993327388961033      
   491.546499747844034489679093105031232      
   497.429286548831919592930975269936731      
   503.276368055159472114782383078435333      
   509.084980705813130396024092291091316      
   514.852596059136093402826556127395534      
   520.576900410412596314761343256266884      
   526.255780316639374692532271909747299      
   531.887306944894265364854237602936411      
   537.469722849123684369856226273543806      
   543.001429542975695126535410725808696      
   548.480976605334245627388246455909696      
   553.907051120606571403583351321708356      
   559.278468669887035606297054803117353      
   564.594164326560186029572090739577157      
   569.853184702382385086518567544369233      
   575.054680954002234099885536718249037      
   580.197901044868601051702740217320960      
   585.282185651364778273737702756807775      
   590.306958609101519839037423850965135      
   595.271726461101653790255497507549056      
   600.176068593075116372758320482689195      
   605.019635461523950283056966848304371      
   609.802144274643427489297747291497945      
   614.523372441320257912317137201649149      
   619.183158360841109942725154135611678      
   623.781392250047443034340594550578976      
   628.318018119345776948979003803483464      
   632.793026569358753994603084482690897      
   637.206454987311292761458022237058003      
   641.558382106221406940245811108286704      
   645.848927762943216056172659426366034      
   650.078249529774189130035338455503882      
   654.246540585156795070197874362886612      
   658.354026664652475520046013746731770      
   662.400965352873408167650331291793233      
   666.387643640701216651273224558039806      
   670.314376289248643452595035127206601      
   674.181503472472549191201647119051988      
   677.989389677382280981069318613793029      
   681.738422488983284772042112893983315      
   685.429010203750370922089173295565494      
   689.061581180508506996743615773901229      
   692.636581829687139926373924001020194      
   696.154476594533144467757696700643904      
   699.615744932098872332154325026398763      
   703.020881647225255161630517775080112      
   706.370394956140139250775913157791401      
   709.664805890883077199900401895843186      
   712.904646855792025016556688526213302      
   716.090461242433696749564362993797179      
   719.222801781038812760316101919090276      
   722.302230444085637309274679404239575      
   725.329316843198645335618242754823436      
   728.304637967356365505341125511355551      
   731.228777200067352041992719817281355      
   734.102323593899630433108743366868940      
   736.925871124886310831581928639946414      
   739.700018246988819376167350666393580      
   742.425366845834777553703878218383268      
   745.102522011888995009857663950232786      
   747.732091284185617350872223172624734      
   750.314684005025640781172793847832828      
   752.850911113095177489889005495301220      
   755.341384173334827348775071612465594      
   757.786715319798638821697780103093416      
   760.187516534615835974634002747074466      
   762.544399315893349811214441707784532      
   764.857974272763807230521707268990967      
   767.128850681647308272750007444599932      
   769.357636153773019047017184263400163      
   771.544936246999813896622558958071812      
   773.691354189500629145317977248488146      
   775.797490492951513835819002766841106      
   777.863942758697573257154532259945807      
   779.891305250023872468866269533929101      
   781.880168814976964191717195637733305      
   783.831120426758485154520148114195024      
   785.744743138662230840447916116066728      
   787.621615759289450151669306223973092      
   789.462312696663941460555059879047765      
   791.267403740696800853588798204537497      
   793.037453913900311920401199534323979      
   794.773023293710481814700794455870774      
   796.474666855303655874791089679670192      
