   91.9024000948784202170827437330254962      
   91.9024000948756103372976966772670622      
   91.9024000947781154036684974976726514      
   91.9024000938787693816519559026837191      
   91.9024000896844288202618510071638252      
   91.9024000766383934662215185961289592      
   91.9024000450117361798497180837691870      
   91.9023999762874426694440254957152378      
   91.9023998183483736379724120671905340      
   91.9023994036952332599664239394162570      
   91.9023982669257146378876348786655051      
   91.9023953407678588995276665844785173      
   91.9023885526131435123599848668499941      
   91.9023743796610073111459056319201200      
   91.9023474336116945299561710667676906      
   91.9023001355581543241291439805649092      
   91.9022225184092824805947847299838288      
   91.9021021685541291096717288166717358      
   91.9019242974278573093683706772773337      
   91.9016719196593793681840605064652169      
   91.9013261072706837720318611467622899      
   91.9008662874331422731231024644297379      
   91.9002705529702345225240262093167838      
   91.8995159588096604262545423601880542      
   91.8985787831190738573352322305807751      
   91.8974347382627199455869500674390370      
   91.8960591232654729004705656164120053      
   91.8944269160791216004252900348846752      
   91.8925128096351887976849202355067866      
   91.8902912001500876927189372768031983      
   91.8877361396079180189007787447554082      
   91.8848212659766922384962207684034476      
   91.8815197250218083897416183588053757      
   91.8778040967152653260975814450150865      
   91.8736463373613948731540134317827998      
   91.8690177460797005085679932791257075      
   91.8638889615052350109174655793152899      
   91.8582299917403577351135446539800082      
   91.8520102780046388744947263982904356      
   91.8451987901089008507736652497300146      
   91.8377641501394001185355894384674588      
   91.8296747793016318189944048535436061      
   91.8208990620737204863880799256009535      
   91.8114055213903810816634342527339857      
   91.8011629869282725489433108588390635      
   91.7901408160779964499719257339761621      
   91.7783090054200493472821341267688012      
   91.7656383874059716268743482069044808      
   91.7521007644593646532439773516093382      
   91.7376690323308683413337383001729083      
   91.7223172813392589227675924022579175      
   91.7060208735612649814763412393474395      
   91.6887564952191834784404850604678710      
   91.6705021837980453573503535044467923      
   91.6512373301452426381149030474972194      
   91.6309426564867938685885252785218412      
   91.6096001715171529255892755976886999      
   91.5871931040883928568132335436779013      
   91.5637058173707083295602529098853094      
   91.5391237058303145778404515676319378      
   91.5134330763448655315868293410730833      
   91.4866210167159577030539140124423457      
   91.4586752530438613978690226480096203      
   91.4295839984355733554645538464525552      
   91.3993357955317163679596759713611900      
   91.3679193535029267958943316067106710      
   91.3353233836319396243421987960948200      
   91.3015364326257167660565177423228509      
   91.2665467174950358247788503126349517      
   91.2303419624699114699022949283168881      
   91.1929092379661475555204941489076580      
   91.1542348055387273733707858216793155      
   91.1143039667959826496657612120024139      
   91.0731009192793838663566289314047289      
   91.0306086167213805194601079695974905      
   90.9868086403132847013571353862383319      
   90.9416810709481194492673053292916687      
   90.8952043746283667365713734621093622      
   90.8473552922070992968710771080391332      
   90.7981087367229731808546110168180065      
   90.7474377047522939170978555845402111      
   90.6953131798645687468424740439111251      
   90.6417040534438750241440019080963904      
   90.5865770486993781254589628517001065      
   90.5298966540667212818848113860771780      
   90.4716250574052525518432404492761067      
   90.4117220871153598626355203035357698      
   90.3501451569401598955426117336808657      
   90.2868492220178327405717321964599114      
   90.2217867185642527436788008160665247      
   90.1549075181807053224466956766813226      
   90.0861588920639482403532216125004672      
   90.0154854673885511586055287368068780      
   89.9428291894157994391472657252477858      
   89.8681292919080758735881879702448196      
   89.7913222353363362871339003674367961      
   89.7123416595563986931553201990494164      
   89.6311183614067380043418422345642308      
   89.5475802521085816685514818958094109      
   89.4616523038820741878433346633404300      
   89.3732564958596782370140942673496961      
   89.2823117699648801163921105230388379      
   89.1887340276623845599443031954640559      
   89.0924359356019271587294846102396333      
   88.9933269645462503287536448403537065      
   88.8913133453192600790008085524835378      
   88.7862979450977496073310534545010740      
   88.6781801362949000628054481365521606      
   88.5668557661446421575466019125397246      
   88.4522172097147331498470638244124481      
   88.3341529913649724064001699688695790      
   88.2125477763178302001244409612182002      
   88.0872824685305889709017382845557149      
   87.9582338373950004306149737117532537      
   87.8252743656301253899673350695788639      
   87.6882723238550654430819175457074730      
   87.5470916230444790041758091671433108      
   87.4015911948835740263841542441269550      
   87.2516255884038072400776349299979723      
   87.0970440386367874785897317026969270      
   86.9376908332643571841856209187183054      
   86.7734047269866456386143041721764901      
   86.6040189477980419030212834664701806      
   86.4293609254727628932469719573055453      
   86.2492520140792371569354867967768577      
   86.0635071437153737199329500351435448      
   85.8719348491963837970140608812551728      
   85.6743365239473682601938162366787928      
   85.4705065805775088745238124431313176      
   85.2602317207576373759528222843311314      
   85.0432909671022433596302499504892204      
   84.8194549949536176432701482277117673      
   84.5884857371247459072555852494955155      
   84.3501362874254362475056743523093188      
   84.1041503230696856012423418402062113      
   83.8502614230274002104124094233892594      
   83.5881927624135972459774319683937910      
   83.3176566435113138529446740506936560      
   83.0383540782206665682021031720555152      
   82.7499737559687730218173582086112835      
   82.4521918873742819006180543515373186      
   82.1446715128572709086426186356174606      
   81.8270614643307850956176826913739489      
   81.4989962150692557947120581927909294      
   81.1600946817502988911675184076152413      
   80.8099596114696660956891692265428271      
   80.4481768731049458462732469335502913      
   80.0743141733483837183652346475354900      
   79.6879209979291414256879215779688881      
   79.2885265210154602227963424457460660      
   78.8756396816818388325323920502823220      
   78.4487473841532878430076883800328433      
   78.0073138245186208217694263466069841      
   77.5507795607288165631711595169959449      
   77.0785599136373267359597789954228752      
   76.5900443912296628007571416831964200      
   76.0845951665662682866557868594555349      
   75.5615461861321881499573040793768152      
   75.0202020531975714993488455039689290      
   74.4598372505214099861654767737979452      
   73.8796948607214808013694513471027746      
   73.2789865689688778003862421157727137      
   72.6568915208138899884083587752986297      
   72.0125567784415386913144292124258873      
   71.3450972408361574192014659062662910      
   70.6535966348697003570558657622941902      
   69.9371091328316302173907253421926938      
   69.1946619827944486612134630393684651      
   68.4252587680268800854811899566833437      
   67.6278849941356840553222470162478811      
   66.8015147907766317984696467724666617      
   65.9451199914090682082545213145821411      
   65.0576825472396210894493274176502773      
   64.1382095971469558132705592779988296      
   63.1857519892856463791211071388023615      
   62.1994318234686365836252637733974999      
   61.1784674094063903677458054460783423      
   60.1222120011847778474510609841142339      
   59.0301977600916314492667709323923380      
   57.9021849744875081711570148109254054      
   56.7382216747576737031541038174507412      
   55.5387093351331693200377239416557108      
   54.3044756036748205114677448570601250      
   53.0368510104012374199903894090033726      
   51.7377444807461050591992090639305502      
   50.4097146635242314202124787841769052      
   49.0560253590339391642366234751720464      
   47.6806814554850345021090157599556075      
   46.2884280891750866330488333767333077      
   44.8847051600779659773958869841923976      
   43.4755521259409866399089761075232771      
   42.0674606764720557728072201897465774      
   40.6671726648527551283227358988941791      
   39.2814506734278636319050033655385626      
   37.9168297621301813507667551492701732      
   36.5793837568807436659562088271430064      
   35.2745255623323277898505099519602627      
   34.0068611490467456581541106316938306      
   32.7801052432652740615872542562928217      
   31.5970587683001217770146977716808791      
   30.4596396486086710809942698129327158      
   29.3689539657696232706563225303324810      
   28.3253932526221927280877523303459576      
   27.3287449209391478254969398705260918      
   26.3783044743985422429986407705205288      
   25.4729819075901315003806353353130589      
   24.6113977539052655965546621728739990      
   23.7919660787492413540846768220881500      
   23.0129640768883501259917365964702963      
   22.2725888592498746530181907049758252      
   21.5690022124456924412393563295877550      
   20.9003653307020933289415158942694087      
   20.2648654253043877768895150090558220      
   19.6607347222382495637267217513846362      
   19.0862642203815378650543101748657291      
   18.5398128940080051313371401084812870      
   18.0198133472062810501089596730359327      
   17.5247749621815372448463047413153918      
   17.0532849364847915715175043558332298      
   16.6040078042443329317836138021985628      
   16.1756839211791331903305977015382265      
   15.7671271518036972959243409161825165      
   15.3772221045330294773373674053072958      
   15.0049209140444203191354811122000827      
   14.6492399257054798351925021382362862      
   14.3092562528278821045777719177343548      
   13.9841042754924164023337260683183024      
   13.6729724180933243693994060064553697      
   13.3750997024008024140646336373115795      
   13.0897726338162170335542550251637516      
   12.8163221415722505910547597064054265      
   12.5541207470630082089305937711745500      
   12.3025797931519546729705530651023982      
   12.0611468855936341815150965671585812      
   11.8293034741722596910048725159344151      
   11.6065626063141070430311653026291610      
   11.3924668023960764444591171156217797      
   11.1865860800320809907805031475267310      
   10.9885161035943151721996348101022419      
   10.7978764946286339923728429943507422      
   10.6143092039213811764250637023814129      
   10.4374770506061697328906887009971016      
   10.2670623051520350250502105970607676      
   10.1027654630857817602769543320797660      
   9.94430400257819546087997349558244157      
   9.79141127849014119256702755935082370      
   9.64383552854471282739577006365016127      
   9.50133888345188691869075315881305415      
   9.36369646515597688823423422527948942      
   9.23069563549199964971818736178928618      
   9.10213510460813187092002221267866150      
   8.97782433701763717349460800883522746      
   8.85758279580502718391898221299891805      
   8.74123939322941660993494004204309961      
   8.62863185368978880084163127030331757      
   8.51960621958902220746678472882026812      
   8.41401634605701782267945880022607435      
   8.31172339778987886525995977878465469      
   8.21259547048397397762313084890190159      
   8.11650714080543768449146581846494020      
   8.02333910631361278185194842601894235      
   7.93297783663270497772689521297406440      
   7.84531523011836181940935177661998160      
   7.76024832172358862268196005668244517      
   7.67767895958394414123115882863964057      
   7.59751358873542853954697001460358854      
   7.51966295492030982996662761722486181      
   7.44404188939092845923230797648776086      
   7.37056907145370562702573984206400946      
   7.29916683728498098708570116881879785      
   7.22976097664325395278639355349122427      
   7.16228054408384657051977242397599425      
   7.09665769730989865364602042043081447      
   7.03282753285961126390333877600997894      
   6.97072793219269998914610453437123135      
   6.91029941830154231886977844327004307      
   6.85148502579590716256048823536619912      
   6.79423016986501222297868876136779822      
   6.73848253148112323346466903448850092      
   6.68419194429261814169199740790667227      
   6.63131028461981268349077142112793261      
   6.57979137776465969532618576376010808      
   6.52959090218092545468204662736984743      
   6.48066629944274956415534551790773297      
   6.43297669126662670526623420570852896      
   6.38648279959399312965469900170257513      
   6.34114687448649271313439977323192089      
   6.29693262073128232958295917525529344      
   6.25380513003077506863095316399464901      
   6.21173082156454522055432716190817262      
   6.17067737940510974377518836926566033      
   6.13061369522030337039839580215030017      
   6.09150981542056364209809792970009724      
   6.05333689040882200410889286195581153      
   6.01606712535440361419876337012603797      
   5.97967373524814339917313800776724796      
   5.94413089977131438078569918290291542      
   5.90941372357669402192759463168344627      
   5.87549819557653674826670378429560571      
   5.84236115267603811425667930000400916      
