   91.9024000954186098051982755948291852      
   91.9024000954157999254187997248733201      
   91.9024000953183049918287565234925636      
   91.9024000944189589698065997008635562      
   91.9024000902246183962721118108032125      
   91.9024000771785825126478429836554651      
   91.9024000455519185186102243651814238      
   91.9023999768275853313573420191079393      
   91.9023998188883745646529046103950646      
   91.9023994042348768958232306275965454      
   91.9023982674646564898234408635673019      
   91.9023953413056547156915889834313829      
   91.9023885531493150381848185385607525      
   91.9023743801951093688690720588560224      
   91.9023474341429646800301613137013706      
   91.9023001360864857893494531006719837      
   91.9022225189347619110960388530059856      
   91.9021021690780326765806442264339217      
   91.9019242979562717826407943919346235      
   91.9016719202157503753609241635092745      
   91.9013261079323025242348037815751737      
   91.9008662884305764178287872016432039      
   91.9002705549226154314957992769898317      
   91.8995159632330952685832611107518405      
   91.8985787934575528706602815292975955      
   91.8974347617856179574959165429693251      
   91.8960591744457336441564435708943454      
   91.8944270222174807560788376595964964      
   91.8925130197380019428542274866325220      
   91.8902915984815576356355331120641488      
   91.8877368655432630095519047699887776      
   91.8848225421050965495740530520458392      
   91.8815218957670304323046032487192274      
   91.8778076799828919088344302605881962      
   91.8736520919396932536737675436855848      
   91.8690267576868575193123365414555231      
   91.8639027504773447617162069243538016      
   91.8582506454125358364257469186476466      
   91.8520406108022191402197851213340505      
   91.8452425343319699777019847872834750      
   91.8378261802492038402912932973504089      
   91.8297613723998925442907758083902150      
   91.8210181970279799218975879240130663      
   91.8115672187936080201255390081639169      
   91.8013797033726887786894810399802166      
   91.7904278402398730714940316844913368      
   91.7786849596986188386797085014041732      
   91.7661257388728832877872228362055465      
   91.7527263921244057128273647012281176      
   91.7384648421730270417162937530211731      
   91.7233208690195616714006294558010448      
   91.7072762345677259321179442468436401      
   91.6903147816063256984493136497630256      
   91.6724225064927967609538832336333130      
   91.6535876054982099303835593636140708      
   91.6338004953061404966224825178375911      
   91.6130538085956104818830981057090606      
   91.5913423660206322996475690085888124      
   91.5686631261853294860254914578847667      
   91.5450151154127294956009276911550744      
   91.5203993393020168469098717522558212      
   91.4948186733254390993647292921384108      
   91.4682777617386602659902013151261687      
   91.4407828620962309174898061377643268      
   91.4123417202049957232833161728537836      
   91.3829634177952400157784271261387375      
   91.3526582179174086324474648901315497      
   91.3214374061262742660188770312635868      
   91.2893131288261448789360241058238355      
   91.2562982307302627619546525703653593      
   91.2224060924934800082761076199829014      
   91.1876504698234978184205900410681821      
   91.1520453352288312023470643121781474      
   91.1156047232345284646771796014414659      
   91.0783425798297264878929313172660804      
   91.0402726171108779195521564292451898      
   91.0014081733092261734849737652905332      
   90.9617620784993567572706401451768421      
   90.9213465270234622827153901088655805      
   90.8801729564888719407171038160008194      
   90.8382519324265308552600966708618601      
   90.7955930404789767794150996180629468      
   90.7522047852861951000265854222560003      
   90.7080944946891909057426966918053897      
   90.6632682322966432164148290152840655      
   90.6177307140162478272632546837939333      
   90.5714852324839375811371651139813752      
   90.5245335850718322952752323905990492      
   90.4768760097254006825694223351428084      
   90.4285111238260003168931034264472076      
   90.3794358680504244304615938066963659      
   90.3296454566736993583647900936040644      
   90.2791333282936948799036900607410709      
   90.2278911010659310873548844733667583      
   90.1759085386654620950480922274920906      
   90.1231735017328759935714660049068716      
   90.0696719246707985192495620985522994      
   90.0153877726457852391761511379194598      
   89.9603030175400888851734282399481768      
   89.9043976017828154079456996275068546      
   89.8476494178851988645869072296837990      
   89.7900342721902144402731563931840657      
   89.7315258631542611868344630259770331      
   89.6720957478677775873251738452253585      
   89.6117133215303770898981533232468016      
   89.5503457864530903573036340081851710      
   89.4879581199018882529471697363458440      
   89.4245130433552317104870577519255357      
   89.3599709951033538553804246358841369      
   89.2942900983788696886906057730329235      
   89.2274261133438852775660504963800402      
   89.1593324111202492032595948028811348      
   89.0899599294941265460561427267335591      
   89.0192571237997319173919776476839872      
   88.9471699244926826786530726925132229      
   88.8736416808835791411475938093780750      
   88.7986131150438812689491700941895630      
   88.7220222563135288756510902356241023      
   88.6438043188735397590581310930251606      
   88.5638918182448025764407065793763718      
   88.4822142657669522191764536258862149      
   88.3986982052699336470980986139191833      
   88.3132671109593440508960020145836275      
   88.2258412875615525523758579956827951      
   88.1363377816671242347019044452501488      
   88.0446702561598434080145908207620963      
   87.9507488673496891583946313716832153      
   87.8544801540024494623426084132478778      
   87.7557668780620264040465629674402723      
   87.6545079096948801942667842630034264      
   87.5505980287413903173491237463495814      
   87.4439277697767276354492926526328939      
   87.3343832691157211806236353202795209      
   87.2218460108476876766982238349370737      
   87.1061926532291987105054494268290589      
   86.9872947795506513248833259857126915      
   86.8650186599421110486643822717686369      
   86.7392249854946756967681943219974553      
   86.6097685906836505795733823757352686      
   86.4764981083880259069317601152252044      
   86.3392557237159351023156047366278620      
   86.1978766987206995342721798475515268      
   86.0521891064471961826276510614277294      
   85.9020133313800116377468800777783886      
   85.7471616600836469465231248870105975      
   85.5874378187058868146200510192315952      
   85.4226364035191736552758172396233328      
   85.2525423738846717989054110163847158      
   85.0769304174750217615091226962914364      
   84.8955643351516652027523255403013509      
   84.7081962419822538218302265196742433      
   84.5145659466879296967704464640182752      
   84.3143999428419410804871311356837797      
   84.1074108818130141586502622126988855      
   83.8932960921489715837297150062651358      
   83.6717369194040605484171035564853784      
   83.4423974513856587873601215215340825      
   83.2049233252179077060388757028876870      
   82.9589404075981129232066905240465136      
   82.7040533236440865091689380783781489      
   82.4398439545338248558587266843553525      
   82.1658698225879208141842169478599827      
   81.8816620048816189909537804300851249      
   81.5867234964205674553733067565485531      
   81.2805268298711262083205796816251895      
   80.9625120453919826070495607843614642      
   80.6320840139624166759916895969148616      
   80.2886098253552880811303967147142274      
   79.9314161546621470428949660241553224      
   79.5597860280763390032948299756172521      
   79.1729558706731648038710071725395968      
   78.7701119885788645198482744514237249      
   78.3503871459795150432194715551529226      
   77.9128570952429383369533773354025742      
   77.4565368136636152351953422218316937      
   76.9803767042223660009541560722428614      
   76.4832598711937151928385123991407653      
   75.9639980219161208345855515467711213      
   75.4213293630996070088822611797404113      
   74.8539162604624434167880091066546843      
   74.2603446812287923578487807801349834      
   73.6391243255263876421342555701784516      
   72.9886915674367924572114041545167023      
   72.3074147226235987934610335409521264      
   71.5936024415031059268053356298800734      
   70.8455169010727643302471981784197851      
   70.0613923939356385103787532048051625      
   69.2394599474635131814005131556965241      
   68.3779804572995504130838437691707809      
   67.4752859145353540654777369226393095      
   66.5298311602074781286797354416489271      
   65.5402544764897411698408160010950851      
   64.5054486514611128482198689036482812      
   63.4246436438293911645514261592463474      
   62.2974890194642189560440336888496446      
   61.1241458299793559793599100575633651      
   59.9053724282776427544343819161760082      
   58.6426031209519628575905228653824302      
   57.3380106683025009585332061420373702      
   55.9945444561546140237512234294532106      
   54.6159500073574680594820421964776708      
   53.2067389910198497291236890998553192      
   51.7721375489193176750908383162928640      
   50.3179925002781934287371112509639521      
   48.8506689375900482448032662080722493      
   47.3768087041218392199219042911308590      
   45.9032744789278650606976382127107007      
   44.4368901003738618605364010234941364      
   42.9842719119383623499764214994529625      
   41.5516553750799660502287891447197310      
   40.1447459602124835521980577882101028      
   38.7686022302974146371643658459538009      
   37.4275564280347886825596853259059602      
   36.1251743823798405509297393108333653      
   34.8642513746285938538066099875446769      
   33.6468404401238405557528164316385808      
   32.4743037384153826513384408468726419      
   31.3473813181912648284765551538547354      
   30.2662690753117864325766089371398484      
   29.2307006214829426310992060928044274      
   28.2400272682682833165827040896652508      
   27.2932933541924827588582560372184262      
   26.3893048741369860641126459650968005      
   25.5266895438902710552087613956188600      
   24.7039487396596710720969954789534837      
   23.9195013844815108180286514256889384      
   23.1717198086518202321359779156126134      
   22.4589589415753438659770571672112188      
   21.7795796664809511675074454933572303      
   21.1319666270559925242223380423610458      
   20.5145421101649728048736413980409645      
   19.9257759946766271066952134693796273      
   19.3641929685855499724646306558192171      
   18.8283772482949034244347057587791000      
   18.3169754484155273520905655944802482      
   17.8286979444791261925529323729744153      
   17.3623190007082933557136576761115482      
   16.9166762127115552630155658797326323      
   16.4906690707946068207100795424799852      
   16.0832570327598836641948816062866125      
   15.6934575565625953785034921606694340      
   15.3203435674138478376598293977740492      
   14.9630409462405104822731266425416436      
   14.6207259173548894199329657722355401      
   14.2926224221754141588644738131302176      
   13.9779995753574100538058805295604433      
   13.6761690738347947051810950265101266      
   13.3864827559997194309316737154653853      
   13.1083302302899339591777020803702859      
   12.8411366221563800087671480938207668      
   12.5843603996126474430557435882489425      
   12.3374913335442119512117445934014960      
   12.1000485546157107950428708951246578      
   11.8715787142344576432029537118735269      
   11.6516543047512003459024521815699025      
   11.4398720019156225891412120371229896      
   11.2358511625711166530618762402586921      
   11.0392324135441155596221572941318709      
   10.8496763000097898912470245253417329      
   10.6668620652882971625848848923080226      
   10.4904864677840976436050436273222039      
   10.3202627101608149102206782418512593      
   10.1559194069753733677909134061068718      
   9.99719965352015896871258208268164308      
   9.84386012237226228212952620833468928      
   9.69567025473233891756939556577033249      
   9.55241147037124234717425994024336160      
   9.41387645602105143002874642117003228      
   9.27986849780374529247684683008707519      
   9.15020083939001422097956255099019475      
   9.02469609842567861285051706769969024      
   8.90318572611178936082892254180624508      
   8.78550947939719753573886122804229883      
   8.67151496380920479740480253074681890      
   8.56105713130846721469310807389696959      
   8.45399793620278711974580551319605328      
   8.35020589390325074039581778561595333      
   8.24955571840976390095281239843484556      
   8.15192798516682983275444733691379512      
   8.05720880331086390775966423901756817      
   7.96528951570681696506063147455258788      
   7.87606641271569793369945302092989093      
   7.78944046620126508857238570229037021      
   7.70531708336283235051891916696299934      
   7.62360586495123318330520220994656184      
   7.54422039057346436203236130176676219      
   7.46707800887843315524674567349395936      
   7.39209964295087840147321796984394528      
   7.31920960697650614904312159678712013      
   7.24833543389365516199337112477647743      
   7.17940771356809821965058456941311200      
   7.11235993842190322201711249919780196      
   7.04712836018962392418089546238236247      
   6.98365185394221382400731696678602708      
   6.92187179028235939904163446520416790      
   6.86173191340706628148821207210293925      
   6.80317822777026944577984487106467841      
   6.74615889041702734373102758738500482      
   6.69062410821755532866472434215733696      
   6.63652604269623260866636800400956055      
