   91.9024000948784202170827437330254962      
   91.9024000948756103372976966772670622      
   91.9024000947781154036684974976726514      
   91.9024000938787693816519559027311124      
   91.9024000896844288202618514146511091      
   91.9024000766383934662216935918402608      
   91.9024000450117361798632488541036984      
   91.9023999762874426698018136643435464      
   91.9023998183483736425948282330642973      
   91.9023994036952332961155208355272305      
   91.9023982669257148340411131984482490      
   91.9023953407678597088560814066607576      
   91.9023885526131462278863821840708271      
   91.9023743796610152497585269865290090      
   91.9023474336116989868454221066229891      
   91.9023001355581976751828494808438349      
   91.9022225184096046857586043928110989      
   91.9021021685560493531623838045593632      
   91.9019242974373624245604339715853942      
   91.9016719196995642386060184753996986      
   91.9013261074186451442629762766397817      
   91.9008662879190785577347133769081900      
   91.9002705544119812710828139542283653      
   91.8995159627233020769459665359985199      
   91.8985787929428943304684375579391665      
   91.8974347612719408180122203785393818      
   91.8960591739390737779853704494383267      
   91.8944270217075482270122678461139808      
   91.8925130192231718800852903852451323      
   91.8902915979620059194995005887434970      
   91.8877368650106964944352317449662581      
   91.8848225415416642986502054364250547      
   91.8815218951365344423810387767431992      
   91.8778076792147225832950824773402455      
   91.8736520909025616412007788258177672      
   91.8690267561459877596833695716086839      
   91.8639027480310812018171414570906606      
   91.8582506413897193504432082350331810      
   91.8520406041205622468603514477267942      
   91.8452425232783872462108941682399091      
   91.8378261621891568478397037832936928      
   91.8297613433720380677470156326685231      
   91.8210181511968118356591280154960886      
   91.8115671477594974024590843115779036      
   91.8013795952337308299426108301585105      
   91.7904276784240708258928924257646586      
   91.7786847214993179348586719815349211      
   91.7661253936607185377271586741892366      
   91.7527258991268497757790283916957816      
   91.7384641478120834275699357304071725      
   91.7233199037873553010061233877913542      
   91.7072749092799048855313817591821468      
   91.6903129830617894983061623329389969      
   91.6724200924853317699172545367571461      
   91.6535843990602699757652902799740632      
   91.6337962781746779169064768048742344      
   91.6130483138998387163925326325908678      
   91.5913352700425316237987998719722682      
   91.5686540392164836552286981879566310      
   91.5450035717576267892576367092386650      
   91.5203847814933544711264397584258079      
   91.4948004576063091949027445693034704      
   91.4682551203817316086746236682871124      
   91.4407549048551523746944965032704615      
   91.4123074156488464806571619296717115      
   91.3829215772143554632130629616341453      
   91.3526074783836028206283288201045985      
   91.3213762123468467034659775753849033      
   91.2892397142748829393444985702043932      
   91.2562105978896987545230296399790743      
   91.2223019920240771992574750211142479      
   91.1875273791328758504803605347786227      
   91.1519004362125095390145071741007744      
   91.1154348792382544833473006680371314      
   91.0781443121987825582413683401879350      
   91.0400420810021009056046636426723893      
   91.0011411325026722417676825962685261      
   90.9614538803949725403889173697613032      
   90.9209920768675559441859895011785776      
   90.8797666910115737344439419400802924      
   90.8377877946970723653983011414434735      
   90.7950644533405974683179403081247042      
   90.7516046241731758226501704913983231      
   90.7074150603607808961414931992009760      
   90.6625012242378679267920413520721512      
   90.6168672035301533715752188667468540      
   90.5705156361464882393727316267291784      
   90.5234476376464667091009777011256302      
   90.4756627394921461592554175819280548      
   90.4271588257643219750955814808702603      
   90.3779320749664920942647460206027194      
   90.3279769130331172436906617453455259      
   90.2772859645383642610511430040205818      
   90.2258500100019644623825170405600294      
   90.1736579478430654695845292868319539      
   90.1206967580831125634260208072820671      
   90.0669514531371434200921574111958747      
   90.0124050594325843855830141576463262      
   89.9570385810016780171866328710414181      
   89.9008309775912329152445464827579129      
   89.8437591223631388980778255166437635      
   89.7857977857784288827025515458605576      
   89.7269196114703547035028138055523884      
   89.6670950678662690963555529990246073      
   89.6062924331046117368944446541356228      
   89.5444777687677049386936654473722137      
   89.4816149059885841283192803352806925      
   89.4176653840972331786726441407516423      
   89.3525884173188776363023170938415288      
   89.2863408819460233192415170057324520      
   89.2188773099975593857936406810531233      
   89.1501497736953032725358850719830504      
   89.0801078701482807361427222092826926      
   89.0086987245111246603293875090386150      
   88.9358669241107458582505446604607075      
   88.8615543664931441146066954057858652      
   88.7857003595072658040372002373764457      
   88.7082414578749585907444772641310197      
   88.6291114470886893610094415392674254      
   88.5482412188795987642530484550578677      
   88.4655587571871318119377615332390884      
   88.3809890010567816663658596547991344      
   88.2944537491218763326592544601510420      
   88.2058716830325859227768212316468959      
   88.1151580464195425086570900420588923      
   88.0222247959651518840987741976102213      
   87.9269801984820984777077341223085524      
   87.8293289627832097260138754752648441      
   87.7291719147321256311552391512846285      
   87.6264059718548379932703625718834880      
   87.5209238228372474428230694006382338      
   87.4126139676486735016306974988806172      
   87.3013602922003867142399503312886008      
   87.1870421294229187053027255588548908      
   87.0695337658627575160062284406668241      
   86.9487044174687051601122381294444359      
   86.8244179341234293980003175087924328      
   86.6965324387496103162580454539762815      
   86.5649000725227712903674826811843915      
   86.4293668063306174230134651367357624      
   86.2897719207814373968033718450383710      
   86.1459477652734373010224203964920694      
   85.9977194230794431201893511213214685      
   85.8449039601483401633001015306484962      
   85.6873105457761950550271106311597481      
   85.5247392689210131740573752909795198      
   85.3569813721274334948121460470248562      
   85.1838179298757685135874941265801083      
   85.0050198144697746958036195382270701      
   84.8203467352478090999542275562297407      
   84.6295467085160167922948132269472440      
   84.4323550542210772090500125253351430      
   84.2284936822216015784887684097691114      
   84.0176704293549866022826687484951442      
   83.7995776706545427006263600758646662      
   83.5738914411797301935869069023837066      
   83.3402704059672178564362723981996607      
   83.0983544526385042925741983891256953      
   82.8477634207050075280107317567425014      
   82.5880957267803486557237395244683162      
   82.3189266802938772548605264360240976      
   82.0398068804171399684829727972710848      
   81.7502603672893811661031403521776924      
   81.4497825730221552497988937152543814      
   81.1378382982355320825567116290078496      
   80.8138592394261937765115186212723709      
   80.4772418576169078667484675064853890      
   80.1273444465514349732438044720134343      
   79.7634844729176767525683612344468262      
   79.3849354808145008587604559461516283      
   78.9909241320074966720164224993995688      
   78.5806265963516416993193814726258546      
   78.1531653730426064266968895253249284      
   77.7076057222876916428562376263120286      
   77.2429520204132376439215549771189823      
   76.7581446256438161056102160644571987      
   76.2520560317427467940952283238205941      
   75.7234882206603211558817778854344024      
   75.1711702664192552943692488829089155      
   74.5937564977320413344314270694108886      
   73.9898261687099719466561748539559299      
   73.3578844098822018783889084694379304      
   72.6963655927919128390523290331136847      
   72.0036392345654463334683769546038060      
   71.2780197892272630716663940455855047      
   70.5177805094121809728319637092791698      
   69.7211735674429871686669040923014363      
   68.8864561911251755536742649695692651      
   68.0119251228651187177483511940911487      
   67.0959594599393735293775153095089492      
   66.1370748808399958846675951086293242      
   65.1339849908407980530348278388807016      
   64.0856741949616162445219237212848925      
   62.9914816017380547236951500584249261      
   61.8511836796795019447928755112055023      
   60.6650857022119037938707902279338320      
   59.4341067352904327156379289963553115      
   58.1598550041871394943337522503297771      
   56.8446871985198383145474936653205311      
   55.4917422699963551145997318612557891      
   54.1049558799090601701881272606749716      
   52.6890218254848910900714956048366554      
   51.2493348255587674695269128274672256      
   49.7918854610665852204457644338685452      
   48.3231560526621440160725582066007684      
   46.8498594398530030996938597990386035      
   45.3788895452352776967837902861940556      
   43.9170517504622663841114217443253357      
   42.4708934210701900972486180135973226      
   41.0465337671280646985601937403761423      
   39.6495204492517838276902904084513001      
   38.2847215052451987540907591202263524      
   36.9562564213107065958531573226356885      
   35.6674668142073120650908765404066052      
   34.4209228310167253733458046878325309      
   33.2184601312359249042736374932273837      
   32.0612384221733196418341926619159371      
   30.9498148327067399378496123277601866      
   29.8842249665790091366945546474601659      
   28.8640654437845276342446517753045730      
   27.8885738281730116558687841985480752      
   26.9567026058363417710761716498340820      
   26.0671858460893267212460529423918971      
   25.2185971283296902710211448599052472      
   24.4093989374625700384780039851088914      
   23.6379843070085021813899946507594798      
   22.9027105684712188153725694140084067      
   22.2019265300169794860585815217745777      
   21.5339939451027387443630816756369938      
   20.8973039903511733868561669936193891      
   20.2902897390133017511348220048226150      
   19.7114351302154872036416687112963626      
   19.1592812478246505574401507960295626      
   18.6324302645803939679043067840600816      
   18.1295477956440964895482624234552861      
   17.6493637749526849770708474409945943      
   17.1906722684580746880402388814630355      
   16.7523304778143361736464326326240926      
   16.3332572299063163625655371784924643      
   15.9324308728479908289859828611913814      
   15.5488871396199590594132136706213182      
   15.1817165399837664645691736945754895      
   14.8300618103073206971326450316739921      
   14.4931152938858275054608843569253362      
   14.1701162910992024864623771286497750      
   13.8603484424368209587376773240693369      
   13.5631372525674871319775896404171460      
   13.2778476112117027890884914886329369      
   13.0038814644854301250137485581124381      
   12.7406755477572686323328841263215025      
   12.4876992981701707999198742421121089      
   12.2444528088847050285274534195819264      
   12.0104649265931254925677701816270808      
   11.7852914453819327397894707549131532      
   11.5685134628077163943644617613150814      
   11.3597357343214178550706457220220838      
   11.1585852329274475811722087538122924      
   10.9647097137900158359706378906235021      
   10.7777764712947003512095551249769573      
   10.5974710587539345953911636079566955      
   10.4234961799277166014827503313082113      
   10.2555706380805764985511449018326344      
   10.0934283139378834037591715725871770      
   9.93681724597047559374324483326831227      
   9.78549877195296975937276612795840976      
   9.63924672296490818718206220266815304      
   9.49784666547530503163837756199790901      
   9.36109518073056910456871193674858522      
   9.22879922292727293072853505706930298      
   9.10077550907383411424683276209230985      
   8.97684992486486675503766741452551997      
   8.85685700636929531100756228552362165      
   8.74063942046868235027202249243477863      
   8.62804753563306219254126582193174452      
   8.51893889560556271081969921788668130      
   8.41317791859767379210729054267000600      
   8.31063544004682384649595900142558083      
   8.21118838654882981969299056892269337      
   8.11471940109080775224670301054647187      
   8.02111657542305258549938180715714035      
   7.93027312195474835045297150167406161      
   7.84208710092973662751020027186498016      
   7.75646116303678889657890482751062034      
   7.67330231223196319205183816473320361      
   7.59252166017525499009253548509031797      
   7.51403422568624989361102164189719967      
   7.43775871660618055230682063404313816      
   7.36361735896819782905371331397447271      
   7.29153569770501308883645774204397522      
   7.22144243457658963005299790515207009      
   7.15326928065463554314993379725292056      
   7.08695078681422783765162145443894171      
   7.02242421718385191327706946416610057      
   6.95962941142141112262617943701179719      
   6.89850865560308587517202225498042407      
   6.83900657118516845983410896647716655      
   6.78106999644125004377776212551876993      
   6.72464788629631848581852708289621353      
   6.66969120714332349829866719559115658      
   6.61615284530497647754810149964617411      
