 0.53384235492327E+07
 0.53384235492327E+07
 0.53384235492327E+07
 0.53384235492327E+07
 0.53384235492327E+07
 0.53384235492327E+07
 0.53384235492327E+07
 0.53384235492327E+07
 0.53384235492327E+07
 0.53384235492327E+07
 0.53384235492326E+07
 0.53384235492327E+07
 0.53384235492328E+07
 0.53384235492329E+07
 0.53384235492328E+07
 0.53384235492324E+07
 0.53384235492322E+07
 0.53384235492330E+07
 0.53384235492320E+07
 0.53384235492320E+07
 0.53384235492304E+07
 0.53384235492294E+07
 0.53384235492315E+07
 0.53384235492307E+07
 0.53384235492289E+07
 0.53384235492223E+07
 0.53384235492213E+07
 0.53384235492192E+07
 0.53384235492201E+07
 0.53384235492119E+07
 0.53384235492149E+07
 0.53384235492047E+07
 0.53384235491827E+07
 0.53384235492013E+07
 0.53384235491798E+07
 0.53384235491817E+07
 0.53384235490649E+07
 0.53384235491126E+07
 0.53384235490653E+07
 0.53384235490341E+07
 0.53384235489693E+07
 0.53384235489753E+07
 0.53384235490156E+07
 0.53384235490550E+07
 0.53384235488617E+07
 0.53384235488168E+07
 0.53384235488532E+07
 0.53384235485244E+07
 0.53384235485246E+07
 0.53384235481657E+07
 0.53384235485474E+07
 0.53384235490873E+07
 0.53384235474897E+07
 0.53384235475973E+07
 0.53384235469540E+07
 0.53384235467181E+07
 0.53384235482606E+07
 0.53384235474156E+07
 0.53384235474304E+07
 0.53384235489269E+07
 0.53384235485134E+07
 0.53384235483532E+07
 0.53384235482548E+07
 0.53384235473803E+07
 0.53384235459765E+07
 0.53384235483574E+07
 0.53384235502010E+07
 0.53384235509008E+07
 0.53384235510600E+07
 0.53384235578350E+07
 0.53384235539719E+07
 0.53384235467574E+07
 0.53384235369511E+07
 0.53384235466082E+07
 0.53384235530580E+07
 0.53384235587342E+07
 0.53384235556191E+07
 0.53384235365008E+07
 0.53384235648515E+07
 0.53384235755131E+07
 0.53384235598523E+07
 0.53384235526287E+07
 0.53384235605836E+07
 0.53384235407395E+07
 0.53384235360750E+07
 0.53384235093806E+07
 0.53384235460373E+07
 0.53384235372365E+07
 0.53384235497355E+07
 0.53384235071932E+07
 0.53384235472764E+07
 0.53384235006838E+07
 0.53384235340242E+07
 0.53384235551008E+07
 0.53384235669182E+07
 0.53384235092738E+07
 0.53384235377596E+07
 0.53384234596980E+07
 0.53384235188091E+07
 0.53384233883125E+07
 0.53384235326187E+07
 0.53384236720268E+07
 0.53384236187786E+07
 0.53384235553596E+07
 0.53384236165236E+07
 0.53384234671862E+07
 0.53384236420970E+07
 0.53384234930861E+07
 0.53384235937246E+07
 0.53384234757632E+07
 0.53384237318540E+07
 0.53384237843539E+07
 0.53384235663638E+07
 0.53384236567588E+07
 0.53384236532338E+07
 0.53384236418603E+07
 0.53384234241974E+07
 0.53384232762779E+07
 0.53384237307952E+07
 0.53384238728079E+07
 0.53384233678267E+07
 0.53384241433758E+07
 0.53384235888681E+07
 0.53384235177630E+07
 0.53384237034060E+07
 0.53384241947040E+07
 0.53384235760051E+07
 0.53384239030602E+07
 0.53384235925358E+07
 0.53384230992911E+07
 0.53384235773013E+07
 0.53384239663194E+07
 0.53384233814813E+07
 0.53384240387386E+07
 0.53384239640094E+07
 0.53384252881227E+07
 0.53384234421809E+07
 0.53384244921441E+07
 0.53384239078275E+07
 0.53384233387199E+07
 0.53384227866400E+07
 0.53384247199610E+07
 0.53384235788572E+07
 0.53384239406420E+07
 0.53384231186452E+07
 0.53384241245978E+07
 0.53384222877703E+07
 0.53384234605271E+07
 0.53384262462237E+07
 0.53384241465230E+07
 0.53384226496931E+07
 0.53384243408771E+07
 0.53384228438485E+07
 0.53384232291215E+07
 0.53384243046613E+07
 0.53384237738648E+07
 0.53384235900705E+07
 0.53384237141588E+07
 0.53384224331302E+07
 0.53384221610930E+07
 0.53384225395430E+07
 0.53384221851276E+07
 0.53384224700897E+07
 0.53384238433083E+07
 0.53384225182556E+07
 0.53384228034169E+07
 0.53384234965383E+07
 0.53384235211683E+07
 0.53384220402866E+07
 0.53384212141702E+07
 0.53384211316128E+07
 0.53384228596207E+07
 0.53384216190729E+07
 0.53384215458326E+07
 0.53384222744743E+07
 0.53384214282250E+07
 0.53384225799145E+07
 0.53384226418989E+07
 0.53384209917270E+07
 0.53384220564431E+07
 0.53384218559391E+07
 0.53384231232915E+07
 0.53384214628712E+07
 0.53384198381321E+07
 0.53384236439638E+07
 0.53384215866165E+07
 0.53384213058997E+07
 0.53384208877984E+07
 0.53384218435491E+07
 0.53384211532308E+07
 0.53384190827944E+07
 0.53384199185390E+07
 0.53384194487783E+07
 0.53384193630259E+07
 0.53384203794762E+07
 0.53384216769460E+07
 0.53384202611155E+07
 0.53384204389921E+07
 0.53384211873447E+07
 0.53384199286519E+07
