-0.69628868653328E-10
-0.32619961270545E-10
-0.15645132711558E-10
-0.14139167231092E-10
-0.13144020303868E-10
-0.93989874876642E-11
-0.13222605618856E-10
-0.11556151356133E-11
-0.54260303530958E-11
-0.66523351619748E-11
-0.32536266770940E-11
-0.62656001851093E-11
-0.61635366859270E-11
-0.39772709560199E-11
-0.33924750180706E-11
-0.36900991286572E-11
-0.52695768152765E-11
-0.40754289597256E-11
-0.14724858413465E-11
-0.33744204373079E-11
-0.35359576337715E-11
-0.34609683672548E-11
-0.16617852827079E-11
-0.29297641568804E-11
-0.24453131126955E-11
-0.12492819885638E-11
 0.12727658650613E-12
 0.51633508133957E-11
 0.17302853019174E-10
 0.43702032277052E-10
 0.10634493135399E-09
 0.22933177834222E-09
 0.46718015821569E-09
 0.90433301934060E-09
 0.16797147063724E-08
 0.30054913325498E-08
 0.51999934022791E-08
 0.87295435030161E-08
 0.14251270331441E-07
 0.22687628755776E-07
 0.35290214022092E-07
 0.53734845905059E-07
 0.80219505495071E-07
 0.11759185764220E-06
 0.16947215046061E-06
 0.23854851312202E-06
 0.33873329310641E-06
 0.46308215547584E-06
 0.62780244198842E-06
 0.84592106658241E-06
 0.11292363345040E-05
 0.14874692099318E-05
 0.19377952576273E-05
 0.24959730237491E-05
 0.31888046633719E-05
 0.40394215049494E-05
 0.50806173581616E-05
 0.63451542104827E-05
 0.78679092809131E-05
 0.96858999792005E-05
 0.11843806038582E-04
 0.14388831234790E-04
 0.17381440317461E-04
 0.20882787663976E-04
 0.24948900252837E-04
 0.29653904784817E-04
 0.35071790388604E-04
 0.41282794737300E-04
 0.48372618258625E-04
 0.56432437136747E-04
 0.65558897181857E-04
 0.75854069941947E-04
 0.87425402837679E-04
 0.10038551375265E-03
 0.11485230113157E-03
 0.13094855986039E-03
 0.14880193815081E-03
 0.16854472375105E-03
 0.19031363627085E-03
 0.21424961159403E-03
 0.24049740828740E-03
 0.26920623416907E-03
 0.30052742180908E-03
 0.33461652918523E-03
 0.37163219459388E-03
 0.41173544951073E-03
 0.45508990929724E-03
 0.50186093629615E-03
 0.55221618444891E-03
 0.60632502079024E-03
 0.66435851669157E-03
 0.72648875068836E-03
 0.79288980410453E-03
 0.86373592947183E-03
 0.93920254786425E-03
 0.10194652893360E-02
 0.11047009956936E-02
 0.11950863338366E-02
 0.12907990459761E-02
 0.13920165224454E-02
 0.14989181396119E-02
 0.16116833213649E-02
 0.17304915172071E-02
 0.18555204757028E-02
 0.19869605347907E-02
 0.21249738447306E-02
 0.22697490461401E-02
 0.24214799229221E-02
 0.25803516916669E-02
 0.27465540878389E-02
 0.29202633455595E-02
 0.31016645734356E-02
 0.32909444948756E-02
 0.34883007923962E-02
 0.36939542172332E-02
 0.39081111956520E-02
 0.41309711663622E-02
 0.43627020513914E-02
 0.46035311035837E-02
 0.48537127102054E-02
 0.51134345893247E-02
 0.53829363348071E-02
 0.56624486366145E-02
 0.59522288066072E-02
 0.62524735689820E-02
 0.65635179999943E-02
 0.68855299381779E-02
 0.72188801015213E-02
 0.75637407038091E-02
 0.79204933795769E-02
 0.82893990392633E-02
 0.86706856949026E-02
 0.90648360095709E-02
 0.94720020374638E-02
 0.98925714136702E-02
 0.10327024839646E-01
 0.10775569465376E-01
 0.11238552625834E-01
 0.11716438966661E-01
 0.12209604421733E-01
 0.12718380775979E-01
 0.13243242746454E-01
 0.13784624479196E-01
 0.14342928654019E-01
 0.14918538948119E-01
 0.15511941308137E-01
 0.16123615031118E-01
 0.16753952248186E-01
 0.17403463645833E-01
 0.18072588076000E-01
 0.18761810073197E-01
 0.19471553507596E-01
 0.20202174400899E-01
 0.20954256267831E-01
 0.21728131561309E-01
 0.22524186344802E-01
 0.23342833069550E-01
 0.24184351964740E-01
 0.25049113356210E-01
 0.25937238586273E-01
 0.26848863781482E-01
 0.27784198770616E-01
 0.28743198049099E-01
 0.29725721010644E-01
 0.30731581147982E-01
 0.31760294225783E-01
 0.32811270586777E-01
 0.33883756296863E-01
 0.34976680629920E-01
 0.36088710019914E-01
 0.37218235372923E-01
 0.38363220134344E-01
 0.39521186968662E-01
 0.40689187221335E-01
 0.41863664340720E-01
 0.43040411497064E-01
 0.44214595957134E-01
 0.45380635973936E-01
 0.46531831519316E-01
 0.47660701501299E-01
 0.48758712187203E-01
 0.49816186711680E-01
 0.50822378291828E-01
 0.51765395406830E-01
 0.52632389995801E-01
 0.53409705631365E-01
 0.54082889702118E-01
 0.54637534223332E-01
 0.55059208302993E-01
 0.55334103226006E-01
 0.55450518304122E-01
 0.55398769637489E-01
 0.55172391218481E-01
 0.54768815103590E-01
 0.54190021412485E-01
 0.53442578383230E-01
 0.52538301188436E-01
 0.51493289079563E-01
 0.50327698945263E-01
 0.49064302323166E-01
 0.47728982531680E-01
 0.46346156895376E-01
 0.44939843476417E-01
 0.43531771706082E-01
 0.42142127164180E-01
 0.40784240529202E-01
 0.39469836021861E-01
 0.38205936991660E-01
 0.36996811184580E-01
 0.35844092604717E-01
 0.34747625641303E-01
 0.33705983642842E-01
 0.32717017786009E-01
 0.31778191535815E-01
 0.30886679011034E-01
 0.30039714750157E-01
 0.29234621879087E-01
 0.28468846743825E-01
 0.27739994754627E-01
 0.27045871622533E-01
 0.26384441754612E-01
 0.25753798379820E-01
 0.25152179305680E-01
 0.24577970238254E-01
 0.24029643402293E-01
 0.23505793830874E-01
 0.23005073647128E-01
 0.22526226711131E-01
 0.22068086541603E-01
 0.21629552986910E-01
 0.21209573187352E-01
 0.20807158834929E-01
 0.20421394874452E-01
 0.20051414355472E-01
 0.19696392282703E-01
 0.19355553823975E-01
 0.19028171951392E-01
 0.18713566484722E-01
 0.18411104248103E-01
 0.18120163850271E-01
 0.17840186198554E-01
 0.17570639204642E-01
 0.17311014598189E-01
 0.17060837052869E-01
 0.16819665331263E-01
 0.16587079777644E-01
 0.16362681498929E-01
 0.16146098088296E-01
 0.15936979429108E-01
 0.15734992916878E-01
 0.15539822180861E-01
 0.15351171718228E-01
 0.15168763323042E-01
 0.14992328044219E-01
 0.14821614620286E-01
 0.14656384733683E-01
 0.14496412584085E-01
 0.14341481782407E-01
 0.14191387935751E-01
 0.14045936524631E-01
 0.13904943308196E-01
 0.13768230833992E-01
 0.13635631143435E-01
 0.13506984421753E-01
 0.13382136897485E-01
 0.13260943382095E-01
 0.13143261970681E-01
 0.13028961467811E-01
 0.12917914157442E-01
 0.12809995831065E-01
 0.12705089347646E-01
 0.12603082970169E-01
 0.12503869147375E-01
 0.12407345374220E-01
 0.12313410732289E-01
 0.12221970832265E-01
 0.12132934778841E-01
 0.12046214253861E-01
 0.11961724469122E-01
 0.11879385089358E-01
 0.11799118137420E-01
 0.11720848120542E-01
 0.11644502933403E-01
 0.11570013614323E-01
 0.11497313291821E-01
 0.11426337325015E-01
 0.11357024149404E-01
 0.11289314326864E-01
 0.11223149952027E-01
 0.11158476501460E-01
 0.11095239960108E-01
 0.11033390072895E-01
 0.10972876980496E-01
 0.10913652962610E-01
 0.10855672979477E-01
 0.10798891564118E-01
 0.10743267751294E-01
 0.10688760201393E-01
 0.10635328717502E-01
 0.10582936661764E-01
