 0.12217508597493E-11
 0.14851590907320E-11
 0.17774875274889E-11
 0.18649282010190E-11
 0.24666996964623E-11
 0.27170441799182E-11
 0.22801412457704E-11
 0.14288359160878E-11
 0.13144149051704E-11
 0.18462604418225E-11
 0.19718559677440E-11
 0.19196234173442E-11
 0.25533218569590E-11
 0.12406831657216E-11
 0.22262384037308E-11
 0.17006140959860E-11
 0.55631824612646E-12
 0.93140564876527E-12
 0.21128512256823E-11
 0.17990063810301E-11
 0.21057756697846E-11
 0.17792052290439E-11
 0.10001108508734E-11
 0.15435880323765E-11
 0.10674157473363E-11
 0.12621744872899E-11
 0.26370892006939E-11
 0.50412560372541E-11
 0.86232279767434E-11
 0.16262760197587E-10
 0.32774855880407E-10
 0.63350710903748E-10
 0.12134326418726E-09
 0.22931025307900E-09
 0.42180540427557E-09
 0.75438166969788E-09
 0.13137358661475E-08
 0.22332347264933E-08
 0.37043883105065E-08
 0.60053866475885E-08
 0.95296208432431E-08
 0.14821643899610E-07
 0.22616300796901E-07
 0.33899582573413E-07
 0.49966768939914E-07
 0.72492035410362E-07
 0.10362078202190E-06
 0.14605391193729E-06
 0.20502625097142E-06
 0.27751197565545E-06
 0.37489974845471E-06
 0.50792202116538E-06
 0.68024862392129E-06
 0.89620685559427E-06
 0.11639690622215E-05
 0.14977661891299E-05
 0.19158830370152E-05
 0.24354209144970E-05
 0.30764247004947E-05
 0.38580885827598E-05
 0.47999971439211E-05
 0.59272859865263E-05
 0.72732276040576E-05
 0.88770871854524E-05
 0.10770124311124E-04
 0.12996318456345E-04
 0.15600315521871E-04
 0.18631783698614E-04
 0.22144846349307E-04
 0.26198240830274E-04
 0.30855478358834E-04
 0.36184964040245E-04
 0.42260144144847E-04
 0.49159584915608E-04
 0.56967069751704E-04
 0.65771670648743E-04
 0.75667800480406E-04
 0.86755251700118E-04
 0.99139212315652E-04
 0.11293027789353E-03
 0.12824442967019E-03
 0.14520305941118E-03
 0.16393279209673E-03
 0.18456568301016E-03
 0.20723943831382E-03
 0.23209459652243E-03
 0.25928082105150E-03
 0.28895049851885E-03
 0.32126072360588E-03
 0.35637321514314E-03
 0.39445522918054E-03
 0.43567819739916E-03
 0.48021971788721E-03
 0.52826037622472E-03
 0.57998660739208E-03
 0.63558820712067E-03
 0.69526030142177E-03
 0.75920047252962E-03
 0.82761310982820E-03
 0.90070254696827E-03
 0.97868374527110E-03
 0.10617729833066E-02
 0.11501920999938E-02
 0.12441658544884E-02
 0.13439240116705E-02
 0.14497015901237E-02
 0.15617388458870E-02
 0.16803002234887E-02
 0.18055514148492E-02
 0.19378512520079E-02
 0.20774674613799E-02
 0.22246069914169E-02
 0.23795257578358E-02
 0.25424995235353E-02
 0.27138437009490E-02
 0.28938928481191E-02
 0.30829852223861E-02
 0.32813791809117E-02
 0.34892105798700E-02
 0.37070174168733E-02
 0.39351004375816E-02
 0.41737830102293E-02
 0.44234255507512E-02
 0.46843764002452E-02
 0.49570404174326E-02
 0.52417544211187E-02
 0.55389731277667E-02
 0.58490922344871E-02
 0.61725215447671E-02
 0.65097003748033E-02
 0.68611252365569E-02
 0.72271905006703E-02
 0.76084821061016E-02
 0.80053558259207E-02
 0.84184645999486E-02
 0.88482747171672E-02
 0.92953348599440E-02
 0.97602315187122E-02
 0.10243558157471E-01
 0.10745970058295E-01
 0.11267893401540E-01
 0.11810006085411E-01
 0.12373248043167E-01
 0.12958040685440E-01
 0.13565191089708E-01
 0.14195339260447E-01
 0.14849135396651E-01
 0.15527237012466E-01
 0.16230636235140E-01
 0.16959907095542E-01
 0.17716061994470E-01
 0.18499873085779E-01
 0.19311648424451E-01
 0.20152407710904E-01
 0.21023031953028E-01
 0.21924152516704E-01
 0.22856397202486E-01
 0.23820536131751E-01
 0.24817265684701E-01
 0.25847177861289E-01
 0.26910591936634E-01
 0.28008018688767E-01
 0.29139882466696E-01
 0.30306355227673E-01
 0.31507247435889E-01
 0.32742573378981E-01
 0.34012220783082E-01
 0.35315379138847E-01
 0.36651283391055E-01
 0.38018513020617E-01
 0.39415103367468E-01
 0.40839272374076E-01
 0.42288416280505E-01
 0.43759538031292E-01
 0.45248437951360E-01
 0.46749265924436E-01
 0.48257315084096E-01
 0.49765221069304E-01
 0.51265463904981E-01
 0.52748221936428E-01
 0.54202975777264E-01
 0.55618109838653E-01
 0.56979631027031E-01
 0.58272650173526E-01
 0.59480425757084E-01
 0.60585127554110E-01
 0.61568589002038E-01
 0.62411761788617E-01
 0.63096271711280E-01
 0.63604111630302E-01
 0.63919120314118E-01
 0.64029197690983E-01
 0.63925000906732E-01
 0.63602953049593E-01
 0.63064584417962E-01
 0.62318045206208E-01
 0.61376983304330E-01
 0.60261287672506E-01
 0.58995825078766E-01
 0.57607375822654E-01
 0.56131297920564E-01
 0.54598458702802E-01
 0.53039120815988E-01
 0.51479864988966E-01
 0.49950622318460E-01
 0.48468644963847E-01
 0.47048376392522E-01
 0.45698330985394E-01
 0.44422145589950E-01
 0.43220130205208E-01
 0.42089900499582E-01
 0.41027293728231E-01
 0.40027098688841E-01
 0.39084771968921E-01
 0.38195052100246E-01
 0.37353395040256E-01
 0.36555638068827E-01
 0.35798136661758E-01
 0.35077703954044E-01
 0.34391573655382E-01
 0.33737391814793E-01
 0.33112998882981E-01
 0.32516571128010E-01
 0.31946574507977E-01
 0.31401420592602E-01
 0.30879819804463E-01
 0.30380587689442E-01
 0.29902551742162E-01
 0.29444687494021E-01
 0.29005944768099E-01
 0.28585413690279E-01
 0.28182268850656E-01
 0.27795616028173E-01
 0.27424656860419E-01
 0.27068677734822E-01
 0.26727019192348E-01
 0.26398970157602E-01
 0.26083846845650E-01
 0.25781142096006E-01
 0.25490278339876E-01
 0.25210713498785E-01
 0.24941951986785E-01
 0.24683502880169E-01
 0.24434940037419E-01
 0.24195842712806E-01
 0.23965792626267E-01
 0.23744418450760E-01
 0.23531362466939E-01
 0.23326290205338E-01
 0.23128874071997E-01
 0.22938795834094E-01
 0.22755776292414E-01
 0.22579545388421E-01
 0.22409827226175E-01
 0.22246375041949E-01
 0.22088947143249E-01
 0.21937320753879E-01
 0.21791272292006E-01
 0.21650599164721E-01
 0.21515100666910E-01
 0.21384584981756E-01
 0.21258872519222E-01
 0.21137784963834E-01
 0.21021158676001E-01
 0.20908829647591E-01
 0.20800646462104E-01
 0.20696459819038E-01
 0.20596125626382E-01
 0.20499505435064E-01
 0.20406478337626E-01
 0.20316904865672E-01
 0.20230661808426E-01
 0.20147638466180E-01
 0.20067718177893E-01
 0.19990793148236E-01
 0.19916753549177E-01
 0.19845499097946E-01
 0.19776929968830E-01
 0.19710952257239E-01
 0.19647473254298E-01
 0.19586402664074E-01
 0.19527654823549E-01
 0.19471147734117E-01
 0.19416798883944E-01
 0.19364532221269E-01
 0.19314270798253E-01
 0.19265942624293E-01
 0.19219476811384E-01
 0.19174805338428E-01
 0.19131860861486E-01
 0.19090582919537E-01
 0.19050906828074E-01
 0.19012774173167E-01
 0.18976124708304E-01
 0.18940905329367E-01
 0.18907060342493E-01
 0.18874537818957E-01
 0.18843287536134E-01
 0.18813260947362E-01
 0.18784408219737E-01
