   6.91360382032105060219110298214517828      
   6.91360382032105110148990120050159411      
   6.91360382032108955897461395071538087      
   6.91360382032172657037300039129441259      
   6.91360382032646964407827706415172508      
   6.91360382034827194454909996337541127      
   6.91360382042124210775840530958732772      
   6.91360382061614616007291978449776983      
   6.91360382105205065483227295949441541      
   6.91360382188251542740233910592754093      
   6.91360382321555130734204641642839267      
   6.91360382491358848530884905294238349      
   6.91360382622306345639687252882828557      
   6.91360382520291047041750436086742014      
   6.91360381794927827034879312462747392      
   6.91360379764123045669243270458582038      
   6.91360375345348257119180736204814783      
   6.91360366939581437392787181602987646      
   6.91360352314564596335197710490705748      
   6.91360328494217467356925345910616592      
   6.91360291660884321822620837277417889      
   6.91360237076628433128684109379622563      
   6.91360159029007204460921370055545440      
   6.91360050805619316775314020706098556      
   6.91359904700207544210170643247268164      
   6.91359712051292090712221338246865162      
   6.91359463312338964652909639246805453      
   6.91359148150525117710096159756678685      
   6.91358755569445437229438358889827209      
   6.91358274049783915434423498799069622      
   6.91357691701152419236832413275127106      
   6.91356996418023981978256583433153756      
   6.91356176032926850543732351829797115      
   6.91355218460740314882355107873539582      
   6.91354111828932436014304851367363471      
   6.91352844589778391984022334485510839      
   6.91351405611876235271622150410972201      
   6.91349784249530836161061001981219015      
   6.91347970389725553407868963098758383      
   6.91345954477389289187477483254764468      
   6.91343727520462817358103456730120440      
   6.91341281076861793068526822887693213      
   6.91338607225830467239466064970583363      
   6.91335698526397497744479719889815930      
   6.91332547965707745085500312180705001      
   6.91329148899939937706055087821928515      
   6.91325494990358766427939976829666089      
   6.91321580136818407729261462188261430      
   6.91317398410757360715026548332412653      
   6.91312943989423206517583062329635713      
   6.91308211092758165921472960697406936      
   6.91303193924072600550543223756538996      
   6.91297886615350465608157632976728604      
   6.91292283177766339206752316194484328      
   6.91286377457760109144556013034530419      
   6.91280163098810652405139150666144023      
   6.91273633508872512675277747172111331      
   6.91266781831776227299092126692039663      
   6.91259600930986026505624542470284459      
   6.91252083364607939589460006548281973      
   6.91244221377613886790463619534368817      
   6.91236006891780263508447654909099262      
   6.91227431500122350760215052297632310      
   6.91218486464112425229887487532499488      
   6.91209162713118416482352377306522177      
   6.91199450845521190931045583656725547      
   6.91189341131034059274014941904597956      
   6.91178823513727215212446836065439130      
   6.91167887615203838864841860180651891      
   6.91156522737634012331852135511499160      
   6.91144717866152270977922994960136912      
   6.91132461670280395541327593475973545      
   6.91119742504076267076283992422832408      
   6.91106548404683208083025562191370295      
   6.91092867089009684748566319433748133      
   6.91078685948416675143186833853866959      
   6.91063992041099999307577486401494940      
   6.91048772081952005929487355635875788      
   6.91033012430021000574821893696593004      
   6.91016699073322633677784871962466140      
   6.90999817610540301703974550241290202      
   6.90982353230185348780168975969670735      
   6.90964290686877840688926122318426135      
   6.90945614274212495157823576075134885      
   6.90926307795379463660138766512004846      
   6.90906354529906884157663619689064346      
   6.90885737198130473229430625162759592      
   6.90864437921735381934727509572156771      
   6.90842438182262356346637116856863821      
   6.90819718775632876534004248170528884      
   6.90796259763792675803418825850853499      
   6.90772040423948018189868046972531136      
   6.90747039193371043733294872652024650      
   6.90721233611249460756243320798828075      
   6.90694600260265122418527995197582218      
   6.90667114699059875699367679477383315      
   6.90638751398302158066677512703113567      
   6.90609483666814425405607463331067949      
   6.90579283580323235402528142995413275      
   6.90548121901787135743566636643055740      
   6.90515968001816484880282242743325419      
   6.90482789773529640290404830419104908      
   6.90448553544485151250840395193932404      
   6.90413223982810329477183978073806732      
   6.90376764003737512803651321745565164      
   6.90339134668068725422218229716545793      
   6.90300295076766335202477392542979612      
   6.90260202261158385195737496666100262      
   6.90218811071411088558925146525905585      
   6.90176074059030224923078068617739771      
   6.90131941346700854220718475381435818      
   6.90086360506426802120776806233821064      
   6.90039276421463069584452826435959076      
   6.89990631144694749901663730143422655      
   6.89940363753926284919020488195564652      
   6.89888410182087006978391283776945730      
   6.89834703112052341443833525578435931      
   6.89779171735001948591744983968306143      
   6.89721741610941425455833054931714850      
   6.89662334489412392708653500398422842      
   6.89600868114409489182663872942178231      
   6.89537256008854470628422174698963951      
   6.89471407275842288845341748501600655      
   6.89403226372097448824867352601073378      
   6.89332612882230907892526617139576528      
   6.89259461263582031773159457344888980      
   6.89183660592682394465390334250074578      
   6.89105094301618758152395327424816877      
   6.89023639882750188277437288391660617      
   6.88939168600124052018452992035132044      
   6.88851545156060593912854696257480765      
   6.88760627393829730768513997972345916      
   6.88666265902635786545383167969915860      
   6.88568303694706722797434874898866693      
   6.88466575768134132146481356108580681      
   6.88360908725495568648399744963724077      
   6.88251120331912131763781339841137451      
   6.88137019056611439118454354894317837      
   6.88018403563039056050794710840522050      
   6.87895062224447319223276010758136599      
   6.87766772554245970339086860717316957      
   6.87633300636065635087543091686331050      
   6.87494400499052223333046041646638801      
   6.87349813464906634459674444645514020      
   6.87199267465778928475240344597645747      
   6.87042476291602483459602788440602341      
   6.86879138808336089371497761092609771      
   6.86708938120373341858921718090408243      
   6.86531540691220195962070148708289583      
   6.86346595351502229622314334593431243      
   6.86153732408030011361921901557376540      
   6.85952562407405194504937978763698590      
   6.85742675090870189859258902397288724      
   6.85523638120625930316406718241990504      
   6.85294995808529013570655659432762099      
   6.85056267666703202889067462517564883      
   6.84806946945917150146707499669343847      
   6.84546499012400234736659051523946407      
   6.84274359662135438950048505108436419      
   6.83989933265824356967715788447103122      
   6.83692590821779844183465061893618810      
   6.83381667861993639615811999856797703      
   6.83056462179885500327182910299260657      
   6.82716231520457325575752442473681996      
   6.82360190938728192179584973631074793      
   6.81987510123280584505273077663676801      
   6.81597310461093790756051018618423861      
   6.81188661991651936842282821041685746      
   6.80760580074185566439377003069706174      
   6.80312021958073845420205096895395637      
   6.79841883082478345221890764846136496      
   6.79348993231775817319427185201659694      
   6.78832112430834587800154119004289447      
   6.78289926980603892953920565056338740      
   6.77721044781780278117531819276744022      
   6.77123991128669020511121824060117944      
   6.76497204198016512129065153872359618      
   6.75839030518845498305873020092769192      
   6.75147720863594612751975026386763436      
   6.74421425913828324116294023164322169      
   6.73658192857031716569022633078409498      
   6.72855962150999252983536173884037751      
   6.72012565317080128644656195324278407      
   6.71125723796166580231751112952216273      
   6.70193049080899601609800559632711761      
   6.69212044589356160536935891375045013      
   6.68180109663245754560224237020894698      
   6.67094545646963264861456758769433123      
   6.65952565044743017057693362408566843      
   6.64751302796232277184844432469770582      
   6.63487830965625731290672986200824497      
   6.62159175812920925735710229610170339      
   6.60762337048156666548474053885874435      
   6.59294308767591410670358454426867845      
   6.57752100767019890517438994031718528      
   6.56132759377204315170481625206962365      
   6.54433386263634965411585667816392105      
   6.52651154158255232298957542735594521      
   6.50783318570680833337978271443157622      
   6.48827224620657928885960641776105333      
   6.46780309970592590323970099268043602      
   6.44640102560139436909643497016936919      
   6.42404216517535762310483765748801738      
   6.40070343956873140960613231860140714      
   6.37636249642728381138995725875079853      
   6.35099762871756882911907634645822376      
   6.32458772003672819000072933692391440      
   6.29711220345794805780231889806170307      
   6.26855103474254414473903410490260986      
   6.23888467904619467449772182656112230      
   6.20809410520509409658801038285662222      
   6.17616078422918008447762004530162737      
   6.14306668692961334422025565192448490      
   6.10879427832456853631128002373669159      
   6.07332650764868724703920642051445074      
   6.03664679185421227125911255166773512      
   5.99873899394742601599441712931796371      
   5.95958739669397121956510222006129399      
   5.91917667311552652487706858953869303      
   5.87749185375845192772051901993236522      
   5.83451829353990807541672347712528051      
   5.79024163748828939212906529351375749      
   5.74464778760203380239423687019726424      
   5.69772287019108488028379651516593720      
   5.64945320558349710154377801976714724      
   5.59982527894128254131846843146711027      
   5.54882571348609806641735220971890084      
   5.49644124595712479044404366397600172      
   5.44265870407481572990411852504415361      
   5.38746498600176177351776157002389632      
   5.33084704204347360783106201322558075      
   5.27279185810992549584238930504977809      
   5.21328644083475284181377328516764263      
   5.15231780442181376297366840872933117      
   5.08987295888315956075700601836600072      
   5.02593889959362830817694897244954035      
   4.96050259814335377621608554213386579      
   4.89355099391076994988825257524065840      
   4.82507098716683790601773851189890298      
   4.75504943247938121840897770558620014      
   4.68347313313451679108163447794329535      
   4.61032883618522323577323510599526313      
   4.53560322806370900668352579275738441      
   4.45928293074090587026419757732695593      
   4.38135449840334650278592138787919664      
   4.30180441439166394749332950805019161      
   4.22061908867397829261377473952461687      
   4.13778485551013514239051980324694987      
   4.05328797149563366668350160843137629      
   3.96711461380198883700032142817111432      
   3.87925087862295259001678631789746817      
   3.78968277989759987123035162516217285      
   3.69839624813477830369394890313831522      
   3.60537712942510630496632835699473409      
   3.51061118458328249743073153318501835      
   3.41408408841100549469484822511548773      
   3.31578142908075972097353683912715692      
   3.21568870760464752657463346077276341      
   3.11379133738453507288855383826269979      
   3.01007464385589807381585884617296502      
   2.90452386419655870114704770232290147      
   2.79712414706480258804974633312258767      
   2.68786055244638083405720555423696554      
   2.57671805149674771282711692502124903      
   2.46368152646280865145218607957980621      
   2.34873577062383265041513391919454851      
   2.23186548827191698832125504640496930      
   2.11305529472283909378521743218203461      
   1.99228971635673719298227061394046254      
   1.86955319067541555560432887594209632      
   1.74483006638944930571661733917391390      
   1.61810460351868168460012651027804923      
   1.48936097350967462683649479471371383      
   1.35858325937925449711181495210779512      
   1.22575545585097388586673035138594743      
   1.09086146952026638925016956850682846      
  0.953885119025745595681161125040733015      
  0.814810135227104220658169519333177305      
  0.673620161393681391947058201152904296      
  0.530298753400169896236892803568509577      
  0.384829379926346972957620334610125782      
  0.237195422665777460918521249783185014      
   8.73801765389970019457737838948434331E-0002
  -6.46331500966496847067239243363538956E-0002
 -0.218861435217862476900871212553187165      
 -0.375321642922154612079144993070593247      
 -0.534030823196329949171572066531564231      
 -0.695006111691248085142565287400579247      
 -0.858264729491155582051751735119197135      
  -1.02382398288661352065325965086404894      
  -1.19170126313828485323393916377279124      
  -1.36191404624506882393823160808669000      
  -1.53447989271319813497667509504866982      
  -1.70941644731919188213432604805505651      
  -1.88674143887856617288452415073856002      
  -2.06647268000955050305494027719374687      
  -2.24862806690098204637915642630391769      
  -2.43322557907601825610503068416346772      
  -2.62028327916266612407410269406369244      
  -2.80981931265668203752600233684011757      
