 0.00000000000000E+00
 0.00000000000000E+00
 0.00000000000000E+00
 0.00000000000000E+00
 0.87784671185176E-26
 0.19327819614323E-21
 0.24443181222093E-18
 0.51836950843336E-16
 0.33429195888658E-14
 0.93694903527363E-13
 0.14325469734694E-11
 0.13902864773594E-10
 0.95116536652471E-10
 0.49442758047955E-09
 0.20630330656139E-08
 0.72005095127340E-08
 0.21695006876938E-07
 0.57828349449103E-07
 0.13903059062996E-06
 0.30619071987318E-06
 0.62550214570096E-06
 0.11974965336445E-05
 0.21667438231744E-05
 0.37315974375952E-05
 0.61533484887739E-05
 0.97642109641659E-05
 0.14973671328909E-04
 0.22272877330697E-04
 0.32236890468852E-04
 0.45524767577513E-04
 0.62877557849945E-04
 0.85114396277933E-04
 0.11312694112598E-03
 0.14787244307586E-03
 0.19036575041052E-03
 0.24167055240477E-03
 0.30289014656848E-03
 0.37515798893050E-03
 0.45962825401799E-03
 0.55746659576848E-03
 0.66984126480434E-03
 0.79791470313390E-03
 0.94283570566738E-03
 0.11057322097130E-02
 0.12877047492219E-02
 0.14898205900587E-02
 0.17131085458621E-02
 0.19585544608467E-02
 0.22270973358316E-02
 0.25196260664595E-02
 0.28369767575820E-02
 0.31799305747337E-02
 0.35492120921286E-02
 0.39454880963545E-02
 0.43693668056211E-02
 0.48213974657779E-02
 0.53020702861630E-02
 0.58118166804832E-02
 0.63510097802404E-02
 0.69199651905869E-02
 0.75189419608446E-02
 0.81481437441885E-02
 0.88077201231633E-02
 0.94977680796910E-02
 0.10218333590931E-01
 0.10969413328524E-01
 0.11750956456048E-01
 0.12562866495836E-01
 0.13405003261530E-01
 0.14277184840147E-01
 0.15179189612694E-01
 0.16110758302860E-01
 0.17071596044077E-01
 0.18061374456090E-01
 0.19079733722519E-01
 0.20126284662005E-01
 0.21200610786054E-01
 0.22302270336957E-01
 0.23430798300074E-01
 0.24585708384792E-01
 0.25766494969691E-01
 0.26972635007706E-01
 0.28203589886635E-01
 0.29458807242870E-01
 0.30737722723031E-01
 0.32039761693551E-01
 0.33364340893733E-01
 0.34710870032885E-01
 0.36078753328477E-01
 0.37467390983181E-01
 0.38876180604022E-01
 0.40304518557898E-01
 0.41751801267155E-01
 0.43217426447522E-01
 0.44700794279390E-01
 0.46201308523307E-01
 0.47718377576265E-01
 0.49251415478043E-01
 0.50799842850491E-01
 0.52363087774916E-01
 0.53940586639619E-01
 0.55531784924758E-01
 0.57136137938649E-01
 0.58753111491641E-01
 0.60382182551989E-01
 0.62022839838905E-01
 0.63674584400620E-01
 0.65336930115738E-01
 0.67009404177770E-01
 0.68691547555561E-01
 0.70382915442543E-01
 0.72083077602034E-01
 0.73791618740385E-01
 0.75508138923432E-01
 0.77232253827975E-01
 0.78963595061816E-01
 0.80701810457258E-01
 0.82446564433677E-01
 0.84197538135879E-01
 0.85954429753458E-01
 0.87716954837184E-01
 0.89484846493346E-01
 0.91257855748818E-01
 0.93035751584322E-01
 0.94818321590734E-01
 0.96605371833524E-01
 0.98396727577396E-01
 0.10019223320438E+00
 0.10199175298777E+00
 0.10379517101256E+00
 0.10560239208725E+00
 0.10741334167584E+00
 0.10922796687821E+00
 0.11104623652074E+00
 0.11286814209062E+00
 0.11469369821474E+00
 0.11652294340655E+00
 0.11835594083985E+00
 0.12019277923746E+00
 0.12203357392994E+00
 0.12387846754025E+00
 0.12572763177290E+00
 0.12758126818245E+00
 0.12943960992752E+00
 0.13130292304272E+00
 0.13317150882002E+00
 0.13504570479262E+00
 0.13692588780849E+00
 0.13881247613465E+00
 0.14070593178903E+00
 0.14260676398642E+00
 0.14451553218886E+00
 0.14643284941269E+00
 0.14835938686715E+00
 0.15029587817349E+00
 0.15224312423893E+00
 0.15420199893971E+00
 0.15617345527462E+00
 0.15815853219408E+00
 0.16015836243796E+00
 0.16217418067325E+00
 0.16420733329398E+00
 0.16625928893672E+00
 0.16833165011790E+00
 0.17042616607666E+00
 0.17254474774975E+00
 0.17468948295272E+00
 0.17686265499832E+00
 0.17906676089416E+00
 0.18130453308664E+00
 0.18357896215057E+00
 0.18589332171251E+00
 0.18825119323836E+00
 0.19065649456199E+00
 0.19311350614678E+00
 0.19562689839275E+00
 0.19820175605057E+00
 0.20084359854556E+00
 0.20355839343941E+00
 0.20635255894935E+00
 0.20923295177533E+00
 0.21220683178232E+00
 0.21528180060010E+00
 0.21846570317735E+00
 0.22176648700085E+00
 0.22519200908769E+00
 0.22874979554946E+00
 0.23244674271883E+00
 0.23628877654558E+00
 0.24028047128090E+00
 0.24442467856778E+00
 0.24872215587893E+00
 0.25317125308112E+00
 0.25776767488752E+00
 0.26250434292648E+00
 0.26737136737452E+00
 0.27235613289924E+00
 0.27744349550410E+00
 0.28261607833908E+00
 0.28785465639647E+00
 0.29313861533696E+00
 0.29844647262526E+00
 0.30375643177489E+00
 0.30904694246854E+00
 0.31429724354887E+00
 0.31948784337781E+00
 0.32460092427015E+00
 0.32962064406279E+00
 0.33453332511772E+00
 0.33932754165525E+00
 0.34399410884790E+00
 0.34852599321096E+00
 0.35291816376392E+00
 0.35716740321412E+00
 0.36127209747397E+00
 0.36523201714385E+00
 0.36904810297311E+00
 0.37272226300691E+00
 0.37625718757064E+00
 0.37965618144866E+00
 0.38292301907445E+00
 0.38606181889659E+00
 0.38907693683490E+00
 0.39197287765067E+00
 0.39475422165462E+00
 0.39742556529971E+00
 0.39999147368124E+00
 0.40245644330951E+00
 0.40482487312315E+00
 0.40710104286365E+00
 0.40928909728912E+00
 0.41139303528190E+00
 0.41341670269194E+00
 0.41536378884415E+00
 0.41723782453326E+00
 0.41904218323057E+00
 0.42078008301028E+00
 0.42245458986906E+00
 0.42406862193187E+00
 0.42562495437948E+00
 0.42712622454497E+00
 0.42857493751150E+00
 0.42997347179848E+00
 0.43132408511178E+00
 0.43262891999536E+00
 0.43389000945394E+00
 0.43510928251623E+00
 0.43628856954484E+00
 0.43742960734689E+00
 0.43853404416089E+00
 0.43960344441939E+00
 0.44063929328626E+00
 0.44164300092006E+00
 0.44261590658859E+00
 0.44355928266197E+00
 0.44447433817122E+00
 0.44536222232299E+00
 0.44622402787554E+00
 0.44706079417424E+00
 0.44787351011399E+00
 0.44866311690187E+00
 0.44943051067799E+00
 0.45017654499422E+00
 0.45090203308077E+00
 0.45160775006955E+00
 0.45229443504227E+00
 0.45296279292238E+00
 0.45361349646296E+00
 0.45424718772064E+00
 0.45486447979602E+00
 0.45546595839572E+00
 0.45605218316099E+00
 0.45662368914649E+00
 0.45718098794563E+00
 0.45772456904063E+00
 0.45825490078193E+00
 0.45877243159139E+00
 0.45927759086855E+00
 0.45977078999444E+00
 0.46025242319202E+00
 0.46072286839650E+00
 0.46118248804861E+00
 0.46163162982126E+00
 0.46207062737165E+00
 0.46249980098162E+00
 0.46291945821426E+00
 0.46332989449780E+00
 0.46373139370822E+00
 0.46412422870600E+00
 0.46450866183406E+00
 0.46488494541961E+00
 0.46525332221400E+00
 0.46561402582910E+00
 0.46596728116393E+00
 0.46631330477602E+00
 0.46665230525143E+00
 0.46698448356984E+00
 0.46731003342455E+00
 0.46762914154506E+00
 0.46794198799410E+00
