 0.10658929944936E+02
 0.10658930010472E+02
 0.10658930315169E+02
 0.10658931178414E+02
 0.10658933071145E+02
 0.10658936624421E+02
 0.10658942633397E+02
 0.10658952066341E+02
 0.10658966062580E+02
 0.10658985970595E+02
 0.10659012969312E+02
 0.10659049448558E+02
 0.10659096258744E+02
 0.10659156116151E+02
 0.10659230754092E+02
 0.10659322308370E+02
 0.10659432467345E+02
 0.10659563080819E+02
 0.10659717856979E+02
 0.10659898907377E+02
 0.10660108150049E+02
 0.10660348201123E+02
 0.10660619756203E+02
 0.10660927666074E+02
 0.10661273266982E+02
 0.10661657464371E+02
 0.10662080505555E+02
 0.10662540931603E+02
 0.10663041114530E+02
 0.10663580751712E+02
 0.10664149970644E+02
 0.10664754561153E+02
 0.10665389151428E+02
 0.10666041558516E+02
 0.10666711978991E+02
 0.10667393164391E+02
 0.10668091352577E+02
 0.10668765459922E+02
 0.10669445909377E+02
 0.10670103894950E+02
 0.10670747474508E+02
 0.10671357387855E+02
 0.10671936101691E+02
 0.10672493922169E+02
 0.10673026372114E+02
 0.10673514117458E+02
 0.10673981570895E+02
 0.10674438210980E+02
 0.10674863679403E+02
 0.10675303117897E+02
 0.10675723251883E+02
 0.10676173839484E+02
 0.10676689048062E+02
 0.10677253586109E+02
 0.10677880140408E+02
 0.10678617162261E+02
 0.10679470621501E+02
 0.10680508475388E+02
 0.10681740428672E+02
 0.10683193809141E+02
 0.10684947764825E+02
 0.10686992332393E+02
 0.10689410651702E+02
 0.10692225710214E+02
 0.10695505771283E+02
 0.10699282792914E+02
 0.10703629806087E+02
 0.10708616404628E+02
 0.10714312188021E+02
 0.10720722123150E+02
 0.10727988158619E+02
 0.10736209756886E+02
 0.10745444896047E+02
 0.10755637500381E+02
 0.10767053641977E+02
 0.10779661634422E+02
 0.10793786748370E+02
 0.10809337197990E+02
 0.10826381403827E+02
 0.10845174022968E+02
 0.10865905353263E+02
 0.10888571872025E+02
 0.10913422080734E+02
 0.10940575054002E+02
 0.10970259083414E+02
 0.11002645728361E+02
 0.11037924122830E+02
 0.11076354161656E+02
 0.11118238008145E+02
 0.11163782840053E+02
 0.11213345898888E+02
 0.11267235282726E+02
 0.11325917049975E+02
 0.11389730891041E+02
 0.11459138801888E+02
 0.11534558800354E+02
 0.11616796361878E+02
 0.11706115362904E+02
 0.11803646417125E+02
 0.11909452158815E+02
 0.12025288556443E+02
 0.12151917715777E+02
 0.12289235494900E+02
 0.12438953380477E+02
 0.12602613502726E+02
 0.12779466977059E+02
 0.12972148754657E+02
 0.13179322603142E+02
 0.13401602947361E+02
 0.13636594821697E+02
 0.13882429508658E+02
 0.14132261706903E+02
 0.14377852656260E+02
 0.14610641418457E+02
 0.14817709485826E+02
 0.14986163851302E+02
 0.15100234181659E+02
 0.15139743285850E+02
 0.15079077574535E+02
 0.14896875813312E+02
 0.14583413134314E+02
 0.14212177839532E+02
 0.13903342309176E+02
 0.13671383755398E+02
 0.13507165508825E+02
 0.13396801710592E+02
 0.13331156791567E+02
 0.13297278296941E+02
 0.13290230618269E+02
 0.13303765411803E+02
 0.13332494757023E+02
 0.13375603278271E+02
 0.13429510221051E+02
 0.13492364755009E+02
 0.13562734020750E+02
 0.13639027649210E+02
 0.13721419829651E+02
 0.13807481134229E+02
 0.13897943559735E+02
 0.13991608799520E+02
 0.14088074617713E+02
 0.14186794024256E+02
 0.14288234516089E+02
 0.14391144277871E+02
 0.14496026283220E+02
 0.14602318860844E+02
 0.14709979854662E+02
 0.14818697152750E+02
 0.14928250871494E+02
 0.15039076374288E+02
 0.15150823734514E+02
 0.15263069185697E+02
 0.15376199157027E+02
 0.15489464785781E+02
 0.15603484758218E+02
 0.15717575095953E+02
 0.15832305632884E+02
 0.15947089445788E+02
 0.16062293408436E+02
 0.16177370373635E+02
 0.16292492101193E+02
 0.16407689017398E+02
 0.16522734289973E+02
 0.16637425949597E+02
 0.16752279223546E+02
 0.16866643831338E+02
 0.16980711495748E+02
 0.17094673952673E+02
 0.17208159058086E+02
 0.17321247231192E+02
 0.17433739064212E+02
 0.17545256436875E+02
 0.17656602540655E+02
 0.17767293812109E+02
 0.17877211257013E+02
 0.17986335705011E+02
 0.18094612310040E+02
 0.18202327536992E+02
 0.18309092151026E+02
 0.18414899934788E+02
 0.18519814925905E+02
 0.18623715644284E+02
 0.18726928672628E+02
 0.18829172686721E+02
 0.18929755541719E+02
 0.19029823713006E+02
 0.19128749033602E+02
 0.19226720208269E+02
 0.19323238912479E+02
 0.19418824720964E+02
 0.19513461279793E+02
 0.19606697825401E+02
 0.19698685315058E+02
 0.19789644312826E+02
 0.19879087654896E+02
 0.19967544200838E+02
 0.20054983815541E+02
 0.20140909726800E+02
 0.20225815070075E+02
 0.20309565270954E+02
