   6.91360382032448847522976250442333937      
   6.91360382032448897452856100055816334      
   6.91360382032452743201328781372420908      
   6.91360382032516444341181800519020349      
   6.91360382032990751712095170087933211      
   6.91360382035170981779289183518585589      
   6.91360382042467998402730538383151934      
   6.91360382061958405575439074023731003      
   6.91360382105548862151324429469073311      
   6.91360382188595357241998744486972457      
   6.91360382321898980233999909443780301      
   6.91360382491702757164179986713517251      
   6.91360382622650346139099351569685980      
   6.91360382520635179014854097441268259      
   6.91360381795271752364843379062612309      
   6.91360379764466427459280052044411557      
   6.91360375345691122294598926418801619      
   6.91360366939923818096071265003578755      
   6.91360352314906522295272524718260180      
   6.91360328494558975962650895033627357      
   6.91360291661224931514457203350398506      
   6.91360237076968774139435889621454096      
   6.91360159029346625044526045941239392      
   6.91360050805957746150971440997308355      
   6.91359904700543306881214054687425152      
   6.91359712051625987827827769072092651      
   6.91359463312672469318607768785042809      
   6.91359148150853488468420193204897989      
   6.91358755569763544821377720015898927      
   6.91358274050081209562938130183910692      
   6.91357691701406908995426209510539728      
   6.91356996418191549034642320350754044      
   6.91356176032922843486701771574286202      
   6.91355218460408224199460681917002083      
   6.91354111827994660325324734769612886      
   6.91352844587757413168097216482307564      
   6.91351405607976713878525708772190328      
   6.91349784242458718828581846829605387      
   6.91347970377434818223712492902254749      
   6.91345954456715922105293572829749483      
   6.91343727486620688483358061584990684      
   6.91341281022750923941492510385499336      
   6.91338607141113917547916747210499791      
   6.91335698396280744250866099833421486      
   6.91332547769348548055484541687612561      
   6.91329148608408060137893832253680241      
   6.91325494564050225324009634173402017      
   6.91321579522209821663284387629340587      
   6.91317397536379719984957466292388578      
   6.91312942760923569799163417261256964      
   6.91308209386884433402145986949221498      
   6.91303191581421028768252464109094963      
   6.91297883430105760135429861746188040      
   6.91292278891698956361543061267280197      
   6.91286371744186253382076100742653679      
   6.91280155549630473477411977736463484      
   6.91273623618109808629475653093939510      
   6.91266768978117125933712012387974419      
   6.91259584351874852085894950758894192      
   6.91252062135219209919837282798868787      
   6.91244194381530942755439110733646355      
   6.91235972789270355798192493325499182      
   6.91227388692548537601743425947751784      
   6.91218433054197020910592663256392406      
   6.91209096460838825919097230605909563      
   6.91199369119302375450770721190299473      
   6.91189240854075298485195908848968227      
   6.91178701105071058466028161250067250      
   6.91167738925475190677229039334089097      
   6.91156342979161408855680920154047013      
   6.91144501537163112820391130558666489      
   6.91132202473153190877005655073922413      
   6.91119433257361271489735231977595837      
   6.91106180948696967576265725367367065      
   6.91092432185039555765549442872805994      
   6.91078173171192455106914802245473393      
   6.91063389664339888814294821800393722      
   6.91048066957297020181574408025004191      
   6.91032189858869192905293650504448028      
   6.91015742671600590062198527543924535      
   6.90998709167016302299754987298524419      
   6.90981072557149027464206281256121995      
   6.90962815463593548650363844210624049      
   6.90943919883152693849526370117505754      
   6.90924367151626734546905507316139322      
   6.90904137903264043740040416499423070      
   6.90883212028178208654803980729731208      
   6.90861568625413221272683955694857103      
   6.90839185955130158138933740650328072      
   6.90816041385644754967989948263457986      
   6.90792111335708722642666805850304500      
   6.90767371218316616922897922626724569      
   6.90741795378246059023199621793153326      
   6.90715357027255863940446506523881071      
   6.90688028177229718557048996355896588      
   6.90659779568235233790070589877209375      
   6.90630580587704404000573808944909313      
   6.90600399198540329049915045722407320      
   6.90569201855145988427406083721110558      
   6.90536953419464823674222735377234454      
   6.90503617067551769132478822200060213      
   6.90469154201635357268251062826084345      
   6.90433524352645839040630542949175306      
   6.90396685070889054594610577799185577      
   6.90358591822928555542172644248086512      
   6.90319197889408329898940419343307981      
   6.90278454250780888176857442524610995      
   6.90236309453031405759481685877318508      
   6.90192709483745147116774097371010548      
   6.90147597655745543582374482574162036      
   6.90100914480637576951888997024962187      
   6.90052597468274004899874945302195207      
   6.90002581053217275952679523115646298      
   6.89950796400808040867131829840488664      
   6.89897171238892167525459196371002974      
   6.89841629674513762856083381971335280      
   6.89784092087840831290726745644281152      
   6.89724474864309940132652611175035748      
   6.89662690215357147118131196536425166      
   6.89598646014449749109684839315220095      
   6.89532245568466136391984018236985174      
   6.89463387318222916515301031566260609      
   6.89391964745627707623944078957985484      
   6.89317865964218780821730928020101724      
   6.89240973593265783925973313658201348      
   6.89161164385644881562966796600088725      
   6.89078309015669032222390310879952545      
   6.88992271694681271497627357315469209      
   6.88902909949600496640893632360535631      
   6.88810074164472080936948733354931913      
   6.88713607362781264738267920374092406      
   6.88613344679452325839669635533975434      
   6.88509113123385399449597300713218811      
   6.88400731052077878128290969159754693      
   6.88288007733971953976193222715144351      
   6.88170742971126335621254743017211617      
   6.88048726517779824451287717514444600      
   6.87921737592715519962137319347947988      
   6.87789544314843289020000008549213585      
   6.87651903186485784982932297066529695      
   6.87508558363129884907860591372493939      
   6.87359241115629565646531109590426178      
   6.87203669046297924277071223989886909      
   6.87041545465722348123261041677600139      
   6.86872558471445283219680728885860493      
   6.86696380265400176567140862286030431      
   6.86512666162376236282311674836579674      
   6.86321053742604403179472211204154259      
   6.86121161853169652797458245588817753      
   6.85912589516572414621619335591359720      
   6.85694914843013983610423014979788535      
   6.85467693880764775670371366068494344      
   6.85230459275758539694244310839426948      
   6.84982719029561941687432451285285579      
   6.84723954988063410016764035696930248      
   6.84453621385597897826103746990903634      
   6.84171143214713611679932894815202308      
   6.83875914523332064440387071020690789      
   6.83567296579548257961340399496397354      
   6.83244615948235578378293303555214807      
   6.82907162408463846951310901614541654      
   6.82554186811317504646322190059313386      
   6.82184898793807126266954639763508756      
   6.81798464319585983869562908019953286      
   6.81394003024056680081518720305870738      
   6.80970585620906968181449540055384721      
   6.80527230970757490638948823859690636      
   6.80062903034939391257183184762278580      
   6.79576507956492249010114454810270064      
   6.79066890597065297798084987101183597      
   6.78532831280825399094488959066579263      
   6.77973042396569295253460690476469639      
   6.77386164898310364105691066747534067      
   6.76770764866122284821038833761575504      
   6.76125330067702944960459407989385018      
   6.75448266736243664015535680951100304      
   6.74737896343776730715698830835893486      
   6.73992453140659671542233964278401200      
   6.73210081579106416440316995889868617      
   6.72388834888796179057555222285209733      
   6.71526674123192378091659781818858718      
   6.70621468353736826207818375151513593      
   6.69670996042915742551089767395337117      
   6.68672947897095541576776764566822425      
   6.67624931347233208085365983806241356      
   6.66524477044686756251015973102141166      
   6.65369047190787808768754869134875160      
   6.64156045728168095942909374170628354      
   6.62882831067516993293478831889448420      
   6.61546729939627636776262174015404551      
   6.60145052813669584376167525346532477      
   6.58675109610394517549010091201113504      
   6.57134225522379544995920700748703030      
   6.55519755457473383370516457567024689      
   6.53829096338141111581436585189829254      
   6.52059696456742505003248369015978286      
   6.50209060975161347936888316126374194      
   6.48274754184085757719973411030783627      
   6.46254397596081826835316554431738282      
   6.44145665998885889514845551423456790      
   6.41946280684248565689276582712140212      
   6.39654003609474813848275444627880571      
   6.37266631269196317255595740463437880      
   6.34781990942974275042244974871191936      
   6.32197938392933677043622449369661607      
   6.29512358401657456695794222562244903      
   6.26723166723395173501569708275484903      
   6.23828313460937620397405012098188368      
   6.20825786964684816811135461548316904      
   6.17713617641146884934219603072833636      
   6.14489881104952246708862351039928840      
   6.11152700614066052009975335274110228      
   6.07700248242298608262084852723125225      
   6.04130745066480558010292361909304797      
   6.00442460393116732044464226591113505      
   5.96633710068133985704866292088033373      
   5.92702854159568045311837040328029434      
   5.88648294163652089708778740442809936      
   5.84468469837940964260682560936443340      
   5.80161855902595040931315956071787300      
   5.75726958615958671161294893905088593      
   5.71162312454384180477980674984826486      
   5.66466476830148744223429837820599018      
   5.61638033007718661953341661243965294      
   5.56675581152060058662063227676492443      
   5.51577737614426475265141698945066572      
   5.46343132426473928697554578816692483      
   5.40970406985930658596357676093608403      
   5.35458211963826001578829861433032800      
   5.29805205388924803378632486009144967      
   5.24010050934413406874205728406870878      
   5.18071416366966058966302895891266900      
   5.11987972152405882409340503535039876      
   5.05758390207426996776014987296329598      
   4.99381342766802232196624716971589926      
   4.92855501412096131593867419423708380      
   4.86179536155764210405475036476922370      
   4.79352114647028474599634370685636187      
   4.72371901464370522124063091903923719      
   4.65237557480617124359588287884236371      
   4.57947739293207443170315207174425821      
   4.50501098723071693636720333434477863      
   4.42896282363509500873751015499457578      
   4.35131931183874026165763942406492727      
   4.27206680169907770476734090516231618      
   4.19119158005217820420566707638280584      
   4.10867986793187441396716460274488703      
   4.02451781803078359188993696977032664      
   3.93869151247841490016404187371965735      
   3.85118696082790479701051020093887286      
   3.76199009835366723798476131337283378      
   3.67108678443390331158910809719039197      
   3.57846280119292803524993384002205388      
   3.48410385225717207863554233734421391      
   3.38799556171491662444700634958641810      
   3.29012347312135527143078691226153732      
   3.19047304867146461294139688041726099      
   3.08902966848194425018936310560551676      
   2.98577862993205495255403616154169352      
   2.88070514711979203245579330667987720      
   2.77379435036724598876386109089799555      
   2.66503128581572577839442719122005559      
   2.55440091506576715234779394187401352      
   2.44188811488245144982790470494858908      
   2.32747767694223842694807144358045210      
   2.21115430763257439433986603953502406      
   2.09290262788513894772255036586970768      
   1.97270717304626409368665931838497733      
   1.85055239278746640794848001117412399      
   1.72642265102894967680601065911078771      
   1.60030222591068145399181310534956747      
   1.47217530978556256400872465095437827      
   1.34202600921641038075307322870858987      
   1.20983834497736997964948541295192689      
   1.07559625214985489282861284553842664      
  0.939283580147009195159832529863384878      
  0.800884092799362632960248198842634479      
  0.660381468458889352272327377173701329      
  0.517759300059418389359769749456074188      
  0.373001095287446145398479486489470172      
  0.226090276641296658102201006021610680      
   7.70101815998918940633388101197471716E-0002
  -7.42559372391862263264465611162679037E-0002
 -0.227724912049385259373799350123432367      
 -0.383413659575174002640742911999254312      
 -0.541339181017555524980519249590774431      
 -0.701518561849286032655590070904419406      
 -0.863968971647652774795612160807820971      
  -1.02870766394737861205223038547395762      
  -1.19575197603145237213971255273755393      
  -1.36511932877280570170827470929754708      
  -1.53682722646769916282370504166986411      
  -1.71089325661787887043752082756491539      
  -1.88733508977884991850026662179882549      
  -2.06617047934534853034806999617731335      
  -2.24741726138551932121007853340697428      
  -2.43109335443402706558118120747260735      
  -2.61721675930823379410182800831083171      
  -2.80580555890955517609800601289933533      
  -2.99687791804466576077812818930653664      
