   6.91360382032448847522976250442333937      
   6.91360382032448897452856100055816334      
   6.91360382032452743201328781372420908      
   6.91360382032516444341181800519020195      
   6.91360382032990751712095170087933442      
   6.91360382035170981779289183518753838      
   6.91360382042467998402730538437649897      
   6.91360382061958405575439078396420281      
   6.91360382105548862151324566879903439      
   6.91360382188595357242000976566877163      
   6.91360382321898980234022290237182778      
   6.91360382491702757164336000108676516      
   6.91360382622650346139920748060077149      
   6.91360382520635179018320999113901285      
   6.91360381795271752377102491065006662      
   6.91360379764466427496827575360488056      
   6.91360375345691122396847365444888735      
   6.91360366939923818095096312054857392      
   6.91360352314906522606653590106109544      
   6.91360328494558976088415235574730555      
   6.91360291661224932235671512776930424      
   6.91360237076968777693635509908788647      
   6.91360159029346640389628355025738220      
   6.91360050805957805144881906935448513      
   6.91359904700543511614811485955721794      
   6.91359712051626636677325361322403377      
   6.91359463312674365857737915269056302      
   6.91359148150858644631425480432792070      
   6.91358755569776679556479399349862423      
   6.91358274050112760399343775294553288      
   6.91357691701478772745287307507303317      
   6.91356996418347517570453922751132846      
   6.91356176033246779709800853037184792      
   6.91355218461054518091704961376689641      
   6.91354111829237505010905012344820465      
   6.91352844590068036137240703648440409      
   6.91351405612140974842309397440496790      
   6.91349784249751520789285920498310730      
   6.91347970389872642654709623351959005      
   6.91345954477414547771151373759249651      
   6.91343727520291823468248537405827968      
   6.91341281076379121086013973018693035      
   6.91338607224863717743615978871219619      
   6.91335698524693575101653912346123739      
   6.91332547962899352150152655128878822      
   6.91329148895503054449201962820192842      
   6.91325494983559311754709603663665110      
   6.91321580126640156441821369147233200      
   6.91317398395810385831396380095841002      
   6.91312943967835366807063295383866943      
   6.91308211062032915990885816521217294      
   6.91303193880915498149395614829370750      
   6.91297886555464085713193432311011139      
   6.91292283095594014431238721486132559      
   6.91286377346184459275454834602565497      
   6.91280162948794993202681273691308020      
   6.91273633307790735725153758464136313      
   6.91266781567797634923705446193857988      
   6.91259600585295286204159057922056970      
   6.91252082915480615530664782043354019      
   6.91244220798471263166552764242077369      
   6.91236006150319937005197344815968928      
   6.91227430557329405312774155505077082      
   6.91218485273127098476385012782746652      
   6.91209161217996884128479468716011844      
   6.91199448979814981061852055945247318      
   6.91189338816261114900244073225304575      
   6.91178820657591213767189101222542101      
   6.91167884109709673929804772078201807      
   6.91156518457022902513311218451348481      
   6.91144712664562711614297588838847214      
   6.91132455379288725816093588961059098      
   6.91119734930004913378735053904503373      
   6.91106539325650677315594528114720433      
   6.91092856251866844173871109308658804      
   6.91078673065374992474866986896560370      
   6.91063976785977920679612394363472858      
   6.91048754086404751171139478462793607      
   6.91032991279376391898618238140739257      
   6.91016674302099246307868915749264815      
   6.90999788698255781808730413368275349      
   6.90982319596451053828182308117151195      
   6.90964251686100804986360215900314263      
   6.90945569190019337264371494647982830      
   6.90926255835029872565084776676915330      
   6.90906294818366359990536062014835575      
   6.90885668771966209940322033948084399      
   6.90864359722536118910822440159360846      
   6.90842349050671055773104736995090395      
   6.90819617444237621964928717205316888      
   6.90796144848848794854056068682996586      
   6.90771910417810600138209108699734139      
   6.90746892456781871127845181748082724      
   6.90721068365869299361719156052418988      
   6.90694414580438991757647368433327020      
   6.90666906505741119987680738860849704      
   6.90638518444410001730976235838090715      
   6.90609223531235363637896790620657365      
   6.90578993656920680817408047554310188      
   6.90547799391988550407522335561881857      
   6.90515609901862780318896353147984206      
   6.90482392866020167093528942832781608      
   6.90448114389857693698572364537603398      
   6.90412738904375794343348606106845427      
   6.90376229074781068878389262030032679      
   6.90338545700521418869089091511715669      
   6.90299647617042718418862645302513794      
   6.90259491572827472872382196792551864      
   6.90218032115058662495492669524558709      
   6.90175221480436652038767265885678131      
   6.90131009483575057524506148620094825      
   6.90085343351227619063210464892866134      
   6.90038167604065824721532660798704095      
   6.89989423934336349995181783525414724      
   6.89939051045363364163868947953525284      
   6.89886984448420936106817148122018771      
   6.89833156421149338253377224949741303      
   6.89777495726433229339015450306653533      
   6.89719927454823038253615702212339979      
   6.89660372891073421164547286474661253      
   6.89598749293592104157119081080312681      
   6.89534969657703160436211623975973850      
   6.89468942557866696539723846734678393      
   6.89400571901902101485824470914319842      
   6.89329756675936752283178448315249327      
   6.89256390755756634055848618091114978      
   6.89180362557927805338667897381606551      
   6.89101554884088982033694134594061962      
   6.89019844512343297505514101279752936      
   6.88935102025752360684822360866421642      
   6.88847191353587222705289999543687287      
   6.88755969575291654397639736076677961      
   6.88661286462404889535338595756597099      
   6.88562984166218429805883484720778204      
   6.88460896833189048838650260128831201      
   6.88354850105282811100606311373880525      
   6.88244660797672854662143388861805550      
   6.88130136376779691434315736225986199      
   6.88011074447774664987109720858565674      
   6.87887262292485763249735716138697634      
   6.87758476261935664679179167890716202      
   6.87624481215519494585631810418562657      
   6.87485029956511228676976458927414539      
   6.87339862457887072328362963002824527      
   6.87188705307229908219957445612146679      
   6.87031270810795126107877162404140854      
   6.86867256339282105960740444118940985      
   6.86696343430282210148914559866545635      
   6.86518196848579256210895241764622014      
   6.86332463706485218366098912539722842      
   6.86138772512474147654921938482693567      
   6.85936731881354851616315374647148216      
   6.85725929548674965253248273492966410      
   6.85505931100249096919526032499102923      
   6.85276278625005463420192526011354902      
   6.85036489351121234296915381911533476      
   6.84786054131177621525276321878610785      
   6.84524435781644333789213321866463732      
   6.84251067466658330820371445179270247      
   6.83965350811477500098755295874099523      
   6.83666653868464377058721364998019175      
   6.83354309160542300267630843844881744      
   6.83027611321249683751162452419963813      
   6.82685814770091393262299313128795032      
   6.82328131084824527647256824155597946      
   6.81953726385182831590373298196555764      
   6.81561718316460179064838469790171768      
   6.81151173002218821420686559813980993      
   6.80721101737612902814164908501096895      
   6.80270457611919034042431779719060932      
   6.79798131705722377466265440407049147      
   6.79302949367502509509289199550834117      
   6.78783666051225827837797220724598514      
   6.78238963366280867270743287549317614      
   6.77667444498023846307183098721678350      
   6.77067629988314817560007725107434895      
   6.76437953157682294330936710042108068      
   6.75776755924913062724232981840202966      
   6.75082284380811723543717864463063189      
   6.74352684833725465157760403333826006      
   6.73586000299419820989267874885209452      
   6.72780167482896258195505401104618512      
   6.71933014705276748797422137074295910      
   6.71042260746899906144682522404618628      
   6.70105515365370905475030744301177163      
   6.69120281207574070299643150781747189      
   6.68083957980442516678099847385764592      
   6.66993848728299281543261704298164302      
   6.65847169290910894858622967072146479      
   6.64641059513951915865649107132248575      
   6.63372598239905760142655328254621683      
   6.62038820377077407214674221426113700      
   6.60636736069161817394257424400940372      
   6.59163351596939664584380182740839034      
   6.57615690491611415277187491169870205      
   6.55990813853109829922392572434437741      
   6.54285838872130770064694579240481289      
   6.52497953961914702557502333348225859      
   6.50624430055580505547710207672630483      
   6.48662626771040677634783011343101080      
   6.46609995195498866954448626815084038      
   6.44464074877657395052526255133657558      
   6.42222489581401185487532721476230005      
   6.39882939370345404904190686245623101      
   6.37443195084025012638660889105888360      
   6.34901090320256495090860577354443685      
   6.32254516255727209565132064415930031      
   6.29501417941284514309451904112002693      
   6.26639791717960872647447341725477881      
   6.23667684201358865421110514356137783      
   6.20583191899995658212425390243331210      
   6.17384461250944276063565594827281098      
   6.14069688387056520285357737142028281      
   6.10637118847320120332988879889174119      
   6.07085046440930559574582717931859448      
   6.03411811684344502192875165673005129      
   5.99615799686660062534923809512103801      
   5.95695437509824408921085135749199466      
   5.91649191182320318295934943630841531      
   5.87475562489021753137027190257132449      
   5.83173085601239546497707268572548845      
   5.78740323709065359955652581336744918      
   5.74175865669551735715913010320556604      
   5.69478322760300846900280181010341715      
   5.64646325656123196258951949484085601      
   5.59678521509232788472665991859860368      
   5.54573571298872944303660362772890042      
   5.49330147349944005916219627731480708      
   5.43946931099950053475368957925727459      
   5.38422611062553578847801918256764702      
   5.32755880984323204253239479570153462      
   5.26945438196853529912502769592762937      
   5.20989982132497425244399846076892821      
   5.14888213019018387132135758765060195      
   5.08638830694807197711221474297625623      
   5.02240533572814776173765279745718956      
   4.95692017717402173901879548261828371      
   4.88991976014959702439674760187460835      
   4.82139097476336573849236872791435765      
   4.75132066577336521094877989204794876      
   4.67969562699040862966450230996896680      
   4.60650259637609934784464823646782517      
   4.53172825164100982901140772913672649      
   4.45535920635999816282435893806883241      
   4.37738200659789381104163862929254102      
   4.29778312797095804028054202955455324      
   4.21654897299642635232420428972485911      
   4.13366586879399828417763458339169996      
   4.04912006509485983501044151142382678      
   3.96289773248346873291798251107654518      
   3.87498496086634274184205197345862901      
   3.78536775811578754235366524077833112      
   3.69403204893205703049901341446974230      
   3.60096367384700635750857507091178933      
   3.50614838832697847601045748919236088      
   3.40957186206078550835687634323365943      
   3.31121967829604943694125089340684685      
   3.21107733334602925196629385021162780      
   3.10913023609515651481505581604284804      
   3.00536370763575675747132953355741757      
   2.89976298099142687567254238467559019      
   2.79231320083894316554767926069095554      
   2.68299942333416531680131787944746928      
   2.57180661596513572462400734594987737      
   2.45871965746051984098901718072104751      
   2.34372333772604733998482729724295664      
   2.22680235781005293124398710165602119      
   2.10794132992852734049199658741004713      
   1.98712477747969842537370967874595639      
   1.86433713510970089735785284849703014      
   1.73956274878709561088203768779527293      
   1.61278587590445263127926480721314891      
   1.48399068538685855899835975849473693      
   1.35316125783936088291423809488515622      
   1.22028158566210476502037174859834497      
   1.08533557322704402634327300836318886      
  0.948307037044445392791737152382326297      
  0.809179705928658893218864489196592200      
  0.667937221194677629506461721061448116      
  0.524563136837469461916198057419800937      
  0.379040919742612520260521111832856581      
  0.231353949878356044453080920517694034      
   8.14855205171870402285017658903909071E-0002
  -7.05811615653743353529178693245793196E-0002
 -0.224862975857460072212126344485979478      
 -0.381376887905272418343296403769106502      
 -0.540139949086235107194123175540981963      
 -0.701169296368038254101733065464014336      
 -0.864482152115503641536576364280303204      
  -1.03009582382582873740146943937190549      
  -1.19802770392053977834496644501707850      
  -1.36829526951288654828913345232889380      
  -1.54091608216189034361349207436017816      
  -1.71590778766161556353888252413663502      
  -1.89328811579475018854589394063779678      
  -2.07307488009592084790730153292402422      
  -2.25528597764254205146513830225791187      
  -2.43993938879646592896198122789584025      
  -2.62705317698204187086902542330406264      
  -2.81664548846307648237136601986398987      
