   305.833180578490118847143771537581802      
   305.833180575208522449485551403157112      
   305.833180532679864089517132468032643      
   305.833180317601823404850585565792657      
   305.833179632578655134427392596193301      
   305.833177969418442227801183705125764      
   305.833174579803515329916435114994095      
   305.833168436153001168975826351546942      
   305.833158097978758557309669213886111      
   305.833141312165117932041609463698251      
   305.833114153098471833671594163100730      
   305.833069624316694104963585260810390      
   305.832995839663000471975132649957607      
   305.832874054758538920597765817787222      
   305.832676856971244227889974225697520      
   305.832366754851555720783768990986178      
   305.831895290144535957844938798649772      
   305.831202679351606061807804916650099      
   305.830217907805506414780420267111423      
   305.828859155642585969654005071248592      
   305.827034426292459133767775091455060      
   305.824642262945690762921942534204624      
   305.821572465667162690594563424089620      
   305.817706752684474588686929538167078      
   305.812919338271625756502577836068130      
   305.807077423541190720489397900283847      
   305.800041614175232548915460635073246      
   305.791666290575485411977480851403214      
   305.781799961703262222695811952359733      
   305.770285634827676776080791105080957      
   305.756961230596228582265788038591493      
   305.741660067310426603447804099172555      
   305.724211431074490488237507472375544      
   305.704441240523759518290089499224368      
   305.682172806943354183224739470962546      
   305.657227683354221467026845905066516      
   305.629426590067044748463993929705713      
   305.598590389204238973261815808633477      
   305.564541146057769136268185747830526      
   305.527103117152811612282262160082640      
   305.486103817231232652273685497611771      
   305.441375018484864581580232061473755      
   305.392753709604137448884142551928398      
   305.340082989108209275745816016844854      
   305.283212877978863759359427680084955      
   305.222001039392772386877845075549523      
   305.156313396697723038951542583378729      
   305.086024643425622978285815209066901      
   305.011018642291557612704134223558280      
   304.931188712321344040794688280971693      
   304.846437805896068046324169451019914      
   304.756678578922931820027147128824763      
   304.661833359505505460673636528417867      
   304.561834021172589316648669572197477      
   304.456621767982575100084631306748794      
   304.346146839708756994420664928557314      
   304.230368145018642968081940522391985      
   304.109252831703191215252160062473274      
   303.982775801847130936486712754541703      
   303.850919181761090207782465914286879      
   303.713671752347422997587614222765914      
   303.571028350697259719561861123454636      
   303.422989247521382345098826622604035      
   303.269559509335156132273705131906293      
   303.110748351127054367443835911361593      
   302.946568482213330217341026552597963      
   302.777035456766386660610169605660814      
   302.602167025705077809615920061700823      
   302.421982500488291757363197022157877      
   302.236502129612845277596409931466115      
   302.045746486389403188680571557589153      
   301.849735879091562112284099045477384      
   301.648489780933006055846631446770208      
   301.442026274586165264410947873601811      
   301.230361520348627235904718808304397      
   301.013509254977639622990935881877094      
   300.791480294994163277150011636040572      
   300.564282078345142748836799257999233      
   300.331918220592004344997364837386171      
   300.094388096004692064532981309986860      
   299.851686437351471165498780071822344      
   299.603802950078667769273888203804931      
   299.350721933923985882455877647609769      
   299.092421950424630981297722850285984      
   298.828875481156115356629932129967049      
   298.560048609454050275035160336950412      
   298.285900703458396300941401518172172      
   298.006384140130993272727395271765107      
   297.721443995081518663662579475266853      
   297.431017722232988482894807166517015      
   297.135034910812896658723469110370664      
   296.833416950280901784749914877085004      
   296.526076933250678669277224696139176      
   296.212919129110511906611892725490795      
   295.893838849591830653782297393454548      
   295.568722069225919800771425274121966      
   295.237445212400295388091382283105104      
   294.899874765806241411682183733623992      
   294.555866996497760725363577029095963      
   294.205267665602265474429467050863996      
   293.847911669067083355952015814945660      
   293.483622560762567620627421524500061      
   293.112212229708129215233004411812080      
   292.733480492842388174949930834429544      
   292.347214863183082464786636122513355      
   291.953189795670816877480288979675300      
   291.551166125659318975051271249310060      
   291.140891027660057945349765978309648      
   290.722097181892892480447049817314301      
   290.294501894581749391971230906648030      
   289.857806849018797075347940277550486      
   289.411697755167958779325908845449884      
   288.955842647825911311665180530262740      
   288.489892057620056615379453950812419      
   288.013477754867115137693804611188627      
   287.526211834604459873090009508115395      
   287.027686174744652004855722230864422      
   286.517470861716512296709469310117939      
   285.995113671907448393774812457182465      
   285.460138437793722139076203437307944      
   284.912044361410935969945279618805541      
   284.350304183910986593246997699852681      
   283.774363022174207436274425999338918      
   283.183636680198270754110781132462695      
   282.577510351521262168712364600356170      
   281.955336726618274005685036671504836      
   281.316434077482824132127658380321384      
   280.660083862463884601523972259198752      
   279.985529303537467950664592912926301      
   279.291972936347638372096010765702067      
   278.578573703870023761427590943702505      
   277.844444295529075846936403700710633      
   277.088648779594744281868338308010412      
   276.310199126168851907553938717890288      
   275.508052170185670537562008946220360      
   274.681105453828116199792898867170295      
   273.828194110093858488375680535273667      
   272.948086772402392193960093758488139      
   272.039480054522598938165871061034236      
   271.100994897587948155985928594785481      
   270.131171758911040841984904872366903      
   269.128463187763433324241877665678329      
   268.091230706721222572452741304707579      
   267.017736605340742771729971993105299      
   265.906137700662060902579294493683324      
   264.754478349504673713279520888975394      
   263.560683435058064241740055531652674      
   262.322549509053271154257383800370973      
   261.037737519283801479048462301012866      
   259.703763281030641160098420311433267      
   258.317989247991769833955522153494550      
   256.877614997183419201430802986670427      
   255.379668868831098230388722504247985      
   253.820999012501553135807999711644126      
   252.198264770544943648326103769870617      
   250.507930190819287425242082246719923      
   248.746258883774234477484669002087053      
   246.909310315236366401421810837635597      
   244.992938939887147925740414974908823      
   242.992802667075694970136660113372970      
   240.904368435926555804001811096271219      
   238.722934518815186519423961092486844      
   236.443665404386535041349992089372123      
   234.061621328044535804341351068315471      
   231.571830083208156129728403252347989      
   228.969360256155918675655034109033558      
   226.249431019965646626341131475231035      
   223.407540694231688512167559236122469      
   220.439633233252631745250057299059529      
   217.342301269121688773983910485303181      
   214.113021050736873918189661495053394      
   210.750425103911856178094461459140532      
   207.254604818141434541670666922660157      
   203.627437448805229913592848189530094      
   199.872907043088718402613793653240426      
   195.997417724628685629368762615197840      
   192.010036949625246443806257618671677      
   187.922652000533377248106185967740220      
   183.749983321300675713608309396246169      
   179.509397358930719416404657144813406      
   175.220527509281989583951367354285999      
   170.904674971549012879982492077068427      
   166.584041832404981490645065796071646      
   162.280869134418709849273296791263923      
   158.016560662335456994727664393002939      
   153.810904939669471914109827422202356      
   149.681458849643802971451271878511851      
   145.643144908496322944088442421975699      
   141.708066236107852344546006464062804      
   137.885522060660471006130821800156667      
   134.182173799870047569271708157941852      
   130.602315279393009816789931316054526      
   127.148202873244013059854639562659097      
   123.820396490100425267487407285995557      
   120.618091035147849406205532995354784      
   117.539416878172369961987112827725201      
   114.581700389611358606326542474422467      
   111.741682121501252297275328657990690      
   109.015694816848250201671789148985720      
   106.399805054954990306671128498197240      
   103.889923400300597204188546508261670      
   101.481888118367809241157859411153312      
   99.1715307076966350354746217814381949      
   96.9547217513285779088694005514025305      
   94.8274061889779358940590639556102228      
   92.7856277302807425692204369262932243      
   90.8255462712054874355556475632325861      
   88.9434497144443345644744535090961519      
   87.1357611122726613086099615307814332      
   85.3990430438234642824260580484580382      
   83.7299994252051256147797422164836927      
   82.1254752406186915045102621053334453      
   80.5824553265926986623554774612142256      
   79.0980618317205847301941560089399909      
   77.6695510188423517903220552727100587      
   76.2943096264817193968871167036265859      
   74.9698505361271896045329766383428538      
   73.6938085654816262928708919310796086      
   72.4639353820301714729244869982141891      
   71.2780953533930597355608535867442535      
   70.1342603680885340215664720087452590      
   69.0305051879741326479032412370154434      
   67.9650026393104089585074968102945382      
   66.9360191116058188286615700325326299      
   65.9419098516699465526680995473892605      
   64.9811147142422714518195084596990004      
   64.0521536140414625313652535960839750      
   63.1536227862134194046324245238098822      
   62.2841903744836968198217115125221042      
   61.4425929075261366353385073351210052      
   60.6276317514667498365103109133541009      
   59.8381690269244430833320695131231424      
   59.0731252068704101312059546658125797      
   58.3314751357600948530041042675820272      
   57.6122455227801044021721446659710684      
   56.9145119014190294315327154428888958      
   56.2373961081271151595488998874175065      
   55.5800634494932012081955810399709433      
   54.9417205737351209322029438081978005      
   54.3216130975583288201191457007356371      
   53.7190233608580464678874463557698335      
   53.1332686708911087193433274067817030      
   52.5636989749556385966168546116878169      
   52.0096955386348487073363125611668991      
   51.4706688613509244731093126336833896      
   50.9460572495824504284588636107700120      
   50.4353253457301812469263165433086972      
   49.9379626116701769633047573761701770      
   49.4534820516769250816482678991058658      
   48.9814188703457701251054955355237280      
   48.5213294798081698382565355759341680      
   48.0727901308060789394887543224731914      
   47.6353960531711586901500155222491302      
   47.2087603928769121891170232539333836      
   46.7925133006808897260669083255414160      
   46.3863009765528686328734887664681059      
   45.9897850165783695724525946031689130      
   45.6026413645524523812075276893836829      
   45.2245598498527582524616028956848999      
   44.8552433584700936329505518160545894      
   44.4944071506062826077168934080720296      
   44.1417783362701790315979027007750361      
   43.7970952014037016499949048883870703      
   43.4601067226038283961863556801730636      
   43.1305720104522626219334096379279862      
   42.8082598362348921497885162123243141      
   42.4929481620066310248004605235264600      
   42.1844237129857248906484714117839637      
   41.8824815308862263656658205269427588      
   41.5869246290525743621957707867550461      
   41.2975635746906330363793866585963788      
   41.0142161816580644849254665494804106      
   40.7367071329667649859837179545695630      
   40.4648677153083269962201048697964542      
   40.1985354666601035520469994289501128      
   39.9375539485277677528677037138852588      
   39.6817724341690977242132059751590592      
   39.4310456801047118022844506466782807      
   39.1852336715359850009851645403278685      
   38.9442014059613632935574963382808856      
   38.7078186607343282327812842344114656      
   38.4759598008023059434653104383965102      
   38.2485035756797753683479685105350501      
   38.0253329351701461718776252420942540      
   37.8063348524765688817036996093180276      
   37.5914001516379429006999779775864854      
   37.3804233556891097299192355584993894      
   37.1733025300691553587556157048196436      
   36.9699391338334782706446701305412283      
   36.7702378897085069775655240051583278      
   36.5741066428412999641944933518336443      
   36.3814562456412871151010362457415750      
   36.1922004299857850688789287949722914      
   36.0062557003712151663335828820037828      
   35.8235412154650536997444306029336543      
   35.6439786987325901819775625829743309      
   35.4674923233866855470847775806449939      
   35.2940086336566906433235711344905053      
   35.1234564417530645746543312645597298      
   34.9557667490659497703345589573292537      
