   482.989325854482766625225197452827150      
   482.989325854498234655481154983509087      
   482.989325855059819086560773405629421      
   482.989325860516629894659871621300838      
   482.989325887322284515814506844689762      
   482.989325967435644092579214449656927      
   482.989325968950923145087140658248434      
   482.989323869000587490468179817611879      
   482.989307850192948666337604266125445      
   482.989234838319703604217122413396812      
   482.988991240619911114718912899840028      
   482.988340383513760543490186603370515      
   482.986868773418212012005828591085329      
   482.983944755005537846457887637459798      
   482.978698901874575788234123736271572      
   482.970029030597560256311339465964941      
   482.956627172603740933106387488850301      
   482.937022557308827183511191173666269      
   482.909633640876434679320888956239489      
   482.872822787384142125543847742228738      
   482.824948607983824975358618210569736      
   482.764412594613649675768877204983408      
   482.689698183399488097256727599093896      
   482.599401577259329747350349381426887      
   482.492254504041685237980482026604536      
   482.367139615621472003395315706109934      
   482.223099507799434650842068582603279      
   482.059340428507764509203698234632636      
   481.875231708964539736518826303694574      
   481.670301850417714600490142629384666      
   481.444232064782564877389044709851485      
   481.196847929524978835161862387567418      
   480.928109689743007620006228959052363      
   480.638101631080259916819183988071480      
   480.327020858961067236185486585225218      
   479.995165750944053668541970302589827      
   479.642924297034652105695274774260938      
   479.270762504105555573197678131969553      
   478.879213010900364307758972149422242      
   478.468864037693471118958291039453542      
   478.040348775390156476773927291119802      
   477.594335302916473031778118249731697      
   477.131517106310651190767393718885556      
   476.652604258517257959097609911815849      
   476.158315305183871206826065597010500      
   475.649369887146977474645881485205454      
   475.126482112208536869737139291186503      
   474.590354716334670630934978704938261      
   474.041673926184878790108233576037177      
   473.481105112147742568251143522494754      
   472.909289130958271048241436410566521      
   472.326839354867758777821799048272567      
   471.734339342909081622058516373835251      
   471.132341110587961896789780831080127      
   470.521363950720913390184663897957580      
   469.901893755132908994086467845287047      
   469.274382785803906436296190997180407      
   468.639249844865475514030273814527815      
   467.996880791686847652159880960666318      
   467.347629358069019446007055877757019      
   466.691818214260766929828203404255874      
   466.029740240424302595043305843859394      
   465.361659961381092626372560642231838      
   464.687815106362427670754518806866660      
   464.008418257187343881109544381719296      
   463.323658552474609390338454976027866      
   462.633703420441093546753655340333278      
   461.938700312422031006830892410162071      
   461.238778417151604804784622368679340      
   460.534050335776177878440963375723069      
   459.824613700421419219438400035982778      
   459.110552725876337282749291754912458      
   458.391939680957833374761053517070416      
   457.668836272938094243057701028908117      
   456.941294938346322260348194114868338      
   456.209360036839783865291803923146363      
   455.473068943716321562552404496572327      
   454.732453043737330611880005092796064      
   453.987538623297884171834424028089788      
   453.238347665260965686729334746599647      
   452.484898549013815430003785729657709      
   451.727206652929226327543807622442837      
   450.965284874161169403286230705203939      
   450.199144056358914767932610731072316      
   449.428793347962293451646690043250670      
   448.654240478890345285214027368855909      
   447.875491970927989891805979253049249      
   447.092553281014768990216685350989998      
   446.305428894279553658245447619111040      
   445.514122348656042242750662710794866      
   444.718636214571954847592763273527968      
   443.918972041674987128106428134109453      
   443.115130256938092401052800740295003      
   442.307110029610716899805166337437543      
   441.494909114072088504229509395649172      
   440.678523641787026080097820117671331      
   439.857947890347754916820239805478787      
   439.033174064907549123562222300704952      
   438.204192039791516806416164242688745      
   437.370989079976587964343021241565553      
   436.533549553988262181197011378537231      
   435.691854651611835247477496777587959      
   434.845882079032486362315945585169604      
   433.995605685488841464566609760803862      
   433.140995177029567682466097323744196      
   432.282015926291754817534910675895637      
   431.418628452276409611513813833079743      
   430.550788130151743223904043737447810      
   429.678444877634416470837957848987914      
   428.801542913148813350362334248200278      
   427.920020312387345031685863568708374      
   427.033808555229678585753610848859566      
   426.142832430766905239152765806628240      
   425.247009609674787137603514893867771      
   424.346250064688057903976623896843613      
   423.440456006500865049372864509497099      
   422.529521524179371561611269261988711      
   421.613331906013715907867262802011177      
   420.691763516803973305939346809968587      
   419.764683552781652064953564020179757      
   418.831949195145633531366439849431571      
   417.893407821699068327748865977293605      
   416.948895911322409082825559446654991      
   415.998239384705599567398127812776864      
   415.041252428212246216940742610544879      
   414.077737778578137357527741962802260      
   413.107485539346231905184411030104791      
   412.130273371961124380212242419626016      
   411.145865642170060692178529945608268      
   410.154012834291512946260172645267973      
   409.154451450701056321427708607620992      
   408.146903026758060568278037406009950      
   407.131073835239899343529816050666436      
   406.106654128004542402105325656514026      
   405.073317760605270883439254165012753      
   404.030721151681816118337407801133408      
   402.978503464595623918477352939730079      
   401.916284554235319005921742926206451      
   400.843665977326358295709867898477223      
   399.760228656669906406531866957975821      
   398.665533146098551157385496921252879      
   397.559118815807235079449387591660829      
   396.440502519085787278686930782557560      
   395.309178282166995099491747480117507      
   394.164616411265366472207921660211370      
   393.006262732906737979108429453952408      
   391.833537852003989863377529965774464      
   390.645836174168539127671054154672066      
   389.442525702138769136971438647634455      
   388.222946809411185753989717925393385      
   386.986412241175900275360019669190463      
   385.732206500157260605133564852360808      
   384.459585372097866748162816988613612      
   383.167776143015082160051696289864959      
   381.855978142388831844250688154163340      
   380.523362833567951214138626495903565      
   379.169074672566516549551837696671710      
   377.792233466019025425903154666166393      
   376.391935973021412800526294707847290      
   374.967259918024585046113594666048031      
   373.517267260110932480407503511123345      
   372.041010275228979395724598175056062      
   370.537539237445511858326517963506465      
   369.005911161481355715015040057310424      
   367.445202412600498996702370997040240      
   365.854523371124846952646061598686329      
   364.233038130765266142464002003681147      
   362.579987370057979374614921321025742      
   360.894718906308831584803260017094707      
   359.176724016856933069267724339567415      
   357.425682811590388299618976673832295      
   355.641520090533299632399708115066143      
   353.824473516488561437828752910995026      
   351.975176347040286967293439980490724      
   350.094757390023690957000565035523196      
   348.184961775591319192410868525478319      
   346.248293269742522521911922008552137      
   344.288176905923951301181519345137202      
   342.309176435607188702154446473675352      
   340.317183057896851915481206742056777      
   338.319685487675565635092705025842118      
   336.326032671395823458415860213046151      
   334.347713251257057715161082295483090      
   332.398628671823615586319987005496365      
   330.495338578324468476072893672212671      
   328.657243903923232077621021894537522      
   326.906668580106499289991453573800892      
   325.268791732426673980824619883869244      
   323.771384992559417059041581708118687      
   322.444309719855576435790555566266311      
   321.318756601617261020532334150751114      
   320.426230139658741712362293362974373      
   319.797333002363418075097512096036167      
   319.460437890151941413420344706169586      
   319.440380515713061683146952333953708      
   319.757317809736645603118196104644905      
   320.425885481041549191857929638901962      
   321.454743779734070990869258968240319      
   322.846543236207941945142659689765231      
   324.598274818152856838043631720835945      
   326.701921043309823836444558090354368      
   329.145298448626403769800704918394192      
   331.912979541448566883749884896455735      
   334.987201919760345429831548545554245      
   338.348697441136561503215979934907669      
   341.977400151183254197210631048553558      
   345.853023859066293704078000202927140      
   349.955506248489938711823059587383522      
   354.265336294568623076480115789881960      
   358.763780450845477596329561916029097      
   363.433027301348143139196441081274185      
   368.256271175551195153072250245524891      
   373.217746661757897523021063309658294      
   378.302729649117790444088763958078582      
   383.497515721306395976325751579677712      
   388.789378145624495881589895110919915      
   394.166522344270783614636247442047314      
   399.618029938126549682820141650029585      
   405.133802609938583425778143525712020      
   410.704503993239888460272849967499608      
   416.321505461850399499161955517531424      
   421.976831803277028880232196066046452      
   427.663111229566852792573111375843626      
   433.373526554088869344499072593231897      
   439.101772572799544087129416793189230      
   444.842014331728254584725280514698118      
   450.588850393008445434142754216329318      
   456.337276875205696641002580149403371      
   462.082656378897755399570261786827903      
   467.820690718876923226692300593174562      
   473.547391915645279235420129395859184      
   479.259059426551764743228940604828578      
   484.952258134896955364356010667640428      
   490.623798325407185614582044778934012      
   496.270717630062334601762264834105683      
   501.890264088905295981391258158848660      
   507.479881298072180054401226861171545      
   513.037194487748926435708435674867044      
   518.559998228323662790370706262768274      
   524.046244966946131957858626207536460      
   529.494033668023216701563630069918038      
   534.901601519931495430265474487150226      
   540.267314707604219562764250368227980      
   545.589660266398115874606916139442179      
   550.867238130661698379328959317550909      
   556.098755842724036989464875640127059      
   561.283020696194703546445985530791687      
   566.418935711057410979961976594361956      
   571.505492771486259897956184845119105      
   576.541768246232228330086998202597709      
   581.526918826588039348768138506376858      
   586.460177290772415426359288055603577      
   591.340847952582010842008469727648293      
   596.168303874540383586409099937207035      
   600.941982399552574491235323708010269      
   605.661383681174092507377321897514789      
   610.326065056375126717434816773070295      
   614.935641177765863365240839562645877      
   619.489778907973284592689010831390799      
   623.988197287371397883671029753716226      
   628.430661924504094888608223552773101      
   632.816986331316089375009318787004837      
   637.147026613657657148946693149116220      
   641.420682091392480778732750856076005      
   645.637891535883920408579152322489073      
   649.798631647550077628065616870456156      
   653.902917047091774326438690884321241      
   657.950795702452686264513467135110072      
   661.942349323401121109890308098161109      
   665.877691434003209610834135892304476      
   669.756965385563869011828791003558058      
   673.580343187802471972198284095072931      
   677.348024702797916321816665418602752      
   681.060234925384889208882805740312476      
   684.717224418276588843650863848086758      
   688.319266721484547105889775903646957      
   691.866657476430281501766754877568213      
   695.359713599113375807943915344059410      
   698.798772005635873865429703392470859      
   702.184188154361338119111732605466835      
   705.516335618058900054763526456910070      
   708.795604477996695604575953018078849      
   712.022400695435521547093311909550392      
   715.197144827700564564639959105101872      
   718.320271641822313167214730666748879      
   721.392228526766195717885390023108853      
   724.413475171978608340222026285017421      
   727.384482518540071380391960400737107      
   730.305731778169141676307772219791557      
   733.177713900798299084170185887135996      
   736.000928856783751532927314956681058      
   738.775884534100656748568653945198983      
   741.503096349432775748387723538132802      
   744.183086540578223917145733623777758      
   746.816383400173670701345047656216153      
   749.403520586342843791550159736848127      
   751.945036689846764345572438816599904      
   754.441474540408319054266866266686836      
   756.893380622518826842161606950531027      
   759.301304560977809413821779773775564      
