   6.91360382032448847522976250442333937      
   6.91360382032448897452856100055816334      
   6.91360382032452743201328781372420908      
   6.91360382032516444341181800519020118      
   6.91360382032990751712095170087927279      
   6.91360382035170981779289183510320114      
   6.91360382042467998402730536856766326      
   6.91360382061958405575438993975610465      
   6.91360382105548862151322625237363215      
   6.91360382188595357241976305524635686      
   6.91360382321898980233819239346509184      
   6.91360382491702757163131712791323076      
   6.91360382622650346134376434756014296      
   6.91360382520635178997416256848018234      
   6.91360381795271752309906638174383473      
   6.91360379764466427502941837056481156      
   6.91360375345691122401140777901591873      
   6.91360366939923817987918016473082455      
   6.91360352314906521558772414176523702      
   6.91360328494558971787919051224012867      
   6.91360291661224911305026761836897845      
   6.91360237076968688798845055610763141      
   6.91360159029346305123352785500356798      
   6.91360050805956665806056765593010027      
   6.91359904700539979897719464066303037      
   6.91359712051616546574552047906124719      
   6.91359463312647560214906046809086559      
   6.91359148150791921161325716467244856      
   6.91358755569620038937800886985414438      
   6.91358274049763956954675160641136526      
   6.91357691700738364722160702923341018      
   6.91356996416842734422130088279103105      
   6.91356176030307352971125332317750487      
   6.91355218455516955010433734354771150      
   6.91354111819145939712761790483229552      
   6.91352844572229617422712988044877837      
   6.91351405581481624863914998439991415      
   6.91349784198403750097914779072853148      
   6.91347970305910875199048874485899322      
   6.91345954343135096488512266327619861      
   6.91343727309914321735778395974442765      
   6.91341280753023773850826303330553991      
   6.91338606736634595820436052165578644      
   6.91335697799671945642546331361023049      
   6.91332546902823633377007553417043020      
   6.91329147367882636677581327933426268      
   6.91325492811939750586271108229190680      
   6.91321577078705892533065985961348336      
   6.91317394167230021585043503080060576      
   6.91312938169658205703845198545388857      
   6.91308203195836811576263535941457445      
   6.91303183315804031527636285118377782      
   6.91297872499561264687382869780457698      
   6.91292264562853443543911139558295588      
   6.91286353117998394756402252256690931      
   6.91280131529868725513139293719204089      
   6.91273592876970990149522110594736629      
   6.91266729917453496967251585995434286      
   6.91259535059700198785544775495047359      
   6.91252000337175935153333033399255748      
   6.91244117386991973025369129087788275      
   6.91235877431774752346448557857156783      
   6.91227271264268344966615164730783574      
   6.91218289234154501669184651092311018      
   6.91208921236615074218805908984000184      
   6.91199156701968169401059125628492279      
   6.91188984586147166011724575979013051      
   6.91178393361255845246031385071702802      
   6.91167371006039248973406458974556951      
   6.91155904995772147366990962624916320      
   6.91143982291033572938785835229752697      
   6.91131589325418974953727039154033035      
   6.91118711991584194056591431068284453      
   6.91105335625398606021009748561260023      
   6.91091444988295386685113245491541941      
   6.91077024247193776338332884935738804      
   6.91062056951887825406779166494709758      
   6.91046526010338807997477509783697761      
   6.91030413661003960902773394793891479      
   6.91013701442660016411501632990603600      
   6.90996370161825694017008986231867579      
   6.90978399856282118410089068995346406      
   6.90959769756324302775049752353091745      
   6.90940458242412668098535473552545801      
   6.90920442802084539399605955797615348      
   6.90899699980655912491426625812256656      
   6.90878205331632796207922523244885250      
   6.90855933362037421946538751132114686      
   6.90832857477456817782895489818075035      
   6.90808949920188316668853434279763906      
   6.90784181705007857472880889795808084      
   6.90758522554752298694779706772171170      
   6.90731940830376207005104384182053312      
   6.90704403458197294989648463034057168      
   6.90675875855882189319613579856714946      
   6.90646321850356628344201789008522328      
   6.90615703589715070345000555721421059      
   6.90583981462454327392841884335688672      
   6.90551114005836359482999912047848486      
   6.90517057809993114106906795009666131      
   6.90481767418290606322758356551676595      
   6.90445195227160337083302139951354987      
   6.90407291379161514182568654216393579      
   6.90368003640136789814969244553566818      
   6.90327277287134122620584781130046608      
   6.90285054994942169732032945485771551      
   6.90241276700559601159002750700742978      
   6.90195879480875530029001725865542950      
   6.90148797374663413623618820630080294      
   6.90099961287874704250076863847780944      
   6.90049298827736244531809762712476915      
   6.89996734098504784498201769276899950      
   6.89942187582828360872724826082619182      
   6.89885575990232394314606558634931810      
   6.89826811981813698589294558713693319      
   6.89765804050813763130835262025281991      
   6.89702456344893667600496883204605055      
   6.89636668374743035179389610946483802      
   6.89568334812408630064066876543849163      
   6.89497345349687470130888161991141186      
   6.89423584311944070047697714191371123      
   6.89346930530372814792180658829968192      
   6.89267256985764430938109300838332265      
   6.89184430566190037641638945437894219      
   6.89098311761602596443476674452712012      
   6.89008754351207764620195650094548248      
   6.88915605063710241890228906963081997      
   6.88818703276414071313983078464895007      
   6.88717880557115117750313452059991495      
   6.88612960411317656188103704762377296      
   6.88503757719556833818267247700329909      
   6.88390078474822688202833308458927681      
   6.88271719215109585890248713289704855      
   6.88148466590518455067000102957587068      
   6.88020096874732824505238707453215939      
   6.87886375429156231871591551759410376      
   6.87747056130417342301082441082548731      
   6.87601880780831915225081633183137214      
   6.87450578524356712070081954062841702      
   6.87292865164487435812330316662550835      
   6.87128442484372512150408063610231855      
   6.86956997547347096064718909132820642      
   6.86778201787640494752925590673618435      
   6.86591710379358423226554914656831934      
   6.86397161232223912918275682735848399      
   6.86194174155386927356255107196342382      
   6.85982349874299490242425734101054982      
   6.85761269008962396504538371888450242      
   6.85530490935183200321318132941526665      
   6.85289552765124133516298420121136991      
   6.85037968027222040334020256375942679      
   6.84775225461223415372729649289771641      
   6.84500787610176806549913433188395865      
   6.84214089485877575831991863825092361      
   6.83914536932010268035529244804779236      
   6.83601505181621679119469655308857416      
   6.83274337100568221232805331200175534      
   6.82932341379480518696344994552089353      
   6.82574790779711784178829873556175235      
   6.82200920179149102802596689154245261      
   6.81809924454001874490547528059129588      
   6.81400956380096132640111446526782939      
   6.80973124381450854639822684494995818      
   6.80525490397777197854578432181019076      
   6.80057067155428581443687084187523326      
   6.79566815996597027352432538375125286      
   6.79053644156687347587651458523370683      
   6.78516402324167542175562238641140690      
   6.77953882011175831508996028469312596      
   6.77364812994450549327568158157238884      
   6.76747860851285847008561433817580994      
   6.76101624388109330564534875142816840      
   6.75424633651201164528839155952710990      
   6.74715347779930571735214051232452474      
   6.73972153355487894291287949133549596      
   6.73193363187478951986205873570627794      
   6.72377215637275984990453553785016481      
   6.71521874627899345166348146272654627      
   6.70625430298893561732782198521059703      
   6.69685901269296862669529399059900868      
   6.68701236850817498329559112908272562      
   6.67669321769966620780793164284832048      
   6.66587981468812416510910846147437041      
   6.65454989048997246114145605288482115      
   6.64268073523515349132285937369313009      
   6.63024929468871253640926363684361849      
   6.61723227482907477599600603582123292      
   6.60360625244206032514047228057316611      
   6.58934778723218856757280762255474095      
   6.57443352475218771313729912488198901      
   6.55884028976418842020058287747658095      
   6.54254515081939395766798764230467924      
   6.52552546108000089857037251031279078      
   6.50775886785825074328692493238894070      
   6.48922328279100675544877798628610690      
   6.46989683488485830859239109352100233      
   6.44975778990302388423674702383065646      
   6.42878448333494840884509282391892302      
   6.40695524213974293474501401345341037      
   6.38424833834119251142325231743403354      
   6.36064196694667879205314628712008404      
   6.33611425796056975505379967924492437      
   6.31064331815133342838358322791648973      
   6.28420729755805032710435278340828363      
   6.25678447079199594037796236126255518      
   6.22835332487201781078696404455211018      
   6.19889264204367571282068903203748625      
   6.16838157603231301290980202296913831      
   6.13679971155326181205603187024022372      
   6.10412710928503854307694690012837166      
   6.07034433395055136565208430425247828      
   6.03543246785090103230924710074475829      
   5.99937311072548766080369597269302412      
   5.96214836864910140745288162057686452      
   5.92374083437709386604221221313179566      
   5.88413356161276771058605028160489921      
   5.84331003453219495928965303092474850      
   5.80125413525949537379203832739752304      
   5.75795010949882307471870739374358697      
   5.71338253250054809436784691775237472      
   5.66753627547416447461266285494495589      
   5.62039647330587611351242748667954168      
   5.57194849385806025912381490433485788      
   5.52217790914251699919715414130852494      
   5.47107046859726493026680878309098977      
   5.41861207424069274395243697150277939      
   5.36478875795426806856682185319258416      
   5.30958666056825399439376012890849497      
   5.25299201295646229377195914427309921      
   5.19499111879093968565394362811991951      
   5.13557033887855980931530923974994582      
   5.07471607691313932941789373022648130      
   5.01241476689914956049806443248362201      
   4.94865286147201705917775120484444659      
   4.88341682152151901209803204410100307      
   4.81669310680051530424140275105760354      
   4.74846816751300454149054523775833760      
   4.67872843670293238684687427069369691      
   4.60746032339796130991548834045160667      
   4.53465020643107020789706376875397158      
   4.46028442893723671121238237764731215      
   4.38434929333321462229019805285463999      
   4.30683105683206230591156456645466087      
   4.22771592738274575284135656976519166      
   4.14699006005569361653398619969936312      
   4.06463955375535830119606639087641233      
   3.98065044827090914017973700682639414      
   3.89500872160750612699415483389565639      
   3.80770028762328886865918885677388402      
   3.71871099386216848718193798691994902      
   3.62802661962632116529824146376324440      
   3.53563287423473532001530639023442722      
   3.44151539546084861116442529119295376      
   3.34565974813262976867152894669996513      
   3.24805142286607542191298650816291471      
   3.14867583494039044828783630599153155      
   3.04751832328448809805192385964254500      
   2.94456414956679620627069667573901019      
   2.83979849739208544828490516330876469      
   2.73320647157426189962101431274517244      
   2.62477309749767262744017085954590951      
   2.51448332054109278177618218394221618      
   2.40232200558023725717292266938826881      
   2.28827393653791521397905988756070850      
   2.17232381599640848733752168964763133      
   2.05445626483868287599464740054014800      
   1.93465582199374481672497220950551327      
   1.81290694410112568733215551693793866      
   1.68919400542256432837250814701491073      
   1.56350129750992595278780920020739559      
   1.43581302913713843636856661055333595      
   1.30611332617945323408159910969200343      
   1.17438623145060106412280674901136391      
   1.04061570470508245294979556108965864      
  0.904785622519243985828692390298824373      
  0.766879778289586811556070121468688309      
  0.626881882224029601919268648232243763      
  0.484775561303292799743735578503763911      
  0.340544359345328188161330257126726220      
  0.194171736992662613329584748686498361      
   4.56410717638138409432542267746857598E-0002
 -0.105064341864247908508321931918941265      
 -0.257961292436160228818391902553842483      
 -0.413066651419087776331107030849916779      
 -0.570397373117967386636319726538679553      
 -0.729970494596881407452603836677965969      
 -0.891803135577055586126373386488027227      
  -1.05591249832486326039642741828955452      
  -1.22231586755570644072784047635266200      
  -1.39103061029775654792409684867389842      
  -1.56207417578151219719479825164828251      
  -1.73546409531338965491532574286940563      
  -1.91121798213407817735957934520734203      
  -2.08935353128866967525368768740177329      
  -2.26988851949421173372479231696950253      
  -2.45284080498560263556059247781659951      
  -2.63822832736578933775170218961502322      
  -2.82606910746977355272419589245184361      
  -3.01638124721218040087503352973667247      
  -3.20918292941719175862262976324221594      
