   6.91360382032448847522976250442333937      
   6.91360382032448897452856100055816334      
   6.91360382032452743201328781372420908      
   6.91360382032516444341181800519020426      
   6.91360382032990751712095170087933442      
   6.91360382035170981779289183518344848      
   6.91360382042467998402730538320097681      
   6.91360382061958405575439069771153117      
   6.91360382105548862151324313671456653      
   6.91360382188595357241997076415027040      
   6.91360382321898980233984809239116324      
   6.91360382491702757164083598115693585      
   6.91360382622650346138629312421520886      
   6.91360382520635179012999258195816708      
   6.91360381795271752358662968279728033      
   6.91360379764466427441316546929480815      
   6.91360375345691122247811637512961701      
   6.91360366939923818092952519830434726      
   6.91360352314906522270807681344523723      
   6.91360328494558975807045187926945636      
   6.91360291661224930679555897569756155      
   6.91360237076968770272568829005047048      
   6.91360159029346609288466701214018299      
   6.91360050805957688769028354235982071      
   6.91359904700543117595049776870993023      
   6.91359712051625415862891609909891993      
   6.91359463312670870876677384947080394      
   6.91359148150849322847082431641368647      
   6.91358755569753349336585415291285277      
   6.91358274050057628493432950227819759      
   6.91357691701355090175366031436979673      
   6.91356996418082848245592370525536670      
   6.91356176032704265158112906292420791      
   6.91355218459985351147890661292107729      
   6.91354111827204961536094313004568017      
   6.91352844586329746063140236619138874      
   6.91351405605471539453390315313112802      
   6.91349784238182012994335947894450142      
   6.91347970370316882317237763506420954      
   6.91345954445144268296352321896292152      
   6.91343727468213906944002033385754219      
   6.91341280994057922670030150979994468      
   6.91338607097220200812714561245581671      
   6.91335698330300432231872548230129878      
   6.91332547671777724103239938140615890      
   6.91329148466311701579026619788575929      
   6.91325494360051575573662846151427350      
   6.91321579233247492644163542299939011      
   6.91317397132194271360183032225966498      
   6.91312942202231678847155491294344434      
   6.91308208623195308394382460181375268      
   6.91303190546865787932049006539501431      
   6.91297882046228961627043237524083041      
   6.91292277055723357028173157455377253      
   6.91286369329993451037306092827335329      
   6.91280152401787369687842298922610382      
   6.91273619546408257124153359548384545      
   6.91266763751356283593846101285839491      
   6.91259577690821300433245174284289438      
   6.91252053704680571056263446279414531      
   6.91244183781476900916066356236509290      
   6.91235959544937797147926562683927458      
   6.91227372243466989388381151047744125      
   6.91218412742073260504506879132722462      
   6.91209071516242590756856327649100585      
   6.91199338647093743564912367092855612      
   6.91189203817524719475218151990312577      
   6.91178656308617917258607628345679550      
   6.91167684996081631842204078248668153      
   6.91156278346220729588915766316506194      
   6.91144424410920204878281846157678378      
   6.91132110821609839035184895168690767      
   6.91119324781635428412400286083958035      
   6.91106053056806844703176428061830907      
   6.91092281964103860618949703989163222      
   6.91077997358021128810267431971602190      
   6.91063184614399157289708399832950859      
   6.91047828612055027597556499545001073      
   6.91031913711504316492332936734867390      
   6.91015423731078894752639459421788789      
   6.90998341920553208912018495507607518      
   6.90980650931012732465517026858413682      
   6.90962332782291747646138485068679599      
   6.90943368826981597320930525228902258      
   6.90923739712625948888404312798226752      
   6.90903425339548699165251128713532564      
   6.90882404816674561697041053610254819      
   6.90860656412746841017749368857572786      
   6.90838157508035974937730365574429149      
   6.90814884537673052940178821397870646      
   6.90790812934244597146313632966765695      
   6.90765917069106771679490958671290877      
   6.90740170188471737882475480578351642      
   6.90713544346978971192921344076467211      
   6.90686010339300780137955563344616337      
   6.90657537626222535373986177829076946      
   6.90628094252209461833799599668508019      
   6.90597646771787981541383938394210942      
   6.90566160163861304704122096985789988      
   6.90533597745743828168623312638281082      
   6.90499921077736579580787742275378510      
   6.90465089873539873500632166717773258      
   6.90429061900399391214189424816567434      
   6.90391792867420768497208280940114730      
   6.90353236320359288445125473306715792      
   6.90313343537415903183163009983119086      
   6.90272063412610270714852031009650170      
   6.90229342317245644141378259798226792      
   6.90185123974466855980460781958899971      
   6.90139349341408315339895393939167633      
   6.90091956465870769698994257611935232      
   6.90042880336305834156803620486090923      
   6.89992052702114157140827481984002347      
   6.89939401981019331607216112309638863      
   6.89884853024691414855145202827827933      
   6.89828326956288104167469765658622401      
   6.89769741053411436874158388448039234      
   6.89709008470296626145562779688918745      
   6.89646038062602471624369190702812798      
   6.89580734215444917615045378392512179      
   6.89512996602506410810754893200674896      
   6.89442719891799506608987640539518767      
   6.89369793639743762368159314182968647      
   6.89294101871484967541963676500754668      
   6.89215522964588619751783159028388439      
   6.89133929238267336152015510476989736      
   6.89049186778966959438594735053294345      
   6.88961154992133597481588333575451137      
   6.88869686428402457375067063527600118      
   6.88774626268926232848065997962517478      
   6.88675812127955430524880755863372865      
   6.88573073518271012070990851967515554      
   6.88466231537069594692888218852122167      
   6.88355098462304050806418819245234897      
   6.88239477158383003021546609086279231      
   6.88119160757732529337238149362430130      
   6.87993932085942839135187644560354242      
   6.87863563109782968473452224989401455      
   6.87727814431201087231892140354809139      
   6.87586434581122369907491088854276457      
   6.87439159573956986048310948339107996      
   6.87285712041679590515855987974483429      
   6.87125800646620254181202626644990259      
   6.86959119246836713291192847066896455      
   6.86785346245365656094009642314439094      
   6.86604143578363447117035294710671070      
   6.86415155902266294537013302168627207      
   6.86218009651810749918031746945083292      
   6.86012312049975218039524645247922791      
   6.85797649934058049166332252917510622      
   6.85573588730016675616335551212389751      
   6.85339671220992671098971909522802831      
   6.85095416237720320263107060742423085      
   6.84840317318429453007911989519488449      
   6.84573841278530028356350496785994649      
   6.84295426624863104478604369444052158      
   6.84004481994741206031475696729245657      
   6.83700384372288807715547032751297823      
   6.83382477247934322109830246928452989      
   6.83050068732225326609470015645096319      
   6.82702429418450887640622573474957937      
   6.82338790274851397769185767751809902      
   6.81958340320706651473266578894735503      
   6.81560224071625286584287668791704490      
   6.81143539186258608689009246738325567      
   6.80707333626312279482385522449634870      
   6.80250602828641079328595064820761087      
   6.79772286943252372208652378924345652      
   6.79271267569218306209999209538434927      
   6.78746364714935474988700462731525017      
   6.78196333596312883686638889942739051      
   6.77619861341521432323323311435562167      
   6.77015563754384174070690903608406629      
   6.76381982022694508274360902287081827      
   6.75717579692581322616925041223842358      
   6.75020739660604471488131306737070533      
   6.74289761561236634034054473280237467      
   6.73522859491725438585529623485346160      
   6.72718160366627158591382004691792559      
   6.71873702867098343294627486369526046      
   6.70987437315303258035345861326166569      
   6.70057226737636030544993099206892750      
   6.69080848930502175930717018972962221      
   6.68056000610609305114473154376747156      
   6.66980302370051646157133133547291621      
   6.65851306346150563057285785052446732      
   6.64666505081708203703215270855739981      
   6.63423342755381667555746257606332209      
   6.62119227723782076004578171933097768      
   6.60751546590211877141109963982009924      
   6.59317678747104553259315460004963140      
   6.57815011227153022038195878707385466      
   6.56240952742603148316622637628279123      
   6.54592945414592374319174736179398111      
   6.52868475016676082549515375730472436      
   6.51065076320721319106187988168848664      
   6.49180336286070595545289143264653090      
   6.47211892834736993555302340593060181      
   6.45157431086147710159066272210246241      
   6.43014677618994132741834450628693029      
   6.40781393451623561833811447419706089      
   6.38455368403340738905711877582805662      
   6.36034416549910398674612943156297916      
   6.33516373855209895009927998948854616      
   6.30899098387275314199986636741118142      
   6.28180472662467219390478794216918962      
   6.25358407504873129886406165329957055      
   6.22430846780292465621922641922510896      
   6.19395772314293224657964995471072996      
   6.16251208214743186739053458678010712      
   6.12995224494995050112219813492579317      
   6.09625939358207719053193024667027836      
   6.06141520402759821654596602577133361      
   6.02540184632761333363978036119215120      
   5.98820197494815758913833992617718781      
   5.94979871029152899897454834728657156      
   5.91017561425778895264385472310389764      
   5.86931666087418486915495167598836482      
   5.82720620443133840575142287577616611      
   5.78382894541227501504854086315758445      
   5.73916989707720917367823697516515394      
   5.69321435160991175370515438927075786      
   5.64594784794413095242696792005257140      
   5.59735614108392859387585288755221252      
   5.54742517318818396577008038761958009      
   5.49614104681217244467756055922873002      
   5.44349000022744865964812745410959776      
   5.38945838481826838542314687000312216      
   5.33403264443233633425813259514052766      
   5.27719929663099512764793445459313809      
   5.21894491589785449695848534114272894      
   5.15925611832001927343351561009316196      
   5.09811954792808173889944103173604216      
   5.03552186432928641530454574212468077      
   4.97144973167768451038533965788268891      
   4.90588980888832542080737640467725547      
   4.83882874069480641240536424403918523      
   4.77025314973211796888465356709297251      
   4.70014962953837646128888425640498258      
   4.62850473819120381850229879906944063      
   4.55530499265008683797200621083661703      
   4.48053686371785402726760072416312270      
   4.40418677157751852911271328135691112      
   4.32624108174545349888350408856831323      
   4.24668610147706727354558565078072564      
   4.16550807655831297047868475136963969      
   4.08269318847893298312783142151783002      
   3.99822755186171452633955772361053673      
   3.91209721218610338198799061040424091      
   3.82428814376748924300408399196237450      
   3.73478624797258532818298338010024190      
   3.64357735158128707342295037856581460      
   3.55064720537581229198463230685340544      
   3.45598148289105543842698003709350035      
   3.35956577925762490737413269423702037      
   3.26138561023188723737732141659914147      
   3.16142641130941653560091890553174110      
   3.05967353695506605768006794122436976      
   2.95611225992032921200570393397779902      
   2.85072777064608414206356888827575641      
   2.74350517674898611676856892199902440      
   2.63442950256866184209513825543466684      
   2.52348568878218259725992726038447017      
   2.41065859206916192979343878092023632      
   2.29593298483388126003683641133689726      
   2.17929355496963298732548483598243740      
   2.06072490565921728425752798308092214      
   1.94021155523552803304939344204668895      
   1.81773793702909340661897532003429182      
   1.69328839930496136793831424561711086      
   1.56684720519734805209738878566957804      
   1.43839853265402714983255940170576508      
   1.30792647442056112906816259596489163      
   1.17541503805742254358769369876505741      
   1.04084814596062182377630762581380797      
  0.904209635391741686837528910948722710      
  0.765483258554713290769891912349447252      
  0.624652682630769480988383003607476942      
  0.481701489911967294405001757472781660      
  0.336613177838951721293694541428281141      
  0.189371159136005946700763869008371224      
   3.99587619340115757853190157338959487E-0002
 -0.111640770146042984041216696040741077      
 -0.265444277820057527584758951862269839      
 -0.421468686033969304941927071865032627      
 -0.579731003815259147807884400117832658      
 -0.740248324105182205588736991625648089      
 -0.903037823644255324113131152819395096      
  -1.06811676277969215562864335990879242      
  -1.23550248530021518739164006440619036      
  -1.40521241831375578602115855943862826      
  -1.57726407202852337966949339849938500      
  -1.75167503960289944083698843817625435      
  -1.92846299697840481881595877445527483      
  -2.10764570269160135308651300601146974      
  -2.28924099768659162952829437030912388      
  -2.47326680515320101506194783145779771      
  -2.65974113033203650379305723920486248      
  -2.84868206033625081596745664030168815      
  -3.04010776396191209201498033067687632      
