   6.96056439612021242808744040164321567      
   6.96056439612024352967699031366322319      
   6.96056439612189877694146464873484047      
   6.96056439614162191579811019206031930      
   6.96056439625239883292483612601910487      
   6.96056439665422381575731546712362646      
   6.96056439775841288409158854158730585      
   6.96056440027108812797605490391697995      
   6.96056440526140059587262711798061577      
   6.96056441418962540554107754193653449      
   6.96056442885352210796738853341910563      
   6.96056445120135424932186010039094850      
   6.96056448296614495180085680962416308      
   6.96056452509694175145435702758249041      
   6.96056457699071219780431900122849296      
   6.96056463555440884861937876454451083      
   6.96056469414586494205607318699228644      
   6.96056474145354775049393436068740960      
   6.96056476038014854016350162468234165      
   6.96056472699546042328514789921918848      
   6.96056460962139488991873653289685706      
   6.96056436810678795785057055745356910      
   6.96056395334160300343236935840255805      
   6.96056330704880357348581908835373631      
   6.96056236187747795242154848270191620      
   6.96056104180338092932641881252104924      
   6.96055926282428109391368707662169938      
   6.96055693391918625298211492610310936      
   6.96055395822456124343936163876084307      
   6.96055023436862471945623614390819822      
   6.96054565789770850572079017559313456      
   6.96054012272679596586851100058033576      
   6.96053352254939434623864688137814168      
   6.96052575214902529142638659277999380      
   6.96051670856472278652309393576771437      
   6.96050629207479695389228316349701507      
   6.96049440697559533554774894280287914      
   6.96048096214409076278373624056858375      
   6.96046587138407970501651769537245765      
   6.96044905356509230326884904426724594      
   6.96043043257051140411561834087357283      
   6.96040993707679978838877158891295227      
   6.96038750018922663063169257215661893      
   6.96036305896124633683758828663581928      
   6.96033655382497273424594114849840270      
   6.96030792795929085157417094754417254      
   6.96027712662034054122693088294285125      
   6.96024409645666218808520258855119453      
   6.96020878482844932945842156334788601      
   6.96017113914730955120169220914896632      
   6.96013110624985743657730297392808223      
   6.96008863181548132257198760318623367      
   6.96004365983581588484162081253642989      
   6.95999613214090617367023592859072749      
   6.95994598798477280392921454350247953      
   6.95989316369111933237176304226122327      
   6.95983759235826785880457657774157439      
   6.95977920361034135669653035277725170      
   6.95971792345210217286927700909593127      
   6.95965367407841162256697552358080476      
   6.95958637381790590116685061917760807      
   6.95951593707314454207667744074338991      
   6.95944227430268285746450619141933475      
   6.95936529203094580010638457384404311      
   6.95928489288094453295830952215271691      
   6.95920097562378018100281768128097698      
   6.95911343524004787462065727746850463      
   6.95902216298772020172713608861349124      
   6.95892704647272862938022218497591875      
   6.95882796971663229703147801667272476      
   6.95872481321805246508073875988502980      
   6.95861745400479772197276232988562239      
   6.95850576567180833559311862966983398      
   6.95838961840372105614074688597076337      
   6.95826887897814649215667901246303349      
   6.95814341074767247010939541637920045      
   6.95801307359960324913291081940308296      
   6.95787772389035879605119861528676519      
   6.95773721435343620972412786568858001      
   6.95759139397979428633330799156705852      
   6.95744010787223765993181303087367563      
   6.95728319706479562715416474951540720      
   6.95712049831847684263193280519506943      
   6.95695184388539478227401418768419967      
   6.95677706123377206042407080711061117      
   6.95659597275600175975854105339920450      
   6.95640839543157262599774899482591669      
   6.95621414046684769612202493123086312      
   6.95601301289832745865274378169558154      
   6.95580481116515668689535926944417431      
   6.95558932665154981569534782302493952      
   6.95536634318972399630416949295255592      
   6.95513563654180766072982403922828688      
   6.95489697382843722594208119158745153      
   6.95465011295437798573739701806273623      
   6.95439480195921128314366428622066269      
   6.95413077838708020464087534530648577      
   6.95385776855991539312453180215273357      
   6.95357548686282679776279846434885085      
   6.95328363498137402774369100320348647      
   6.95298190107453100416585762993020475      
   6.95266995895590473712127591625052912      
   6.95234746719499288352178216166036350      
   6.95201406819137367749800005409063030      
   6.95166938723738223191425145912410805      
   6.95131303145652349223898181196024781      
   6.95094458879269711292436867934686725      
   6.95056362689517951245062755961897831      
   6.95016969194048757388407739930611071      
   6.94976230747325631697353372277411381      
   6.94934097311250060929102637785146956      
   6.94890516325300244044599601532164996      
   6.94845432569882258482802010402496183      
   6.94798788018213240649824295222336217      
   6.94750521691088774344390113900833692      
   6.94700569483354937302984726873652555      
   6.94648864051663568041579602999003018      
   6.94595334568704640811677794054720379      
   6.94539906585483772502573645183754821      
   6.94482501835258545009445104338654359      
   6.94423038037233982477700337669934788      
   6.94361428677345656953177039183727667      
   6.94297582797995010677114144788070348      
   6.94231404771887155012599473997291689      
   6.94162794047564030066852513618627844      
   6.94091644902340494541005916268690673      
   6.94017846183011257639824302289139263      
   6.93941281009368642535733094988569928      
   6.93861826480169860102533773804103770      
   6.93779353371343441154033208538318151      
   6.93693725801302198200796749143816883      
   6.93604800873934814196675849154981323      
   6.93512428311072023958569894751985269      
   6.93416450097665098786694648575694824      
   6.93316700012471969589903529833635274      
   6.93213003233091218088739014327086302      
   6.93105175878058100443434991037312117      
   6.92993024485672447038857000658802461      
   6.92876345537186653059176939614118706      
   6.92754924878713571715093989491933067      
   6.92628537154543817322486205362074200      
   6.92496945164796409271495807801296496      
   6.92359899230709876927899362108411965      
   6.92217136506745949521571881054238125      
   6.92068380183244971275716484168886696      
   6.91913338738250984170469334721008693      
   6.91751705072774402482968941395875083      
   6.91583155602209437425776606454603466      
   6.91407349307341195722977451674563141      
   6.91223926670836963303867405104770944      
   6.91032508671040429255997177130358774      
   6.90832695456543846131988217357870405      
   6.90624065194862149001164762514732983      
   6.90406172701499959516746000420781745      
   6.90178547961864495781996351070871419      
   6.89940694629893323176718756200510151      
   6.89692088329521091707427469969007798      
   6.89432174906505411274272295538286380      
   6.89160368479875230241763058982778876      
   6.88876049431630449289055030225614704      
   6.88578562204208646423288935826698349      
   6.88267212906285073857841047088475069      
   6.87941266849450386028021481300295366      
   6.87599945760875724599546540786890885      
   6.87242424974167193810347231908391626      
   6.86867830225439630904814058914829360      
   6.86475234429650082710332125878703722      
   6.86063654080572541748604554585170096      
   6.85632045511396769697467766460018695      
   6.85179300898740198821625429247356484      
   6.84704244055315082742356092938749876      
   6.84205625948747181821572377607110861      
   6.83682120184885637680343116878114432      
   6.83132317990511310980795565940310718      
   6.82554723410958358486971970769910741      
   6.81947748195287705272073325276680368      
   6.81309706776982890289882055526792602      
   6.80638811344447289824923180819285252      
   6.79933167108949959227842934506181654      
   6.79190768034284695631814654836476004      
   6.78409493110959671001412575785008018      
   6.77587103614983087811308161406433780      
   6.76721241433036145111211244610871261      
   6.75809428971939083558218949786086187      
   6.74849070884764134896324101568944157      
   6.73837458212496528809543212594427724      
   6.72771775005302027618074982249185609      
   6.71649108132722695617324081547201138      
   6.70466459869705424014274034420704158      
   6.69220764082007974543632949421649133      
   6.67908905128638123667044249814039771      
   6.66527739290449259950532060061053746      
   6.65074117927239877062363410844695308      
   6.63544911166559577925702817776958826      
   6.61937030889073005747606484006119962      
   6.60247451749392792420432686045766815      
   6.58473228851774278579696688623112917      
   6.56611511390064183257326096101592169      
   6.54659551615832963763823956408710006      
   6.52614709144042884099665389751798909      
   6.50474452149808372169423232950836309      
   6.48236354245377637676528214680657296      
   6.45898089114049569515579239375155214      
   6.43457426486383906875314983845659535      
   6.40912225134883709059055993890306689      
   6.38260427481704716812163679045740482      
   6.35500054497749346675317083966896003      
   6.32629201162759179267464440332377580      
   6.29646032351942559011764385486592279      
   6.26548778946815911223531748680236867      
   6.23335734045143788380380078858349620      
   6.20005248965003618519063573781396882      
   6.16555729290544187434288919107756865      
   6.12985630576168665919015742912184212      
   6.09293454018909829870277640332638325      
   6.05477742047863761085938054712623511      
   6.01537073954931727232410865777508670      
   5.97470061628992643966161856076266049      
   5.93275345417491862971068103574341103      
   5.88951590239976979423501360939876996      
   5.84497481936356667239550986241209835      
   5.79911723887209211643087220675261347      
   5.75193033894839386514263084583559790      
   5.70340141402742932846482458856776805      
   5.65351784922524618511859749216053978      
   5.60226709754323076270276890432130331      
   5.54963665956398896424133354644162740      
   5.49561406536318272051213768257231823      
   5.44018685839866539430844925922842164      
   5.38334258148523266786070390029865670      
   5.32506876437950163844139860793594465      
   5.26535291285210004522234955165859104      
   5.20418249924938769638247572243024768      
   5.14154495410087504752153450085613754      
   5.07742765893861095213090708072570121      
   5.01181794004380117106706508308069462      
   4.94470306278412255989394206840252509      
   4.87607022713430638856095695947016359      
   4.80590656338542699979324787793629597      
   4.73419912865454887168883473022408015      
   4.66093490380519838345193220867270329      
   4.58610079079705489703074936000536336      
   4.50968361042540755316037699086239177      
   4.43167010034546183636868430182469325      
   4.35204691346023689051868881141667141      
   4.27080061643978414125433118151040209      
   4.18791768854462362740331588919818202      
   4.10338452060636712648921822211459742      
   4.01718741418376900246001908836467589      
   3.92931258083954836514954668430904610      
   3.83974614156133770136514986617416738      
   3.74847412629120313897492171286211395      
   3.65548247355414897340284198680726013      
   3.56075703015977454002245091906179730      
   3.46428355098889759379833902331684468      
   3.36604769883268711930468681375510861      
   3.26603504431013996266450275350184776      
   3.16423106580371707958408147265126314      
   3.06062114947830089002702340270193636      
   2.95519058929580832722619318179202239      
   2.84792458710202265696528293607053649      
   2.73880825270701999241779200595993180      
   2.62782660402582177463344693221826297      
   2.51496456721165695329722666479549156      
   2.40020697682995778184406843523413252      
   2.28353857603945293995753269533740698      
   2.16494401678615238439541128399760233      
   2.04440786001955366116024144684795934      
   1.92191457591075931893449786794767632      
   1.79744854408485189957353444805311718      
   1.67099405386211651356940772197977238      
   1.54253530450419920864553027613154187      
   1.41205640546241468046977210280408959      
   1.27954137664559881538182063381861390      
   1.14497414867394811199391927497210289      
   1.00833856314762714578337563727983710      
  0.869618372915162084816811804166806113      
  0.728797242344181524638487846833779775      
  0.585858747594255430059426209716185189      
  0.440786376890895400731681022591694104      
  0.293563530799175283960977550271522264      
  0.144173522500953938220189065495051792      
  -7.40042193082187067791375810604158164E-0003
 -0.161175163257554306021446861744021158      
 -0.317167648797904274530280732388344326      
 -0.475394912153692577096898138568015582      
 -0.635874072938386015229444855697384467      
 -0.798622336500317818065835887427236359      
 -0.963656993653929286966652701555245512      
  -1.13099542040900640721394266618448837      
  -1.30065507769816987028299229354765672      
  -1.47265351111358472752789237273080361      
  -1.64700835063606966463024622160717264      
  -1.82373731037329267121233371899213086      
  -2.00285818829488277552820019311765997      
  -2.18438886597173671831681668848985486      
  -2.36834730831494703875983123049403063      
  -2.55475156331979431506869354964289976      
  -2.74361976180591396999243878026176778      
  -2.93497011716634736188487982713990344      
