   6.96056439612021242808744040164321567      
   6.96056439612024352967699031366322319      
   6.96056439612189877694146464873484047      
   6.96056439614162191579811019206031930      
   6.96056439625239883292483612601910102      
   6.96056439665422381575731546712353247      
   6.96056439775841288409158854154383068      
   6.96056440027108812797605489934782132      
   6.96056440526140059587262694182952254      
   6.96056441418962540554107418613939832      
   6.96056442885352210796735032316613177      
   6.96056445120135424932156476380248143      
   6.96056448296614495179916385333568837      
   6.96056452509694175144668760314609387      
   6.96056457699071219777554408494725241      
   6.96056463555440884852675326446019471      
   6.96056469414586494179322387010610525      
   6.96056474145354774982200487381785251      
   6.96056476038014853394729865197991707      
   6.96056472699546042319696410363399143      
   6.96056460962139488935563734181770959      
   6.96056436810678795479140271322048952      
   6.96056395334160298900814360820312954      
   6.96056330704880351341691233261866638      
   6.96056236187747772820827924001412438      
   6.96056104180338016981213546011774699      
   6.96055926282427873405496123578224983      
   6.96055693391917946610509825954772805      
   6.96055395822454303363252765368408400      
   6.96055023436857882515743182743019930      
   6.96054565789759920610062083864356111      
   6.96054012272654870558195102253915317      
   6.96053352254886056393488000062920573      
   6.96052575214792117464574910163273187      
   6.96051670856252656912737402699326006      
   6.96050629207058248941634018601460292      
   6.96049440696777068020705312304658215      
   6.96048096212999905050211444393506813      
   6.96046587135940537902161563474002566      
   6.96044905352299849999998580162508177      
   6.96043043250041372589612978425582771      
   6.96040993696265765588032257704771878      
   6.96038750000720574398735012755165986      
   6.96036305867657442593590953468286335      
   6.96033655338777572379739333599508905      
   6.96030792729915790892141499346638271      
   6.96027712563932431232398256610358674      
   6.96024409502037514405955039886948126      
   6.96020878275486882322535515386994413      
   6.96017113619285330547243161423643826      
   6.96013110209223833874319127746506994      
   6.96008862603279610374817503213743674      
   6.96004365188126701694495961998820900      
   6.95999612131250129210273034606934519      
   6.95994597338929155222309928637050100      
   6.95989314418871871121919476693731086      
   6.95983756654737803576532052789819376      
   6.95977916974845855169522680299642101      
   6.95971787936969881236846435079428061      
   6.95965361712821775983333237996260386      
   6.95958630077867125357539922379724666      
   6.95951584404954487193120657971375861      
   6.95944215661221467917132754373672630      
   6.95936514407677036923316552993431230      
   6.95928470800964895735907292989243942      
   6.95920074596701368459832038437038101      
   6.95911315153900754947760623639879761      
   6.95902181439946829621805469707821130      
   6.95892662035736847393842016765202649      
   6.95882745140436834643559522144621319      
   6.95872418575520857612790859088328914      
   6.95861669787793833359288181337577025      
   6.95850485850908953752202618849838000      
   6.95838853465270906952177819201411526      
   6.95826758955935645527959473034791072      
   6.95814188268312399213847111173018484      
   6.95801126961579680900175257879750521      
   6.95787560199508725979956274118623451      
   6.95773472738587980236589424357643717      
   6.95758848913341740978024544086354617      
   6.95743672619017988490753162071855008      
   6.95727927290711962773939633373306219      
   6.95711595880127329663948403361387244      
   6.95694660829114448492451800248320876      
   6.95677104039269071277413419405809287      
   6.95658906839846938469324006336970951      
   6.95640049951085157360955254208339076      
   6.95620513445235891240141101906876234      
   6.95600276703880005712030582886258625      
   6.95579318372181625886384056840331640      
   6.95557616310060827549497121739639286      
   6.95535147539452003951671490739521915      
   6.95511888189082375583406126165790913      
   6.95487813435179901124946182827647910      
   6.95462897439484607930630618199052777      
   6.95437113282176875922946250550063416      
   6.95410432894275894368626010148645382      
   6.95382826983211707716807890120376127      
   6.95354264956758072911120787163210155      
   6.95324714843751447948045820861906322      
   6.95294143207344208701845569674287588      
   6.95262515059710499712938144865256638      
   6.95229793768250509891478298775797086      
   6.95195940958703990602881767877315192      
   6.95160916417714406683793866899553631      
   6.95124677982190663109031172780594263      
   6.95087181432179302534342582280279318      
   6.95048380378240632589542195217001900      
   6.95008226134690185858408759536378913      
   6.94966667600806174940111920294049760      
   6.94923651124681191853377053994889176      
   6.94879120369007088415266423128885147      
   6.94833016166638086102497654533225976      
   6.94785276356229722845298398965638228      
   6.94735835670238826053156674099412073      
   6.94684625510051243272546433935393412      
   6.94631573813307704086286773544951470      
   6.94576604860675345102150131031562269      
   6.94519639085207021460028226901456598      
   6.94460592877808092833127667472095254      
   6.94399378380657286883534425189403566      
   6.94335903258695476503364459243023622      
   6.94270070479985935794619961782331059      
   6.94201778072136148348268608138430714      
   6.94130918861086808889578281115810093      
   6.94057380207351279449099877166910552      
   6.93981043735953167400720911932310604      
   6.93901785021897251735686243085073885      
   6.93819473280260695275407065372605561      
   6.93733971057980488520323874579878303      
   6.93645133851521710386747210199539444      
   6.93552809778243947005950247620991860      
   6.93456839153938483606867607627856860      
   6.93357054113801789637602360964755309      
   6.93253278141263429929343349920715843      
   6.93145325646128163806490611721841833      
   6.93033001461355511552866778069244503      
   6.92916100328537462760260129908711098      
   6.92794406365853234780382543738853664      
   6.92667692465446478402039379385759601      
   6.92535719686202892049179926496880859      
   6.92398236621889175456525077341264455      
   6.92254978687559477298380243857242677      
   6.92105667389204981819078709802379766      
   6.91950009531924032322166522215218345      
   6.91787696390687223357115910569844170      
   6.91618402808629593067167046768505329      
   6.91441786243366802259930058550578929      
   6.91257485854709917855640767107818618      
   6.91065121244114126984951265492416997      
   6.90864291445191294369036369064812274      
   6.90654573620414014902482932251961203      
   6.90435521810078209028658460891522314      
   6.90206665449443983750381946627906109      
   6.89967507907451194270442633527188510      
   6.89717524891772830472980265495994753      
   6.89456162682998209485862873979512320      
   6.89182836326120992625176780098100198      
   6.88896927653806280474332843434282543      
   6.88597783150202425525926939450142468      
   6.88284711733876076812729713539331069      
   6.87956982330216870103801543319211818      
   6.87613821238963999417986440165617443      
   6.87254409482262684870823823871481717      
   6.86877879774790205000816293570295680      
   6.86483313451298530021695387261285022      
   6.86069737097055976943196457492374954      
   6.85636119052026716640831568830265256      
   6.85181365687754970012698738309466772      
   6.84704317430426782297061059817531958      
   6.84203744821862928481616670446305396      
   6.83678343997022880382320432929239258      
   6.83126732449241358639813846312798680      
   6.82547444428033683792460663186253224      
   6.81938926395332979331314681839313080      
   6.81299532499632582140429697769265226      
   6.80627520126860623902211822941728918      
   6.79921045769468785734150476164635652      
   6.79178161239821223538754844244286530      
   6.78396810524975392432998760452800461      
   6.77574827434146139078493221675148305      
   6.76709934361995901360003230082028443      
   6.75799742443939464413377536344832903      
   6.74841753283395903801030927983455150      
   6.73833362994992356965967780666363328      
   6.72771868487454946086476203513340805      
   6.71654476072624912298973598115286960      
   6.70478313325916020601038956704939033      
   6.69240443416682166344326182239906851      
   6.67937882042644105419885877645785698      
   6.66567616692961881761717772150951266      
   6.65126627187919332855386578338316692      
   6.63611906761423079722004336414940390      
   6.62020482615395812785681682744992839      
   6.60349434585943536165645339832139532      
   6.58595911026978637421077796815247849      
   6.56757140986916824818143702582516756      
   6.54830442304292190990531865868390378      
   6.52813225705801126410543090602276341      
   6.50702995057534412646521282895190956      
   6.48497346598295475701852586979510809      
   6.46193962068107347953564598380766828      
   6.43790606904391120023657701282854534      
   6.41285124009132563580494147599449340      
   6.38675429712860196264461202406566098      
   6.35959510160560533431128718381417748      
   6.33135418321437807482415629835413606      
   6.30201271439488665841383499455397158      
   6.27155248702095528643491201735090526      
   6.23995588824056059736017061732650955      
   6.20720587369738092008072168617026531      
   6.17328593863407721467830650329552744      
   6.13818008436204356672697790080818437      
   6.10187278200569148004067750538576790      
   6.06434893432752877081483702351832790      
   6.02559383607591075476439316489201981      
   5.98559313391818123406948081164053605      
   5.94433278712199762946868092132985983      
   5.90179902936228533954011546415343564      
   5.85797833234416709726546181277484338      
   5.81285737142525728493948966552731748      
   5.76642299423992885614175019396633224      
   5.71866219114554091858895070570765543      
   5.66956206867813366863858339107941134      
   5.61910982525411404843085478144088160      
   5.56729272958496097124566048607375307      
   5.51409810103132143143846029973085980      
   5.45951329230268100033219400857712597      
   5.40352567391309930127403619947335400      
   5.34612262058708735701176643243867200      
   5.28729149909241213987259252589809185      
   5.22701965759737928481255259069568578      
   5.16529441625775962815278707785233547      
   5.10210305900681795847773010546836445      
   5.03743282634127880151770915910423146      
   4.97127090880863333141043753880658555      
   4.90360444171375355020498715397780505      
   4.83442050007042450474467691627500560      
   4.76370609444441630183150427090686457      
   4.69144816720825466061405935607209062      
   4.61763358931179167320094347115461449      
   4.54224915750520407385738119873842921      
   4.46528159184551634899334512791636762      
   4.38671753361119383167568722504158901      
   4.30654354342778322424559133726656085      
   4.22474609968369022920395003720237593      
   4.14131159715993140089664780394203113      
   4.05622634585266855241537997083406290      
   3.96947656994290733551347400331484216      
   3.88104840693554765592235026271305497      
   3.79092790694244874195238328565498633      
   3.69910103205240303342128028399288942      
   3.60555365582458360986760499913940868      
   3.51027156285839525320888087304096947      
   3.41324044845534991553442963589521353      
   3.31444591835140112942717476314233434      
   3.21387348849621565106513052674009875      
   3.11150858491003953314581217720145510      
   3.00733654357047831172899351954393894      
   2.90134261035677240683060409395228495      
   2.79351194101872008083567805738243322      
   2.68382960119752344827796486125060167      
   2.57228056645426307241680346193544641      
   2.45884972234647416452609619495433430      
   2.34352186451501160500388936579482145      
   2.22628169879513017449759085695728598      
   2.10711384134827902449268148600117414      
   1.98600281880653419662256202436336099      
   1.86293306843386892000984307961772677      
   1.73788893829949408881714343724377023      
   1.61085468746226681600656995847410969      
   1.48181448616501512168402821298894917      
   1.35075241603572622957407814141830595      
   1.21765247029826069357289773817934987      
   1.08249855398892063132770232619436764      
  0.945274484178240328302830136672847931      
  0.805963990198571041166030695185493395      
  0.664550713873575681760161117742494153      
  0.521018209754788212510730938843985331      
  0.375349945358576697420164072332113736      
  0.227529301403493112871784242245531329      
   7.75395720561974925330704714786231184E-0002
  -7.46360348270747327954577487781305819E-0002
 -0.229014397455573281498380718923169528      
 -0.385612479857888669279670878036474019      
 -0.544447331634465485139072179454331401      
 -0.705536087714502767086388311051856770      
 -0.868895968103988375455330126304431806      
  -1.03454427764173813834718792748986728      
  -1.20249840575218955614872972454145435      
  -1.37277582619791941747475796497153836      
  -1.54539409683459077414654519962063396      
  -1.72037085936653245032094275656126514      
  -1.89772383910101528049442611314301971      
  -2.07747084470413597487628435688274104      
  -2.25962976796017503913053274120343176      
  -2.44421858352639438727674771689374560      
  -2.63125534869744580656131642107814969      
  -2.82075820316066398951575524054797864      
  -3.01274536876186370268867500958322509      
