   305.833180578490118847143771537581802      
   305.833180575208522449485551403157112      
   305.833180532679864089517132468032889      
   305.833180317601823404850585586757523      
   305.833179632578655134427431715673210      
   305.833177969418442227807421191132615      
   305.833174579803515330158585374289162      
   305.833168436153001172847261390597125      
   305.833158097978758591485745384190858      
   305.833141312165118130952351418315593      
   305.833114153098472694191721210817048      
   305.833069624316697241584129919569650      
   305.832995839663005178274375943478375      
   305.832874054758595960555732408376267      
   305.832676856971741325625515725849963      
   305.832366754854887829817347185288630      
   305.831895290162527905625184413532121      
   305.831202679432719689310651256000863      
   305.830217908119562906272381258932985      
   305.828859156710830710572590446376378      
   305.827034429543614415665334257905815      
   305.824642271932851165875860206879685      
   305.821572488513199427958498366625528      
   305.817706806647372758001127543775597      
   305.812919457740055739247806521622987      
   305.807077673279022527794807475187103      
   305.800042110216328367549315157646058      
   305.791667231803674517188749594749496      
   305.781801675808319203413724486602040      
   305.770288642975452237732591350827207      
   305.756966335760490138033049238518119      
   305.741668471758065627940120073441313      
   305.724224888951776552708369047377023      
   305.704462251845449327433407952692852      
   305.682204859520629567312166598336156      
   305.657275549311940294927012262232271      
   305.629496683583880867146421665729213      
   305.598691202254577196879712519518785      
   305.564683720388994016073572578863232      
   305.527301648316309672630309590523855      
   305.486376311207943417357388666854802      
   305.441744045669593507005721740832161      
   305.393247252463470643469512744250088      
   305.340735386686191130986336237345173      
   305.284065869424051960734673564862473      
   305.223104907848371061029358018315837      
   305.157728213743502370538354920915766      
   305.087821613405451523937020184636326      
   305.013281544685466046948833972207948      
   304.934015439514153899413576100336705      
   304.849941992522692393985876146978295      
   304.760991318377413490298136048836134      
   304.667104996512115771704201405524625      
   304.568236040927046671466917852645914      
   304.464348725356716654600005861666338      
   304.355418368792296609470395008737402      
   304.241431019365882434156316363508044      
   304.122383071956051652448724380652867      
   303.998280823713715482672522407775290      
   303.869139976196795241254640417246526      
   303.734985092309399198226974099888702      
   303.595849016445831528293532447848501      
   303.451772265471458679426756298404874      
   303.302802397995547163381344050575667      
   303.148993368947741403299036196848120      
   302.990404875411932877990496451075092      
   302.827101700318667768453652975390089      
   302.659153058371812647190948730713505      
   302.486631949772225693645423822075861      
   302.309614525557779026195454009589298      
   302.128179467714845461236852548377184      
   301.942407388257528932201297431301399      
   301.752380248891823835928020792268411      
   301.558180803586322476497841822798714      
   301.359892066373643889119099218425640      
   301.157596804611166646089748001105304      
   300.951377058631506608855645963180479      
   300.741313689776082900091598715067700      
   300.527485955103697980346896028066954      
   300.309971109952653142586184140081984      
   300.088844038650846569998810014928871      
   299.864176908887475074429258198196281      
   299.636038853353694864856981340586394      
   299.404495674704894089460285097151881      
   299.169609578208392901838388301594653      
   298.931438922349987852492316693893369      
   298.690037994217576862767559033701650      
   298.445456800288599731748304574352154      
   298.197740883385730833736672113927656      
   297.946931149425976695491407290739873      
   297.693063704235417323008648508266122      
   297.436169720568586566614222218771476      
   297.176275307059920774437236379775799      
   296.913401391403136291647169720486352      
   296.647563617530225025030038642929571      
   296.378772245106486986618454003415931      
   296.107032036139607955309331750721731      
   295.832342191253512266574773763672978      
   295.554696259943336931908691862047243      
   295.274082067124685584860576840478875      
   294.990481620828511589309238987401019      
   294.703871054108244222689370718371802      
   294.414220546952233292196386873680915      
   294.121494218587673003123484539217111      
   293.825650054884880473703383490283336      
   293.526639852160424911743390780243489      
   293.224409129844714690133236577939029      
   292.918896982485050958949309047356377      
   292.610035980277433560379687513937894      
   292.297752109760844072169793517486736      
   291.981964693711723874471042072666277      
   291.662586045638961220313717831041172      
   291.339521604448755829004198612884942      
   291.012669644080623370446677194616490      
   290.681921091038145419984503302249224      
   290.347159284695570331741374392341206      
   290.008260062634698680901460280770276      
   289.665091244249490318616359704116294      
   289.317512456936429778804631034615165      
   288.965375048016896230144365529988550      
   288.608521772717076285646338135314336      
   288.246786209183426370045580195152172      
   287.879993007169121879785568307574059      
   287.507956937845544539403000122060988      
   287.130483037457956910341812316439809      
   286.747365866270745525226228809900642      
   286.358389343446608406184158642700664      
   285.963326039914342383033153694686303      
   285.561937013221737790351212163492439      
   285.153970848690137075446491285623855      
   284.739163634168280107626503004065053      
   284.317237705174457138390139016550195      
   283.887901715996973588101714543225911      
   283.450849266010308722803964286419609      
   283.005758527670843871964660671290313      
   282.552291488941463368998214636294880      
   282.090092762378374482157747467802443      
   281.618788859203426615614265151067040      
   281.137987053615224576278135893086778      
   280.647274419180444190231527912137393      
   280.146216542455560171777676901341191      
   279.634356363653998734562266332081463      
   279.111212502939582410839901031747299      
   278.576278304592965812015848674117041      
   278.029019446602154212857029658132571      
   277.468873372119029746448345496853933      
   276.895245843942254950780832357267035      
   276.307510508942575044839730985944321      
   275.705005734989847129435504817960393      
   275.087032246758906669699446445434317      
   274.452850980934450720461927306976799      
   273.801680175368194775086613288047837      
   273.132692000474030472972667520351179      
   272.445009704668318554679661036755293      
   271.737703770777808882077999353568717      
   271.009788104475911771986426569618788      
   270.260215896396771158563128637678185      
   269.487875022154183955475666262015669      
   268.691583005010846228818276231528273      
   267.870081618741407592051650821331734      
   267.022031205060746909033929013237799      
   266.146003996385648202689190666469283      
   265.240477676438248889528824677391424      
   264.303827670171811734280795408262783      
   263.334319207389245450418932589754698      
   262.330098481028268052571861060182098      
   261.289183516666037017652140984962705      
   260.209453897046184621446394963742310      
   259.088640960473703288318238286502805      
   257.924315626590629687590168477046465      
   256.713876808656157807978971515987929      
   255.454539264787312414420960204059591      
   254.143321047948790600944027087155692      
   252.777030452076626951808249019693868      
   251.352253741954685736017941702858337      
   249.865343474332781010828021137546127      
   248.312406915312973575559368782476876      
   246.689299005620179222888815547513498      
   244.991615366997059629564475869050410      
   243.214692026874725485834364210585432      
   241.353610468233842770515213813413643      
   239.403210327898088901927373907219281      
   237.358113656883752009131412278665375      
   235.212762779743904599153841323703718      
   232.961474996776397198729122743064445      
   230.598519768148834579828396019092107      
   228.118217882281392623445499198886535      
   225.515081270439392091137653491706111      
   222.783966451262108453767923248999689      
   219.920285673040875321526760486955729      
   216.920242887601191759928529026834655      
   213.781107875969956939317247156272514      
   210.501520919862058514864677148419096      
   207.081813436900704190150910819651634      
   203.524331787085639653199380783899261      
   199.833733714035593245894532734630443      
   196.017230525118808324155292774880007      
   192.084749465495616324374805400892710      
   188.048959365385985718892295895684910      
   183.925164446954233636493176045408873      
   179.731006413892944119480334038343667      
   175.486020823999082269504191355738627      
   171.211032228592852450417063123065222      
   166.927467652206376233765048613928831      
   162.656609610773921476739227009423196      
   158.418895497901718551793661096752724      
   154.233295675972966205007297503770826      
   150.116829777400474497976350343361763      
   146.084240386557940251452280357298747      
   142.147826939879704671783067177099534      
   138.317422566548715786389027650868920      
   134.600492038102799213162248837934818      
   131.002310550852885215725647648169125      
   127.526198355578472950747346049226674      
   124.173781234873121927115132551346927      
   120.945254800833964255908794276753359      
   117.839638561884044983468911689133919      
   114.855009358221638105570505267724219      
   111.988709127927504958522817662440798      
   109.237524731821003545317298367961363      
   106.597839536707858458901565001589780      
   104.065761192399764067594761950362590      
   101.637224889344473275112686299850406      
   99.3080768741521031296885886086045012      
   97.0741405110942330155009521112427848      
   94.9312677439921132020523443466816010      
   92.8753789944039574081075986419830610      
   90.9024924312663515291689230611921605      
   89.0087455085567741911946277826358369      
   87.1904097668184074051303261106155092      
   85.4439009041986419824910987088238935      
   83.7657843358906165464634618284454563      
   82.1527778034365063439976023260219615      
   80.6017514319347222029316983888229325      
   79.1097259458748769489754451929435735      
   77.6738692997912433679119386261841694      
   76.2914929924009973619361357816935513      
   74.9600466751515425485206235420278054      
   73.6771128887330798275207158610435883      
   72.4404015572944236088651355880549529      
   71.2477439359729004769566548332390100      
   70.0970868227225119945338996822472323      
   68.9864867281771281969654157318186480      
   67.9141042616468614933479876637040377      
   66.8781984353289535310788256979420951      
   65.8771213237219945909910248970669085      
   64.9093129486001883489016349234841735      
   63.9732963201905127839739152964824301      
   63.0676727499971120669676191643335339      
   62.1911172895086828714823694062261594      
   61.3423746292988581613122902530675042      
   60.5202549746519725544851474386008556      
   59.7236303452274505916930136178633390      
   58.9514308699560552425541142602547138      
   58.2026415537205522841373497080865320      
   57.4762991354171042742554817178871632      
   56.7714889594240278237815806718676717      
   56.0873422341707381572681656037234452      
   55.4230334502926336358223648651222466      
   54.7777779216983274039202407566066073      
   54.1508293545336986337838927949787690      
   53.5414778228301774780058462271890719      
   52.9490475564145177330524374281048828      
   52.3728952026076421410272419802823078      
   51.8124078269236757693301815267893473      
   51.2670014331692386641116201393189502      
   50.7361191664926869905783568381139752      
   50.2192300603987038296103881188308305      
   49.7158273435922535233297603198122103      
   49.2254274498180061387791041393108994      
   48.7475685221292133947443276896558058      
   48.2818093363918308869100099775553052      
   47.8277282401237466915921250902474418      
   47.3849221934408514299699257556289439      
   46.9530055977083480304359762119354996      
   46.5316095858526985462968200483479305      
   46.1203810752933375079308570477856158      
   45.7189819351549648368300040988143078      
   45.3270883487612161128416802796788673      
   44.9443899195703199301856692616110334      
   44.5705891872281372990014231661769353      
   44.2054008588791706963681078280928740      
   43.8485512342042075893023790015866740      
   43.4997777191594575982832367037016980      
   43.1588281601829315790450023746212440      
   42.8254604639847881458927328993644285      
   42.4994420415966884355584262963675299      
   42.1805493859086531932791486667754227      
   41.8685676606586129028916789379032968      
   41.5632902547869258329666585352290782      
   41.2645184320591958447191654373367397      
   40.9720609884011711611171467203812203      
   40.6857338585146980384952478708769964      
   40.4053598335824333577039590440716820      
   40.1307682348686061735950405330812719      
   39.8617946341827411249456467655194957      
   39.5982805697249207190447828750019959      
   39.3400732863902608269404895468376588      
   39.0870254913704387274811629556643917      
   38.8389951154159923259591230965400077      
