-0.46107139278896E-13
-0.38219985241551E-12
-0.10156632113460E-11
-0.27521108018143E-11
-0.58779420061896E-11
-0.84407208505362E-11
-0.19969708896547E-10
-0.59947828757845E-11
-0.36008097276549E-10
-0.46776046524464E-10
-0.51657106811613E-10
-0.86417246874875E-10
-0.11654333635394E-09
-0.90223787894809E-10
-0.15476762729429E-09
-0.16594061491814E-09
-0.23990517694821E-09
-0.18779295632701E-09
 0.20660958180478E-10
 0.52853337291976E-09
 0.23514314031024E-08
 0.66249646317880E-08
 0.15840718800765E-07
 0.35188855938321E-07
 0.72973031141986E-07
 0.14203907784702E-06
 0.26171581712433E-06
 0.46076784573989E-06
 0.77905875571941E-06
 0.12702033695759E-05
 0.20046449275155E-05
 0.30727150339748E-05
 0.53294987300271E-05
 0.75768536434070E-05
 0.49086067798538E-05
 0.15741819734923E-04
 0.23741090905250E-04
 0.21262392171019E-04
 0.27021553258186E-04
 0.43698426356466E-04
 0.63500666908847E-04
 0.64922895597164E-04
 0.88632527286076E-04
 0.10977579766761E-03
 0.13795162676812E-03
 0.16919742978518E-03
 0.20579567535364E-03
 0.24837801502742E-03
 0.29761090576583E-03
 0.35420282096805E-03
 0.41890295844709E-03
 0.49250948242269E-03
 0.57588339359409E-03
 0.66988118257992E-03
 0.77547618450277E-03
 0.89365550490772E-03
 0.10254837550496E-02
 0.11720702320271E-02
 0.13346263629588E-02
 0.15144537849559E-02
 0.17126867330515E-02
 0.19312422412809E-02
 0.21711733184575E-02
 0.24341670325253E-02
 0.27223665255719E-02
 0.30373571939993E-02
 0.33914362261717E-02
 0.37523506542758E-02
 0.41580539199611E-02
 0.46126426354995E-02
 0.51001747753282E-02
 0.56094557356579E-02
 0.61782549546970E-02
 0.68071549660571E-02
 0.74815212623033E-02
 0.82066879706453E-02
 0.89832273835094E-02
 0.98471561040057E-02
 0.10770209681838E-01
 0.11776929800597E-01
 0.12859215356249E-01
 0.14048353236379E-01
 0.15529350587785E-01
 0.16941799366268E-01
 0.18084218179009E-01
 0.19413412262466E-01
 0.21286312814681E-01
 0.23653408431190E-01
 0.25896205537774E-01
 0.28234158981976E-01
 0.30213353198296E-01
 0.32581010611411E-01
 0.34975773483017E-01
 0.38514782413496E-01
 0.42423540860958E-01
 0.45673812830486E-01
 0.50609686354142E-01
 0.54192399401852E-01
 0.58349074550718E-01
 0.64181547964067E-01
 0.69433805405377E-01
 0.75644326129753E-01
 0.81741509039951E-01
 0.89323637559775E-01
 0.97250407712963E-01
 0.10517380401094E+00
 0.11511496589191E+00
 0.12619916558925E+00
 0.13369810166438E+00
 0.14995864037287E+00
 0.16229940533512E+00
 0.17751262720685E+00
 0.18900773964353E+00
 0.20565761032822E+00
 0.22533272099234E+00
 0.24759369584746E+00
 0.26918479948085E+00
 0.29493941272532E+00
 0.32009003128684E+00
 0.35596992746129E+00
 0.37598775240860E+00
 0.41814954860110E+00
 0.45218651838468E+00
 0.49599122250726E+00
 0.54635279658087E+00
 0.60436832351763E+00
 0.66318170069137E+00
 0.71800912068796E+00
 0.78593335430214E+00
 0.85999572730778E+00
 0.95655764923405E+00
 0.10431938689394E+01
 0.11372683759934E+01
 0.12598901654501E+01
 0.13639798845291E+01
 0.14908429110719E+01
 0.16432677959381E+01
 0.18257112080161E+01
 0.20037437950762E+01
 0.21945471186109E+01
 0.24129741414300E+01
 0.26430912038657E+01
 0.28880063995029E+01
 0.31962885305027E+01
 0.35038569549440E+01
 0.38280075041953E+01
 0.42353761618527E+01
 0.46373456109755E+01
 0.50545585047491E+01
 0.55162739405662E+01
 0.60141184751273E+01
 0.65235012877523E+01
 0.71223387569079E+01
 0.77164344970640E+01
 0.83183883880375E+01
 0.88681170546252E+01
 0.92873521503921E+01
 0.95034966500204E+01
 0.92722193365411E+01
 0.84519129345043E+01
 0.67518848651232E+01
 0.35958055255573E+01
-0.12076351153328E+01
-0.81191856538815E+01
-0.17268661054607E+02
-0.28592999507596E+02
-0.41596083183182E+02
-0.55178535556848E+02
-0.67801672379415E+02
-0.77211808643180E+02
-0.80738077090568E+02
-0.75887516162272E+02
-0.60881373819762E+02
-0.35660074736945E+02
-0.23642716640902E+01
 0.34269651050205E+02
 0.68041482177802E+02
 0.92841714324419E+02
 0.10412521318051E+03
 0.10042868924984E+03
 0.83605353056390E+02
 0.58485652356780E+02
 0.30840109502061E+02
 0.59610222023130E+01
-0.12466641858538E+02
-0.23283348622699E+02
-0.27232916850570E+02
-0.26024819637231E+02
-0.22191416611886E+02
-0.17174673848820E+02
-0.12407128220954E+02
-0.84553312567383E+01
-0.53948545883402E+01
-0.32379586720238E+01
-0.17804366591467E+01
-0.83109626286262E+00
-0.25573312223249E+00
 0.75618698395688E-01
 0.22899097464640E+00
 0.26339618668507E+00
 0.27747774212565E+00
 0.23460746732975E+00
 0.19516619434337E+00
 0.14464289380774E+00
 0.10281021165190E+00
 0.64435931269898E-01
 0.46752582780216E-01
 0.33254548090007E-01
 0.11692567545923E-01
-0.13303443407314E-02
-0.14593227284059E-02
-0.14740463537717E-01
-0.16627946239210E-01
-0.16663202582374E-01
-0.14519057439515E-01
-0.17102081201263E-01
-0.15958555962207E-01
-0.15481166992152E-01
-0.16176326077797E-01
-0.14066346539749E-01
-0.12588795875578E-01
-0.14502866332802E-01
-0.85544714158956E-02
-0.95121888486368E-02
-0.10660362802722E-01
-0.64620887669738E-02
-0.72395106053906E-02
-0.13994936610542E-02
-0.52281136572694E-02
-0.54305346359976E-02
-0.21654994262836E-02
-0.12561815034878E-02
-0.15178265668867E-02
 0.70058648124841E-03
 0.28509508434601E-02
 0.25273216796116E-02
 0.43820074937492E-02
 0.35487321687960E-02
 0.30451086387981E-02
 0.66650298659419E-02
 0.51963427246697E-02
 0.50383417619692E-02
 0.79829166824679E-02
 0.58701785508461E-02
 0.73175518518945E-02
 0.64725613417541E-02
 0.75254153447946E-02
 0.83200561264390E-02
 0.86874810598304E-02
 0.82542610218879E-02
 0.10704960486478E-01
 0.86041450827057E-02
 0.15064686386921E-02
 0.99781372623928E-02
 0.16975374321244E-01
 0.97548671493351E-02
 0.35908946644998E-02
 0.37798326855155E-02
 0.14480016462273E-01
 0.11259183727388E-01
 0.56512794646039E-02
 0.89918504515985E-02
 0.74884168326485E-02
 0.81291042245012E-02
 0.99040058549281E-02
 0.82591239296753E-02
 0.89359398813838E-02
 0.79417790431861E-02
 0.93258746859637E-02
 0.87698180042079E-02
 0.82578552542029E-02
 0.82367984513549E-02
 0.89746589390744E-02
 0.65952265210832E-02
 0.10629632981040E-01
 0.74464222358271E-02
 0.65791941289785E-02
 0.79447594713502E-02
 0.80728781713864E-02
 0.80441041858056E-02
 0.49229018436911E-02
 0.69576057994661E-02
 0.49924845342527E-02
 0.53280583519669E-02
 0.67998724948509E-02
 0.62724710966368E-02
 0.72000554642127E-02
 0.81851338723084E-02
 0.95671004616082E-02
 0.64843371815107E-02
 0.67581832493307E-02
 0.51028046482618E-02
 0.55938231163008E-02
 0.28642905321456E-02
 0.27732834402077E-02
 0.51842958321587E-02
 0.62043016840818E-02
 0.56157829141715E-02
 0.43639045157859E-02
 0.40829271720925E-02
