   6.96056439612021242808744040159095980      
   6.96056439612024352967699031211634014      
   6.96056439612189877694146463785902009      
   6.96056439614162191579811014959091471      
   6.96056439625239883292483600581737354      
   6.96056439665422381575731518949931042      
   6.96056439775841288409158798417487300      
   6.96056440027108812797605389427321211      
   6.96056440526140059587262545872019466      
   6.96056441418962540554107567807168245      
   6.96056442885352210796739537065454097      
   6.96056445120135424932195063392710087      
   6.96056448296614495180146977816052409      
   6.96056452509694175145745753501321670      
   6.96056457699071219781703773101994004      
   6.96056463555440884866355846389547800      
   6.96056469414586494218999445496004700      
   6.96056474145354775085638900496426756      
   6.96056476038014854105537495392561765      
   6.96056472699546046491817395469640237      
   6.96056460962139509652953306341359387      
   6.96056436810678793753191673422786736      
   6.96056395334160292328857580913430838      
   6.96056330704880328895413149922540525      
   6.96056236187747703247077412705670494      
   6.96056104180337819347562433771786001      
   6.96055926282427354615689681291648441      
   6.96055693391916679305127262193565218      
   6.96055395822451405377172307612390500      
   6.96055023436851648341358351446314607      
   6.96054565789747253363677132397157329      
   6.96054012272630482217141331981545420      
   6.96053352254841463531220471297771285      
   6.96052575214714585774759197378971766      
   6.96051670856124474816352859790673424      
   6.96050629206857080580052762845305578      
   6.96049440696478697986399316429763043      
   6.96048096212585495947459948986494018      
   6.96046587135411635788512555777771047      
   6.96044905351705852208781578244869234      
   6.96043043249526077377927194673718294      
   6.96040993696142010237533761168408061      
   6.96038750001584890348657652141204840      
   6.96036305870560156524804078509886576      
   6.96033655345467897906317458985587125      
   6.96030792743186205277448178347030018      
   6.96027712588092030396919717601469523      
   6.96024409543550073641239482167571648      
   6.96020878343815998438419501223197396      
   6.96017113727996243828814359240574277      
   6.96013110377399239796644791469715436      
   6.96008862857314925256116111998572356      
   6.96004365563978699658946681914686521      
   6.95999612677221515622390097735443761      
   6.95994598119080331726514608590113512      
   6.95989315518446359967743682870306276      
   6.95983758181663008375215159157797437      
   6.95977919068845416211714990243799073      
   6.95971790775585742210912892048519826      
   6.95965365519623088654405761448470332      
   6.95958635132000009383217811024067940      
   6.95951591052172579492274592993119033      
   6.95944224324895120326368444814993872      
   6.95936525607664736859504740563809233      
   6.95928485165866635130165921108161957      
   6.95920092883513545631519181365424666      
   6.95911338268612845693638147159521106      
   6.95902210460477829763754437589151886      
   6.95892698237344688743188152556411992      
   6.95882790023726009692455930729405552      
   6.95872473897166164608643833471657053      
   6.95861737594086394142733002180327900      
   6.95850568514222060296683692028572757      
   6.95838953723529675053776062384094417      
   6.95826879955160658784173530147557056      
   6.95814333608296880374288918903201458      
   6.95801300744740124665078472741475734      
   6.95787767082937537982745593047362463      
   6.95773717989320450770177617573693888      
   6.95759138466836116944332562388887773      
   6.95744013140821878629757203029986623      
   6.95728326241292455108742253857897711      
   6.95712061582795510574117691230723027      
   6.95695202541007419954188226301187420      
   6.95677732025285815494818805325595632      
   6.95659632449444894504959726407429931      
   6.95640885697855424051215493562774254      
   6.95621473089103485938861656418749329      
   6.95601375335837547275649488091100064      
   6.95580572501371138680161579146698914      
   6.95559043953114855705608714881148766      
   6.95536768311832536925534579156268260      
   6.95513723398654755083679251451091848      
   6.95489886176462821503263645153453242      
   6.95465232690835402325594492271496108      
   6.95439738003558433594324405541332653      
   6.95413376126209935585183256113211186      
   6.95386119946810918912304779528756968      
   6.95357941154649531227522737706176003      
   6.95328810160727471732303850697587131      
   6.95298696013739316569683773635894920      
   6.95267566311912589110737691073931702      
   6.95235387110837999078804747539641900      
   6.95202122826552294035625904915383971      
   6.95167736136577743545176679219586884      
   6.95132187869327713073733265679809279      
   6.95095436897380522844059969795678880      
   6.95057440020008805757342772693478132      
   6.95018151839268553957169398533550910      
   6.94977524637279522171756407509544458      
   6.94935508239624301154959940121924332      
   6.94892049877160753217404691528892788      
   6.94847094041797754928010807372150701      
   6.94800582328741312831141712156529889      
   6.94752453282042587595720603342750149      
   6.94702642222748867997390297827568219      
   6.94651081062789449319315321765530846      
   6.94597698174305247073846798961703330      
   6.94542418109802837235464268128445101      
   6.94485161460359060758195672754342922      
   6.94425844627181134085555963852830588      
   6.94364379590078788155030086260550286      
   6.94300673677263259494987588053425935      
   6.94234629322540303664363124645463349      
   6.94166143790864304311823308569637279      
   6.94095108908260627209972811851128132      
   6.94021410783172047235321158858333617      
   6.93944929477818123143132745761361379      
   6.93865538698218634256110359619346845      
   6.93783105450631776806889845964714977      
   6.93697489686475803746248873713310439      
   6.93608543901355810850712737863249571      
   6.93516112738603497216574327994976657      
   6.93420032583004471027655625381230193      
   6.93320131067361463129320686193104498      
   6.93216226605278169837266367628792106      
   6.93108127888417107110512175418343678      
   6.92995633328931144775354465688919474      
   6.92878530482654083939579050364847776      
   6.92756595439822448367361566208104320      
   6.92629592154420066763957014137548833      
   6.92497271749086546100620780370376396      
   6.92359371744482157111904312827907970      
   6.92215615329835290771579631394197173      
   6.92065710425997883703274531587840895      
   6.91909348803883694427900709995660600      
   6.91746205130277942486197243540088269      
   6.91575935884702552107417831145071203      
   6.91398178251546379542516987340644102      
   6.91212548930009834545241152569158519      
   6.91018642781341154303726990894413886      
   6.90816031575493229419842443335212164      
   6.90604262323209702159146306487701191      
   6.90382855776953517769402517551563500      
   6.90151304686927082242638739359734765      
   6.89909071913373772675326833677312314      
   6.89655588437354046957146193886652942      
   6.89390251204530689319939071084778153      
   6.89112420766873985385400044729001919      
   6.88821418814392233728207659802910146      
   6.88516525419166899407332744040873994      
   6.88196976135629900017499111085517777      
   6.87861958889369968397668392674462971      
   6.87510610545720225829137570745266048      
   6.87142013292076218189794047469183117      
   6.86755190745100558178951556033301332      
   6.86349103789290193194327488666379975      
   6.85922646040769063544925646343409771      
   6.85474639202704849814535181459305629      
   6.85003827918474982885519524166561377      
   6.84508874555155704708463019771014375      
   6.83988353555387202287553883446516700      
   6.83440745871705962456635211556321275      
   6.82864432816390134128272800137370840      
   6.82257690235930369845074329307516834      
   6.81618682639762848465295624785728369      
   6.80945457508672976797458567997604718      
   6.80235940087036606419633917807889779      
   6.79487928938021947273304171221318559      
   6.78699092433740323815987759477605409      
   6.77866966807659628048764288408238433      
   6.76988955994345067038773817192720234      
   6.76062333971266527550230609023555643      
   6.75084249844858243149863959746230663      
   6.74051736687815387156934289592104134      
   6.72961723814605840984250397134341065      
   6.71811053549688266300625194989842879      
   6.70596501629208833116947257274624231      
   6.69314801686583794673336116078643396      
   6.67962672412265780163559090941216550      
   6.66536846552275466896866311979013418      
   6.65034099849971156923661970942005642      
   6.63451278397709592605299883558913074      
   6.61785322435419133076334865800782454      
   6.60033285185853134229861124545324198      
   6.58192345809656713843732293802399033      
   6.56259816245510954459135996545155929      
   6.54233142429039158244447480169467690      
   6.52109900958912638551850364684411232      
   6.49887792242848598048840863581738887      
   6.47564633090732305053606864514018515      
   6.45138345120444032420900072513820111      
   6.42606948014073301695949821916117924      
   6.39968549820575027770501310460829872      
   6.37221339597383325488319789217590518      
   6.34363580601306500642268009029419505      
   6.31393604214591167478306949222455956      
   6.28309804398956098899384743753944569      
   6.25110632472535102994917010080706912      
   6.21794592009897999305524910591819622      
   6.18360234096430510919182240115836773      
   6.14806152437785788706036119014938143      
   6.11130978725221235320594291225377678      
   6.07333378098558680785535712787927645      
   6.03412044815039643050247202752932701      
   5.99365698126747731472719949054088001      
   5.95193078445309643134671879316123944      
   5.90892943752558938675294329373588234      
   5.86464066332829431124387749678795701      
   5.81905229791687557276919993706412393      
   5.77215226335842153449987311554012793      
   5.72392854406616322110943751225536957      
   5.67436916491336752850009296369413204      
   5.62346217228974156627125736864063939      
   5.57119561725836658862426439768962657      
   5.51755754086902231251680643068507651      
   5.46253596118119069609670156189060440      
   5.40611886213924816394983790532379451      
   5.34829418373486665757373640718816118      
   5.28904981371638778310535417813814386      
   5.22837358025103153565392923043588282      
   5.16625324574657837410504810048189470      
   5.10267650150955512745394038149590536      
   5.03763096320892424052107852590140240      
   4.97110416709028127844839117940492578      
   4.90308356647993420973239513762964648      
   4.83355652934814321964748522805070158      
   4.76251033578130117144151265209170045      
   4.68993217612505725081009770434803956      
   4.61580914938076868934754271109184130      
   4.54012826188250966576485284029298482      
   4.46287642622629445482862588484821472      
   4.38404046044100314072479815712118638      
   4.30360708728236954420743879273847559      
   4.22156293373663685120619613707518338      
   4.13789453060441333869076718839946707      
   4.05258831225523125348026212608278652      
   3.96563061643946778539831146756507886      
   3.87700768420546740542605345389012307      
   3.78670565985697943260569492954742175      
   3.69471059102025203935939964933760506      
   3.60100842873663786779400489655951037      
   3.50558502758249351611524902093991711      
   3.40842614586191101596372105985760871      
   3.30951744580390596129281001713756646      
   3.20884449380851010184531146872177122      
   3.10639276069856210733992058229767524      
   3.00214762199765698071915723886567428      
   2.89609435822419277813418758430062748      
   2.78821815520599654906018078955283161      
   2.67850410438446444065017948125334256      
   2.56693720315448389878737416058435253      
   2.45350235518738565248431911272371420      
   2.33818437078247190558173183329526518      
   2.22096796720174613499381063334794398      
   2.10183776902375008050959951428343784      
   1.98077830848728929145233435047154029      
   1.85777402585085206362979621959315914      
   1.73280926973671587280649609157516799      
   1.60586829749546144685396416485516224      
   1.47693527552707237257998911881866389      
   1.34599427967662651875357236271367841      
   1.21302929555456445982722358358945747      
   1.07802421888963928241274914911845673      
  0.940962855878791864301681729868222872      
  0.801828923528779917032340055504420556      
  0.660606049999820141578598568792225471      
  0.517277774944011594717912303969807524      
  0.371827549842672357948815439108578771      
  0.224238738339976286891182621054585711      
   7.44946165748558449339890324748659565E-0002
  -7.74216264914504088990008775501760298E-0002
 -0.231526888749134731193378823161322285      
 -0.387838154618004967313000267036870829      
 -0.546372494728531079759655890737154563      
 -0.707147065604320187453601910787944872      
 -0.870179109350172379255332477972057267      
  -1.03548595334131699578546076379373950      
  -1.20308500991737311423994061308233877      
  -1.37299377607689677547048400543657692      
  -1.54522983317766213898976007750969855      
  -1.71981084663849888703827723656540731      
  -1.89675456564521013354644766425534959      
  -2.07607882285802926239952652393357845      
  -2.25780153412326688144032631796238617      
  -2.44194069818759698189452511559555551      
  -2.62851439641423496338864246480579551      
  -2.81754079250525921622833092170669000      
  -3.00903813222018714035709834844593411      
  -3.20302474310752878362000578441833112      
