 0.13628526479685E+03
 0.13628526479685E+03
 0.13628526479700E+03
 0.13628526479836E+03
 0.13628526480478E+03
 0.13628526482493E+03
 0.13628526487383E+03
 0.13628526497463E+03
 0.13628526516627E+03
 0.13628526552868E+03
 0.13628526623801E+03
 0.13628526765602E+03
 0.13628527044388E+03
 0.13628527568056E+03
 0.13628528496426E+03
 0.13628530048070E+03
 0.13628532503082E+03
 0.13628536201835E+03
 0.13628541540399E+03
 0.13628548963585E+03
 0.13628558956743E+03
 0.13628572037433E+03
 0.13628588748021E+03
 0.13628609650138E+03
 0.13628635321751E+03
 0.13628666357372E+03
 0.13628703371684E+03
 0.13628747006541E+03
 0.13628797941037E+03
 0.13628856904104E+03
 0.13628924688890E+03
 0.13629002168069E+03
 0.13629090309216E+03
 0.13629190189421E+03
 0.13629303008407E+03
 0.13629430099593E+03
 0.13629572938702E+03
 0.13629733149687E+03
 0.13629912507932E+03
 0.13630112940842E+03
 0.13630336527807E+03
 0.13630585489737E+03
 0.13630862192739E+03
 0.13631169135536E+03
 0.13631508943217E+03
 0.13631884359219E+03
 0.13632298237324E+03
 0.13632753534010E+03
 0.13633253301476E+03
 0.13633800681582E+03
 0.13634398900902E+03
 0.13635051267052E+03
 0.13635761166355E+03
 0.13636532062901E+03
 0.13637367499026E+03
 0.13638271097127E+03
 0.13639246562792E+03
 0.13640297689139E+03
 0.13641428362274E+03
 0.13642642567659E+03
 0.13643944397472E+03
 0.13645338058559E+03
 0.13646827881067E+03
 0.13648418327493E+03
 0.13650114002017E+03
 0.13651919660294E+03
 0.13653840219042E+03
 0.13655880766007E+03
 0.13658046569641E+03
 0.13660343088662E+03
 0.13662775981785E+03
 0.13665351116747E+03
 0.13668074579568E+03
 0.13670952683082E+03
 0.13673991976151E+03
 0.13677199250693E+03
 0.13680581551560E+03
 0.13684146183294E+03
 0.13687900718330E+03
 0.13691853004241E+03
 0.13696011171064E+03
 0.13700383639309E+03
 0.13704979128166E+03
 0.13709806662524E+03
 0.13714875580751E+03
 0.13720195542877E+03
 0.13725776539304E+03
 0.13731628898656E+03
 0.13737763296197E+03
 0.13744190767864E+03
 0.13750922717663E+03
 0.13757970929030E+03
 0.13765347576848E+03
 0.13773065238301E+03
 0.13781136907331E+03
 0.13789576017044E+03
 0.13798396440358E+03
 0.13807612520767E+03
 0.13817239087119E+03
 0.13827291470765E+03
 0.13837785527022E+03
 0.13848737653790E+03
 0.13860164832997E+03
 0.13872084642911E+03
 0.13884515290020E+03
 0.13897475626000E+03
 0.13910985211835E+03
 0.13925064340193E+03
 0.13939734044391E+03
 0.13955016175124E+03
 0.13970933453215E+03
 0.13987509472026E+03
 0.14004768763412E+03
 0.14022736890045E+03
 0.14041440460438E+03
 0.14060907186148E+03
 0.14081166006068E+03
 0.14102247064320E+03
 0.14124181898810E+03
 0.14147003410510E+03
 0.14170746052263E+03
 0.14195445845753E+03
 0.14221140539090E+03
 0.14247869683782E+03
 0.14275674756892E+03
 0.14304599306741E+03
 0.14334689067137E+03
 0.14365992125815E+03
 0.14398559086277E+03
 0.14432443183625E+03
 0.14467700582647E+03
 0.14504390463991E+03
 0.14542575315236E+03
 0.14582321155417E+03
 0.14623697775637E+03
 0.14666779012985E+03
 0.14711643099999E+03
 0.14758372937269E+03
 0.14807056493560E+03
 0.14857787200136E+03
 0.14910664349960E+03
 0.14965793588436E+03
 0.15023287421689E+03
 0.15083265761392E+03
 0.15145856570626E+03
 0.15211196495694E+03
 0.15279431666140E+03
 0.15350718427057E+03
 0.15425224240273E+03
 0.15503128744737E+03
 0.15584624718647E+03
 0.15669919327704E+03
 0.15759235396912E+03
 0.15852812834389E+03
 0.15950910216029E+03
 0.16053806457646E+03
 0.16161802725335E+03
 0.16275224465428E+03
 0.16394423657520E+03
 0.16519781252399E+03
 0.16651709754069E+03
 0.16790656060990E+03
 0.16937104492640E+03
 0.17091579877173E+03
 0.17254650934735E+03
 0.17426933379013E+03
 0.17609093580105E+03
 0.17801851125657E+03
 0.18005982712789E+03
 0.18222322692228E+03
 0.18451765621573E+03
 0.18695265372644E+03
 0.18953833327548E+03
 0.19228533757379E+03
 0.19520475943090E+03
 0.19830801718681E+03
 0.20160668548969E+03
 0.20511225789495E+03
 0.20883585212353E+03
 0.21278783333361E+03
 0.21697737382120E+03
 0.22141197292169E+03
 0.22609691849885E+03
 0.23103479287845E+03
 0.23622502360344E+03
 0.24166357422616E+03
 0.24734280719141E+03
 0.25325157671059E+03
 0.25937554819494E+03
 0.26569772660091E+03
 0.27219913598578E+03
 0.27885957609086E+03
 0.28565837266804E+03
 0.29257505627976E+03
 0.29958992200569E+03
 0.30668444336196E+03
 0.31384154300545E+03
 0.32104572965575E+03
 0.32828313184870E+03
 0.33554145188280E+03
 0.34280986537592E+03
 0.35007888975054E+03
 0.35734024106087E+03
 0.36458668841832E+03
 0.37181191580807E+03
 0.37901039610539E+03
 0.38617728214327E+03
 0.39330830401236E+03
 0.40039969000933E+03
 0.40744809581159E+03
 0.41445054422191E+03
 0.42140437784668E+03
 0.42830721553754E+03
 0.43515691911923E+03
 0.44195156474681E+03
 0.44868941844484E+03
 0.45536891632836E+03
 0.46198864652971E+03
 0.46854733509170E+03
 0.47504383288247E+03
 0.48147710505203E+03
 0.48784622142384E+03
 0.49415034904237E+03
 0.50038874276808E+03
 0.50656074044008E+03
 0.51266575660818E+03
 0.51870327774281E+03
 0.52467285702226E+03
 0.53057411040818E+03
 0.53640671273918E+03
 0.54217039438472E+03
 0.54786493784021E+03
 0.55349017572037E+03
 0.55904598612188E+03
 0.56453229301473E+03
 0.56994906072586E+03
 0.57529629469771E+03
 0.58057403824680E+03
 0.58578236954303E+03
 0.59092140302567E+03
 0.59599128422009E+03
 0.60099219173665E+03
 0.60592433127883E+03
 0.61078794009360E+03
 0.61558328043314E+03
 0.62031064055319E+03
 0.62497033448574E+03
 0.62956269912446E+03
 0.63408809398045E+03
 0.63854689969744E+03
 0.64293951810424E+03
 0.64726636903076E+03
 0.65152789187285E+03
 0.65572454323651E+03
 0.65985679651988E+03
 0.66392514007883E+03
 0.66793007784009E+03
 0.67187212761597E+03
 0.67575182048162E+03
 0.67956969938569E+03
 0.68332632014198E+03
 0.68702224843193E+03
 0.69065806053029E+03
 0.69423434182396E+03
 0.69775168694933E+03
 0.70121069842815E+03
 0.70461198627410E+03
 0.70795616718244E+03
 0.71124386414914E+03
 0.71447570565849E+03
 0.71765232520561E+03
 0.72077436081911E+03
 0.72384245410155E+03
 0.72685725018994E+03
 0.72981939695052E+03
 0.73272954455474E+03
 0.73558834486018E+03
 0.73839645127345E+03
 0.74115451781276E+03
 0.74386319912108E+03
 0.74652314982117E+03
 0.74913502402089E+03
 0.75169947519743E+03
 0.75421715559884E+03
 0.75668871593167E+03
 0.75911480504998E+03
 0.76149606964937E+03
 0.76383315385959E+03
 0.76612669903238E+03
 0.76837734346390E+03
 0.77058572200884E+03
 0.77275246596135E+03
 0.77487820269969E+03
 0.77696355551520E+03
 0.77900914341918E+03
 0.78101558085606E+03
 0.78298347757183E+03
 0.78491343839449E+03
 0.78680606310305E+03
 0.78866194624303E+03
