   91.9024000948784202170827437330254962      
   91.9024000948756103372976966772670622      
   91.9024000947781154036684974975930874      
   91.9024000938787693816519503469005576      
   91.9024000896844288202572249338245851      
   91.9024000766383934658026028989315090      
   91.9024000450117361692009918192356519      
   91.9023999762874425473122407736838390      
   91.9023998183483728143710425404207592      
   91.9023994036952293755889681563999861      
   91.9023982669256985220548520749982663      
   91.9023953407677979088406870744913154      
   91.9023885526123301673466848360185382      
   91.9023743796535506467892026740056138      
   91.9023474335606920279339551581740605      
   91.9023001352832289766287281581020021      
   91.9022225171903519705004377961775128      
   91.9021021639623306324964967744071457      
   91.9019242823492692280122637091264625      
   91.9016718756015792117890688076545476      
   91.9013259908085595785160340884974460      
   91.9008660051063582005891810891815533      
   91.9002699182161923042772417719260794      
   91.8995146227870832352255295705518895      
   91.8985761297563868768063616195576854      
   91.8974297327446958952179502791425702      
   91.8960501025960908826877428786234078      
   91.8944113104059156214765882397146008      
   91.8924867836965714618512445028325962      
   91.8902492054553718328969195426568275      
   91.8876703696657700787459299365084639      
   91.8847210089233259931350667343601069      
   91.8813706102157574790291395063102692      
   91.8775872341010696508598611590412263      
   91.8733373505785001299088784755053734      
   91.8685856817297473788731633500092123      
   91.8632951755605704144597927202995109      
   91.8574268376753672979325206890382128      
   91.8509397755695857041423147539809656      
   91.8437912013705260731247787184346649      
   91.8359364870067395493626571327924940      
   91.8273292514377971795781125694262026      
   91.8179214745049094035822195589358554      
   91.8076636307890019698936559819775736      
   91.7965048373039870330436540521347152      
   91.7843930083687767454773688953505091      
   91.7712750122698095953250536591049354      
   91.7570968239203985348034866125274063      
   91.7418036694893087265373727818133870      
   91.7253401587407602051305105040574182      
   91.7076504029889451762615463787279949      
   91.6886781155574229239582254986700754      
   91.6683666942643703872165782120625464      
   91.6466592847845825433314459901516243      
   91.6234988244821181281192096408744036      
   91.5988280679144131083230579605176714      
   91.5725895938620239010786021674881524      
   91.5447257957343785505993712073866553      
   91.5151788553463966926378029258760206      
   91.4838907047393292006015757698230403      
   91.4508029715348058607372671982717840      
   91.4158569172593162000764235893675516      
   91.3789933625833067044932106930998463      
   91.3401526077686862006688501149387094      
   91.2992743461610391409648416220033328      
   91.2562975686637886179199628476416124      
   91.2111604708428788064286401681559735      
   91.1638003500164755991059716956773120      
   91.1141535076222298357719761637762795      
   91.0621551447548052241590718695953011      
   91.0077392665090949256057591279630061      
   90.9508385718776081879290346800682887      
   90.8913843557775182189286253552396655      
   90.8293064157507464670867896377476379      
   90.7645329430384380708964405536770041      
   90.6969904365934649226117015716572011      
   90.6266035946781617676282219688474779      
   90.5532952257243830816178057745132131      
   90.4769861591782107739720574169828129      
   90.3975951546769195737421016419010938      
   90.3150388130004287605960386711693288      
   90.2292314782666141654085860597732179      
   90.1400851286481226436672967471392508      
   90.0475093142941094062392333427963124      
   89.9514110484060097355002294039912218      
   89.8516947203420853522761847394298847      
   89.7482619596422435891888628742585866      
   89.6410117141711843615034617636987986      
   89.5298398860927026724269394236877360      
   89.4146393593082256676790775855761767      
   89.2952999018576232830044773619834652      
   89.1717080477070886628783238956336588      
   89.0437469795280815504395488426446814      
   88.9112964196166770385591670262824731      
   88.7742324503633524072565584421783825      
   88.6324274301707261934409605124623607      
   88.4857498025625119262252065472517155      
   88.3340640044591468995171676977828696      
   88.1772302782447313734264430527365912      
   88.0151046378591585280944682964418499      
   87.8475385072009375341800458066687134      
   87.6743785455431851329701761584886642      
   87.4954665437280082796197250673105935      
   87.3106393660885733269268222856063792      
   87.1197285965071710325056761672745033      
   86.9225600373149642602436288791933132      
   86.7189539537030810219038213415858227      
   86.5087247989014706787099711575022212      
   86.2916805480498310852942372550699050      
   86.0676224944174083563385984303725947      
   85.8363458375172053762645458973921235      
   85.5976378374269022485316494343432980      
   85.3512790994083403989240742591844509      
   85.0970419955659587510467710368569730      
   84.8346910949023284038118168728924227      
   84.5639824633319831482168490027830897      
   84.2846635415499667211188059222162806      
   83.9964721827596546969225088094628210      
   83.6991369977559074799472921414354342      
   83.3923764449839700932728891891719260      
   83.0758983860838791278674267496507165      
   82.7493996728678845038439280790975287      
   82.4125657347184650799737333211750583      
   82.0650702084126346932307893436533054      
   81.7065736371852255327069051106717526      
   81.3367238250459226825304581619939147      
   80.9551547159563754959165172707049326      
   80.5614859107015247075223591807244757      
   80.1553219770467640052835933030166959      
   79.7362516678267599564498444145084597      
   79.3038474000626276407379184844523419      
   78.8576645396119654435202873108369178      
   78.3972404963994658337300465637676711      
   77.9220939910540177479581445120558250      
   77.4317244217915218978632032249245465      
   76.9256106075119617954711086489050182      
   76.4032107033175410428466395583289396      
   75.8639609040220460266756206720535211      
   75.3072747432372896047787427503729684      
   74.7325422114622053554925499661621110      
   74.1391295173460917376871926796666646      
   73.5263778551130599137467303146200486      
   72.8936031921793798546793513322539697      
   72.2400960162243403756836997293394593      
   71.5651208533413876875776280907720438      
   70.8679165979248962309233510054841576      
   70.1476966179476538086979462787741098      
   69.4036501443286647785730633024368455      
   68.6349433739064263769747663526261444      
   67.8407217643138784065848859181448609      
   67.0201134600702118310794109832336269      
   66.1722332401894391540514029465338010      
   65.2961889138844501947396000653224326      
   64.3910896493867545733130426123436107      
   63.4560554346211090746977005018810649      
   62.4902301183103748486030756020932798      
   61.4928009477873933381300594261218456      
   60.4630164791439831790190190290438295      
   59.4002149428735677896161830976271695      
   58.3038570463668276911268694418271994      
   57.1735639527491795942349002699774435      
   56.0091663272957161318911704245131954      
   54.8107559406806578550403168761432216      
   53.5787495360247725982800390644314170      
   52.3139562653155330825205626811318365      
   51.0176501228276568165794675035485593      
   49.6916422298005234682484240016151646      
   48.3383536927660746240489520180912169      
   46.9608746596132264015444469334743507      
   45.5630108136119947789469241754326785      
   44.1493013306397563692396116409346801      
   42.7250060904736735769848574164019774      
   41.2960486697498539876888332419664442      
   39.8689063630171330742509317133844625      
   38.4504512853470637642641589927402701      
   37.0477389707182950363842219914194289      
   35.6677629782800577494262936666472816      
   34.3171926450336795045817684174507855      
   33.0021225909451626724126456239357829      
   31.7278578075260913484182843195574479      
   30.4987570324572533558911199403007969      
   29.3181453870121330466436172492180125      
   28.1882994580546885395046594342674482      
   27.1104952515650835337189896698853945      
   26.0851041200440141784601450144413249      
   25.1117216618259270278387231663480129      
   24.1893081277319363290600285154403358      
   23.3163325798753605221848955615429848      
   22.4909051544422960919089996090537737      
   21.7108940758205380016606170381502983      
   20.9740242379432758154381500738659383      
   20.2779562057786893389666783000800343      
   19.6203474267180112503868569807474251      
   18.9988977978584255179695613013112587      
   18.4113815992822224799009872168587195      
   17.8556688957336433595719863967419508      
   17.3297387049782656284943058087801510      
   16.8316853651302590679134750561554144      
   16.3597208321219973852109428058788743      
   15.9121731654770698894251465213675211      
   15.4874829799116270189449507590907856      
   15.0841985550435181152206006849908490      
   14.7009699302832497979962621140258035      
   14.3365426652513143901945715069144024      
   13.9897514832733314279657515473580422      
   13.6595140598271343058504621828488885      
   13.3448248838624381761453340135108476      
   13.0447495609232725234679029543332570      
   12.7584194450623764656286443585502075      
   12.4850265683665586198936822445408766      
   12.2238189886958854576711902740668125      
   11.9740964804208272654216914949973683      
   11.7352065890346312479946773095908307      
   11.5065409581923023144185181052713969      
   11.2875319502211721984877840810771205      
   11.0776496583367712864974234719154986      
   10.8763989535663815974546001635048468      
   10.6833170408674392875316133823306538      
   10.4979709016041168820471300400874322      
   10.3199552615042109800379036140818197      
   10.1488904920356331975544971595996747      
   9.98442072621852200742496440811016989      
   9.82621224995118183647574404649947222      
   9.67395186114132623664512039798716727      
   9.52734544643663626652272503088656085      
   9.38611663192209645129314724208905111      
   9.25000555991095567127987289574760232      
   9.11876776453858576690325758301528865      
   8.99217305769968608274040606853491868      
   8.87000464778810769437501080173599627      
   8.75205821047625889560627530256082182      
   8.63814100834288802589738740849912649      
   8.52807119462153976801510261286596543      
   8.42167701643753536687272159321530185      
   8.31879625105163866088194843660919602      
   8.21927552286288362545375203216233989      
   8.12296975759779733580298192800573792      
   8.02974165391505060873596321971807874      
   7.93946119659729301586093116947653784      
   7.85200520881940273770470102061407254      
   7.76725689321525428105602303062595160      
   7.68510549608394539904975552691482878      
   7.60544588972985732752347926731802632      
   7.52817825439105335959744016829099993      
   7.45320776994844464700149264287745290      
   7.38044429320023225332429462224894370      
   7.30980210966919893884718605146624203      
   7.24119965535595865255792832360566213      
   7.17455928843930443170782553217883382      
   7.10980706441276799283039244255938345      
   7.04687251487750966560035778555377702      
   6.98568847147055836708698588859580253      
   6.92619086089175713498430885367936190      
   6.86831855472325427849637685232770447      
   6.81201317837743104303422206970559750      
   6.75721899861633595452473868757390122      
   6.70388275517532631408064613599350465      
   6.65195353741728300301765596748810872      
   6.60138266085107776833158687551962099      
   6.55212354570907177485143366874196761      
   6.50413161398100476071163954882929707      
   6.45736418016524299822983232094095082      
   6.41178035951090388115695671011947464      
   6.36734097444426277412010257176223249      
   6.32400846661630781394999290999617046      
   6.28174682329538358946817294119587167      
   6.24052149372448902563577277295378489      
   6.20029932074838592602163419096321795      
   6.16104847370456851444030630403688419      
   6.12273838336797852830266235103107403      
   6.08533968324322034806131733706110243      
   6.04882415044938079685333876637801836      
   6.01316465366134038479378027065523923      
   5.97833510272831984254019991195879043      
   5.94431039870961795433839919370348991      
   5.91106639050322285681176954212615079      
   5.87857982964383335486006832793472389      
   5.84682833259839161698146547817995213      
   5.81579033866772370760804036789520786      
   5.78544507677178436639278961364666514      
   5.75577252761163864408505626489240326      
   5.72675339297751505870887811701351386      
   5.69836906470563663624000926925584290      
   5.67060159249784562747792465161635644      
   5.64343365915216755340565135055869813      
   5.61684855096735734188386254591509536      
   5.59083013457646956732905350455210502      
   5.56536283067557617677183323706810368      
   5.54043159277330455195149880892054522      
   5.51602188450374363459323564506031267      
   5.49211965897306380350967061088345673      
   5.46871133905421799362513636044951086      
   5.44578379798541122333806313229542007      
   5.42332434198275068841634927391366324      
   5.40132069279683941660747448365801497      
   5.37976097145627412575749704373255715      
   5.35863368275073703852765097250722281      
   5.33792769987558079495822221486529608      
   5.31763225067407964081152878508131044      
   5.29773690413282630587016878105527902      
