   482.989325854482766625225197452827150      
   482.989325854498234655481154983509087      
   482.989325855059819086560773405629421      
   482.989325860516629894659871621240145      
   482.989325887322284515814506283929269      
   482.989325967435644092578971150326846      
   482.989325968950923145068735062439404      
   482.989323869000587490000910431983078      
   482.989307850192948660609586140968848      
   482.989234838319703562043867971451947      
   482.988991240619910900461385945899943      
   482.988340383513759719218991697175481      
   482.986868773418209437454407812970646      
   482.983944755005530746707809752793835      
   482.978698901874590389285405273017032      
   482.970029030597500655868512055116347      
   482.956627172603297908593155824674662      
   482.937022557306194625759445313590422      
   482.909633640863484412196498322068013      
   482.872822787329887350923399865478749      
   482.824948607785753478180926937219736      
   482.764412593971572527720109378735884      
   482.689698181522450242077621565816515      
   482.599401572246343186236727717922302      
   482.492254491677182860386574590447401      
   482.367139587196079193028268743977988      
   482.223099446410859237438541256232307      
   482.059340303125750616403591207419336      
   481.875231465372886264675368976119577      
   481.670301397992917770867750600130619      
   481.444231257950538994448738866047860      
   481.196846542670229642922836720043641      
   480.928107384340254745504060096534200      
   480.638097913882859651032481042480126      
   480.327015030214325476415133133024411      
   479.995156841788832326137836077177343      
   479.642910995517757601823418032012478      
   479.270743069503502441345369331967081      
   478.879185176376230474695124420443564      
   478.468824901625257410077408362501509      
   478.040294682016193479705735210230774      
   477.594261713220843165612285361840460      
   477.131418460313893699033749558156138      
   476.652473830319566423805710219691639      
   476.158145046422049287835748647610619      
   475.649150287851976507304899913259636      
   475.126202034733799961954871794017238      
   474.590001224595980648304522434772270      
   474.041232142324021399158763178061459      
   473.480558054822259657703827941716407      
   472.908617560898835510462944864006751      
   472.326021623859412512525619394345050      
   471.733351246839298930611316752754424      
   471.131155746958535831221171728241750      
   470.519951580790398611808593498512206      
   469.900221670664802837183014331132658      
   469.272415180164631790787556380858137      
   468.636947688054044809746923973379494      
   467.994201708726113227225977860346322      
   467.344527510113309075634102998987840      
   466.688244181554567573352004061487152      
   466.025640906363494493632665961012926      
   465.356978396748542715170344484790621      
   464.682490452888528705967975692093457      
   464.002385609636672294329125827060632      
   463.316848838241072770659890126892225      
   462.626043276149330877994493458363831      
   461.930111956579282802917703688054761      
   461.229179518345852788917880419311613      
   460.523353875931081058851563795614750      
   459.812727832366762873016290604713628      
   459.097380625163081824249572103094949      
   458.377379391335137351150682484629851      
   457.652780545447548316192507872874333      
   456.923631063564748165774362146756972      
   456.189969670566195069157054251641525      
   455.451827925340108337130366913636039      
   454.709231207941328364063274980858392      
   453.962199604709211190594847948698427      
   453.210748695474943209447974176827900      
   452.454890249785893364442232170372228      
   451.694632818922559071920623961917760      
   450.929982248017392967679762441100543      
   450.160942100898474481575890238559371      
   449.387514008876298704103109158915377      
   448.609697941274551920192498800040236      
   447.827492408366797637808574563957541      
   447.040894598710335097859622823421766      
   446.249900465324424156608128802126638      
   445.454504740523342422589036561929177      
   444.654700910098676626200079662602609      
   443.850481152265178204647035041525521      
   443.041836227434883762021782256856470      
   442.228755336758277548742772975357019      
   441.411225956929431088341183517055155      
   440.589233618062940840289331849683614      
   439.762761666996569750540904081158142      
   438.931791038589215582302880138251918      
   438.096299988250320778471060697887467      
   437.256263801943052027521785379116720      
   436.411654494124653228190376810659119      
   435.562440525263197220259820470524435      
   434.708586430707044871685213962519154      
   433.850052573899566386848061116887433      
   432.986794698929566624672639572019548      
   432.118763717504423276524720154945339      
   431.245905309880950934003087539816216      
   430.368159506164773657737451603484875      
   429.485460387011357399145254591559611      
   428.597735878358449119446898204608905      
   427.704907143981643810954997856306144      
   426.806888246302967707600946605050360      
   425.903586030990644692829622869231976      
   424.994899551490336578474818190821002      
   424.080719562165490183727134269636034      
   423.160928466869379469055394380525693      
   422.235399844659023545486370007711046      
   421.303997650801096437068769499823537      
   420.366576522878673122244727276348554      
   419.422980744614621785595795743242173      
   418.473044216636917976632570973923635      
   417.516589794949320682534650352491331      
   416.553428981420877121437226765535435      
   415.583361558059064674519051627424481      
   414.606174863736543355978070181707834      
   413.621643506215844839465111841674897      
   412.629529013094531266509012904574175      
   411.629578807166161925158029189462781      
   410.621526448205826715137561525836851      
   409.605090368106668258817549115902733      
   408.579973810836409208550492281396730      
   407.545863885462245823596778830568266      
   406.502431267816142054724284173328173      
   405.449329605369412471028492442581313      
   404.386194602753662757664390656988827      
   403.312643631420552022746702580684112      
   402.228274951695443341055570648733340      
   401.132667110185431723052389405178490      
   400.025378025877659648751238782774576      
   398.905944422556962476661360130439422      
   397.773881446198554754312988101135317      
   396.628681656800110308451681078174756      
   395.469814035384701765525807837445113      
   394.296723716556042251628655312715416      
   393.108831515537795792281433305263631      
   391.905532783571317976709711569045936      
   390.686197154162903920272429279284207      
   389.450168103933157615235614159455779      
   388.196762741109542113545510239783142      
   386.925271220322236582148995232257516      
   385.634957163257383660402885867665777      
   384.325057846833411377857082314022791      
   382.994784468443982954866428068488559      
   381.643323447635417544165593371442923      
   380.269837909130515354291263234983258      
   378.873469789109857448045529771173364      
   377.453342189845799364100571254303581      
   376.008564397906821203097413649531203      
   374.538235620758745764688200832185848      
   373.041452181553789490627598614443866      
   371.517316030108078958598053200892081      
   369.964944503718363793609298802808940      
   368.383484655957043880456876175745350      
   366.772128971546598435293193452320529      
   365.130136779859124960000389949744136      
   363.456859880038465557683502069744485      
   361.751773917059256977201566855225524      
   360.014518426805996490282064967640495      
   358.244944665277265887875505739777907      
   356.443174560231186590178425175463948      
   354.609672492497000887484065122215919      
   352.745332105402902895055590482981544      
   350.851580680143923824436275136628456      
   348.930504491497802228310203288582693      
   346.984996103341341915040256233565635      
   345.018921371451478284323661956454025      
   343.037343691474816890695364330884719      
   341.046713406885310312484331463983144      
   339.055144002146986987197454708874550      
   337.072675112902209694924591749189852      
   335.111550133758567279785305774187174      
   333.186484397217925658262348564170895      
   331.314900888385050636748511413711555      
   329.517097607789890269792280942772365      
   327.816306993539527909241624520685657      
   326.238599179338918328758082209055001      
   324.812581405996834453054814942107084      
   323.568852269970030483446643138261899      
   322.539188597682048769675601148557348      
   321.755477965408320690320440459866224      
   321.248444000084182305431686262206215      
   321.046268722227711538016591389285791      
   321.173246407436552652259049404436369      
   321.648623199690232472435611196022800      
   322.485764622741256120744070074512075      
   323.691743846245639289206407168423242      
   325.267378690454349450691164422444393      
   327.207674965099264304953605591861613      
   329.502580222870629592377345709433740      
   332.137924891549808128415456899249146      
   335.096428978460670458076470539719956      
   338.358673027540028271940413508184839      
   341.903966620032417667141547345816067      
   345.711071469628334965875569884213547      
   349.758776616660776201501861232385701      
   354.026326188883199722992564819363265      
   358.493720736680959874625427533067014      
   363.141915306616091433941618803671201      
   367.952933737429640594592956814303341      
   372.909922600482254188105321404397734      
   377.997160688934742134673889279166586      
   383.200036846229893088125090966715544      
   388.505010245870874432109882412876031      
   393.899553521206084755615482463333453      
   399.372093460286304413605405073103614      
   404.911947126214223233527742517243380      
   410.509258233666992575356177169652907      
   416.154934626619027984109625726878787      
   421.840588512860378213015303604887368      
   427.558481046548563748413704487146191      
   433.301470218682642824150257313640666      
   439.062961763370849111793693380803151      
   444.836864508421071151838119985181799      
   450.617550087313541054690249573615028      
   456.399814383894686393096729366613185      
   462.178844433749174838571738167775789      
   467.950185866205465464973799058967623      
   473.709715895799522634519143319903534      
   479.453615484513876839772830070967224      
   485.178347158785974320182553935762964      
   490.880633397820351258750946525007136      
   496.557436121589446916637084383644951      
   502.205939790533592072963176872939806      
   507.823534829123146086900345461155560      
   513.407803193379536752093854331062183      
   518.956504262979617481675113036735439      
   524.467562833962858235523192387171857      
   529.939058221620153313538878310747410      
   535.369213423106438072314046548091097      
   540.756386315193758934128180006144237      
   546.099060317056994822117620597640605      
   551.395837321807344635091020494562700      
   556.645429806670881343592720192666354      
   561.846654647897678328122648500577956      
   566.998426341460391442735125365004424      
   572.099751734491090336523415285980090      
   577.149725529429301004501985343072678      
   582.147524437175607706936819661023737      
   587.092402106208001055417433282133364      
   591.983686474424695124073490159192879      
   596.820775172616251248014816999847232      
   601.603132678108455956126286100907110      
   606.330284280018824883772098589333997      
   611.001816953160972228657206589754391      
   615.617372400808270883378469119713682      
   620.176647983889512616223742859057483      
   624.679390239494714963895591455292120      
   629.125396112385733307129063247221081      
   633.514507508821367196898912464446034      
   637.846611333160856079494713672405525      
   642.121636171968354619442233726179472      
   646.339550298447740192560284804111024      
   650.500360395563029691962658912270690      
   654.604109033532208377130608320867658      
   658.650873868132770761681248270125480      
   662.640764740625583638415567129052549      
   666.573922762667214581888343673387587      
   670.450518711443893778152911274205200      
   674.270751894132068573000331462491764      
   678.034847876753012286485566592935380      
   681.743057803518105464308083640386630      
   685.395656890452779840392480625185167      
   688.992943413929035946438073790457366      
   692.535236589435798030006219047297849      
   696.022876733692900167452447740711917      
   699.456222920061731988232532256743983      
   702.835652518594919694290270485127786      
   706.161560055577223664226116166341768      
   709.434356018316826873360876649692309      
   712.654465991351545025295455809973797      
   715.822329641080114487796214224419004      
   718.938399813352302789116777584352932      
   722.003141656275704132854870391365414      
   725.017031634590120912038943187284669      
   727.980556944488276857897328320831491      
   730.894214383963009832807473682970085      
   733.758509810125866607150731612502532      
   736.573957377663663531650350427905095      
   739.341078694949426540749802518196617      
   742.060402075297834342672298530011445      
   744.732462139794400569175603329823830      
   747.357798946834426997390122645735628      
   749.936957372436207578417331790674448      
   752.470486644912043058195423859567111      
   754.958939576994461513713956478321555      
   757.402872213862843467331408501231798      
   759.802843167904029375999224590515628      
   762.159413137087808711496254342718190      
   764.473144418795651755895684892601234      
   766.744600515851259221468824850570615      
