   6.9605646042765610     
   6.9605646042765876     
   6.9605646042782423     
   6.9605646042979643     
   6.9605646044086908     
   6.9605646048102674     
   6.9605646059143451     
   6.9605646084269432     
   6.9605646134179144     
   6.9605646223456548     
   6.9605646370099601     
   6.9605646593575008     
   6.9605646911222880     
   6.9605647332525145     
   6.9605647851463184     
   6.9605648437114640     
   6.9605649023039877     
   6.9605649496117827     
   6.9605649685389128     
   6.9605649351515515     
   6.9605648177768886     
   6.9605645762625992     
   6.9605641614979277     
   6.9605635151992722     
   6.9605625700288734     
   6.9605612499516933     
   6.9605594709718721     
   6.9605571420605399     
   6.9605541663632620     
   6.9605504425025115     
   6.9605458660269797     
   6.9605403308427531     
   6.9605337306438049     
   6.9605259602119860     
   6.9605169165684329     
   6.9605064999848718     
   6.9604946147395159     
   6.9604811696698503     
   6.9604660785435062     
   6.9604492601688897     
   6.9604306383454873     
   6.9604101416398532     
   6.9603877030082266     
   6.9603632593105322     
   6.9603367507325062     
   6.9603081201297501     
   6.9602773123713693     
   6.9602442736064329     
   6.9602089505944367     
   6.9601712900093480     
   6.9601312378013640     
   6.9600887385959505     
   6.9600437351357405     
   6.9599961677728048     
   6.9599459740517684     
   6.9598930883040513     
   6.9598374413427804     
   6.9597789601694089     
   6.9597175677964644     
   6.9596531830331632     
   6.9595857204051024     
   6.9595150900384244     
   6.9594411976154227     
   6.9593639443521864     
   6.9592832269928637     
   6.9591989378157626     
   6.9591109646774907     
   6.9590191910189469     
   6.9589234959089357     
   6.9588237540848850     
   6.9587198359586804     
   6.9586116076490718     
   6.9584989309712943     
   6.9583816634201066     
   6.9582596581701992     
   6.9581327639741684     
   6.9580008251230083     
   6.9578636813462422     
   6.9577211676623980     
   6.9575731142651183     
   6.9574193463132525     
   6.9572596837332883     
   6.9570939410073276     
   6.9569219268706108     
   6.9567434440340978     
   6.9565582888734969     
   6.9563662510702367     
   6.9561671132180862     
   6.9559606503983851     
   6.9557466195632376     
   6.9555247983910737     
   6.9552949277338856     
   6.9550567478747620     
   6.9548099890710695     
   6.9545543709258046     
   6.9542896017495650     
   6.9540153779113725     
   6.9537313830671543     
   6.9534372875138173     
   6.9531327474366886     
   6.9528174040634045     
   6.9524908827426222     
   6.9521527918892954     
   6.9518027225597683     
   6.9514402472467651     
   6.9510649189394140     
   6.9506762697227344     
   6.9502738101222281     
   6.9498570277296210     
   6.9494253860830515     
   6.9489783236079443     
   6.9485152519074864     
   6.9480355547911161     
   6.9475385867936943     
   6.9470236714060114     
   6.9464900997681935     
   6.9459371298462074     
   6.9453639829816414     
   6.9447698436764984     
   6.9441538565052090     
   6.9435151256456438     
   6.9428527117897323     
   6.9421656300620063     
   6.9414528490396492     
   6.9407132865354093     
   6.9399458083976731     
   6.9391492257070793     
   6.9383222915886718     
   6.9374637000462256     
   6.9365720796333576     
   6.9356459933705699     
   6.9346839366104200     
   6.9336843288222640     
   6.9326455142634629     
   6.9315657528796848     
   6.9304432246091450     
   6.9292760188342148     
   6.9280621289090503     
   6.9267994502460235     
   6.9254857782489978     
   6.9241187660701362     
   6.9226960725054560     
   6.9212150590890742     
   6.9196730743738009     
   6.9180672773594258     
   6.9163947699791049     
   6.9146524248350065     
   6.9128369835420207     
   6.9109450232155041     
   6.9089729437501735     
   6.9069169650406899     
   6.9047731092197600     
   6.9025371948158742     
   6.9002048245951233     
   6.8977713698498428     
   6.8952319575948859     
   6.8925814633825109     
   6.8898144877418659     
   6.8869253419393210     
   6.8839080350275097     
   6.8807562568511047     
   6.8774633500519089     
   6.8740222995917595     
   6.8704257071036734     
   6.8666657643486912     
   6.8627342378535374     
   6.8586224382252432     
   6.8543211917648650     
   6.8498208187887517     
   6.8451110977593865     
   6.8401812414483150     
   6.8350198609237482     
   6.8296149359007909     
   6.8239537818405660     
   6.8180230255401426     
   6.8118085120761025     
   6.8052954584727674     
   6.7984681796017528     
   6.7913102098981941     
   6.7838042586454135     
   6.7759321790691152     
   6.7676749710646078     
   6.7590127747768323     
   6.7499248813346595     
   6.7403897625676068     
   6.7303850988419383     
   6.7198878313225086     
   6.7088742416714613     
   6.6973200279027054     
   6.6852004032139964     
   6.6724902216231872     
   6.6591640968568138     
   6.6451965413957286     
   6.6305620943859562     
   6.6152354554437656     
   6.5991915946231083     
   6.5824058650538300     
   6.5648540694894351     
   6.5465125299807836     
   6.5273580981345107     
   6.5073681987143113     
   6.4865207943979337     
   6.4647943872586797     
   6.4421679849406113     
   6.4186210866397504     
   6.3941336593679372     
   6.3686861089735789     
   6.3422592795898085     
   6.3148344413633213     
   6.2863932681993893     
   6.2569178545217925     
   6.2263906850955006     
   6.1947946308775981     
   6.1621129391277316     
   6.1283292113221348     
   6.0934273862434685     
   6.0573917170274960     
   6.0202067433990694     
   5.9818572828724434     
   5.9423283623547993     
   5.9016052561421057     
   5.8596734168355544     
   5.8165184632592508     
   5.7721261597002229     
   5.7264823934898734     
   5.6795731554012399     
   5.6313845228518433     
   5.5819026417652990     
   5.5311137124860181     
   5.4790039762086984     
   5.4255597023157716     
   5.3707671766895926     
   5.3146126930676649     
   5.2570825434206840     
   5.1981630080909040     
   5.1378403519405662     
   5.0761008165552930     
   5.0129306137615837     
   4.9483159193747994     
   4.8822428772472293     
   4.8146975747108751     
   4.7456660650679856     
   4.6751343477310465     
   4.6030883689177111     
   4.5295140202681035     
   4.4543971352884695     
   4.3777234881170362     
   4.2994787911632457     
   4.2196486938696660     
   4.1382187811365094     
   4.0551745715618583     
   3.9705015167719466     
   3.8841850001320584     
   3.7962103356626073     
   3.7065627674886992     
   3.6152274685799983     
   3.5221895406982897     
   3.4274340131875349     
   3.3309458426559369     
   3.2327099124786178     
   3.1327110322687330     
   3.0309339374742321     
   2.9273632890656094     
   2.8219836732145813     
   2.7147796009059064     
   2.6057355076591793     
   2.4948357534349102     
   2.3820646224135404     
   2.2674063226172403     
   2.1508449858846301     
   2.0323646678221694     
   1.9119493473698874     
   1.7895829271100925     
   1.6652492329696793     
   1.5389320140961398     
   1.4106149428263561     
   1.2802816140751418     
   1.1479155464425812     
   1.0135001812230344     
  0.87701888297599040     
  0.73845493908365434     
  0.59779156004872813     
  0.45501187905205054     
  0.31009895263024190     
  0.16303576008438603     
   1.3805203578799996E-002
 -0.13760989146817604     
 -0.29122677682364967     
 -0.44706278085816664     
 -0.60513530935212845     
 -0.76546184454052657     
 -0.92805994569211525     
  -1.0929472486472469     
  -1.2601414664864363     
  -1.4296603885307948     
  -1.6015218807920133     
  -1.7757438861113894     
  -1.9523444235486409     
  -2.1313415887504243     
  -2.3127535541987876     
