 0.13628526479685E+03
 0.13628526479685E+03
 0.13628526479700E+03
 0.13628526479836E+03
 0.13628526480478E+03
 0.13628526482493E+03
 0.13628526487383E+03
 0.13628526497463E+03
 0.13628526516627E+03
 0.13628526552868E+03
 0.13628526623801E+03
 0.13628526765602E+03
 0.13628527044388E+03
 0.13628527568056E+03
 0.13628528496426E+03
 0.13628530048070E+03
 0.13628532503080E+03
 0.13628536201827E+03
 0.13628541540366E+03
 0.13628548963468E+03
 0.13628558956370E+03
 0.13628572036367E+03
 0.13628588745237E+03
 0.13628609643422E+03
 0.13628635306640E+03
 0.13628666325410E+03
 0.13628703307689E+03
 0.13628746884536E+03
 0.13628797718439E+03
 0.13628856513725E+03
 0.13628924028296E+03
 0.13629001085835E+03
 0.13629088587638E+03
 0.13629187523281E+03
 0.13629298979451E+03
 0.13629424146439E+03
 0.13629564321960E+03
 0.13629720912178E+03
 0.13629895429940E+03
 0.13630089490420E+03
 0.13630304804456E+03
 0.13630543169983E+03
 0.13630806461987E+03
 0.13631096621473E+03
 0.13631415645068E+03
 0.13631765569093E+03
 0.13632148464327E+03
 0.13632566421681E+03
 0.13633021543604E+03
 0.13633515935887E+03
 0.13634051700970E+03
 0.13634630932912E+03
 0.13635255714080E+03
 0.13635928113609E+03
 0.13636650187634E+03
 0.13637423981232E+03
 0.13638251531989E+03
 0.13639134875121E+03
 0.13640076049982E+03
 0.13641077107816E+03
 0.13642140120673E+03
 0.13643267191223E+03
 0.13644460463388E+03
 0.13645722133621E+03
 0.13647054462607E+03
 0.13648459787421E+03
 0.13649940533748E+03
 0.13651499228323E+03
 0.13653138511234E+03
 0.13654861148085E+03
 0.13656670042079E+03
 0.13658568245613E+03
 0.13660558971652E+03
 0.13662645604607E+03
 0.13664831710930E+03
 0.13667121048973E+03
 0.13669517578830E+03
 0.13672025471228E+03
 0.13674649116228E+03
 0.13677393131440E+03
 0.13680262369084E+03
 0.13683261924244E+03
 0.13686397141608E+03
 0.13689673622279E+03
 0.13693097229801E+03
 0.13696674096581E+03
 0.13700410629829E+03
 0.13704313517632E+03
 0.13708389733896E+03
 0.13712646545639E+03
 0.13717091519226E+03
 0.13721732525483E+03
 0.13726577746369E+03
 0.13731635681300E+03
 0.13736915152887E+03
 0.13742425316552E+03
 0.13748175669652E+03
 0.13754176057250E+03
 0.13760436681223E+03
 0.13766968110784E+03
 0.13773781293566E+03
 0.13780887564037E+03
 0.13788298661461E+03
 0.13796026735032E+03
 0.13804084369898E+03
 0.13812484589134E+03
 0.13821240876305E+03
 0.13830367201397E+03
 0.13839878034246E+03
 0.13849788349581E+03
 0.13860113674865E+03
 0.13870870114184E+03
 0.13882074346555E+03
 0.13893743674747E+03
 0.13905896071113E+03
 0.13918550175248E+03
 0.13931725337511E+03
 0.13945441699995E+03
 0.13959720159796E+03
 0.13974582486002E+03
 0.13990051320009E+03
 0.14006150247004E+03
 0.14022903845482E+03
 0.14040337728467E+03
 0.14058478640416E+03
 0.14077354493661E+03
 0.14096994438439E+03
 0.14117428984480E+03
 0.14138690010482E+03
 0.14160810925723E+03
 0.14183826713871E+03
 0.14207774080376E+03
 0.14232691531536E+03
 0.14258619497015E+03
 0.14285600467470E+03
 0.14313679129798E+03
 0.14342902569685E+03
 0.14373320352606E+03
 0.14404984750518E+03
 0.14437950929487E+03
 0.14472277182168E+03
 0.14508025077753E+03
 0.14545259824773E+03
 0.14584050464001E+03
 0.14624470171775E+03
 0.14666596585849E+03
 0.14710512185602E+03
 0.14756304652205E+03
 0.14804067260783E+03
 0.14853899383346E+03
 0.14905906995699E+03
 0.14960203168675E+03
 0.15016908729760E+03
 0.15076152929384E+03
 0.15138074117396E+03
 0.15202820615044E+03
 0.15270551549955E+03
 0.15341437802544E+03
 0.15415663182403E+03
 0.15493425501974E+03
 0.15574937889377E+03
 0.15660430272590E+03
 0.15750150851804E+03
 0.15844367883234E+03
 0.15943371517942E+03
 0.16047475849094E+03
 0.16157021142407E+03
 0.16272376275329E+03
 0.16393941242120E+03
 0.16522149978734E+03
 0.16657473291354E+03
 0.16800421829322E+03
 0.16951549258813E+03
 0.17111455328836E+03
 0.17280788769324E+03
 0.17460249864473E+03
 0.17650593390524E+03
 0.17852628781703E+03
 0.18067221179931E+03
 0.18295289681929E+03
 0.18537803827622E+03
 0.18795777264920E+03
 0.19070257281188E+03
 0.19362310669409E+03
 0.19673003675534E+03
 0.20003376805772E+03
 0.20354413141576E+03
 0.20727001113616E+03
 0.21121893120755E+03
 0.21539660616051E+03
 0.21980652014863E+03
 0.22444954398350E+03
 0.22932366038417E+03
 0.23442383369725E+03
 0.23974205772489E+03
 0.24526758754092E+03
 0.25098733419679E+03
 0.25688638885369E+03
 0.26294860806891E+03
 0.26915720606456E+03
 0.27549529909164E+03
 0.28194636349370E+03
 0.28849458775050E+03
 0.29512512082615E+03
 0.30182421309954E+03
 0.30857928352815E+03
 0.31537891911441E+03
 0.32221283021234E+03
 0.32907177894186E+03
 0.33594748989020E+03
 0.34283255695899E+03
 0.34972034907473E+03
 0.35660492496465E+03
 0.36348094655984E+03
 0.37034360936609E+03
 0.37718857692543E+03
 0.38401192409962E+03
 0.39081008780905E+03
 0.39757982357273E+03
 0.40431816986214E+03
 0.41102241583409E+03
 0.41769007454241E+03
 0.42431885899156E+03
 0.43090666149411E+03
 0.43745153723212E+03
 0.44395168874653E+03
 0.45040545180181E+03
 0.45681128606940E+03
 0.46316776209729E+03
 0.46947355482140E+03
 0.47572743549881E+03
 0.48192826381626E+03
 0.48807498275732E+03
 0.49416661331056E+03
 0.50020224948428E+03
 0.50618105379550E+03
 0.51210225369901E+03
 0.51796513836090E+03
 0.52376905537038E+03
 0.52951340775756E+03
 0.53519765187515E+03
 0.54082129449972E+03
 0.54638389169136E+03
 0.55188504558476E+03
 0.55732440337058E+03
 0.56270165548579E+03
 0.56801653378711E+03
 0.57326881096858E+03
 0.57845829721092E+03
 0.58358484155741E+03
 0.58864832808968E+03
 0.59364867677286E+03
 0.59858584016458E+03
 0.60345980514748E+03
 0.60827058865980E+03
 0.61301823961662E+03
 0.61770283554847E+03
 0.62232448285569E+03
 0.62688331614711E+03
 0.63137949587150E+03
 0.63581320907396E+03
 0.64018466681081E+03
 0.64449410455662E+03
 0.64874178081355E+03
 0.65292797662345E+03
 0.65705299383500E+03
 0.66111715492586E+03
 0.66512080216019E+03
 0.66906429638955E+03
 0.67294801661220E+03
 0.67677235895917E+03
 0.68053773602861E+03
 0.68424457614336E+03
 0.68789332197071E+03
 0.69148443085814E+03
 0.69501837303579E+03
 0.69849563154655E+03
 0.70191670118347E+03
 0.70528208795917E+03
 0.70859230824959E+03
 0.71184788819069E+03
 0.71504936317616E+03
 0.71819727684542E+03
 0.72129218064002E+03
 0.72433463333365E+03
 0.72732520004658E+03
 0.73026445198641E+03
 0.73315296574427E+03
 0.73599132269521E+03
 0.73878010839063E+03
 0.74151991225362E+03
 0.74421132688631E+03
 0.74685494751763E+03
 0.74945137174434E+03
 0.75200119878964E+03
 0.75450502929754E+03
 0.75696346471920E+03
 0.75937710696536E+03
 0.76174655801822E+03
 0.76407241950065E+03
