 0.13628526479685E+03
 0.13628526479685E+03
 0.13628526479700E+03
 0.13628526479836E+03
 0.13628526480478E+03
 0.13628526482493E+03
 0.13628526487383E+03
 0.13628526497463E+03
 0.13628526516627E+03
 0.13628526552868E+03
 0.13628526623801E+03
 0.13628526765602E+03
 0.13628527044388E+03
 0.13628527568056E+03
 0.13628528496426E+03
 0.13628530048070E+03
 0.13628532503080E+03
 0.13628536201827E+03
 0.13628541540365E+03
 0.13628548963464E+03
 0.13628558956359E+03
 0.13628572036328E+03
 0.13628588745120E+03
 0.13628609643098E+03
 0.13628635305815E+03
 0.13628666323447E+03
 0.13628703303307E+03
 0.13628746875292E+03
 0.13628797699901E+03
 0.13628856478209E+03
 0.13628923962999E+03
 0.13629000970187E+03
 0.13629088389649E+03
 0.13629187194663E+03
 0.13629298449243E+03
 0.13629423312889E+03
 0.13629563042399E+03
 0.13629718990609E+03
 0.13629892602117E+03
 0.13630085406162E+03
 0.13630299007004E+03
 0.13630535072201E+03
 0.13630795319265E+03
 0.13631081501197E+03
 0.13631395391421E+03
 0.13631738768590E+03
 0.13632113401723E+03
 0.13632521036081E+03
 0.13632963380143E+03
 0.13633442093949E+03
 0.13633958779883E+03
 0.13634514971309E+03
 0.13635112130545E+03
 0.13635751641689E+03
 0.13636434808793E+03
 0.13637162855315E+03
 0.13637936925426E+03
 0.13638758087113E+03
 0.13639627336908E+03
 0.13640545606142E+03
 0.13641513768593E+03
 0.13642532649317E+03
 0.13643603034548E+03
 0.13644725682499E+03
 0.13645901334865E+03
 0.13647130728959E+03
 0.13648414610219E+03
 0.13649753745071E+03
 0.13651148933909E+03
 0.13652601024121E+03
 0.13654110923116E+03
 0.13655679611119E+03
 0.13657308153760E+03
 0.13658997714380E+03
 0.13660749565908E+03
 0.13662565102358E+03
 0.13664445849962E+03
 0.13666393477651E+03
 0.13668409807147E+03
 0.13670496822499E+03
 0.13672656678953E+03
 0.13674891711683E+03
 0.13677204443823E+03
 0.13679597594196E+03
 0.13682074084100E+03
 0.13684637044235E+03
 0.13687289820891E+03
 0.13690035981922E+03
 0.13692879322144E+03
 0.13695823869068E+03
 0.13698873888514E+03
 0.13702033888908E+03
 0.13705308626306E+03
 0.13708703109065E+03
 0.13712222601946E+03
 0.13715872631197E+03
 0.13719658991405E+03
 0.13723587747985E+03
 0.13727665242936E+03
 0.13731898099646E+03
 0.13736293229979E+03
 0.13740857838031E+03
 0.13745599426723E+03
 0.13750525807432E+03
 0.13755645106055E+03
 0.13760965767730E+03
 0.13766496564790E+03
 0.13772246611829E+03
 0.13778225374039E+03
 0.13784442675456E+03
 0.13790908695116E+03
 0.13797634014535E+03
 0.13804629606621E+03
 0.13811906842826E+03
 0.13819477531590E+03
 0.13827353926835E+03
 0.13835548725817E+03
 0.13844075118675E+03
 0.13852946800029E+03
 0.13862177976118E+03
 0.13871783402024E+03
 0.13881778419482E+03
 0.13892178951555E+03
 0.13903001577623E+03
 0.13914263517064E+03
 0.13925982714007E+03
 0.13938177825340E+03
 0.13950868312233E+03
 0.13964074431969E+03
 0.13977817337857E+03
 0.13992119081706E+03
 0.14007002702378E+03
 0.14022492280632E+03
 0.14038612971699E+03
 0.14055391121996E+03
 0.14072854303863E+03
 0.14091031417442E+03
 0.14109952773473E+03
 0.14129650176194E+03
 0.14150157041059E+03
 0.14171508490047E+03
 0.14193741485930E+03
 0.14216894942847E+03
 0.14241009884163E+03
 0.14266129585491E+03
 0.14292299732794E+03
 0.14319568631651E+03
 0.14347987372339E+03
 0.14377610060098E+03
 0.14408494040999E+03
 0.14440700179470E+03
 0.14474293113667E+03
 0.14509341570013E+03
 0.14545918709818E+03
 0.14584102488380E+03
 0.14623976065121E+03
 0.14665628253566E+03
 0.14709154007414E+03
 0.14754654956233E+03
 0.14802240032523E+03
 0.14852026068622E+03
 0.14904138583163E+03
 0.14958712578969E+03
 0.15015893379236E+03
 0.15075837642081E+03
 0.15138714451926E+03
 0.15204706457322E+03
 0.15274011265432E+03
 0.15346842824428E+03
 0.15423433063799E+03
 0.15504033603951E+03
 0.15588917699793E+03
 0.15678382361339E+03
 0.15772750563163E+03
 0.15872373752003E+03
 0.15977634425186E+03
 0.16088949005953E+03
 0.16206770653867E+03
 0.16331592332684E+03
 0.16463949800846E+03
 0.16604424547255E+03
 0.16753646465096E+03
 0.16912296110641E+03
 0.17081106362726E+03
 0.17260862779711E+03
 0.17452403912942E+03
 0.17656617312508E+03
 0.17874435546974E+03
 0.18106828288021E+03
 0.18354791058603E+03
 0.18619329869145E+03
 0.18901441557679E+03
 0.19202089305687E+03
 0.19522173764024E+03
 0.19862500653453E+03
 0.20223745664129E+03
 0.20606419667120E+03
 0.21010836093671E+03
 0.21437083400041E+03
 0.21885008223136E+03
 0.22354208106582E+03
 0.22844039094919E+03
 0.23353634932090E+03
 0.23881938887759E+03
 0.24427742949566E+03
 0.24989731776587E+03
 0.25566526600925E+03
 0.26156726119290E+03
 0.26758941409408E+03
 0.27371824200273E+03
 0.27994087112548E+03
 0.28624517721259E+03
 0.29261986155095E+03
 0.29905448118034E+03
 0.30553944301628E+03
 0.31206597197997E+03
 0.31862606476731E+03
 0.32521243182661E+03
 0.33181843690352E+03
 0.33843803863676E+03
 0.34506572975458E+03
 0.35169648258155E+03
 0.35832569929128E+03
 0.36494916644165E+03
 0.37156301360513E+03
 0.37816367726107E+03
 0.38474786782525E+03
 0.39131254216669E+03
 0.39785487846930E+03
 0.40437225380660E+03
 0.41086222531189E+03
 0.41732251289924E+03
 0.42375098470121E+03
 0.43014564609671E+03
 0.43650462386621E+03
 0.44282616003797E+03
 0.44910860172053E+03
 0.45535039387514E+03
 0.46155007163778E+03
 0.46770625500651E+03
 0.47381764349563E+03
 0.47988301158701E+03
 0.48590120372550E+03
 0.49187113103844E+03
 0.49779176887914E+03
 0.50366215241652E+03
 0.50948137499897E+03
 0.51524858507748E+03
 0.52096298474890E+03
 0.52662382754825E+03
 0.53223041583558E+03
 0.53778210043234E+03
 0.54327827866562E+03
 0.54871839227436E+03
 0.55410192682851E+03
 0.55942841084405E+03
 0.56469741396251E+03
 0.56990854556380E+03
 0.57506145441033E+03
 0.58015582773353E+03
 0.58519138990789E+03
 0.59016790148821E+03
 0.59508515841906E+03
 0.59994299105559E+03
 0.60474126381671E+03
 0.60947987322984E+03
 0.61415874825205E+03
 0.61877784886623E+03
 0.62333716528853E+03
 0.62783671637747E+03
 0.63227655130829E+03
 0.63665674583781E+03
 0.64097740247673E+03
 0.64523865044311E+03
 0.64944064411961E+03
 0.65358356233035E+03
 0.65766760763330E+03
 0.66169300535199E+03
 0.66566000334028E+03
 0.66956887020747E+03
 0.67341989519419E+03
 0.67721338736345E+03
 0.68094967447660E+03
 0.68462910250181E+03
 0.68825203471080E+03
 0.69181885085253E+03
 0.69532994653908E+03
 0.69878573233141E+03
 0.70218663313843E+03
 0.70553308746853E+03
 0.70882554645283E+03
 0.71206447339075E+03
 0.71525034299506E+03
 0.71838364066225E+03
 0.72146486182927E+03
 0.72449451116624E+03
 0.72747310215091E+03
 0.73040115630192E+03
 0.73327920244613E+03
 0.73610777626107E+03
