   305.833180578303937092587233033696728      
   305.833180575022340737581358857491305      
   305.833180532493682552876769675744081      
   305.833180317415642248021071425271435      
   305.833179632392474606900637713402173      
   305.833177969232262644846303331007009      
   305.833174579617336740321073249293316      
   305.833168435966822020983390981493656      
   305.833158097792574077757840315899326      
   305.833141311978921597649184622471902      
   305.833114152912262155124671544196096      
   305.833069624130483279807647919622278      
   305.832995839476813136034097980873782      
   305.832874054572463235057285676365114      
   305.832676856786172458534049287751074      
   305.832366754670400471710385494392414      
   305.831895289979133999842638782135509      
   305.831202679250376718701569652315464      
   305.830217907938194170098028571452133      
   305.828859156530343493349735815310217      
   305.827034429363937238435508761739298      
   305.824642271754224203183080874717531      
   305.821572488334488905605663444218036      
   305.817706806470083557148620386398317      
   305.812919457566820808381815321524005      
   305.807077673118000345546397259741250      
   305.800042110087540486225782138586033      
   305.791667231757208536611862403851345      
   305.781801675957592616230054432295472      
   305.770288643562925778450031921908591      
   305.756966337279849500360282058616392      
   305.741668475169092158670932034861069      
   305.724224896043030363119953211825253      
   305.704462265824991201636837718558058      
   305.682204885942704708210741294390404      
   305.657275597491668911198288419447790      
   305.629496768692446106000236643065259      
   305.598691348346236447570217895332447      
   305.564683964669746111655727944733968      
   305.527302047034805371249423496776604      
   305.486376947622219425479639408705377      
   305.441745040629289257737932737808257      
   305.393248778218796402896303037821098      
   305.340737684626988883099692657471675      
   305.284069272533481450933200212179530      
   305.223109868732813214362456851235025      
   305.157735339165728562537052061102850      
   305.087831706328008607210619351911884      
   305.013295654871238038408820035681745      
   304.934034923770909192944875446729788      
   304.849968585717090927866621942290482      
   304.761027216345997526097696038703111      
   304.667152957595376885667330811945695      
   304.568299480805759391806377419840279      
   304.464431856249353275424268525929485      
   304.355526336554641451247796345684671      
   304.241570062027627611636596557294695      
   304.122560696212738405753595049143120      
   303.998506000172312190449453444858715      
   303.869423353929880315427008611279592      
   303.735339233407435339030699137258297      
   303.596288650827612924679277506573576      
   303.452314566340017226528210942282720      
   303.303467272278090960158692111911183      
   303.149803790203390582982539776280955      
   302.991387207189985871113272551293770      
   302.828286059058083095048901628425290      
   302.660573692468640608792092431005187      
   302.488327638390960655218851635670035      
   302.311628996962616178333533475249382      
   302.130561836984610670626290457602508      
   301.945212613173735804626726112583887      
   301.755669603805708557613837585833658      
   301.562022370723878598846378570583401      
   301.364361243317249962381733147658457      
   301.162776828038419818707577427309649      
   300.957359543945784992095313729005153      
   300.748199184646420854797560216299543      
   300.535384507659564526142029428267072      
   300.319002850766894258542400672882994      
   300.099139773845421915749294524010199      
   299.875878727747354743411707281039526      
   299.649300748640172479109563944122126      
   299.419484175422465747082947453640977      
   299.186504392983270600464454280299835      
   298.950433595266306662347682650312826      
   298.711340571886044797306855236940246      
   298.469290512232331127908738707428147      
   298.224344831229215902776740764576612      
   297.976561010053765049539964097170105      
   297.725992453163937165397421615898257      
   297.472688362700654829761809648802562      
   297.216693621708543149128319466087992      
   296.958048690468914188451519674592013      
   296.696789523120788098518445471214778      
   296.432947471449363513015537353340601      
   296.166549226198867917266489438882326      
   295.897616737071625514978315177652657      
   295.626167160805079564082647611516191      
   295.352212797612052290437480301075802      
   295.075761043852606672998551306518307      
   294.796814338170197730256314661178846      
   294.515370113400269382482608260494264      
   294.231420749992722420575456077956499      
   293.944953524762871784493533864930070      
   293.655950565440239205637280252404139      
   293.364388792282695038215789436814053      
   293.070239863576577456062172213969177      
   292.773470121277647345825872912127808      
   292.474040531910854818882369042130180      
   292.171906599505105655715439600845457      
   291.867018310165646108466474278508215      
   291.559320041169124012021017898434848      
   291.248750467521892914981923829222888      
   290.935242470297981136363455902921470      
   290.618723020589248338147269458956831      
   290.299113075136909901347520759722739      
   289.976327439871858821166555466487972      
   289.650274543781171971479044135637375      
   289.320856554768232681912513252242043      
   288.987968880575267569868318399278608      
   288.651500155701574271473012230376034      
   288.311332020134021564919661177271895      
   287.967338900463006866206784016304152      
   287.619387791394583733286709531107136      
   287.267337987028749232423005312838621      
   286.911040790647043985349503743946317      
   286.550339252654943191903240545381415      
   286.185067804854520401920420008399768      
   285.815051975058127936889332868754880      
   285.440107957112600862430363317941521      
   285.060042206438732850591143052378230      
   284.674651081994740434115979059059427      
   284.283720269960798237585517853408762      
   283.887024350286495592577400895506265      
   283.484326190305751006736978585600438      
   283.075376391401241091568295112142975      
   282.659912673451316768826392052640122      
   282.237659108201284046476743823946393      
   281.808325415639201510515699617071447      
   281.371606182604351520563291140939905      
   280.927179963073376454948713955834452      
   280.474708325798388555236935311862480      
   280.013834831490759002122417395453898      
   279.544183969237652984314327708551899      
   279.065359940197797387706946228482911      
   278.576945306082282932973992366672589      
   278.078499665536947770061613383005859      
   277.569558104749206623254596266716799      
   277.049629483595014905349608143734362      
   276.518194689768381842119367866783426      
   275.974704683153174969418440179175461      
   275.418578359617818209252996254643066      
   274.849200065720380915573593973650732      
   274.265917568875626363719643273791752      
   273.668038633558378361152525839738665      
   273.054828396309181323341707458312351      
   272.425506004879517000181918343763275      
   271.779241038427845487745915343367684      
   271.115149534861508895051152224425178      
   270.432289732346211771403293618413746      
   269.729657530437496158400990284854952      
   269.006180923958257569567206068492441      
   268.260714818962547192227528784222725      
   267.492034595640568247994644009999736      
   266.698829729590153439280148983266932      
   265.879695998320075748310916780520280      
   265.033127683175244288281083112777034      
   264.157508935069754867117466222061062      
   263.251104017260133813820143049847112      
   262.312047045698631869989686939918616      
   261.338330870634392456618433945899939      
   260.327794995050572788347334841402233      
   259.278112227531914192667686206468540      
   258.186775493840903781436420680780142      
   257.051082090439125477818425231916817      
   255.868120264197238004154242704197534      
   254.634751430169027603088382899385755      
   253.347595520338606678392046365631421      
   252.003014688322767996808014201806280      
   250.597098857311394565039288838524574      
   249.125652482007907245323534070960758      
   247.584184667078363589492899397619741      
   245.967903327341259810121793861884881      
   244.271715848295411402519820289164960      
   242.490237850233765499781939587518084      
   240.617814099033915446705296882714012      
   238.648553603407333246702340523166517      
   236.576384287747630973579273237606419      
   234.395130311461874401962931969952598      
   232.098615427255320066627825413707904      
   229.680800524877610852346741600756963      
   227.135947852540341256908342574444198      
   224.458835194430880361680059853802742      
   221.644979817832647122250328677664860      
   218.690912540398247701646211940007807      
   215.594459790064759294981592271181292      
   212.355033231679122801199701103260836      
   208.973908322764247246695764041377301      
   205.454462594749679609556405765069644      
   201.802388191658684819993158031569467      
   198.025786274811643732608856967635395      
   194.135204687773836784638905215028348      
   190.143554172040375286757783108310304      
   186.065913410507330059713636342811562      
   181.919327586813113134254632159454926      
   177.722003314129680938291692109947513      
   173.493357983087821613255977251381527      
   169.253133082255138138389390414479146      
   165.020905709013509192514828562010939      
   160.815542980900482976872132331186958      
   156.654716014079223783066818227135543      
   152.554504233943217559269315882979627      
   148.529108072318518425343412270441564      
   144.590674706397464492041952204493571      
   140.749237743494953842814547376739108      
   137.012746674272405848000489113684619      
   133.387175923444567108361891600823476      
   129.876684712200787421641325814367992      
   126.483813913812621177164759992368329      
   123.209695282275798571332189308551465      
   120.054264330646168205996385157129513      
   117.016464153075225571236123455684222      
   114.094433226696936284420622584669052      
   111.285674973524231622819351140642523      
   108.587205274240531341151600797546755      
   105.995680688820790833211044402102656      
   103.507505286218184827148517745802626      
   101.118920132419072706957815650525440      
   98.8260761253184046225631830206142431      
   96.6250934659618046144612050094414611      
   94.5121077792491330598516720576113832      
   92.4833068250151055010531548812980032      
   90.5349587641640684983202530264953807      
   88.6634325583063574004151679815425348      
   86.8652132157231042445113302767992599      
   85.1369119187710394029916111033942521      
   83.4752728877833464069329014559779174      
   81.8771767697206493693698629441443670      
   80.3396414062151038223117881987798065      
   78.8598219609275858541890834447060017      
   77.4350083066700231194897094643116965      
   76.0626220769563480470127916245909427      
   74.7402127819092056584512077486576969      
   73.4654532886745158982780898249478608      
   72.2361351511372632686755482556850811      
   71.0501634831535537327965354768534332      
   69.9055520021767272190328003487945590      
   68.8004177206476674427984166890144788      
   67.7329758845719802955753482381573972      
   66.7015350776341813962744963738734976      
   65.7044922749324537544221646326384919      
   64.7403281353373703149072736031459996      
   63.8076024366143867561684157674604895      
   62.9049498981563161465236634773991775      
   62.0310758807597797760511208291123125      
   61.1847525073440244064772081870209527      
   60.3648149117362314211581741800525321      
   59.5701577117079417447875865951842757      
   58.7997316326288733297175582710506258      
   58.0525403685107816992392277038211950      
   57.3276375381489891224448997655878983      
   56.6241239467171092152950577696373541      
   55.9411448444171100337351794987823415      
   55.2778874947599200436630611407121227      
   54.6335787575855686976911453519373022      
   54.0074829366627512801739270161889267      
   53.3988996658120315073026111188935558      
   52.8071619552225774753934755050185388      
   52.2316343326637738646300565747324740      
   51.6717111680203692835748432552159479      
   51.1268149994354216826612704012779996      
   50.5963950076057719519426182046491630      
   50.0799255887543985238699648159725127      
   49.5769050739619597067844680164316760      
   49.0868541986185553341494405613618347      
   48.6093152907489098743615755593915698      
   48.1438508691721720060543165539699184      
   47.6900426809775149663536190399934665      
   47.2474906782639427424492004897969387      
   46.8158120901600055399348180019570709      
   46.3946405523243929963154048999972231      
   45.9836252472986345036033897761003408      
   45.5824301485726140407301587010691959      
   45.1907332473036947929283360333706999      
   44.8082258898686048801450193270285184      
   44.4346120941826631054269231795444642      
   44.0696079401411438102845883735751494      
   43.7129409750161377993800713197824236      
   43.3643496717081146214783151590760216      
   43.0235828964608956897161952280405083      
   42.6903994132181582406589208231431861      
   42.3645674213668190270088772759767675      
   42.0458641117743035067893245019599732      
   41.7340752473081244697828808404432522      
   41.4289947679534680009355715539308975      
   41.1304244162372992858785543473328469      
   40.8381733821009167366262587462040315      
   40.5520579647257429314781693933033673      
   40.2719012568598111383894519878347174      
