 0.13628526479685E+03
 0.13628526479685E+03
 0.13628526479700E+03
 0.13628526479836E+03
 0.13628526480478E+03
 0.13628526482493E+03
 0.13628526487383E+03
 0.13628526497463E+03
 0.13628526516627E+03
 0.13628526552868E+03
 0.13628526623801E+03
 0.13628526765602E+03
 0.13628527044388E+03
 0.13628527568056E+03
 0.13628528496426E+03
 0.13628530048070E+03
 0.13628532503081E+03
 0.13628536201831E+03
 0.13628541540383E+03
 0.13628548963531E+03
 0.13628558956578E+03
 0.13628572036973E+03
 0.13628588746852E+03
 0.13628609647393E+03
 0.13628635315730E+03
 0.13628666344941E+03
 0.13628703347360E+03
 0.13628746961173E+03
 0.13628797859974E+03
 0.13628856764749E+03
 0.13628924457525E+03
 0.13629001795872E+03
 0.13629089727368E+03
 0.13629189303246E+03
 0.13629301690497E+03
 0.13629428181883E+03
 0.13629570203492E+03
 0.13629729319615E+03
 0.13629907234940E+03
 0.13630105794161E+03
 0.13630326979252E+03
 0.13630572906568E+03
 0.13630845813795E+03
 0.13631148061878E+03
 0.13631482120913E+03
 0.13631850563013E+03
 0.13632256053880E+03
 0.13632701344825E+03
 0.13633189265544E+03
 0.13633722717903E+03
 0.13634304670902E+03
 0.13634938157007E+03
 0.13635626269877E+03
 0.13636372163573E+03
 0.13637179053238E+03
 0.13638050217176E+03
 0.13638989000307E+03
 0.13639998818873E+03
 0.13641083166314E+03
 0.13642245620093E+03
 0.13643489849539E+03
 0.13644819624323E+03
 0.13646238823610E+03
 0.13647751445680E+03
 0.13649361617809E+03
 0.13651073606616E+03
 0.13652891828212E+03
 0.13654820858699E+03
 0.13656865444370E+03
 0.13659030511784E+03
 0.13661321177920E+03
 0.13663742759676E+03
 0.13666300783467E+03
 0.13669000994148E+03
 0.13671849364260E+03
 0.13674852102120E+03
 0.13678015660315E+03
 0.13681346743968E+03
 0.13684852318240E+03
 0.13688539615730E+03
 0.13692416143588E+03
 0.13696489691304E+03
 0.13700768338392E+03
 0.13705260461240E+03
 0.13709974740250E+03
 0.13714920167444E+03
 0.13720106054347E+03
 0.13725542039321E+03
 0.13731238095013E+03
 0.13737204540581E+03
 0.13743452048862E+03
 0.13749991656128E+03
 0.13756834772735E+03
 0.13763993193029E+03
 0.13771479107165E+03
 0.13779305118006E+03
 0.13787484258108E+03
 0.13796029988430E+03
 0.13804956232664E+03
 0.13814277387988E+03
 0.13824008342108E+03
 0.13834164489107E+03
 0.13844761767027E+03
 0.13855816669922E+03
 0.13867346275482E+03
 0.13879368259610E+03
 0.13891900950508E+03
 0.13904963354653E+03
 0.13918575167489E+03
 0.13932756821318E+03
 0.13947529558910E+03
 0.13962915423173E+03
 0.13978937312506E+03
 0.13995619063010E+03
 0.14012985484342E+03
 0.14031062363699E+03
 0.14049876636368E+03
 0.14069456314522E+03
 0.14089830678436E+03
 0.14111030254274E+03
 0.14133086975310E+03
 0.14156034181011E+03
 0.14179906796395E+03
 0.14204741341770E+03
 0.14230576130441E+03
 0.14257451286634E+03
 0.14285408956400E+03
 0.14314493352335E+03
 0.14344750977158E+03
 0.14376230716579E+03
 0.14408984067335E+03
 0.14443065219209E+03
 0.14478531337725E+03
 0.14515442744448E+03
 0.14553863133598E+03
 0.14593859832004E+03
 0.14635504044397E+03
 0.14678871188478E+03
 0.14724041142846E+03
 0.14771098650304E+03
 0.14820133685267E+03
 0.14871241851273E+03
 0.14924524782127E+03
 0.14980090728445E+03
 0.15038055024541E+03
 0.15098540677698E+03
 0.15161678995390E+03
 0.15227610369521E+03
 0.15296484940847E+03
 0.15368463543272E+03
 0.15443718491169E+03
 0.15522434775457E+03
 0.15604811079167E+03
 0.15691061035599E+03
 0.15781414584138E+03
 0.15876119464485E+03
 0.15975442842088E+03
 0.16079673093724E+03
 0.16189121777905E+03
 0.16304125745536E+03
 0.16425049494606E+03
 0.16552287659256E+03
 0.16686267719117E+03
 0.16827452848765E+03
 0.16976345006188E+03
 0.17133488153690E+03
 0.17299471341485E+03
 0.17474932143400E+03
 0.17660559524699E+03
 0.17857097538930E+03
 0.18065346280396E+03
 0.18286164562178E+03
 0.18520469487925E+03
 0.18769235792481E+03
 0.19033491589824E+03
 0.19314312216674E+03
 0.19612809419999E+03
 0.19930116452162E+03
 0.20267367010617E+03
 0.20625668355622E+03
 0.21006066918382E+03
 0.21409507917782E+03
 0.21836788991796E+03
 0.22288509717765E+03
 0.22765021809060E+03
 0.23266384376281E+03
 0.23792328773019E+03
 0.24342240013076E+03
 0.24915159502707E+03
 0.25509808687009E+03
 0.26124634582334E+03
 0.26757871200218E+03
 0.27407610552653E+03
 0.28071875121411E+03
 0.28748685431466E+03
 0.29436117165412E+03
 0.30132344760479E+03
 0.30835671828930E+03
 0.31544547430484E+03
 0.32257572806134E+03
 0.32973499265673E+03
 0.33691220467880E+03
 0.34409760929651E+03
 0.35128263327025E+03
 0.35845974836730E+03
 0.36562234247970E+03
 0.37276459815685E+03
 0.37988138594833E+03
 0.38696816664683E+03
 0.39402091189421E+03
 0.40103603323658E+03
 0.40801032349402E+03
 0.41494090579562E+03
 0.42182519217907E+03
 0.42866084867113E+03
 0.43544576495450E+03
 0.44217803033241E+03
 0.44885591164657E+03
 0.45547783528613E+03
 0.46204237226418E+03
 0.46854822428534E+03
 0.47499421360858E+03
 0.48137927052263E+03
 0.48770242809592E+03
 0.49396281077730E+03
 0.50015963007377E+03
 0.50629217795407E+03
 0.51235982080291E+03
 0.51836199508029E+03
 0.52429820326003E+03
 0.53016800904298E+03
 0.53597103471423E+03
 0.54170695705566E+03
 0.54737550503721E+03
 0.55297645645318E+03
 0.55850963620298E+03
 0.56397491340073E+03
 0.56937219940439E+03
 0.57470144515369E+03
 0.57996264098110E+03
 0.58515581370616E+03
 0.59028102397987E+03
 0.59533836781724E+03
 0.60032797084013E+03
 0.60524999213826E+03
 0.61010461713233E+03
 0.61489206172756E+03
 0.61961256793431E+03
 0.62426640226494E+03
 0.62885385736445E+03
 0.63337524870237E+03
 0.63783091411564E+03
 0.64222121326288E+03
 0.64654652628463E+03
 0.65080725227172E+03
 0.65500380949887E+03
 0.65913663373564E+03
 0.66320617770324E+03
 0.66721291003016E+03
 0.67115731444921E+03
 0.67503988860217E+03
 0.67886114497111E+03
 0.68262160747498E+03
 0.68632181233718E+03
 0.68996230716806E+03
 0.69354365007992E+03
 0.69706640890524E+03
 0.70053116057931E+03
 0.70393849057409E+03
 0.70728899197736E+03
 0.71058326507048E+03
 0.71382191660402E+03
 0.71700555945611E+03
 0.72013481134049E+03
 0.72321029500927E+03
 0.72623263729122E+03
 0.72920246865852E+03
 0.73212042263003E+03
 0.73498713531640E+03
 0.73780324493033E+03
 0.74056939124158E+03
 0.74328621520597E+03
 0.74595435854849E+03
 0.74857446308469E+03
 0.75114717068735E+03
 0.75367312259519E+03
 0.75615295915193E+03
 0.75858731943303E+03
 0.76097684085641E+03
 0.76332215896224E+03
 0.76562390684611E+03
 0.76788271521595E+03
 0.77009921172493E+03
 0.77227402096808E+03
 0.77440776416947E+03
 0.77650105874975E+03
 0.77855451833060E+03
 0.78056875236190E+03
 0.78254436597951E+03
 0.78448195978645E+03
