   6.91360382032448847522976250442333937      
   6.91360382032448897452856100055816334      
   6.91360382032452743201328781372420754      
   6.91360382032516444341181800519019271      
   6.91360382032990751712095170081683106      
   6.91360382035170981779289180800164284      
   6.91360382042467998402730315022222080      
   6.91360382061958405575432646370233969      
   6.91360382105548862151232992453962513      
   6.91360382188595357241207274928700236      
   6.91360382321898980229238996129829226      
   6.91360382491702757142417805284519806      
   6.91360382622650346058495078111378984      
   6.91360382520635179012631829277768300      
   6.91360381795271752297471730475807224      
   6.91360379764466426715696813970454897      
   6.91360375345691116522573249775932754      
   6.91360366939923782505177936285898699      
   6.91360352314906342597877672972136373      
   6.91360328494558197266208244862552290      
   6.91360291661221972389614866995096371      
   6.91360237076958737828945908880949785      
   6.91360159029315798911890911091213299      
   6.91360050805870956913474657049487391      
   6.91359904700317028515195670678535530      
   6.91359712051074923517107603126002953      
   6.91359463311409639930649694358602732      
   6.91359148148113053313954905026657213      
   6.91358755564101114811526947886232377      
   6.91358274038887873992693767654393672      
   6.91357691680150317930254136923572343      
   6.91356996379270095241419114011258896      
   6.91356175963987375332463096083397970      
   6.91355218341970000137790810728301428      
   6.91354111630098838718084795381342319      
   6.91352844265458626616134630698387575      
   6.91351405095307669310989196800036921      
   6.91349783444534844604714166057979055      
   6.91347969160287902077258323786320152      
   6.91345952634398099202855865839020593      
   6.91343724805067830035985364113544003      
   6.91341277139839885572310777101458839      
   6.91338601600169485950710042795585961      
   6.91335690602249322349979247770884507      
   6.91332536948401772981721343294952177      
   6.91329133767606241345592280901770414      
   6.91325474442023334881557884581234177      
   6.91321552531539052939069263126466165      
   6.91317361696768151751792541218853294      
   6.91312895622202577208415250989004021      
   6.91308147940880394907629089313539195      
   6.91303112161673193953785610648844486      
   6.91297781600019802725041119630772581      
   6.91292149312630848979901375027992044      
   6.91286208036537238414086851867698435      
   6.91279950132611996387361491515703474      
   6.91273367533523961398750343284709944      
   6.91266451696014738925604812126234113      
   6.91259193557168205274511635426714172      
   6.91251583494446979948616686167127032      
   6.91243611288922412967799158739295041      
   6.91235266091453507349250766886381916      
   6.91226536391212241873557269041596830      
   6.91217409986171374518367954290428974      
   6.91207873955155015939853933886158555      
   6.91197914630686243068685995255073779      
   6.91187517572785932645209876022829799      
   6.91176667542637166559661624983340574      
   6.91165348476321108816810496809695262      
   6.91153543458102692988442853091748265      
   6.91141234692546087476937180929841400      
   6.91128403476046167865354434186643097      
   6.91115030166634334526277478639710759      
   6.91101094152566480625348218272657974      
   6.91086573818561766314711241401484978      
   6.91071446511285316562349193626854547      
   6.91055688500680949444367044231294432      
   6.91039274942080145243572368616388328      
   6.91022179832628843609199341258161304      
   6.91004375968235968962944506106685873      
   6.90985834897147970839771737557754600      
   6.90966526869691712629389094765899439      
   6.90946420785688751937813589237814614      
   6.90925484139923906255008337171576456      
   6.90903682965011925135971613951159979      
   6.90880981770356264880625323372293402      
   6.90857343478488618947234236228978111      
   6.90832729358853325072324181995633925      
   6.90807098959688190976910177413815569      
   6.90780410029738710884220083964157740      
   6.90752618443275115204570430647898874      
   6.90723678120995226836798908927839463      
   6.90693540945799979696867218008596492      
   6.90662156676633210457872376526647311      
   6.90629472859435742948801412189556331      
   6.90595434721998975363532360312535171      
   6.90559985075154117036798733132326812      
   6.90523064210812687175422555194699763      
   6.90484609788532165737910514894294468      
   6.90444556745692758474617027409347133      
   6.90402837130808573963703726859280979      
   6.90359380026293693944686182224785704      
   6.90314111371650306868470306513168339      
   6.90266953852241811458229597987627725      
   6.90217826745904271668246935944016680      
   6.90166645800227023137326900736321982      
   6.90113323033794308588267050083704151      
   6.90057766562004815693197561579452226      
   6.89999880467898885779701699108949181      
   6.89939564635775197701440375380196355      
   6.89876714448486329623801146993172234      
   6.89811220684404648523484790660613015      
   6.89742969338187347683034126772428069      
   6.89671841275513937435119983789963486      
   6.89597712059786005295430037538370752      
   6.89520451816145399552297223251021485      
   6.89439924741902098579636332303177151      
   6.89355989075178343804688110782408553      
   6.89268496678421077460611205654102671      
   6.89177292748830547837610283002799736      
   6.89082215580931134230770137860834688      
   6.88983096131222797953870185266650972      
   6.88879757775170907290758090397067604      
   6.88772015933214748364360591417314731      
   6.88659677572578309863484409138552371      
   6.88542541019792499992331422777675411      
   6.88420395336973191921753539325529646      
   6.88293019996527007602644904317570617      
   6.88160184385775113709021221835952234      
   6.88021647413917125069394923005459945      
   6.87877156833140302693412916847382371      
   6.87726448839530710989258471457365307      
   6.87569247465157225443904232582630534      
   6.87405263994610023913823346619530462      
   6.87234196364091547605754807233501723      
   6.87055728545488863533647995750180117      
   6.86869529757146864905022466573261262      
   6.86675253871350756715405357228900642      
   6.86472538618294926659084704297789769      
   6.86261004826166999602977186668839687      
   6.86040255618714090857674009379240920      
   6.85809875482095941153910704510499261      
   6.85569429501301702747335990737873267      
   6.85318462309584131441642643572156126      
   6.85056497213032706673590717317749580      
   6.84783035031632655464394843334755214      
   6.84497553225406212619630453370934921      
   6.84199504648605624357859001573697610      
   6.83888316566019435567405940925547899      
   6.83563389246142582999057577696309255      
   6.83224094842961237449660748144420042      
   6.82869776151228730622022364277671914      
   6.82499745391044691886668650819423087      
   6.82113282696893492352817638227942009      
   6.81709634748330316085543989266994685      
   6.81288013496720819726785998211363481      
   6.80847594679394262748144788930570375      
   6.80387516464643527439586597275465864      
   6.79906877999688265831420414279367711      
   6.79404738048698919172397378197181984      
   6.78880113607433714854760655906272966      
   6.78331978749951297979841210613594429      
   6.77759263296634705560570746608139154      
   6.77160851856474122310777883827670323      
   6.76535582830830746747949933614880636      
   6.75882247970219901134409641577251137      
   6.75199591675863140012466681338889324      
   6.74486311027908562633589517453603504      
   6.73741056174108596601607350564804161      
   6.72962431022714121310655379311056956      
   6.72148994284263569247459816518197429      
   6.71299261940639889204799484658825862      
   6.70411709269972213366053726253494716      
   6.69484774415227732336377561769563125      
   6.68516862585489960236914619277518142      
   6.67506350735795719774162544074783329      
   6.66451593272954607221540032199162144      
   6.65350928030640880129327568952500392      
   6.64202682907632543791996531748001744      
   6.63005182323288199649117716190409595      
   6.61756753266902661608797762067551685      
   6.60455730067747724134228918459669018      
   6.59100457944671731950586630189567895      
   6.57689293053172703851787802047210407      
   6.56220601474616453882433641017231970      
   6.54692751860992287696967692264641931      
   6.53104106412345856025466721896243184      
   6.51453009203903598600854426438623675      
   6.49737769461676409420618677882452485      
   6.47956647200759865275631025990066455      
   6.46107837990364893867458541699561804      
   6.44189461344903117693925942489020825      
   6.42199553347406560574453689342239342      
   6.40136064639252497720867818300605206      
   6.37996863863305542939357459138499588      
   6.35779746107876423008638522372897150      
   6.33482445290142342461670822133557470      
   6.31102649275328911035327889097696366      
   6.28638016193001866628648034934230306      
   6.26086190946033561875161542023332444      
   6.23444820755702702294826926882030318      
   6.20711569137462380653774240832406199      
   6.17884127758525109153629002325389062      
   6.14960226104494237023480384385821755      
   6.11937638857225916277065864107825004      
   6.08814191134440733208541419525302542      
   6.05587761858743054474033175873605183      
   6.02256285408169506937675745857776175      
   5.98817751969517797059019479672458306      
   5.95270206715779953368056215067512475      
   5.91611748191463205200949425870214441      
   5.87840526035862766321201240050570041      
   5.83954738278192823405540410491648042      
   5.79952628339342645017401618584031426      
   5.75832481869723662856063909062683902      
   5.71592623531912745963220229875739738      
   5.67231413790173492562373543950827500      
   5.62747245775764484289708856850891924      
   5.58138542256639825581153193811956283      
   5.53403752739846795473625942804019918      
   5.48541350736300579969423586909124257      
   5.43549831182881506842550140642220659      
   5.38427708038030618685234174774403723      
   5.33173512036280936771133859098763184      
   5.27785788609552822627473492980101543      
   5.22263095969960308820733674059600172      
   5.16604003335744281557264400759757555      
   5.10807089302335800940152429806062910      
   5.04870940344000269466201821917334958      
   4.98794149439975325969549341884027273      
   4.92575314817303322862616692567510971      
   4.86213038798263732139697012615548388      
   4.79705926745876598422091777959489986      
   4.73052586099532835888992014596038020      
   4.66251625493388562322863727325083357      
   4.59301653952473112073473858764023394      
   4.52201280156749141233659363713452940      
   4.44949111767892429730427994357115658      
   4.37543754815677755269679518734049788      
   4.29983813137379488681216499418406832      
   4.22267887864658031079646752123721976      
   4.14394576955154103487955919794856724      
   4.06362474765354665266310387028409978      
   3.98170171656681375037942230533148990      
   3.89816253640692122367261640679498656      
   3.81299302051053395093109280418654691      
   3.72617893243428289566241323457155709      
   3.63770598323412275795668885343478252      
   3.54755982893768873459056872818524988      
   3.45572606827670901515381080884568529      
   3.36219024059598406115698316541660084      
   3.26693782388986424400621699220255875      
   3.16995423310285956511327590983893848      
   3.07122481848951506068588219189285271      
   2.97073486415022214434239613678774012      
   2.86846958668625817294594294390605269      
   2.76441413398775521891244648993184910      
   2.65855358405314788534434792446267207      
   2.55087294402315843197004616988157110      
   2.44135714918993008378575026889664477      
   2.32999106218577731577370208618347696      
   2.21675947208925182416845238649931976      
   2.10164709393960661099307419513367428      
   1.98463856777953323463436171616252085      
   1.86571845827650335907949112218877136      
   1.74487125409413352095858287458112407      
   1.62208136743316406829293803726716248      
   1.49733313355873964563205876712691209      
   1.37061081039824700746295054509112195      
   1.24189857822398373917365440434884109      
   1.11118053923379326521246045968652986      
  0.978440717335123896829308632096101518      
  0.843663057826531652138914999909387180      
  0.706831427216857858485192140160972950      
  0.567929612936779672925688746678018810      
  0.426941323223435155371645001015569008      
  0.283850186930737056461271756179372396      
  0.138639753374753283339204294011238892      
  -8.70650776939080472444867477116980619E-0003
 -0.158205206589461678952731731830224999      
 -0.309873032993624154497923692362016935      
 -0.463726756815727882285249804140412238      
 -0.619783227851183194472246281192731500      
 -0.778059375893255207565747934056607273      
 -0.938572210798226904396552243379855434      
  -1.10133882244511193415105122906650075      
  -1.26637638080229192592176421789267963      
  -1.43370213588658629692676583428864977      
  -1.60333341775384729972436781153426217      
  -1.77528763649258843450395718458514394      
  -1.94958228215809673521918816429165109      
  -2.12623492478679871688177432006053215      
  -2.30526321429042977125724803641387850      
  -2.48668488043826578288879598455188422      
  -2.67051773278902075910338936004871356      
  -2.85677966062336839162106787030013079      
  -3.04548863285903266809365922824023855      
  -3.23666269798436575809890152854977624      
  -3.43031998398175029200875495131240572      
  -3.62647869821728684648184174262981623      
