 0.66142782111905E-13
 0.16807257972474E-12
 0.41980064607343E-12
 0.22551030575688E-12
 0.34788541534307E-12
 0.65198681658530E-12
 0.80073653377179E-12
 0.30943196986698E-12
 0.59953200771774E-12
 0.13342920502553E-11
 0.87518710574223E-12
 0.11754157581981E-11
 0.13297616979637E-11
 0.97558498166585E-12
 0.98564967519457E-12
 0.17603554161915E-11
 0.11122481697456E-11
 0.16110047314809E-11
 0.25764857221584E-11
 0.24623246869887E-11
 0.15203489914136E-11
 0.25922549317144E-11
 0.23916695905164E-11
 0.13900059026787E-11
 0.24255681901027E-11
 0.30770692817088E-11
 0.22820520176351E-11
 0.18764082329794E-11
 0.31263248386523E-11
 0.93760829769612E-12
 0.35750399695254E-11
 0.53730992703629E-11
 0.29171225871454E-11
 0.47032310188835E-11
 0.43125117195814E-11
 0.42446335920006E-11
 0.34725398974550E-11
 0.22868104682935E-11
 0.27685494258691E-11
 0.49715423161528E-11
 0.18567707948840E-11
 0.27551320793100E-11
 0.54338420820006E-11
 0.26846706665615E-11
 0.15778285534074E-11
 0.32300584471825E-11
 0.38001013615789E-11
 0.56690748698507E-11
 0.55777262038830E-11
 0.15519076608039E-11
 0.45830582591959E-11
 0.47552655985231E-11
 0.33656994524050E-11
 0.54936132546842E-11
 0.70308053609103E-11
 0.61619863269744E-11
 0.77541083053069E-11
 0.47972939043261E-11
 0.39685029621490E-11
 0.39235243789370E-11
 0.65176740253061E-11
 0.81451862929155E-11
 0.35122641428099E-11
 0.53876099990464E-11
 0.62990835681051E-11
 0.86398957957445E-11
 0.57475366172384E-11
 0.65883115916461E-11
 0.61206069725512E-11
 0.66813835014307E-11
 0.68774137560925E-11
 0.21348859925887E-11
 0.42256892523643E-11
 0.53714245798059E-11
 0.93081033596230E-11
 0.76653365053321E-11
 0.81635791659966E-11
 0.66726014517944E-11
 0.86161866218244E-11
 0.53624145840127E-11
 0.56850444503947E-11
 0.99206333614373E-11
 0.32994051973843E-11
 0.34844829668189E-11
 0.49911751697762E-11
 0.13412033330243E-10
 0.76465275771684E-11
 0.61996807499867E-11
 0.81190836097638E-11
 0.88012254436439E-11
 0.69067985635046E-11
 0.12429648670963E-10
 0.76849486869801E-11
 0.75104853420134E-11
 0.97335002593120E-11
 0.80676298594102E-11
 0.14376723943921E-10
 0.89934091976559E-11
 0.12611949796789E-10
 0.10636263694560E-10
 0.12733319879668E-10
 0.13701734202555E-10
 0.96924745826520E-11
 0.41328570431299E-11
 0.14806413373788E-10
 0.13520416555608E-10
 0.12141621514463E-10
 0.47915157234431E-11
 0.16001605375508E-10
 0.15647681734015E-10
 0.12136848668413E-10
 0.12261806383618E-10
 0.93439279388968E-11
 0.11524366717557E-10
 0.67394612463908E-11
 0.12986847655751E-10
 0.69140379524255E-11
 0.76495668602760E-11
 0.15681377364585E-10
 0.85567996907516E-11
 0.79628579108088E-11
 0.17610660946553E-10
 0.78928158476806E-11
 0.15080767852439E-10
 0.15486406791596E-10
 0.63824413649044E-11
 0.93528930427012E-11
 0.78169421958554E-11
 0.41300457262648E-11
 0.14973069477709E-10
 0.15290919289561E-10
 0.10769655840439E-10
 0.86975548918206E-11
 0.12717162270193E-10
 0.15001168267802E-10
 0.54083403566761E-11
 0.15084606015847E-10
 0.12013979437274E-10
 0.16141996668646E-10
 0.66937186025596E-11
 0.12969074596323E-10
 0.13047950366792E-10
 0.11487818988916E-10
 0.15020982596105E-10
 0.85733458593368E-11
 0.17680283934615E-10
 0.12222947979634E-10
 0.14726858309014E-10
 0.31138744118701E-11
 0.27573052626688E-11
 0.10155436907186E-10
 0.13123038913204E-10
 0.15221888127362E-10
 0.15041764463595E-10
 0.16801189399601E-10
 0.14310481535803E-10
 0.13891675917734E-10
 0.17512846228530E-10
 0.15556797803060E-10
 0.14451043009927E-10
 0.14183045071280E-10
 0.16735325166943E-10
 0.18283822901749E-10
 0.16069782783538E-10
 0.15306244395106E-10
 0.87825788713483E-11
 0.11139547511911E-10
 0.22108018251648E-10
 0.20730268758585E-10
 0.11162853383099E-10
 0.93233707037580E-11
 0.15156022764219E-10
 0.17408235551812E-10
 0.18263263058382E-10
 0.21337859216054E-10
 0.99094048729509E-11
 0.12264236227024E-10
 0.15335666028576E-10
 0.17299199681017E-10
 0.11158842220315E-10
 0.24243165725678E-10
 0.22546730914960E-10
 0.17572621916099E-10
 0.24263419516536E-10
 0.23595483815868E-10
 0.24394185599133E-10
 0.21148082367155E-10
 0.20592665777051E-10
 0.87183424430919E-11
 0.18052485998658E-10
 0.22779452015486E-10
 0.22043494484633E-10
 0.32110917091644E-10
 0.19460752816667E-10
 0.18650413727945E-10
 0.15012680557620E-10
 0.17366437486961E-10
 0.26525384483883E-10
 0.16965069643846E-10
 0.17856693426613E-10
 0.20632642742692E-10
 0.17720202764696E-10
 0.22635461148079E-10
 0.20032608710539E-10
 0.23849231284887E-10
 0.19651884199156E-10
 0.20490197386927E-10
 0.14669822313850E-10
 0.28620246068879E-10
 0.23392955150696E-10
 0.26688320188427E-11
 0.18769257436713E-10
 0.31527808325786E-10
 0.25428010171566E-10
 0.20094386255742E-10
 0.32584050446969E-10
 0.24970910951438E-10
 0.20986659306660E-10
 0.20488002286287E-10
 0.13333790394534E-10
 0.14277486177782E-10
 0.10084378377326E-10
 0.18750846658645E-10
 0.16135723331549E-10
 0.11508877408329E-10
 0.22142227361920E-10
 0.25290449911278E-10
 0.15419933692425E-10
 0.17500111235560E-10
 0.16566503059311E-10
 0.84762886062006E-11
 0.16737846544885E-10
 0.18334028222724E-10
 0.17814312005716E-10
 0.16692547065308E-10
 0.19476955306514E-10
 0.19023323078212E-10
 0.27837789750600E-10
 0.24564111380659E-10
 0.19191543694518E-10
 0.13149178441995E-10
 0.13423913012576E-10
 0.17726659547702E-10
 0.14911068533169E-10
 0.16368886058803E-10
 0.18697840048385E-10
 0.14033267800165E-10
 0.11102093566434E-10
 0.97298280613969E-11
 0.12689775440257E-10
 0.11334438325060E-10
 0.14455621407698E-10
 0.60578085015439E-11
 0.15574020941377E-10
 0.11968147969991E-10
 0.10777916077947E-10
 0.13720031203932E-10
 0.12370905419686E-10
 0.82999924753088E-11
 0.74220413679823E-11
 0.58862541166122E-11
 0.61481457530307E-11
 0.11543665417819E-10
 0.52054535614942E-11
 0.74422842802942E-11
 0.76573301950025E-11
 0.64837979714431E-11
 0.56310580587891E-11
 0.86781011777099E-11
 0.61555686359168E-11
 0.36319294405957E-11
 0.77645104907261E-11
 0.40790316758938E-11
 0.33626200610337E-11
 0.35443874732043E-11
 0.14006455606070E-11
 0.53728352296012E-12
 0.55339958805851E-12
 0.46704044833547E-12
-0.12218569225922E-12
-0.10811553486738E-11
-0.20650549783671E-11
-0.18815046851723E-11
-0.19338754690694E-11
-0.38457806663110E-11
-0.35159745485190E-11
-0.37474061065982E-11
-0.63161364527260E-11
-0.41198473520437E-11
-0.91057454319364E-11
-0.67074045855415E-11
-0.13156405092364E-10
-0.10384836121312E-10
-0.15468521105863E-10
-0.10364577453665E-10
-0.77360712649130E-11
-0.14782962420564E-10
-0.11135101335124E-10
-0.13506616813822E-10
-0.90318475851619E-11
