   482.989325854482766625225197452827150      
   482.989325854498234655481154983509087      
   482.989325855059819086560773405629569      
   482.989325860516629894659871621110328      
   482.989325887322284515814505370035932      
   482.989325967435644092578640942539562      
   482.989325968950923145046870941558858      
   482.989323869000587489499341621476439      
   482.989307850192948654932114543423172      
   482.989234838319703522846328768734312      
   482.988991240619910711585084896875522      
   482.988340383513759023427559577747767      
   482.986868773418207324406731909111950      
   482.983944755005524763161416221847955      
   482.978698901874580432804801788483506      
   482.970029030597409961002835108085092      
   482.956627172602663102289864214215009      
   482.937022557302621632778198830084122      
   482.909633640846745712858161245657533      
   482.872822787262793461567488228220106      
   482.824948607550460769384578843079682      
   482.764412593236333811247185747858274      
   482.689698179444221116037551196617841      
   482.599401566865352349297162068092135      
   482.492254478779265696194455351937100      
   482.367139558319600989837599194626901      
   482.223099385563790918891335172342138      
   482.059340181664795231638389893988102      
   481.875231234392609369586000516842799      
   481.670300977491209632267724990016073      
   481.444230521988714195712368137253551      
   481.196845299740104605091021883227376      
   480.928105352191345222146304057765375      
   480.638094688150651272311887435848879      
   480.327010046322025596988290678290229      
   479.995149329762563756983790202551229      
   479.642899927549461569900208033235185      
   479.270727100304878399780545592328568      
   478.879162576579252576741297175677954      
   478.468793484688466573796193533011986      
   478.040251725280455224571999882029122      
   477.594203873912727677387000204577019      
   477.131341687418786886161044106768729      
   476.652373273323675653626173185160988      
   476.158014960368351479794148201204493      
   475.648983943341240639744694084994614      
   475.125991619409115365740659924562537      
   474.589737750847603365888312335407220      
   474.040905355427274469831225084486701      
   473.480156343464122201083010124072111      
   472.908127870646676738528808334097355      
   472.325429373959101195543089570708858      
   471.732640250584881990637319247856020      
   471.130308135710647575528086335352934      
   470.518947731572534026184302722387260      
   469.899040137151735475146145773516722      
   469.271032626736804623747878948606703      
   468.635338826503415736072434577156023      
   467.992339237117909397467838011091634      
   467.342382053282107887874997502384707      
   466.685784232584058312574020560532384      
   466.022832768504992313261625554691515      
   465.353786125128521176263067500714234      
   464.678875795431967693393672108345733      
   463.998307946678800737858670621281183      
   463.312265120169988334070440832930174      
   462.620907958780908418880928138305521      
   461.924376933666914899273657738691701      
   461.222794050943206994867897100290861      
   460.516264518332933230488412395521305      
   459.804878354190952407064491453863998      
   459.088711929596020144662977291203469      
   458.367829429188785534329424143843460      
   457.642284225197064196752223108088545      
   456.912120156432143965391957504559754      
   456.177372712524248001299250697809146      
   455.438070113435759351212786595748042      
   454.694234293026023991144060446198439      
   453.945881778926859575420901942711757      
   453.193024479185347498848556063725575      
   452.435670367613140313349583496809263      
   451.673824077984782355400075105881435      
   450.907487408543948491021919722707759      
   450.136659743836014808439283366775463      
   449.361338399394443326367704648931948      
   448.581518888094254782607640032451396      
   447.797195118921242454717925400850982      
   447.008359530969008720816809970545329      
   446.215003175191650094988085487510471      
   445.417115723648145204250409651282128      
   444.614685440854971383382434125347108      
   443.807699117576374251384824238993185      
   442.996141956567794737724199253423576      
   442.179997426586106105915384236699412      
   441.359247092976104336654190825758974      
   440.533870386576315206405102228916927      
   439.703844364985762930602581854581512      
   438.869143473745777919619698151968895      
   438.029739288356719097714899825782098      
   437.185600189045277701056913266354363      
   436.336691077624888797519075381562961      
   435.482973056078980994782782643404446      
   434.624403163715987516525521222684809      
   433.760933888601132451628997387678895      
   432.892512940231018575760550069839772      
   432.019082930577097242373333409755236      
   431.140580959794955876652814702858320      
   430.256938200616028881682642380112596      
   429.368079598633294406139650158112666      
   428.473923671216584223685916464032675      
   427.574381801684101662820020123290113      
   426.669357988290809454172465371101128      
   425.758748720928168071724347823055159      
   424.842442264601909247130376609495028      
   423.920318278625230525355577618529729      
   422.992247661960355406044587373653203      
   422.058092151277170466492476219206202      
   421.117703351613554978572305762924578      
   420.170923274768590657590597016194007      
   419.217582966935339128489930406706511      
   418.257502747836261302117804924998773      
   417.290491358491328788326361310323442      
   416.316345747797762369697818264617778      
   415.334850467249506400930786810855339      
   414.345777426010995465304357744575415      
   413.348884829541807531456867957647861      
   412.343917477747548813494283741444677      
   411.330605522006129582457482759381231      
   410.308664361114740869410425191870418      
   409.277793825066452496997139892313611      
   408.237677989233997224123400611902191      
   407.187983950503881167883486631975769      
   406.128361870104580669386741541075914      
   405.058443984599086641183540086348186      
   403.977843986670140231908926156527108      
   402.886156546279767915454025355229103      
   401.782956527642207907237710683988189      
   400.667798239838214266434383734712810      
   399.540214938661001298251287101115958      
   398.399717865439981656563883567023542      
   397.245796102586079328699678129027742      
   396.077915363833429121029545900421610      
   394.895517507442476978755129323441272      
   393.698020310328794006700727680304960      
   392.484816417623979006308120002891211      
   391.255273052992707998486056817409967      
   390.008732121934359463704423821600242      
   388.744508902564788605139844181808632      
   387.461893344840979940761635362726409      
   386.160149328480822222528551959435101      
   384.838515229906172031417676507717437      
   383.496204616901821290916967870282656      
   382.132408133568900859311385759209015      
   380.746294463409567607105905980410244      
   379.337013146538660206120841757354432      
   377.903698089680818251092635054801629      
   376.445471100230489085100349242875779      
   374.961448277636332511186636747098755      
   373.450746584930311107296654076525891      
   371.912493227161089449976445440808889      
   370.345836883589379574094040212285805      
   368.749962275103194979785320588900486      
   367.124107739142199943708846820559336      
   365.467587657957426410267177132749844      
   363.779819728563207041111001492167699      
   362.060358771057017313763194255305194      
   360.308938580636222492599544023120916      
   358.525522888224956389859079179438118      
   356.710366882535168906452317259212643      
   354.864093641455000873502397110069931      
   352.987784128814132658004821659345201      
   351.083086850173566553779441026694809      
   349.152348672179581880898044824140124      
   347.198767659501795821606955360833036      
   345.226566185473261979489383938325351      
   343.241221703304737826779620925402580      
   341.249662075760946674825526371157175      
   339.260545970182378026138668410553831      
   337.284528987190385454393142478994913      
   335.334541329267243886224263489666256      
   333.426051286510944554735351140815130      
   331.577289103538844340951300956040352      
   329.809397034059390149977340410230692      
   328.146460695859468462188404313625174      
   326.615375054039421407535070269791916      
   325.245498006936983120626002332095362      
   324.068048558584667445609268902892130      
   323.115237677238939548121345243578565      
   322.419140409872579931397448113210400      
   322.010372794125207803324981921686695      
   321.916679163331924898198514240718468      
   322.161574832547550489375330361288801      
   322.763203637682197387898652116784984      
   323.733551701917877068214367430924859      
   325.078107521498488965686377054559988      
   326.795986987232027449467372224241262      
   328.880469850119100092741916430528361      
   331.319839723639551741262054949982996      
   334.098396345398043657068684604571439      
   337.197512132610106599971857089590085      
   340.596631493926278432499912816948236      
   344.274149886206973202549821270599305      
   348.208128589739927853389816090041081      
   352.376853582663489326785197688656459      
   356.759237970140843223618779020126398      
   361.335098073530566189279235624831129      
   366.085322571248377548337900625971286      
   370.991962777431028486676826749801919      
   376.038264233012655100006859411617897      
   381.208655880325452822099879522487895      
   386.488712875983357340982871445669163      
   391.865104554229628828974552075402086      
   397.325526839992419692009538914202850      
   402.858636253350814029999048173914529      
   408.453979781678892220333199852811269      
   414.101927225783275802301701654091190      
   419.793606603623955681960179894764113      
   425.520842793329940336082706576932760      
   431.276100061154427665876128429114290      
   437.052429635572005795074601303263472      
   442.843421392163254937751923078933607      
   448.643159370273173577789756900000262      
   454.446180025795651692415569005504582      
   460.247436535887324022090972197353582      
   466.042264181076127187352316009033887      
   471.826349866830827760706030833058702      
   477.595705034778195233950725723050614      
   483.346638157508988782215051109008513      
   489.075733115334159361663993025689598      
   494.779828243851421281280814964044668      
   500.455996898324175241607610923091639      
   506.101529680460722978216004318171295      
   511.713919081557445001657680802690762      
   517.290844788347924477763307009655913      
   522.830160955426685570890013501117435      
   528.329883510676042816384029417025158      
   533.788179278669036600688478689830276      
   539.203356557043069833290581598857880      
   544.573855145157508543055898426690269      
   549.898238450124611467612692173476891      
   555.175185234305939209266193526085644      
   560.403483173419403553751914016450969      
   565.582021475185747366900229580156673      
   570.709785678347764641722778805683279      
   575.785851609858505417536593153577775      
   580.809379758476824044109329933355858      
   585.779611834623496512030893790620160      
   590.695864872564200954191710345657843      
   595.557528538759591215814432977955498      
   600.364059290666055212511890654114975      
   605.114979767341604183795788553336666      
   609.809871703359976533663065353232429      
   614.448377045200849224649651548048799      
   619.030190238248284323492596005652884      
   623.555060186823238904052518361797303      
   628.022784289905172595533245576889024      
   632.433207316611864277792016231103552      
   636.786219076264517507465666672296277      
   641.081751653045541034859650779909645      
   645.319778001030363347063841935734108      
   649.500309740477039754880683894533608      
   653.623394478006553585683092474452812      
   657.689115476330198133043403443975230      
   661.697588244763170953313473976112627      
   665.648961061771021077716829311442116      
   669.543410737927090064268008669993776      
   673.381143062466304995203751484193970      
   677.162390442175418556171780757835438      
   680.887411141512260969292740589553717      
   684.556487317066402880218793576005697      
   688.169923794010150153811022742965143      
   691.728047374846462633327456238981366      
   695.231205089703923593404726681013019      
   698.679763109320608048492580044822570      
   702.074105821093086421327574503973112      
   705.414634609061658953836916024264701      
   708.701766738639647895433745817589974      
   711.935934641846863439911660750648098      
   715.117584668919759829160034332884233      
   718.247176131430406195912540501219457      
   721.325180620098011856990792090257861      
   724.352081124096527281921539339412618      
   727.328370902608489494759314549149972      
   730.254552880651063327415464771197855      
   733.131138864821668789763771956774131      
   735.958648864219724735352439955867674      
   738.737610109517491275853031833199153      
   741.468556550158003697051682720186428      
   744.152028174380728600921662823026579      
   746.788570371036547696413517711878844      
   749.378733097884541626237656660907177      
   751.923070554662065966708457507552489      
   754.422140474624934683546949526393199      
   756.876503585750101700760655875906426      
   759.286723106726204226374101173227228      
   761.653364167663351175440908542531666      
   763.976993416462660034799396822774720      
   766.258178514163020881360156540510507      
   768.497487645092686743131587086500662      
   770.695489168092183302242647053678895      
