   6.91360382032448847522976250442333937      
   6.91360382032448897452856100055816334      
   6.91360382032452743201328781372421139      
   6.91360382032516444341181800517441626      
   6.91360382032990751712095167369030578      
   6.91360382035170981779288753878443744      
   6.91360382042467998402713408076665587      
   6.91360382061958405575152378646666053      
   6.91360382105548862148647511173579754      
   6.91360382188595357225433393625837007      
   6.91360382321898980157747944353426689      
   6.91360382491702757143500734896069767      
   6.91360382622650345779531223405781867      
   6.91360382520635174830138883928149768      
   6.91360381795271716762280413453971664      
   6.91360379764466192670239446384763850      
   6.91360375345689867315566049124866668      
   6.91360366939918189086452429628866714      
   6.91360352314884750493277191741104659      
   6.91360328494484748245462630783987074      
   6.91360291660997871645779655218580743      
   6.91360237076336489112861557651067224      
   6.91360159027724492776634429050467171      
   6.91360050802085180894194052954391769      
   6.91359904691867729849557322911789418      
   6.91359712033257357672687304666158937      
   6.91359463275691966321927884803062057      
   6.91359148079690526411830566905387192      
   6.91358755438277077769757989079216613      
   6.91358273815896343869702271309692396      
   6.91357691297968036486936123950315506      
   6.91356995743900844674679220815460461      
   6.91356174936640073935278015992271245      
   6.91355216722495201258940182133853252      
   6.91354109135997411150594401878852163      
   6.91352840505730670355452057182529497      
   6.91351399536173353177453938007011637      
   6.91349775376347096623698872676250337      
   6.91347957645975634708880595488847384      
   6.91345936456158229145439109240238099      
   6.91343702400156250557229672711853990      
   6.91341246526093444634080797332095533      
   6.91338560292454746066199959059501194      
   6.91335635508980539146186719447810004      
   6.91332464265686113817689050238444450      
   6.91329038852617083556785417511578834      
   6.91325351672867868435260929942352107      
   6.91321395151085130641551368701175835      
   6.91317161639509514714307014203204504      
   6.91312643323231236143483405587855706      
   6.91307832126141475149955930781374465      
   6.91302719618663916880072020385217403      
   6.91297296928229281409486953490057100      
   6.91291554653062584734041976460628369      
   6.91285482779741844245022582838900269      
   6.91279070604809062880426213108949794      
   6.91272306660428382628263470243820575      
   6.91265178644190055753197414735454972      
   6.91257673352700596661336276352672315      
   6.91249776619111462570257534095293672      
   6.91241473253713407289357517623463831      
   6.91232746987993645951063043217976415      
   6.91223580421071120402666535641613618      
   6.91213954968820301487690389273579660      
   6.91203850815040092615146253353657574      
   6.91193246863658484700808005349297482      
   6.91182120693145835616279022356160891      
   6.91170448510863831433692401073380197      
   6.91158205108783990338406340107993169      
   6.91145363819373958160214120839155188      
   6.91131896470114168010476665496707603      
   6.91117773341595279975465766382817538      
   6.91102963118746296459591405443154428      
   6.91087432847765771841228005032202089      
   6.91071147886897813892419499106970752      
   6.91054071859836330604674933088477871      
   6.91036166603773605967072575006028235      
   6.91017392118115500498392428638863928      
   6.90997706511758646087855721536596985      
   6.90977065947421598133611001097428364      
   6.90955424583909332212501871529641662      
   6.90932734514700672907182377410830302      
   6.90908945701003050386264920272591145      
   6.90884005910146059158282368586398295      
   6.90857860643471279517591666526195009      
   6.90830453065125747882263730249048453      
   6.90801723923360594549600547153899197      
   6.90771611478021483842855485434083813      
   6.90740051397981284572959071580217071      
   6.90706976702924185729451943414133838      
   6.90672317631142273497320989714311012      
   6.90636001567861257108143043437191636      
   6.90597952943179464636945160640216816      
   6.90558093116785611168556943755649260      
   6.90516340264210595240250971952365592      
   6.90472609255154719436666518365029292      
   6.90426811524673923132278793899656731      
   6.90378854950305360186601215327997939      
   6.90328643696983809444247166678554537      
   6.90276078108394635469487494869485930      
   6.90221054522235818865144484203219815      
   6.90163465085212112215460834447669082      
   6.90103197612201921072038313019199584      
   6.90040135410304066146290989150632150      
   6.89974157127841558980159772391621174      
   6.89905136445513903759780463345333507      
   6.89832941918798808908773724614710160      
   6.89757436882531311813956433210207486      
   6.89678479021214480193865221814163002      
   6.89595920198481087913860457363677120      
   6.89509606291151343337398857858701261      
   6.89419376844573574753938777790029799      
   6.89325064728257749976380211067989231      
   6.89226496050335713257316330118556959      
   6.89123489544617446743874520309088403      
   6.89015856604229986669210171840284995      
   6.88903400572702663052377176942245649      
   6.88785916713864046528788463727933328      
   6.88663191683168603706367839556855821      
   6.88535003095103704289668791229156463      
   6.88401119253572731556167948911296023      
   6.88261298609175214596202563024572620      
   6.88115289329582050932136741310376932      
   6.87962828956090486843869770500983238      
   6.87803643821601003899856573059780024      
   6.87637448432183506501631565785621536      
   6.87463945217251837416285933315258161      
   6.87282823753708052064453700647602881      
   6.87093760259704147029206829096831416      
   6.86896417065067273767996250361626078      
   6.86690441934559845087626725271142359      
   6.86475467384679858821847819877546118      
   6.86251110161050755772150789353133810      
   6.86016970385956656588333316515138859      
   6.85772630990079012958265557741189459      
   6.85517656913137666586466971357159856      
   6.85251594471022901214099900033946701      
   6.84973970325599904626381182601113099      
   6.84684290851134266578173303275790517      
   6.84382041634572960729790094770357937      
   6.84066686126046651063661326893021534      
   6.83737665065101244305162755478490636      
   6.83394395754015037246379650646220695      
   6.83036271130459728903854306296856774      
   6.82662658863190383472930275416266033      
   6.82272900763672961640228623890543470      
   6.81866311784081151226795974319648439      
   6.81442179493163683008239085014929336      
   6.80999763232296344314077007291093910      
   6.80538293621468255939764321282284618      
   6.80056971966110456778934367767510623      
   6.79554969899451114344018758219624358      
   6.79031429167604905548747731462078354      
   6.78485461511461690225423485477630528      
   6.77916148812967937500839523399483782      
   6.77322543709634612521314214543329647      
   6.76703670236648660663725724421282659      
   6.76058524889195944835462001001321803      
   6.75386078443065189195768158217196486      
   6.74685278124858240555535350264808221      
   6.73955050254960975685141399872991320      
   6.73194304027570725707209164806474311      
   6.72401935087007586927880750973603777      
   6.71576831802753491062392701540913237      
   6.70717879903247131791091060853752668      
   6.69823969589858142942198549226388406      
   6.68894003010221945003168270894515576      
   6.67926901644473498742521338387392764      
   6.66921613699123599020440504319854957      
   6.65877121864429440455054864422045382      
   6.64792448356845034833396668413799493      
   6.63666659493079778598933937002052204      
   6.62498866355801675054984480562667808      
   6.61288221007531057229010904179625441      
   6.60033909046889843781267047217338323      
   6.58735135792771409143246635820437596      
   6.57391107775278985531121738949999963      
   6.56001008678072738794692638096302126      
   6.54563972682461204979234309237170326      
   6.53079056097200063508331504314566506      
   6.51545210914050666699802352914098852      
   6.49961261494784314919639139121060937      
   6.48325887331061852931593552557318039      
   6.46637612390247938566952670510563012      
   6.44894801707906406891864488103592173      
   6.43095664895787952914163757321142221      
   6.41238265226303747592515205177190490      
   6.39320533572383146370860233880552984      
   6.37340285555519264288421782729606160      
   6.35295240487359790481439195144708657      
   6.33183041354545914028045415150237178      
   6.31001274446699179494000392813384102      
   6.28747488045737701683058278801550274      
   6.26419209836406724580238756134415994      
   6.24013962255160745287993150818308804      
   6.21529275986696141485248300345173521      
   6.18962701335906862756016325881422137      
   6.16311817602598504667369777120979673      
   6.13574240593997370268250893975486721      
   6.10747628307639427997544890266337150      
   6.07829685203380412947756026971641410      
   6.04818165032354551002742485519093080      
   6.01710872531943081843099034071063696      
   5.98505664158325038386478103741025579      
   5.95200448007666873169257081313303507      
   5.91793183063934031783718218171094425      
   5.88281877942054148405083825290229187      
   5.84664589219390347621979012449557835      
   5.80939419447960837396656256637462651      
   5.77104514966222117077032250749619401      
   5.73158063543934203987379985522994263      
   5.69098291941212743887735125696497306      
   5.64923463426727535623439450077018664      
   5.60631875292499072817688505210854758      
   5.56221856403468422000531685266611325      
   5.51691764784877585316476441508161992      
   5.47039985304133258944109694151860543      
   5.42264927417069228693538794497840726      
   5.37365023026508602507782267129275601      
   5.32338724434078073960018704043733315      
   5.27184502399921191321721094793208343      
   5.21900844312245960336826248088401928      
   5.16486252455503217826281205410845108      
   5.10939242397322113046391979813450585      
   5.05258341462741011247324657707584117      
   4.99442087316092656131774882009763118      
   4.93489026636616716994911297348698886      
   4.87397713881843305475807311041067071      
   4.81166710135549264716749985958671716      
   4.74794582045764295003164558975630740      
   4.68279900821539124164887768527870421      
   4.61621241315811705037822126978986939      
   4.54817181174342432464612106112615355      
   4.47866300038376869264929845086773349      
   4.40767178809285296880414396455436145      
   4.33518398969005735586866070126274093      
   4.26118541952646662441375838359118592      
   4.18566188555735589566938170062165622      
   4.10859918407138200621424363963851104      
   4.02998309457705693406468725858262691      
   3.94979937515120976742741529433659438      
   3.86803375825460799615326125336554484      
   3.78467194667617716679684430244734295      
   3.69969960986755697280157134101801790      
   3.61310238050133219549848511984989893      
   3.52486585138926562418614375312174331      
   3.43497557247185107567927423613648025      
   3.34341704815555441831444324908374066      
   3.25017573479176749298704095957551958      
   3.15523703827962735692756380301040635      
   3.05858631204964882533646148248967706      
   2.96020885487070543536920488926394387      
   2.86008990913977961464976085251585232      
   2.75821465909370796715631597009274331      
   2.65456822912988761899038331307208234      
   2.54913568263140944302033871464923063      
   2.44190202012403753616006917045564175      
   2.33285217836214494555793245999575460      
   2.22197102894424222345424088966929521      
   2.10924337734494050766890057704623008      
   1.99465396178892131167227303808230471      
   1.87818745234704771730693761489106700      
   1.75982845008615760119695538781740315      
   1.63956148616175741758175091099692650      
   1.51737102118510717133176307856492566      
   1.39324144438606951312241832094077540      
   1.26715707310292046443834907842880105      
   1.13910215205161091362685540197510753      
   1.00906085287847324468773060984157140      
  0.877017273551983485609389503563548187      
  0.742955437971271836539186903253668514      
  0.606859295469155353447825036147171704      
  0.468712720427429671019517135789133604      
  0.328499511905871984904315960244237268      
  0.186203393306418623038115749550533023      
   4.18080120555607436683241584363501693E-0002
 -0.104703060716882772560335010993140214      
 -0.253346330369092568177314269713046786      
 -0.404138379053673025785739408628030409      
 -0.557095865898247958138855050267079983      
 -0.712235527217646928519652697658581779      
 -0.869574176694823505242363823023633440      
  -1.02912870551220307564163634420414299      
  -1.19091608251972131686495321700045825      
  -1.35495335437154019740838998380823839      
  -1.52125764560542872477977814211974680      
  -1.68984615874582596537764015164558630      
  -1.86073617441298166268852290335733576      
  -2.03394505135468005649569423561872094      
  -2.20949022655359714185442758321487046      
  -2.38738921521323317036620283288167764      
  -2.56765961083877680497863780133626043      
  -2.75031908524604582632620093333933997      
  -2.93538538857679810309420766385356870      
  -3.12287634930915179999290607850641122      
  -3.31280987425569816153024874704733427      
  -3.50520394854335521115070197722352583      
  -3.70007663561100845943836157837059480      
  -3.89744607716785631985841280409991092      
  -4.09733049317427902533829239684331018      
