   6.91360382032448847522976250442333937      
   6.91360382032448897452856100055816334      
   6.91360382032452743201328781372420908      
   6.91360382032516444341181800519020195      
   6.91360382032990751712095170087933211      
   6.91360382035170981779289183518753299      
   6.91360382042467998402730538437514080      
   6.91360382061958405575439078380693214      
   6.91360382105548862151324566226878989      
   6.91360382188595357242000963404824171      
   6.91360382321898980234022133435824963      
   6.91360382491702757164334742073962098      
   6.91360382622650346139913305069313230      
   6.91360382520635179018286342274235000      
   6.91360381795271752376969247556203734      
   6.91360379764466427496389062042491809      
   6.91360375345691122395577409069998739      
   6.91360366939923818091789108327240242      
   6.91360352314906522598768666307041019      
   6.91360328494558976088148614437181450      
   6.91360291661224932233872190652745961      
   6.91360237076968777683488716764873605      
   6.91360159029346640340146875810880059      
   6.91360050805957804932428611826247554      
   6.91359904700543510799440772689867683      
   6.91359712051626633844145866096223124      
   6.91359463312674356847070526618108616      
   6.91359148150858618154502955673399140      
   6.91358755569776607093957655687097574      
   6.91358274050112574388112740330100101      
   6.91357691701478322135463282807209942      
   6.91356996418346481889023410519217810      
   6.91356176033244510546214361671310524      
   6.91355218461049758911649066388041795      
   6.91354111829227914669480967244266127      
   6.91352844590049406482328396505678020      
   6.91351405612105986337813095259809722      
   6.91349784249687820074427581217657025      
   6.91347970389759950325352128621893139      
   6.91345954477220411482419720116131711      
   6.91343727519965518988830526754845811      
   6.91341281075843070433573549480824148      
   6.91338607224001638188187347505017736      
   6.91335698523334393946775002083153029      
   6.91332547960795720437100803424501689      
   6.91329148892303066376761171530998372      
   6.91325494978769788380826668099782524      
   6.91321580119579580285698965010571473      
   6.91317398385549282174765209323781354      
   6.91312943953121616380243696846262972      
   6.91308211041199160099327163368727831      
   6.91303193851765457359024861603905232      
   6.91297886515134272742480426150368097      
   6.91292283040386968457852402646181496      
   6.91286377271369287041331143682355751      
   6.91280162848370665842396173181994559      
   6.91273633174158044603271353403676474      
   6.91266781391567244802908844108538516      
   6.91259600354784982862831087087059574      
   6.91252082616316192480509471414375632      
   6.91244220413084603613703950590478383      
   6.91236005657376569401734662619379743      
   6.91227429931079264465446924111068318      
   6.91218484482672167295744363674065262      
   6.91209160226469386564021541503003506      
   6.91199447743459642048448200164188086      
   6.91189337283415345367306738440203464      
   6.91178818767556842405933229143095966      
   6.91167881791510273232742712578413769      
   6.91156515628040900170341337119880278      
   6.91144709229050446840146467354466600      
   6.91132451226748342150546505201844252      
   6.91119729933431946605678728794416947      
   6.91106533339636392011773591839843064      
   6.91092849110555416828599553003175205      
   6.91078664580271120576735098101145004      
   6.91063966743600978871738461207059279      
   6.91048742245786866642038835536052903      
   6.91032977369400953207962979291202478      
   6.91016658018677666855638061039708134      
   6.90999769701341144006755303623253017      
   6.90982297506884356622854086303716269      
   6.90964226082290338777861167797466436      
   6.90945539604450071430302653929924713      
   6.90926221750604396789093716543641833      
   6.90906255664574033136338138648551513      
   6.90885623920881562176888280052292593      
   6.90864308484643370021343377939298955      
   6.90842290670519917664582997129148040      
   6.90819551095920667034052690102270062      
   6.90796069631305065634320796967412513      
   6.90771825349954337233616500401212764      
   6.90746796472458595931478276027440914      
   6.90720960308626120001778547282182308      
   6.90694293198148533104793178099168742      
   6.90666770445001248765285346385673979      
   6.90638366244774826056421673379234840      
   6.90609053619275578084149796622978530      
   6.90578804340083808415989103281123136      
   6.90547588852276460190011823730819129      
   6.90515376189298568346883479063173136      
   6.90482133891935431057335691437521085      
   6.90447827919964908351485807186595178      
   6.90412422551599553354156088791643173      
   6.90375880291904174275715143874649601      
   6.90338161772586338454037968388340371      
   6.90299225653558805495228305002742432      
   6.90259028499634476071458573504168959      
   6.90217524665972282055575842455776870      
   6.90174666188685715936049501249595072      
   6.90130402672977381593742414440689257      
   6.90084681126781798086587863491775468      
   6.90037445842536282012488183172078253      
   6.89988638274559431474193509761065000      
   6.89938196877767060156249949285598302      
   6.89886056904278767928620708562892873      
   6.89832150362602434759101547386991382      
   6.89776405733931817243531608772150000      
   6.89718747815711380419805028904118956      
   6.89659097587437944106841843927967765      
   6.89597371989515571867098649245809635      
   6.89533483685120865796648526271391197      
   6.89467340903987924340855670211572052      
   6.89398847193242983944207430597298674      
   6.89327901164440834163699793385290313      
   6.89254396302190584115792808979276092      
   6.89178220615471975172715504620016605      
   6.89099256481420796445571328910473376      
   6.89017380235240669568056601487448968      
   6.88932461997743221267180904329358747      
   6.88844365217316283285641644412753715      
   6.88752946469350262084974262973893795      
   6.88658055003541976902211221693831281      
   6.88559532421220075996090185068963331      
   6.88457212299340104375620104123467516      
   6.88350919682993782828369360718021634      
   6.88240470763112606985028126621988518      
   6.88125672355406716304510813765341959      
   6.88006321387820839305831175509590898      
   6.87882204427315843044072936498156641      
   6.87753097077767487140833976176707899      
   6.87618763436904728788244902915040098      
   6.87478955471098750578149694163578359      
   6.87333412322094588701245806934334498      
   6.87181859676284180227229558772953203      
   6.87024008909063625904819078635501290      
   6.86859556420462485737026465083374463      
   6.86688182721951764947944011326828186      
   6.86509551505033979002721131494343826      
   6.86323308774698135684226795220797709      
   6.86129081836039407187891163139450273      
   6.85926478099677059694112476884922701      
   6.85715084002600301056500079754395378      
   6.85494463771935566252339683470629486      
   6.85264158103421999371255392434864192      
   6.85023682714256793427711267778958996      
   6.84772526919142312950760365024290755      
   6.84510151900691499113465003824904391      
   6.84235989125116923239388089682178403      
   6.83949438426774016599831620207095205      
   6.83649865997429599118834452598746224      
   6.83336602399835940266328942929451125      
   6.83008940229879245393954857319970419      
   6.82666131778717429134540465747902835      
   6.82307386395667720063006731419330706      
   6.81931867881082880542142935736558995      
   6.81538691470213396549666525874858041      
   6.81126920775979554452848408899774804      
   6.80695564486115460405552022754810237      
   6.80243573003067841485730340041580912      
   6.79769834626015138198583754138012214      
   6.79273171843715507399856536026963067      
   6.78752337178861714484631478736782402      
   6.78206009230626864800206918669129250      
   6.77632788170956877795549409494755765      
   6.77031191480251191313602656586407236      
   6.76399649418644798860441657119502388      
   6.75736500911607982487886651976016806      
   6.75039989083427895375975467620427318      
   6.74308257443721363973659561368648030      
   6.73539346385565623578014445273304819      
   6.72731190235649474456251357745310170      
   6.71881615280153439227336475958494382      
   6.70988338690923918721434367656352596      
   6.70048969147040290390168814452245824      
   6.69061008839730832042207167789585065      
   6.68021857800216081800262194084863284      
   6.66928820296020943546234177018208441      
   6.65779114321903347980995363566563414      
   6.64569882993307820479579494287573681      
   6.63298209633806325741884660257227865      
   6.61961134732377308004976374177972995      
   6.60555675239821441573460141452532372      
   6.59078845341156758149793685266567157      
   6.57527677372221227981214337027835739      
   6.55899241966798089428817686444968674      
   6.54190666304055976519422747077294515      
   6.52399148864310042795593987297892000      
   6.50521970421762793895547393707750613      
   6.48556499875109230106479400744735373      
   6.46500196736878186453784697559494591      
   6.44350607956999578941690717548183403      
   6.42105363392021570353462165421742428      
   6.39762168189174231179824623317440945      
   6.37318796807161762932609297640151585      
   6.34773085573512747497687542603194443      
   6.32122927419508234359372822631775081      
   6.29366268419027396695276072370360838      
   6.26501105354742078740511015683596872      
   6.23525484868890582059886291844933088      
   6.20437503201522583284667589440039350      
   6.17235306334550922841012436585119372      
   6.13917089821445058837483322296157627      
   6.10481098540278838488774719250752647      
   6.06925625587981188206417640099212773      
   6.03249010750017863568897751797701104      
   5.99449638369881744011709014168356818      
   5.95525934728754406100309497547854349      
   5.91476365054468320770012838353054811      
   5.87299430317048720162001196784210449      
   5.82993663860996082859832006703639677      
   5.78557628031919658010329804916220493      
   5.73989910832530670811385462938156249      
   5.69289122683314697501082910993243477      
   5.64453893388844140204684640286197259      
   5.59482869240276761056075702139333281      
   5.54374710350368750216273251310681110      
   5.49128088188189886561327775140354908      
   5.43741683343213715164972654552294582      
   5.38214183493278809966264848967441495      
   5.32544281565350264062906018890919117      
   5.26730674086682848537608718464457462      
   5.20772059706270171653431468232091559      
   5.14667137887168173615620139332695832      
   5.08414607726037378769115417415141974      
   5.02013166915169648894524708567485007      
   4.95461510821753290844577581402348907      
   4.88758331659037130005189462685662234      
   4.81902317786843355687497466030453231      
   4.74892153053449188542279304848691296      
   4.67726516235759354264571083687390778      
   4.60404080548689397815521032610818296      
   4.52923513203141774699826154123701294      
   4.45283475018901198364560020853714424      
   4.37482620085837369292685436632505892      
   4.29519595469082420558686716446522316      
   4.21393040943698740891261773044656080      
   4.13101588764221758062690030341670561      
   4.04643863465013652818146653946317576      
   3.96018481683595783650765977754938923      
   3.87224052005897037938619618463354649      
   3.78259174832426799375372298378160953      
   3.69122442260648676331717036877606022      
   3.59812437987500829286341051883468344      
   3.50327737217967234560554542124838920      
   3.40666906592212167779854339208193169      
   3.30828504120853261780285133237253976      
   3.20811079133466301202737059093807726      
   3.10613172228296101606272575707509807      
   3.00233315238129617671394551812531073      
   2.89670031198065661842750337446172807      
   2.78921834320940493308903563905093601      
   2.67987229976983456222797911984896099      
   2.56864714679997157150684029786900413      
   2.45552776077513348716612275913697494      
   2.34049892943753743951767370255113465      
   2.22354535176154623381184208458810922      
   2.10465163797281080037358518205159128      
   1.98380230956153655176082309490246081      
   1.86098179934287302664961862773669407      
   1.73617445152937061831632854442409580      
   1.60936452182921696198060411273975076      
   1.48053617755266646598618435196773768      
   1.34967349775627808160802364417152000      
   1.21676047335429864168658837477888310      
   1.08178100729559651477408153844525759      
  0.944718914723909241886260269915743504      
  0.805557923146965843015628193548177060      
  0.664281672623455896609589982027364056      
  0.520873715948265425914344286377078660      
  0.375317518853719165404734554509388756      
  0.227596460204484433717883465229611495      
   7.76938322185697713786967629381491210E-0002
  -7.44071593444098149413961330384271387E-0002
 -0.228723394938732917694792412055908611      
 -0.385271841040654427262215666413439136      
 -0.544069549914427625111992929108380620      
 -0.705133659376708300196074079951993855      
 -0.868481392607123303311021613531414796      
  -1.03413005787874360722517004211453346      
  -1.20209704835626826060867596189146211      
  -1.37239984186482737824420957132344232      
  -1.54505600064244418455932107560227870      
  -1.72008317112914149026989880579441153      
  -1.89749908372648168384846492849538255      
  -2.07732155256349987231987040747496134      
  -2.25956847527820210306368600056312301      
  -2.44425783277011524432890199692859000      
  -2.63140768897925389885063833884740704      
  -2.82103619065493505497457121633855753      
