   482.989325850007905336203016426942572      
   482.989325850023373366427372730507558      
   482.989325850584957797292430936243272      
   482.989325856041768605215061144866079      
   482.989325882847423282309279424897547      
   482.989325962960785244021849160606783      
   482.989325964476093696759484138257797      
   482.989323864525929936994734296421988      
   482.989307845718907337074116569896646      
   482.989234833847240449175559060064824      
   482.988991236150626922968579924529327      
   482.988340379049838606509535616557171      
   482.986868768962184668559888565864795      
   482.983944750559988253556953245717462      
   482.978698897441236615197150169030226      
   482.970029026180321578750781864455984      
   482.956627168204540259102344034128303      
   482.937022552929366484169096413765644      
   482.909633636519567529447647934762755      
   482.872822783059253824738965293541954      
   482.824948603730406279054886388797417      
   482.764412590542415045076214032334050      
   482.689698179833084042273877478417378      
   482.599401575025841571637485011959541      
   482.492254505043028718815989973842698      
   482.367139624049797685025765841200344      
   482.223099532109288624222249153987412      
   482.059340484737702956125731068084849      
   481.875231826236642018467025569009372      
   481.670302079108130662933864408021404      
   481.444232488380961097469886058189489      
   481.196848681322276154421333290892979      
   480.928110975396732882023933292329356      
   480.638103758233500782077899474682359      
   480.327024275028660863668788871437775      
   479.995171090114222669173203196929543      
   479.642932437428100339807767560531839      
   479.270774635692151065106910033551746      
   478.879230714752019854548379048272859      
   478.468889376628533655138439650633437      
   478.040384396076849411665985295289944      
   477.594384548996267246013641043350173      
   477.131584141975834137098329707491332      
   476.652694201749913396617774911757606      
   476.158434369359244850629514775123537      
   475.649525530130253346224082613013083      
   475.126683197558909033992228490566268      
   474.590611656804067022670553389207098      
   474.041998856517614309263419136450468      
   473.481512065045733704843948349276969      
   472.909794189667694069050643303816113      
   472.327460823781873919717519515052946      
   471.735097912988111563440547179916887      
   471.133260023261003641434347911677141      
   470.522469159504249784659838742645324      
   469.903214084738321705016816317993747      
   469.275950088899983756099813888561156      
   468.641099156011907644621888741499659      
   467.999050479069922669806792124886653      
   467.350161273333757599723467201297865      
   466.694757840725817202328875263755684      
   466.033136840339047313738294473186095      
   465.365566723106861912441269366100287      
   464.692289291666262999410325540706567      
   464.013521349615227573568359108518333      
   463.329456407824792009490114784390163      
   462.640266419097160662117346977818816      
   461.946103515584625865776277781844629      
   461.247101726276165317791697845610848      
   460.543378656120337632393314294658109      
   459.835037110207291748589330176777440      
   459.122166649823082623666091926303722      
   458.404845069805180003333886764214416      
   457.683139788823277301030888595593429      
   456.957109146389465579162312075298160      
   456.226803602903775920895857732824523      
   455.492266839851336327861084156111118      
   454.753536759055884368106372669991878      
   454.010646382646891483379780330478819      
   453.263624654623245804119148497617850      
   452.512497145062806351233652806050976      
   451.757286663198403029617755258794241      
   450.998013782248660173485756276164065      
   450.234697276157869720246578761581528      
   449.467354485327966162472875449335405      
   448.696001596510257243957068574244549      
   447.920653863930388223876855321151227      
   447.141325757959702078734349933383637      
   446.358031062834630763675027871668572      
   445.570782913408582133757193693803146      
   444.779593787856580402627584941958582      
   443.984475456142960633866750588729696      
   443.185438885511008285138216102089919      
   442.382494111389704772674089025259190      
   441.575650091547754009248265997005533      
   440.764914499536624215256981116676203      
   439.950293540374935529052087028119469      
   439.131791700785091804967543115708916      
   438.309411516964623962512482227686015      
   437.483153306196086067280677573491891      
   436.653014889488392968248877518339139      
   435.818991326310769888688698723934687      
   434.981074594027554819144227738898374      
   434.139253316702060575759320749192804      
   433.293512440793822548287212422251173      
   432.443832938912732871364997478734343      
   431.590191461708770924147129141537910      
   430.732560137121203000011567369575545      
   429.870906092938839889207377240391563      
   429.005191253216485948599851922972134      
   428.135371958865637737021632412312316      
   427.261398694318290994709667684228927      
   426.383215736913918218882536286223976      
   425.500760822133685901206679727736881      
   424.613964845617605829751954503417854      
   423.722751517486991342700053498629156      
   422.827037039287430180948154901138482      
   421.926729735933723473539163410343943      
   421.021729756193491784251323290125590      
   420.111928731128901551495858249441564      
   419.197209385587324730364081299351928      
   418.277445172553144292207262275425429      
   417.352499945406156675305041299250263      
   416.422227559781090497360152247210979      
   415.486471499181354018482586455752736      
   414.545064436759354739693231690690167      
   413.597827859073908394712739988353362      
   412.644571666545835667095111023672123      
   411.685093587658836080448474614455173      
   410.719178925764293367781366391800996      
   409.746599887695758732676231451552730      
   408.767115231963289465378081204461954      
   407.780469655515809391591641175032298      
   406.786393265230131985499882019328475      
   405.784601012746613934413896502659942      
   404.774792148066965187411507136822699      
   403.756649504195162871284873023063100      
   402.729838952810745286601060761927897      
   401.694008524408439876969279415204028      
   400.648788145994441921018107425736817      
   399.593788369581200042340161152262054      
   398.528599885369194780456361818255048      
   397.452792676791282189957426836409596      
   396.365915188881933911552174501078414      
   395.267493504327666134487818088882239      
   394.157030424776043312441673524207205      
   393.034004584340653497764215164880449      
   391.897869540109427858205217137105570      
   390.748052881664933000224393550253311      
   389.583955181084556642875125677457509      
   388.404949259730278656951132207622444      
   387.210379283990878437497130266030511      
   385.999559756401380231965089596706555      
   384.771775029157314648238145357496568      
   383.526278513013387779700533001174594      
   382.262292209531972585034038914393397      
   380.979006325628992481099610172598788      
   379.675579595837436014237940597447067      
   378.351139262179887597591124302858195      
   377.004781930315512553571556631554445      
   375.635574940501122243400184914069673      
   374.242558311205781287296686541641052      
   372.824748540014461772717724482579181      
   371.381141184148640429417758569852405      
   369.910717839500091160078731018712864      
   368.412452843990405276205368723749758      
   366.885322977602159830282888426100768      
   365.328320074867460055177200241744768      
   363.740466599828480451750345858360151      
   362.120836054154178016580901362161874      
   360.468578087596514448302830952850428      
   358.782950214851862487806138600207945      
   357.063357676638622227772640615151336      
   355.309402455978372384218915766149046      
   353.520943825517365474940791199150319      
   351.698172533740287737984750456455429      
   349.841701835895160385265864253599022      
   347.952676353813859906217781013579065      
   346.032904194408884671699612516448752      
   344.085013899451197147696938971869632      
   342.112629973735256773103239106450094      
   340.120607760934765775367509077855367      
   338.115238723656537116715110339512877      
   336.104535397362894854818872301047645      
   334.098505904406623042102080434752743      
   332.109436735869522296598018570216637      
   330.152159936632729171536125180090080      
   328.244273494188502634880839659648595      
   326.406279375115359644181831029066369      
   324.661593986223304624595177704126939      
   323.036383714962135782816295841377390      
   321.559180707360999835215230986894211      
   320.260250383879847766699211182926290      
   319.170706367027056106426370905071988      
   318.321405428276027411798607895055270      
   317.741697581246867073045902807199133      
   317.458143600739671983314627316815186      
   317.493334532997503376108423442759890      
   317.864944357004317918834053735259155      
   318.585116919519896615274115300898507      
   319.660236934060324683549920375697423      
   321.091076467953283700762263136253541      
   322.873258412424042923372318298628921      
   324.997945395463836398863530357094423      
   327.452654817179874083546627113552306      
   330.222105837557981820301062244563213      
   333.289031633305007587177010671802065      
   336.634901626382038072534037161202853      
   340.240537928739996341634688696860200      
   344.086611087888151968046956402281630      
   348.154026195766894380864565783369725      
   352.424206354584347686704259034109853      
   356.879292555202359785787358548547750      
   361.502274617374737501426321895339307      
   366.277067368902690616350051642960299      
   371.188545344605922034127737004709463      
   376.222549068327590189260800783667262      
   381.365865051227463473700984973774208      
   386.606195475257456590082254775089617      
   391.932116405054623719538871467653136      
   397.333028844573568535432841985286883      
   402.799108776237296355409404178180256      
   408.321255874876995233939027366000313      
   413.891042079132797471210835710131516      
   419.500663136740798806218950191524927      
   425.142890874933257155314549680481468      
   430.811029463087556451619137247427348      
   436.498873998893779642258202883380539      
   442.200672181367049873778901770107686      
   447.911088057649977072060096996190790      
   453.625169858227722048039116941439193      
   459.338320872496266391834484947526695      
   465.046269431783998339152308557318691      
   470.745045978197966477394550963748348      
   476.430958830535590593594093187120757      
   482.100573836078542260107750477961356      
   487.750694912189001327402626765679182      
   493.378346818496501100146646652126168      
   498.980759005745995100364399016819862      
   504.555351141021194336010228717572075      
   510.099720134848004166059754625271021      
   515.611628005447016023851299850229928      
   521.088990761772071070125490483790676      
   526.529868335096575900885056979658180      
   531.932455528181248769190363286824263      
   537.295073719865696739453750616350677      
   542.616162985736726758906141030094433      
   547.894274728607591599457209060480748      
   553.128065862785011371178180500027182      
   558.316292345716053741844231457203507      
   563.457804131546264688544901643585516      
   568.551539389921915163326679599007740      
   573.596520568042252599708897010273431      
   578.591849341422635723365755737897816      
   583.536703299405326365803337931493068      
   588.430331551118106624560071237231090      
   593.272051508167654155016672318741465      
   598.061245778686180927488294413164733      
   602.797358841283255475738553201395111      
   607.479894036120147552636225838441614      
   612.108411389476070603796029665330410      
   616.682524516469232182326017370893910      
   621.201898410501028919395968490420310      
   625.666247466208614396440019469806239      
   630.075332674263834295792014648637794      
   634.428960204832321074968253670850812      
   638.726978461751311179920657350136871      
   642.969278510354407600221785049458759      
   647.155789040039233718952467239017331      
   651.286476887245317665752457481564979      
   655.361344794924615438696988301381287      
   659.380429672522999626662297065529294      
   663.343801377279250914150056890169336      
   667.251560905518224765020835011146398      
   671.103839164163349269529903263006602      
   674.900795594573145826113908046201521      
   678.642616872617152945747964572631087      
   682.329515422915041596597311327601259      
   685.961728379396988405515809803045300      
   689.539516339982814389076165559187424      
   693.063162174122178653991742475217126      
   696.532969820110729066900914148696905      
   699.949263323103976494516028519179523      
   703.312385650094364153441799530422772      
   706.622697739987317663593227726165283      
   709.880577437337469095478420949718040      
   713.086418604921311523878956429148869      
   716.240630009296093129101369450866787      
   719.343634602132978288801416297385428      
   722.395868487852908938126627768001430      
   725.397780160882257945137763113316196      
   728.349829580063373765167235947830044      
   731.252487461005566611756913296237076      
   734.106234368343250298724401427769408      
   736.911560075473552103861708445189649      
   739.668962737480009149858971627933492      
   742.378948274197501889379930413988955      
   745.042029566413428805318447213724280      
   747.658725943661214646458963806188403      
   750.229562403329942129983295695777743      
