   305.833180578490118847143771537581802      
   305.833180575208522449485551403157112      
   305.833180532679864089517132468032889      
   305.833180317601823404850585586757474      
   305.833179632578655134427431715258762      
   305.833177969418442227807420749188282      
   305.833174579803515330158519140984232      
   305.833168436153001172844363907632555      
   305.833158097978758591430135648286307      
   305.833141312165118130353753463206939      
   305.833114153098472689962828609772669      
   305.833069624316697219797275747362340      
   305.832995839663005090188274629522435      
   305.832874054758595665848600659378570      
   305.832676856971740475031622731620695      
   305.832366754854888295006758499939803      
   305.831895290162528475289430952843699      
   305.831202679432713945481246800616822      
   305.830217908119526294673151497467517      
   305.828859156710635807210875618338465      
   305.827034429542725522598412892801322      
   305.824642271929304807548945640493752      
   305.821572488500606659552708624382331      
   305.817706806606996696575459701706457      
   305.812919457621736920574329311838175      
   305.807077672958860907805039836913624      
   305.800042109409329841261790309434245      
   305.791667229894579625902732079662676      
   305.781801671542029808885449103630567      
   305.770288633918431236280916342333206      
   305.756966317405072373965621703967984      
   305.741668436092061528225176281371236      
   305.724224822255907041649714182477593      
   305.704462131411461300611185597827289      
   305.682204648904518250465060930535400      
   305.657275191651203333952959275075530      
   305.629496092417391760011894224125038      
   305.598690249191094524674444892162546      
   305.564682218878427716259600026822081      
   305.527299332689709950799191562150934      
   305.486372810071131362627810807970087      
   305.441738848663660198502452621328454      
   305.393239669347571336837460038925359      
   305.340724497653836990742287403927801      
   305.284050465539706567580899512874301      
   305.223083420482653935376046332929629      
   305.157698631901179000001416372995778      
   305.087781387871868904498822065373601      
   305.013227470659976461677769987129670      
   304.933943551174255244842890605372422      
   304.849847403704758955619218261248320      
   304.760868070214274070142274267852063      
   304.666945887745224813921516120642509      
   304.568032419548266151184558781033168      
   304.464090291242221368583900022259380      
   304.355092939677692648679707259965497      
   304.241024282694737655158230309110592      
   304.121878318394404233312460906336214      
   303.997658662553581377188442512934335      
   303.868378033055112877804210267459319      
   303.734057689559224824468557148580605      
   303.594726837033979405478649612348171      
   303.450422000788093336037428736560339      
   303.301186380586216241066653640163586      
   303.147069190952902705754554248669199      
   302.988124993489625598489859262151589      
   302.824413028148727077421316278348955      
   302.655996547473812033525199288816005      
   302.482942159686248632227028291895368      
   302.305319184306739880120238837706268      
   302.123199023216425378468815166006418      
   301.936654551745769757638893165100573      
   301.745759530972761217904195193528936      
   301.550588043485460548970164114490404      
   301.351213955303584511441847244401169      
   301.147710403452951559705890185032627      
   300.940149310172979059825586122287815      
   300.728600926325302820014936807694677      
   300.513133401213268596880215810599436      
   300.293812380649844318500032479876447      
   300.070700633476789659504121044603375      
   299.843857700461236297092010565961436      
   299.613339570882313522148947491218053      
   299.379198381098852151004092420277093      
   299.141482144639077838078567206792730      
   298.900234492024773706423846073567735      
   298.655494441375254669478142628483599      
   298.407296180490249637747972376489550      
   298.155668876816648016194025732636985      
   297.900636489191550155638981376804976      
   297.642217597030787875642561776405035      
   297.380425253587619357079319041525931      
   297.115266841956087311378902177719661      
   296.846743942653294467440141982904670      
   296.574852217570519082973952987099871      
   296.299581282955574490793460290629632      
   296.020914579238472632871820062665775      
   295.738829285157473944296900696565765      
   295.453296208418444207913462728489232      
   295.164279675652502447965246635645505      
   294.871737423918418791207073725139676      
   294.575620504509149219700257741993021      
   294.275873174672951709683153837360649      
   293.972432743575902306122448231092366      
   293.665229471291793018295622518323419      
   293.354186476619690748582901067008311      
   293.039219570916751725418714086028978      
   292.720237160774272376791415297893202      
   292.397139943592726013874760802671213      
   292.069820940475377290147926146249299      
   291.738165263207756370343729261222448      
   291.402049753655112145855325410009362      
   291.061342965549570453312658813340334      
   290.715905025048911791472894702966436      
   290.365587035407961691997177363422633      
   290.010231104803157366624929901341556      
   289.649670148108378900018621689744736      
   289.283727277284634162733639964793311      
   288.912215546131749451586114558735192      
   288.534937976019588759096052151641850      
   288.151686581570988067951250801517736      
   287.762242518761885959875246430502879      
   287.366375250973715963958408376769931      
   286.963842305333596740064778319590802      
   286.554388642004965180871905354586338      
   286.137746295397197033237134071679268      
   285.713633466726274258756869645593725      
   285.281754373098887976991665555989002      
   284.841797989882031434746110953618841      
   284.393438010504507870310646045100969      
   283.936331344876868256567659848013009      
   283.470117931957692085974636105167610      
   282.994419496816624289853296834159113      
   282.508838635715132503303443212422013      
   282.012957868391585717581325377246158      
   281.506338590914693481272931913439331      
   280.988519581802890592920232326940013      
   280.459015984094067341304149874424604      
   279.917318000797483633659401731008595      
   279.362889527124685803778670783232326      
   278.795165706696502574649723407549228      
   278.213552541514390765735134700906257      
   277.617423857334695057982668472918630      
   277.006120086353090906627492948402819      
   276.378945820436919339567095310354687      
   275.735167378247978980703476125002279      
   275.074010798902899908182859515353363      
   274.394658486067309011184726919963246      
   273.696246642603371466365881943299439      
   272.977862512741081174243073131294944      
   272.238540122500375369666315421910813      
   271.477257314447082190544800310691041      
   270.692931408750172485462781432370476      
   269.884415354389476397125807185666360      
   269.050492303227516997251307891930476      
   268.189871581758768341643448424076446      
   267.301182536929490366098598118002029      
   266.382968824379916756413706227110908      
   265.433682433896935934628296009738240      
   264.451676771594735012940772191132556      
   263.435199299454849255057191659447367      
   262.382383383470073399764107617799819      
   261.291241185978792682160509614878914      
   260.159653523310005044084509244363273      
   258.985360626250462922341949247527398      
   257.765953118902519381619476621664298      
   256.498860455499159798318680406990002      
   255.181341219180057911801931467101164      
   253.810471877596573938328492565274570      
   252.383135919850794090086634387317365      
   250.896012724291543369267804863286171      
   249.345568237211005083104837404318864      
   247.728045897895626922953173454227529      
   246.039459586938427300948454364867783      
   244.275589137985567809420709901120408      
   242.431980535319210717701336476966791      
   240.503950495933898715064706247511894      
   238.486598234460587859138920327829372      
   236.374827153419706518650684764631144      
   234.163380830220312355718697712996563      
   231.846884638056293687279452322130231      
   229.419927565628383401803025795643567      
   226.877138797576764040891917181295284      
   224.213316468342592440471841208285093      
   221.423575979771654250848206138885894      
   218.503539876802869758680516878011642      
   215.449564346261477638897820629327214      
   212.259005577963238630928104633446429      
   208.930522116217161228758741244538461      
   205.464406196220992033682395465439064      
   201.862923435440750820954954149764051      
   198.130648363122332295766087543214233      
   194.274744920069911815856866426359897      
   190.305171934762410956811676685876045      
   186.234759154662364210694828171179252      
   182.079116479583197253254443615954298      
   177.856350260690998354136611074083943      
   173.586589184961803872858219920628003      
   169.291330760141120870049304372607963      
   164.992673236019814949867561210786364      
   160.712499737505954151380634406697254      
   156.471700487300045029655524897627914      
   152.289503501223532108699039116387767      
   148.182965995273453447596494154303048      
   144.166651506601546840081905225884871      
   140.252489498964493825188075020828217      
   136.449792771999786475610146582298511      
   132.765401327067202368035585199394683      
   129.203907539382271149462670639874107      
   125.767930942265918867975472034312035      
   122.458411293137604361550514452696332      
   119.274897483454581445803805595607326      
   116.215816976161239437011137740137404      
   113.278718461602401987125586310055391      
   110.460482014358515639530288043323165      
   107.757499130252710315386286857236603      
   105.165820779638241093052855113899766      
   102.681279835770164598722570799983342      
   100.299588417029895285896589943739869      
   98.0164151102810373872693138293331352      
   95.8274452593389779872651384402075251      
   93.7284266534225937767504591362833117      
   91.7152038084194786499204777606247424      
   89.7837426512105250154690196325132840      
   87.9301482155287589119716088503288712      
   86.1506757910119557452718593788604154      
   84.4417378365440822401369358219974914      
   82.7999068796181765187679327882241700      
   81.2219161505114346376828197912782143      
   79.7046577371847005044462457294370183      
   78.2451793917184445752577560172564771      
   76.8406795990346516531758948876296257      
   75.4885031477381969108735532856516076      
   74.1861349079992084636128358325646385      
   72.9311938350226351888294143795346558      
   71.7214266437463292934915213412134896      
   70.5547018033355880544766316909190632      
   69.4290031070047066497932352980449155      
   68.3424236499600814706958487931507481      
   67.2931598435291059648341983097950001      
   66.2795058317104794425352877423451274      
   65.2998478798614524783737405436351548      
   64.3526591845551272268412617931420636      
   63.4364948239356769920088479857292466      
   62.5499870719375425328362400676594478      
   61.6918409461892505297085888279374493      
   60.8608297937251139906169366278720099      
   60.0557914845982659162613913682046786      
   59.2756244793741229412986757954958102      
   58.5192844313215495852928302044537256      
   57.7857807399461437838551693902334309      
   57.0741733516520025746408972152285414      
   56.3835700011142772455093158838281628      
   55.7131232955795345945996208636171346      
   55.0620282044061741891005494673425231      
   54.4295195061605463376610311437558845      
   53.8148697127150822481057235181390076      
   53.2173866786373246729695282111143219      
   52.6364117987372797949481327656469749      
   52.0713179466907669626122649909946053      
   51.5215079281513772456263057266995735      
   50.9864125437678673456112769030212197      
   50.4654893579275417536517201639566760      
   49.9582209023145634734122717029846026      
   49.4641135545759578087817643624471933      
   48.9826961809385145631793756713479245      
   48.5135188715123713470242404173044833      
   48.0561517851789403278537066866074853      
   47.6101842612221911559715499018721655      
   47.1752236472431709478499708892808403      
   46.7508944111944139682896650429144306      
   46.3368371951799084145126818765572065      
   45.9327081442352800094194838327332601      
   45.5381778976119446606904809392896541      
   45.1529310226988490505926860926066980      
   44.7766652484660103181783313609354817      
   44.4090907769378043665103601015747099      
   44.0499297597773836979579797717760570      
   43.6989156010783730889269800231655384      
   43.3557924862990705089532023728419593      
   43.0203148423703042404233641564087773      
   42.6922468004924099332938072865461744      
   42.3713618086881620369286005362096773      
   42.0574421380089913888924887139921645      
   41.7502784770620617764147031887402903      
   41.4496695594508023977402902099961303      
   41.1554217611157657803288264172266817      
   40.8673487722511045321585885993639519      
   40.5852712675675304164339877919208661      
   40.3090165696910383525859891230516878      
   40.0384183640443935917678071912909243      
   39.7733164221602199473162111423729808      
   39.5135563173074764399961298286851245      
   39.2589891682979190156826584299766925      
   39.0094714261058765203082080416053000      
   38.7648646166614257102057311492308299      
   38.5250351235802611151073821929590667      
   38.2898539929412125873072364692290579      
   38.0591967381385830262754243844774847      
   37.8329431383148680524447675199264536      
