   6.91360382032105060219110298214517828      
   6.91360382032105110148990120050159411      
   6.91360382032108955897461395071538087      
   6.91360382032172657037300039129441259      
   6.91360382032646964407827706415172739      
   6.91360382034827194454909996337542437      
   6.91360382042124210775840530959599594      
   6.91360382061614616007291978567927239      
   6.91360382105205065483227301578258613      
   6.91360382188251542740234038496606683      
   6.91360382321555130734206332916699768      
   6.91360382491358848530899772685000013      
   6.91360382622306345639782579769719472      
   6.91360382520291047042227004267768831      
   6.91360381794927827036830768855584997      
   6.91360379764123045676036038714373440      
   6.91360375345348257139860625939157515      
   6.91360366939581437449083882504224170      
   6.91360352314564596474685230090917756      
   6.91360328494217470068561977796087385      
   6.91360291660884335765839743173889515      
   6.91360237076628495352335600958939431      
   6.91360159029007204813429226504408799      
   6.91360050805619318368658982402812602      
   6.91359904700207550630755690271963786      
   6.91359712051292114078841516055809449      
   6.91359463312339042311831125171568191      
   6.91359148150525355665829117344752793      
   6.91358755569446114997651419671541534      
   6.91358274049785722805047725314450798      
   6.91357691701156959707131694991018826      
   6.91356996418034786760930243632613149      
   6.91356176032951323384729186446633165      
   6.91355218460793300306957525715663509      
   6.91354111829042507739951497837698882      
   6.91352844589998536399083626239521668      
   6.91351405612301405359465624566482162      
   6.91349784250325927189817160203144868      
   6.91347970391168759742562874201160276      
   6.91345954479937600101590521574833444      
   6.91343727524848656978375186393940863      
   6.91341281084232562063984690336814236      
   6.91338607237946053636516486474683809      
   6.91335698545904738178062930070275392      
   6.91332547996515372211533925775190829      
   6.91329148947722776394251211770243416      
   6.91325495063225852345029557974666997      
   6.91321580246186297823415556838576897      
   6.91317398572477181919624423628100811      
   6.91312944225217900379071573139165417      
   6.91308211432034885333101260735972379      
   6.91303194406184251310146230101945502      
   6.91297887292389839667657228534009008      
   6.91292284117986061604710874665594502      
   6.91286378749721617955521634760943142      
   6.91280164856375451757371353557626935      
   6.91273635877158944861139537132590941      
   6.91266784995737225982796172475652936      
   6.91259605119584179275103418272574968      
   6.91252088864290288129966072582562669      
   6.91244228542385314415959840116131333      
   6.91236016156162759067479718387053943      
   6.91227443394003810130491809990659586      
   6.91218501629661987913257222131000072      
   6.91209181921812171795700334819197079      
   6.91199475025531749393512932776898371      
   6.91189371386107374979919676145103603      
   6.91178861151835436553567950608660913      
   6.91167934178533952628011514424304560      
   6.91156580035738031822942677425238335      
   6.91144788012435093028508600233662060      
   6.91132547121996192329498302039902940      
   6.91119846105996192244981934378489744      
   6.91106673436591045975125363104067340      
   6.91093017317173405196825682667497845      
   6.91078865681173517887170141493879912      
   6.91064206188684768459254738379213440      
   6.91049026220692048365870726464662218      
   6.91033312870997754064549299662404879      
   6.91017052935603585737550728676698217      
   6.91000232899075045156253335522776501      
   6.90982838918436794028037772248905339      
   6.90964856804256114848441407948365991      
   6.90946271998393736216891918463923181      
   6.90927069549517929184671207400046982      
   6.90907234084845884698909855834766182      
   6.90886749779578190871106932352679021      
   6.90865600322549509881646872098869305      
   6.90843768879721916874582947583252983      
   6.90821238053890857431181037471689427      
   6.90797989841399406053262916269238973      
   6.90774005586565569414751998146011111      
   6.90749265931650860492044215713519973      
   6.90723750764043469508122019832246046      
   6.90697439163103698782128366782986103      
   6.90670309337282312930059300303494202      
   6.90642338566644903689671968871847819      
   6.90613503133850195232208518442566100      
   6.90583778258334080110631754646629157      
   6.90553138022385625537302895950556028      
   6.90521555297465079733899534544953108      
   6.90489001664386200544211076266363129      
   6.90455447331805504185737489754958344      
   6.90420861047371386765896006758695375      
   6.90385210013555925382774528223307764      
   6.90348459788764438817292199864162910      
   6.90310574190823476241290373310145380      
   6.90271515194531498894088076212215825      
   6.90231242826493104984227884323860728      
   6.90189715055336255150517821067778914      
   6.90146887671054368627685776639475133      
   6.90102714169695206563139795949808206      
   6.90057145625127317671691240819529818      
   6.90010130556724662063258167555317543      
   6.89961614794183643754600439083667764      
   6.89911541332243412041124121769299747      
   6.89859850184849091606745150264186065      
   6.89806478227113110423162469404150382      
   6.89751359025557277500666711313246101      
   6.89694422659733396864335231351658319      
   6.89635595612917777491324151509292362      
   6.89574800474004104748293397721210456      
   6.89511955813192599181680867910653034      
   6.89446975960574830811080403899636170      
   6.89379770794398539264245030300567417      
   6.89310245511722138662885074131145515      
   6.89238300387115856889666830289261477      
   6.89163830531311914668633351051510069      
   6.89086725620388925008394438118425685      
   6.89006869633037380934843790548935503      
   6.88924140548555764383838137336932641      
   6.88838410040516160759481828004073667      
   6.88749543174401650044691564856383605      
   6.88657398042435269302686962027684027      
   6.88561825423367581183007101087372035      
   6.88462668391411804945928152117344906      
   6.88359761923215175535806260864401572      
   6.88252932482267604745092871703940333      
   6.88141997553787666312141735716724363      
   6.88026765179542463238578401385354087      
   6.87907033461578736286037722267693818      
   6.87782590023269351534694286145502793      
   6.87653211438958835943887910896908564      
   6.87518662638674337641453598816641843      
   6.87378696273860266394829180701314833      
   6.87233052023690727259488276750154516      
   6.87081455890869588338197557288360056      
   6.86923619414222725672632130671795273      
   6.86759238862769210226954867392195823      
   6.86587994347788009069959605530982886      
   6.86409548886867865575869441001316003      
   6.86223547426266802736655554940156853      
   6.86029615745943909812297595381232638      
   6.85827359318909158913568828164981283      
   6.85616362160963844281737886027619940      
   6.85396185401760483704666831539137954      
   6.85166365961471626647846403381999444      
   6.84926415026016494012493850680478400      
   6.84675816442533360665638853045897877      
   6.84414024989764842917779465556743117      
   6.84140464497983635624562881822274232      
   6.83854525924256502543754560180093218      
   6.83555565101790915819190295451235454      
   6.83242900530618666040950255060465736      
   6.82915810880444496543868092819489045      
   6.82573532324419480019972333621231278      
   6.82215255750827026344363526867207217      
   6.81840123638695975837729928861317306      
   6.81447226863311516842977519274677020      
   6.81035601166514997443823513386842928      
   6.80604223457411760413297974528703469      
   6.80152007850001386099707402428090999      
   6.79677801463120045158526501433729005      
   6.79180379920934133851462426542226044      
   6.78658442765820126455792460753051859      
   6.78110608449860994301235940243972197      
   6.77535409312537543927922388977814460      
   6.76931286527070327781555781894400804      
   6.76296584488153297857592686347997551      
   6.75629545779373280909135184589594514      
   6.74928305921376937702661684988858708      
   6.74190888511507754194288937970853426      
   6.73415200868705649263002413066221439      
   6.72599030308375461507300244971406454      
   6.71740041544637187909028288302320042      
   6.70835775235064970599434123799667842      
   6.69883648446664357797963940933681442      
   6.68880957112961870901746331944944827      
   6.67824881196787329723969199720137355      
   6.66712492751097478020036289781394155      
   6.65540767196359483997135442720952782      
   6.64306598450361056447245755743389391      
   6.63006816962483808380008263618201376      
   6.61638211480706185166732804609809869      
   6.60197553029854168314827932306423092      
   6.58681620583818957760788417258627426      
   6.57087226873368813126825723643080879      
   6.55411242886647492498260342198468572      
   6.53650619515802286523242405646322686      
   6.51802404837902132365146227371427381      
   6.49863756370654321210852207162149074      
   6.47831947542110336988437396178632673      
   6.45704368989209246675908723415525669      
   6.43478525357744039975800045299508260      
   6.41152028896108073775174148463316377      
   6.38722591606921846836415790768742425      
   6.36188014768465324673169164268589279      
   6.33546182844249702266552773903862707      
   6.30795054637133104473845286909235522      
   6.27932657619604822004308509971374016      
   6.24957083146063760464812904467039158      
   6.21866482722478272357595411484046374      
   6.18659064982018734546429608495377446      
   6.15333093027378739357686606774257890      
   6.11886881804331384736019397043832810      
   6.08318795538521080898696508559752015      
   6.04627244768412359470998601017234834      
   6.00810683302183337880157949964090572      
   5.96867604838445580578051753190484303      
   5.92796539580864579504862470177371085      
   5.88596050654621270861714820737668015      
   5.84264730578401533706492378976595918      
   5.79801197802998945575413620372513899      
   5.75204093327479070116430730627543427      
   5.70472077539396759835317306636097504      
   5.65603827174229569232386135517939905      
   5.60598032572021893723527463604908064      
   5.55453395081153145928244923666938967      
   5.50168624727763003819443170340522749      
   5.44742438084984399983850642434659632      
   5.39173556374277908150455441445321755      
   5.33460703741270033193008056002784529      
   5.27602605726025314559566736237586635      
   5.21597987915871891588223682333618596      
   5.15445574735625948653021121150667056      
   5.09144088388762719560317766409057061      
   5.02692247917643972617492162986714490      
   4.96088768393020020551494583150024701      
   4.89332360190455708997147243646087404      
   4.82421728340841461692764205509032262      
   4.75355572012725943801467793727655154      
   4.68132584008029099225774452735055535      
   4.60751450350907790414718830427411840      
   4.53210849921652306021058811141833104      
   4.45509454139929406772109896821118404      
   4.37645926689904678532115293864572599      
   4.29618923283224708960084081366500933      
   4.21427091456469864722133178980072578      
   4.13069070390882697574946245685496403      
   4.04543490759797223826094058519758074      
   3.95848974604265657445710433719488967      
   3.86984135219283507696133778999960263      
   3.77947577060523061186786986230660159      
   3.68737895664344057186300074913556205      
   3.59353677587354775856970534980151628      
   3.49793500347978122210834293949051249      
   3.40055932384144482893658634482942685      
   3.30139533018071915132014943213739978      
   3.20042852430376003217061792180334140      
   3.09764431638054646627597882265519894      
   2.99302802482967529797641671633904772      
   2.88656487620278229883793128250185059      
   2.77824000517052407164048846494933975      
   2.66803845450396826679241555604986365      
   2.55594517512885475200241563867430727      
   2.44194502617710028097947378033802465      
   2.32602277510495111305476255575096012      
   2.20816309780363431369947728408136807      
   2.08835057874742117287693412571301243      
   1.96656971115523633382295440494031934      
   1.84280489717760187907211467378664443      
   1.71704044808571430648762737459121679      
   1.58926058448029126070428075301226530      
   1.45944943651311372817724994143337832      
   1.32759104411481799577795511836773543      
   1.19366935722323061219708160084868604      
   1.05766823604414969329601990145884909      
  0.919571451287587805769792478024951655      
  0.779362684426903248666941722781638508      
  0.637025527957905849866339352655791646      
  0.492543485661890154639713432650238342      
  0.345899972871027039919655515300767005      
  0.197078316737436411615024454967970776      
   4.60617565007610150951307725190947474E-0002
 -0.107166556236565015934215218104906261      
 -0.262623557241881679074030346255372052      
 -0.420326269375225002225341023840433031      
 -0.580291802318554581302904285200958025      
 -0.742537352301363784698359698043729012      
 -0.907080201830511653178847811918559208      
  -1.07393771941425447078464702033773942      
  -1.24312735929272620533594646883129138      
  -1.41466666116668871375045701861610479      
  -1.58857324992785981339190210741082200      
  -1.76486483539034681554947436638733323      
  -1.94355921202262090165888837754467462      
  -2.12467425868279707210559350783110366      
  -2.30822793835316175758848288420715069      
  -2.49423829787659261113900808014633650      
  -2.68272346769769315598891583507370355      
