   482.989325854482766625225197452827150      
   482.989325854498234655481154983509087      
   482.989325855059819086560773405629421      
   482.989325860516629894659871621309762      
   482.989325887322284515814506977946759      
   482.989325967435644092579296614200370      
   482.989325968950923145095277510148826      
   482.989323869000587490724344292447974      
   482.989307850192948670085514437911093      
   482.989234838319703636230787379681027      
   482.988991240619911299333788359409650      
   482.988340383513761335487599205210213      
   482.986868773418214717853288775545161      
   482.983944755005545627757057158541699      
   482.978698901874596071024975524249147      
   482.970029030597571558496855574084433      
   482.956627172603865200969603770616608      
   482.937022557309716195083436871863789      
   482.909633640881254224411884265596931      
   482.872822787406222827580628854473769      
   482.824948608071387705622374588494762      
   482.764412594920151536881341868878019      
   482.689698184361956295915659534557195      
   482.599401580007492629210969546107070      
   482.492254511258231463514088163957998      
   482.367139633217694241840650230452953      
   482.223099547966372416048489788459205      
   482.059340514950203453519390361667795      
   481.875231885415797882952351285761015      
   481.670302193851331208420749332005113      
   481.444232705060590098119759643585957      
   481.196849077525100948518546489810750      
   480.928111676260441270984368467122895      
   480.638104958979360552172044923526641      
   480.327026271134435060495997514064623      
   479.995174316609248695985215533247848      
   479.642937518753698788329774949610615      
   479.270782447652925257553382887445576      
   478.879242459741025675049405794459644      
   478.468906673381277057505037135584496      
   478.040409384681214436485571284380216      
   477.594420011841603401572454341089388      
   477.131633640885089868766479314058825      
   476.652762231228778195854455077218579      
   476.158526525893251725390264440898019      
   475.649648696611388705214949771461796      
   475.126845742145859072613973577268601      
   474.590823645017871080149608486627386      
   474.042272281227143923238081696485958      
   473.481861066350527344674469591863135      
   472.910235313225056931559697106442901      
   472.328013269084540584866032129699764      
   471.735783788368879676345637760641698      
   471.134104621898283823299468385595671      
   470.523501218019419847707630285369744      
   469.904466059065328136648441985263020      
   469.277458429401174729990028647501437      
   468.642904585063441556699527684093527      
   468.001198270366967258309984247042517      
   467.352701532727626216043208746669160      
   466.697745788932066230360619827989859      
   466.036633097451128545041023401670053      
   465.369637595063094222197889339935251      
   464.697007059547275811278665150849778      
   464.018964561908737312482534464844120      
   463.335710176242914629373293437190016      
   462.647422719049096731937185893896048      
   461.954261490975497640816253960256868      
   461.256368000371036758266997005712319      
   460.553867648613525181316407560668252      
   459.846871360571878115310049443167861      
   459.135477148636479573686301124233651      
   458.419771597736569287936208918826105      
   457.699831263654261775372863367999222      
   456.975723979576969583415636020921427      
   456.247510064497256488438208970999551      
   455.515243432764799205225739702033111      
   454.778972603686616377544030117176101      
   454.038741610714285946311533923075450      
   453.294590813047045817057063000751476      
   452.546557612095465442180315520014213      
   451.794677073156714028016209172340888      
   451.038982460236779498057220764314182      
   450.279505685282773600805861015563118      
   449.516277681454528435542649504554591      
   448.749328698685698836634258733953901      
   447.978688532922466021790380961765000      
   447.204386687702979701314381240414832      
   446.426452484017994726145672044790235      
   445.644915110460565642617990019132637      
   444.859803620080110588572936332122343      
   444.071146897750542134055911874346748      
   443.278973579324737107264734718032021      
   442.483311938942015753073230855724889      
   441.684189749484383156863339578178558      
   440.881634111695617471236063376484122      
   440.075671242939725548699609653381820      
   439.266326284430109368552966926086171      
   438.453623065654400945016866479515235      
   437.637583866677343514985932603121024      
   436.818229150762346809013312713540222      
   435.995577317326994689131627385148834      
   435.169644430374844646778068887110071      
   434.340443917274351987206925571731267      
   433.507986296167357631550206581108970      
   432.672278918344439124380957165821502      
   431.833325686183911718932486241212103      
   430.991126720930680712905225402321528      
   430.145678079001297850164339166945977      
   429.296971511820520118839923093289601      
   428.444994214107578838091357138987421      
   427.589728345505356405701695674836756      
   426.731150992263261945427791153069537      
   425.869233757859624270450238022494520      
   425.003942460142132477079529808981732      
   424.135236795841099124027653948684078      
   423.263070302467795596198916304258915      
   422.387389795257492421811638366491704      
   421.508135128047323379504178028461592      
   420.625239041932251306358187098849732      
   419.738626826475456634100927873943129      
   418.848215752761858402365665489787494      
   417.953915272181377717392399026159387      
   417.055626141168778108380258187061546      
   416.153240566314765851861979151846373      
   415.246641541358133477383934115069222      
   414.335702757133647117941828600733498      
   413.420287987181663331251166609982601      
   412.500251045236350131609372611440157      
   411.575434984183372521071709794818225      
   410.645672188039413220973936479273164      
   409.710783387851136572991780332393767      
   408.770577851700959042371025167687430      
   407.824852342228703355927684152791027      
   406.873390963085800420778516272459972      
   405.915964709542068435767221027740706      
   404.952330643323373955196405636075570      
   403.982231528184031942108452343424005      
   403.005395113992869595370165144518916      
   402.021533668950509913656917730116630      
   401.030343125766027537628433517533741      
   400.031502430266786779195237805215879      
   399.024672922941771651447285952976993      
   398.009497345585568430587366516426821      
   396.985598842791970022555899980723168      
   395.952580924472914680732756909041834      
   394.910025159632119132920534823605191      
   393.857491274452666589667981897062683      
   392.794515984033907414336403749917365      
   391.720611174134234336190682497295750      
   390.635263476862241691359030776411841      
   389.537932881603958400943832169288869      
   388.428051186269599275621630209080075      
   387.305021091502981254815821378243019      
   386.168214561526250734594574919503381      
   385.016971532949524376273112512210524      
   383.850598531049621939996552839085285      
   382.668367345649601432561647415002137      
   381.469513430623716986862339753545408      
   380.253234516585078690677233311734446      
   379.018689676510186851640574601215140      
   377.764997737152800091760833673641911      
   376.491236780670451834180347298253068      
   375.196443205955278507197869255050086      
   373.879611397488091557573728929667513      
   372.539693940935187670307327534643890      
   371.175602538840593662893671056875191      
   369.786209380948369751106658438039076      
   368.370350821461053589581118204875450      
   366.926830741989219241976162227385582      
   365.454426963238232311225688024962895      
   363.951899745773907492594048036593718      
   362.418003404240130676601972729569324      
   360.851501127083676643519223396541546      
   359.251185023342818520688940514954749      
   357.615902042341127226374128070579447      
   355.944586009761451425393751240849568      
   354.236300860846761614863956576897145      
   352.490292062870743308002515355440819      
   350.706053425371564621794434030250127      
   348.883408841028284314330506412449461      
   347.022612839384735284293334994606699      
   345.124473660761121026421893880004261      
   343.190500685507382162552560708525886      
   341.223080183360268961768611039161439      
   339.225681426006058228888675306822879      
   337.203086193340035530543148211555891      
   335.161673201465249482008652990902454      
   333.109672158499109070447743364184082      
   331.057480152281127989014209536134042      
   329.017943199974297165578223232684019      
   327.006608573849914886743081291733544      
   325.041908654461524381691728538877751      
   323.145233734372172528524186144350973      
   321.340848143303813171375295241482467      
   319.655608230038747813860002346425971      
   318.118449240363597560379451041946730      
   316.759636600683653175619215341731037      
   315.609796992285391048616371392726908      
   314.698795478480265242694623701331400      
   314.054543040506554754138672004102792      
   313.701855248987427333610889205032026      
   313.661472663422334299963621148252977      
   313.949340519704071962982319253186226      
   314.576207141472468724843784808170279      
   315.547551491827136199635158572252847      
   316.863810745605009191936982882083833      
   318.520844825607759745767442061818597      
   320.510560806955867280925997292233749      
   322.821619118379722444311911548846366      
   325.440156841679277469962731564231421      
   328.350472054096351296373705028280121      
   331.535642347696134984440894636170094      
   334.978055336420167451454989110008345      
   338.659845967047170308833245833791758      
   342.563245451290896836201637469304300      
   346.670847815421957680285642956451326      
   350.965804777609449882211561421986185      
   355.431962468224068598318328416412614      
   360.053947978490484183906581832272876      
   364.817220643288453253729138610222938      
   369.708090262335664321204351422249151      
   374.713715987912392382296136274434202      
   379.822087966346944169670063090979344      
   385.021998931533498677826831716940677      
   390.303007988539348405288445041287301      
   395.655398855524222833174207301257872      
   401.070137414835183221870055665869888      
   406.538827388912360014720417128062128      
   412.053667976176272204715320571785130      
   417.607410792715627563131270682943761      
   423.193320165662178539148231972830621      
   428.805134653435323091422918198538321      
   434.437031219976006749329129048344336      
   440.083594225930128232956197631395619      
   445.739780207783639493019986793095726      
   451.400892428187149458325952724639300      
   457.062554177769121593176191911479215      
   462.720684122110137369752154021892690      
   468.371474082501798687046670588673645      
   474.011369196253303428757848355689482      
   479.637049462155245235390649750252748      
   485.245412699145070388103713384085080      
   490.833558700843067586886028859974945      
   496.398775675295865185064045188623412      
   501.938527573381810798566002784037116      
   507.450441807967170883975836611013338      
   512.932298912982464791882419025976882      
   518.382022432468705998670654043906931      
   523.797670933462697046011894512845790      
   529.177428200469789920627409031009356      
   534.519597528514208302348318943786925      
   539.822593239442988552710714117921781      
   545.084936278817984123081774878441807      
   550.305246141340001191016538497616299      
   555.482237228685402538545367852176781      
   560.614713484939196259382941369379161      
   565.701563880599694279611725015770174      
   570.741758124626354600506713040501979      
   575.734342249123788057248364285911923      
   580.678436173095735896033564571913887      
   585.573228993639769338974601556433278      
   590.417976990203048238913581483009696      
   595.211999702667187274496543080414690      
   599.954678313396339389833823077845528      
   604.645451298608675166378368947895705      
   609.283814131690916807568942620178678      
   613.869314509849262136188001825269094      
   618.401552917039933687987097213008392      
   622.880177585959024861191143103142167      
   627.304884946090568505371375441548859      
   631.675416679497184151630521058515065      
   635.991558159402341700755705068198078      
   640.253135168749505253548916214315209      
   644.460015153119219651975153173566170      
   648.612103093419686002831505345945727      
   652.709341036949955609535936727816497      
   656.751706774728145719573018065053917      
   660.739211202314897787702840153394160      
   664.671898927719375471632477573347945      
   668.549844591187233510961915323485079      
   672.373153181257517373413790479605296      
   676.141958467827142043577636580402638      
   679.856420837295690524167547655667439      
   683.516727511805358286990016145036295      
   687.123090073746444698581071829330783      
   690.675744092609172842092096326354818      
   694.174947830500693309869754288598686      
   697.620980762229203435831557996594996      
   701.014143241201026011019684453832923      
   704.354754970710131483363502116622211      
   707.643153843245463525129804079722154      
   710.879695528418794356552028373047866      
   714.064751998227420202805433061167136      
   717.198710922239703614371269737589623      
   720.281974595187921280506458092259545      
   723.314959097916640347550656667879286      
   726.298093472543038663783183596683509      
   729.231818874964800827691860053507771      
   732.116587678764709226336946147254450      
