   6.91360382032448847522976250442333937      
   6.91360382032448897452856100055816334      
   6.91360382032452743201328781372420908      
   6.91360382032516444341181800519019810      
   6.91360382032990751712095170087745394      
   6.91360382035170981779289183371786201      
   6.91360382042467998402730520114989657      
   6.91360382061958405575438357398579519      
   6.91360382105548862151311479842211458      
   6.91360382188595357241863255742266186      
   6.91360382321898980233049842256615657      
   6.91360382491702757159254702749086298      
   6.91360382622650346118881358303025482      
   6.91360382520635178945741258887962927      
   6.91360381795271752376818195379313194      
   6.91360379764466427474535684137224319      
   6.91360375345691122145998037579561808      
   6.91360366939923816174890420669484365      
   6.91360352314906510990060944711732884      
   6.91360328494558919741688844950496884      
   6.91360291661224689569363371708028409      
   6.91360237076967855470489774399976029      
   6.91360159029343497623232810653251487      
   6.91360050805948072216786190223503476      
   6.91359904700515809639572589074574678      
   6.91359712051553481004825671436867823      
   6.91359463312493655868126831352896104      
   6.91359148150438168175049245057357726      
   6.91358755568849544161454743288494547      
   6.91358274048165339276865442355568636      
   6.91357691697564264040613975363521569      
   6.91356996410787238538450585843390423      
   6.91356176019167589314898797681958107      
   6.91355218435694077712036464562956720      
   6.91354111784929335348433011788860184      
   6.91352844514795449234788107264972309      
   6.91351405487522969708088158353556581      
   6.91349784048294725019370260518840450      
   6.91347970071291411715254089409048337      
   6.91345953983786601277425436414594419      
   6.91343726769779603061513569563111690      
   6.91341279955207087595370932569264638      
   6.91338605577200482477941194880524550      
   6.91335696140043489239773844951760243      
   6.91332544560563977619428116595769598      
   6.91329144103741570906547432964458780      
   6.91325488321704187306214154984508429      
   6.91321570973100307591938613360514314      
   6.91317385956875305105171117078747108      
   6.91312927239262159257913941892762202      
   6.91308188784102442362409453268948196      
   6.91303164486207165776836330553881809      
   6.91297848108569647244984590303425844      
   6.91292233223955210077712711421052591      
   6.91286313161219727232613768728278935      
   6.91280080956464103182233010161658379      
   6.91273529308971254506078455014536854      
   6.91266650541772539585232813558372670      
   6.91259436566504429527943987156017218      
   6.91251878852253456361232015713634108      
   6.91243968397847427642276402342621215      
   6.91235695707229872384650656781884921      
   6.91227050767343672241340614344163986      
   6.91218023028049063901228451509556457      
   6.91208601383633772156842272355204795      
   6.91198774155221131087263662896904024      
   6.91188529073969444155063581248531320      
   6.91177853264207721169291874632541493      
   6.91166733226467782943557809951016248      
   6.91155154819915126572718287592681472      
   6.91143103243602088064416221028794041      
   6.91130563016755466971859268457270775      
   6.91117517957351672685782827161914774      
   6.91103951159032561147602913656316160      
   6.91089844965909094578144771025555095      
   6.91075180945564641237233623789173050      
   6.91059939859095340572381079910692749      
   6.91044101629504777343005482938398394      
   6.91027645307093923763281020730593242      
   6.91010549032527784511345587545025907      
   6.90992789997472160140000369610605612      
   6.90974344402257411459689147261543283      
   6.90955187409245500290163494948912475      
   6.90935293095289111762333186129199939      
   6.90914634401285077487512202422278772      
   6.90893183077737344557675642009678758      
   6.90870909628037254653125949257570019      
   6.90847783247997422190207604163284675      
   6.90823771764871410314514822094756590      
   6.90798841568315569451047988758784382      
   6.90772957540010242452253557296864874      
   6.90746082983161161057524621064168308      
   6.90718179545683699758287833119211988      
   6.90689207141038784932150416107543876      
   6.90659123867902088918153871552470590      
   6.90627885918341171922628812752324611      
   6.90595447483578890855152848295528007      
   6.90561760665383906955752241560308663      
   6.90526775376847533814512844744430233      
   6.90490439236680242426128132184037524      
   6.90452697460814770786575713606587222      
   6.90413492754881138659822572329295007      
   6.90372765194149893542574651617641563      
   6.90330452071812782980567632326942071      
   6.90286487834526621637977980010796743      
   6.90240803888659807798855341366619317      
   6.90193328492599261526249350852769250      
   6.90143986579600038052482948977903179      
   6.90092699618188722440025433771868319      
   6.90039385488443786244035906777586066      
   6.89983958260331112430426684935751027      
   6.89926328003902948648379053964973970      
   6.89866400679997371833081507408605577      
   6.89804077900283646776417100860040421      
   6.89739256675273099093503750910216633      
   6.89671829289841504662692431670557319      
   6.89601683062407677037024471698320068      
   6.89528700011552164964518558540447582      
   6.89452756737068596432210614099403334      
   6.89373724103649468723320337289123837      
   6.89291466945535203334942556785087772      
   6.89205843829602620817682522702861165      
   6.89116706700621001286588277406323841      
   6.89023900630345758542889860374026647      
   6.88927263402503821965612953051490352      
   6.88826625258649716418140681054970303      
   6.88721808455442047726636057233429153      
   6.88612626868479328100907494883697261      
   6.88498885700372282366976571327327940      
   6.88380380880577311583279905349121482      
   6.88256898761550468585705149099899295      
   6.88128215559642436140755351476936506      
   6.87994096904696495669931520773743124      
   6.87854297248879881662494524536057141      
   6.87708559414944788259111132520644343      
   6.87556613937458564242823152853663979      
   6.87398178423973690554827699111181840      
   6.87232956996392881419876131159780283      
   6.87060639559490305164089387588453718      
   6.86880901037103568441159394559845020      
   6.86693400725356304563963252745529988      
   6.86497781403676279223429260327499152      
   6.86293668576376588032912425701040635      
   6.86080669482693082543178527562484333      
   6.85858372284075166764134222479267142      
   6.85626345033800051847430303080671415      
   6.85384134635225124135234048947221776      
   6.85131265773125374026137531275961234      
   6.84867239787664080825757955984270520      
   6.84591533503336715037139401409984542      
   6.84303597901394145585171159904977000      
   6.84002856920998493052574810456505278      
   6.83688705937052352770876307004016424      
   6.83360510463649293377542097558820836      
   6.83017604518253160018216687936769461      
   6.82659289143850182196928348454517646      
   6.82284830753564219821187837110176577      
   6.81893459348389151592706105979838908      
   6.81484366959967128144038135269242999      
   6.81056705534397593527384364171739332      
   6.80609585309944854006824134201012209      
   6.80142072829442776425358110101257854      
   6.79653188910348983770951505868785385      
   6.79141906866208781950782513291628386      
   6.78607150397669789471429659677600211      
   6.78047791744615243614340236366332382      
   6.77462649807538841790386915825044871      
   6.76850488340375927172267040963085638      
   6.76210014304898999145311623838056185      
   6.75539876470362909349584953811057663      
   6.74838664217832429478287169591403386      
   6.74104906536534996992854354577626898      
   6.73337071708652572154177980661430548      
   6.72533567185169700957922246613409210      
   6.71692740343649844365794094429370674      
   6.70812879664379833299563755516116336      
   6.69892216858744732372706411649821280      
   6.68928930131666928691276468232404999      
   6.67921147606568083526347726463313183      
   6.66866952950625765220695793196657350      
   6.65764390961150611392669062030664998      
   6.64611474839092168282573526863301809      
   6.63406193508129359689619807509472432      
   6.62146520154890019353721033249456751      
   6.60830420455969079616974252067372123      
   6.59455860049292847018274288621230885      
   6.58020811597592130415439841086545336      
   6.56523259271364988685983985197261898      
   6.54961201341234217526003923388719375      
   6.53332649155443582473111018850133238      
   6.51635623237210682630960289829169346      
   6.49868146745358082421571322221789688      
   6.48028235039201818317243789839355636      
   6.46113886112999266421140736108411924      
   6.44123069574070277127050290331772370      
   6.42053718365022279192207988381833693      
   6.39903723301649911056387782194723324      
   6.37670931868486511578206968490378137      
   6.35353151226152510726949251180634082      
   6.32948155184770024462977525665127289      
   6.30453694197487748156214618294287706      
   6.27867507359214316270466800058500590      
   6.25187335105593913985500103154358614      
   6.22410931560918784669908340433031833      
   6.19536075963789471454020499967710598      
   6.16560582239718827871136058080456473      
   6.13482306716985659118207919908252740      
   6.10299153791352339197049399837386300      
   6.07009079703989186020686088877646826      
   6.03610094523428032732925202338816567      
   6.00100262681410093881372350535977867      
   5.96477702277397034320271204245185462      
   5.92740583396600102703505518551236197      
   5.88887125778166926396345472517373744      
   5.84915595973934468058104443363437298      
   5.80824304153034558632393302977649583      
   5.76611600788219648666340328619410131      
   5.72275873249628647023049487615214826      
   5.67815542452513557595312894637123730      
   5.63229059584282137720211377823096265      
   5.58514902970310050641143409311409640      
   5.53671575099760038100795878269714660      
   5.48697599845653404182918215352536519      
   5.43591519866240894566115397055805535      
   5.38351894192437724524796303834009414      
   5.32977296005933575318247549638241586      
   5.27466310600352404225684087250840973      
   5.21817533516506063823350476243686908      
   5.16029568821649484973310528397201733      
   5.10101027564418273611418009277205662      
   5.04030526345510783159095115796166532      
   4.97816686034181146950632285428308108      
   4.91458130592897112850418206810987083      
   4.84953486011123535002835037474513317      
   4.78301379340146173308246810297899966      
   4.71500437819450201789925137032824121      
   4.64549288078949463562813054010720716      
   4.57446555419281309342466077070758091      
   4.50190863157780639399527772774872579      
   4.42780832037740725754721921908580950      
   4.35215079690073455966481949580237056      
   4.27492220145874049588599681318607285      
   4.19610863395116163588239588603582954      
   4.11569614986833301561123257076676889      
   4.03367075664806433585232463111230929      
   3.95001841038034106000926891176158160      
   3.86472501281148271073671340131064929      
   3.77777640863800061747825347578171534      
   3.68915838304034631340170177540934480      
   3.59885665944043649203574038953394282      
   3.50685689748544416706497660944297461      
   3.41314469119631409108298320512411646      
   3.31770556729692877582991251714771068      
   3.22052498371237321532874463604067316      
   3.12158832818666951407165556431692514      
   3.02088091702712866175617759437432922      
   2.91838799400252065618791789426339183      
   2.81409472928079643431669080351820134      
   2.70798621856844957062528612127234207      
   2.60004748218943416568919947855642785      
   2.49026346441836445441313339470251033      
   2.37861903272412141142151742425500779      
   2.26509897721594428773195523840101874      
   2.14968801006511055819427492836310247      
   2.03237076497949306764887543961494486      
   1.91313179685946710224940650661491758      
   1.79195558128605909256119897034528795      
   1.66882651423137116145019909520586280      
   1.54372891172835887653110251090777321      
   1.41664700963577780493844892967618948      
   1.28756496331907968339253992816310649      
   1.15646684752972084651972592213288714      
   1.02333665614634985692170611087606084      
  0.888158302070472461866558791189098664      
  0.750915617071425403973042743671458979      
  0.611592351694190871353904289674000088      
  0.470172175140446853658131550911152420      
  0.326638675221499066078453159320473555      
  0.180975358322510500690881905720897564      
   3.31656493204235932747966567073025323E-0002
 -0.116807108394198540281764156052124107      
 -0.268959652939944446262157625848327891      
 -0.423308803964616502352847768380822032      
 -0.579871462578069359907183328020634482      
 -0.738664611360875399642317277043043671      
 -0.899705314325607356363077385495186716      
  -1.06301071684611400746837251131163150      
  -1.22859804562591103086229591905489327      
  -1.39648460861999089209037462204196345      
  -1.56668779497025299815614804097926548      
  -1.73922507492764139917492186413317245      
  -1.91411399975775858668509127989916897      
  -2.09137220165930282229759894846074595      
  -2.27101739367353839030962717377675676      
  -2.45306736956178244705983973292157906      
  -2.63754000371991405117192018013555660      
  -2.82445325106311401821632880116660577      
  -3.01382514690519799589390397498492092      
  -3.20567380684086288887598231216070542      
  -3.40001742662584633208594817848514305      
