   6.91360382032448847522976250442333937      
   6.91360382032448897452856100055816334      
   6.91360382032452743201328781372420985      
   6.91360382032516444341181800518985682      
   6.91360382032990751712095169960222331      
   6.91360382035170981779289149921780870      
   6.91360382042467998402728610573063197      
   6.91360382061958405575396682654458540      
   6.91360382105548862150835047211533624      
   6.91360382188595357238412537326392118      
   6.91360382321898980215157322695780373      
   6.91360382491702757086924023980304632      
   6.91360382622650346129508047078351077      
   6.91360382520635178860760294794413514      
   6.91360381795271750707164355129644673      
   6.91360379764466414156417237543596082      
   6.91360375345691037965271697712925284      
   6.91360366939923378075051086875838957      
   6.91360352314904576019386295864000765      
   6.91360328494551488832507584307389879      
   6.91360291661199384984456898210165179      
   6.91360237076890208881652193879881637      
   6.91360159029125938374060806677660140      
   6.91360050805385246516462943425017267      
   6.91359904699158882823370691934860232      
   6.91359712048480542889854324238750727      
   6.91359463305912634046932053709221835      
   6.91359148137032428610595522805207141      
   6.91358755542744652455723816614397419      
   6.91358273999358701599880194913468166      
   6.91357691609618250722103409159666214      
   6.91356996257541892096095702707101260      
   6.91356175760182246157662905471580269      
   6.91355218010079109206800345965013050      
   6.91354111103180942254227524372089862      
   6.91352843448198585663890194197995479      
   6.91351403854640690652615515854521671      
   6.91349781598017256531985682796465595      
   6.91347966461874361721976952649658361      
   6.91345948755140644206667133582469981      
   6.91343719318206328898451922204104663      
   6.91341269491524551290128099411486216      
   6.91338591084754217996508908471231544      
   6.91335676323734710143357480866482015      
   6.91332517787644923007562111268861079      
   6.91329108337444483615922343252873664      
   6.91325441038089554505546023410456646      
   6.91321509076759944642738969686756570      
   6.91317305679104841162617069930745898      
   6.91312824025189211435369502907181850      
   6.91308057166543786080316772585715014      
   6.91302997945413493003896956547038122      
   6.91297638917077213036814836363040166      
   6.91291972275772200994266511076003366      
   6.91285989784635784349131242636667240      
   6.91279682709843163400732551546350999      
   6.91273041758915216542337077758521572      
   6.91266057023166511038485305773577188      
   6.91258717923965066829617857497830443      
   6.91251013162705384640618583747002406      
   6.91242930673846681291956988221848101      
   6.91234457580970656315097617154615860      
   6.91225580155159352850066601960630920      
   6.91216283775487829420766172553095292      
   6.91206552891228533144977180875910929      
   6.91196370984881871255761312269720672      
   6.91185720536594645789618772221411579      
   6.91174582988474758006796259163521401      
   6.91162938709351742361217024454609310      
   6.91150766959449840630453967036790432      
   6.91138045853915666770922937533846416      
   6.91124752326489789305885478601241845      
   6.91110862091268973289793250046309261      
   6.91096349603871404544985538569283212      
   6.91081188021260144215569081225660881      
   6.91065349159161929117351526200702177      
   6.91048803447455951398872204025324796      
   6.91031519885133931882605926793227617      
   6.91013465991659322210540488967083476      
   6.90994607757563782096876051609672672      
   6.90974909592081691553982042266186760      
   6.90954334267299618907787397474770823      
   6.90932842858714649340526498370762473      
   6.90910394686525924166713203645562820      
   6.90886947251930651544415078424056286      
   6.90862456170583815276395455942659949      
   6.90836875102024081563253579823202637      
   6.90810155680050548889987008052838328      
   6.90782247436466008196622876542344941      
   6.90753097711766710946399383337521618      
   6.90722651579172955052702429086940458      
   6.90690851755399306651708961560191411      
   6.90657638508697593877647478991733486      
   6.90622949557608696169525940249203452      
   6.90586720001955031907554216741701919      
   6.90548882160282061266627064877542582      
   6.90509365488444228103251125463672932      
   6.90468096476917662739642942187553034      
   6.90424998503822777997828962253995973      
   6.90379991714101182857864096940393333      
   6.90332992916791781893564720090432560      
   6.90283915393661669678363455055578357      
   6.90232668768028806976185763575943491      
   6.90179158857578251013554944110814984      
   6.90123287520608367066486025449424936      
   6.90064952491724521674933071660449650      
   6.90004047144699513650137337880366291      
   6.89940460335816625084643414333160706      
   6.89874076301183853935561714832438074      
   6.89804774270415241290127614057489465      
   6.89732428348797484785809351360903940      
   6.89656907336126084735819880113947380      
   6.89578074428542436606837142892058390      
   6.89495786864846398045252730000877802      
   6.89409895934512961632431710333608901      
   6.89320246357035962712127107041828767      
   6.89226676310671838442184555509754891      
   6.89129016891166300587008673140577258      
   6.89027091929122858093834272473303394      
   6.88920717556031262770979151582379457      
   6.88809701974820372054967003087950330      
   6.88693844931068190902457566789291412      
   6.88572937478954826827989071780759197      
   6.88446761421840880615968014484330099      
   6.88315089092183022737218953831730760      
   6.88177682692162594117174258436757872      
   6.88034293951439155245823828167343839      
   6.87884663534697958024698850633998988      
   6.87728520701893581556073050308978839      
   6.87565582576849429558745078497715098      
   6.87395553694138273437660425244385693      
   6.87218125463013631913203060243665442      
   6.87032975415757915050556096572139703      
   6.86839766646809272455644871431498664      
   6.86638147138092700778754814270781215      
   6.86427749065853934753332485568839278      
   6.86208188134106095981071605663638429      
   6.85979062647006517777835877115738319      
   6.85739952931811318669260400886331455      
   6.85490420363428204660353698648732861      
   6.85230006657298093569297126138048670      
   6.84958232864792260994838096823647714      
   6.84674598587202872592627828927012015      
   6.84378580855274119069922601534502583      
   6.84069633524347228129164726850791747      
   6.83747185803688181175943450393646965      
   6.83410641738588608193938069677155226      
   6.83059378767223526109283245291417255      
   6.82692746982115540997500541607982146      
   6.82310067900955170841504026827099119      
   6.81910633396745894802116966664739790      
   6.81493704846065229475573741231448762      
   6.81058511822682502898931956401313424      
   6.80604251205973128872013468799597259      
   6.80130086272175818966705460877510989      
   6.79635145708810995067758675832875967      
   6.79118522737313904344882991902191353      
   6.78579274463489241999261202689654090      
   6.78016421303664955219812802001854214      
   6.77428946415199530807263468216165982      
   6.76815795692151208060851887955354849      
   6.76175877600077860195315761198219190      
   6.75508063933539008038642442883433835      
   6.74811189826845073994750927635426537      
   6.74084055626909203369852655279083230      
   6.73325428302020754290291149068694757      
   6.72534043634240522525569683739597334      
   6.71708608873661562034155440339651691      
   6.70847806788086817238414624201766882      
   6.69950299393203166084511356328987027      
   6.69014733245335875279963629682527141      
   6.68039744890955455418601347478063174      
   6.67023966875825987498115199550101378      
   6.65966034205756269846132588518645131      
   6.64864590635654338852205920288755036      
   6.63718294413208121752740198958047113      
   6.62525822846866358649266560981785773      
   6.61285874965682382243321532680546045      
   6.59997171407778398580391831369903914      
   6.58658451089314511099357872984951984      
   6.57268463963808227109915273117054877      
   6.55825957933101794390991702785020117      
   6.54329664101353515861603325653237728      
   6.52778276708005645871167512269047541      
   6.51170431831299791394395047073855574      
   6.49504686644395489345655287970269244      
   6.47779500406706061960045071056195688      
   6.45993220303447751817940390336703362      
   6.44144072485001749929168015056004456      
   6.42230160033028469429309601028601093      
   6.40249466837245796968858568728922105      
   6.38199867296875954996174213819153541      
   6.36079140220586248867417625998432083      
   6.33884985901478942701265692694915417      
   6.31615044508190377068361969968965327      
   6.29266915231028884996818516752403031      
   6.26838174412239234736675361094103432      
   6.24326392487135034806888600065945666      
   6.21729148899917526684604800229320512      
   6.19044044928846803184893931106237170      
   6.16268714124811993949291987002816765      
   6.13400830600648841386842751956221243      
   6.10438115174700221070440381813582066      
   6.07378339679586125463784361538257409      
   6.04219329570648126158654292709103871      
   6.00958965246110954095474142526087743      
   5.97595182151549120111687500282906367      
   5.94125970010001014343510106238592287      
   5.90549371317563761568740199320074950      
   5.86863479323198846366036818602287745      
   5.83066435614943298602243326577298408      
   5.79156427445823355747958702091792328      
   5.75131684905158345946648359215271055      
   5.70990478003539210987840025280504573      
   5.66731113754159142062370403389131825      
   5.62351933275583663714014039923067263      
   5.57851308977003673495894886064016187      
   5.53227641841140531659408811139574030      
   5.48479358819203058988675031147737922      
   5.43604910362148387707677820534183269      
   5.38602768080079649291602394008288396      
   5.33471422547675903974175960544298000      
   5.28209381244393856238472364886824901      
   5.22815166633771128853101959708845892      
   5.17287314375550216137005211845329548      
   5.11624371663362474534152725681916625      
   5.05824895683724420188613090971974192      
   4.99887452192319929305023141461089094      
   4.93810614194931134397064463742053788      
   4.87592960732538628757689508217915876      
   4.81233075759368929102884180262458697      
   4.74729547110311693712238153009828347      
   4.68080965546326160831870555671188765      
   4.61285923882127422049593655788834428      
   4.54343016174909228564220073872035512      
   4.47250836986530609839051394174560628      
   4.40007980698916788790286589026200132      
   4.32613040885838915042451366368366715      
   4.25064609738671535641347744213199801      
   4.17361277529637179510829445676753528      
   4.09501632131958671851746748884442333      
   4.01484258561457660835917076394107585      
   3.93307738570262948037673623601338107      
   3.84970650260205241483129697771779494      
   3.76471567740410572803490325395908101      
   3.67809060795459204280786387927353467      
   3.58981694598224290382743834898237121      
   3.49988029431411760234135744719366273      
   3.40826620439950534787435253164337589      
   3.31496017391164899973484791556351145      
   3.21994764469463891406300144824552888      
   3.12321400076594766180805334570208183      
   3.02474456652639969989768943935665849      
   2.92452460503170190428241861372647274      
   2.82253931649128410052678137802581837      
   2.71877383687714253249016546017905043      
   2.61321323655017171908208496758008316      
   2.50584251910129818169721177808331432      
   2.39664662017271507768416457943719663      
   2.28561040662123097330976282676671300      
   2.17271867528652287262889457686120151      
   2.05795615234380010505591462179497938      
   1.94130749240533371390987042428805049      
   1.82275727782682747241700198052801082      
   1.70229001798170333834424772351281571      
   1.57989014870404103581324574545170783      
   1.45554203163409450353080005770363575      
   1.32922995378094196298835091954886912      
   1.20093812695215086970804632150507232      
   1.07065068738043769289700040249809925      
  0.938351695286327793555554160563762845      
  0.804025134518650035079539622529659453      
  0.667654912205235611141313925740665777      
  0.529224858487655005265007002540122302      
  0.388718726177890532151845609116905602      
  0.246120190567284987601142656290370037      
  0.101412849174605537032891105564523313      
  -4.54197784751924495587971287872501610E-0002
 -0.194394250970905315275092429549770996      
 -0.345527205262110249539368315196940522      
 -0.498835356727355052530786245284914904      
 -0.654335499347796157661070578192168383      
 -0.812044505795240372449268582293139400      
 -0.971979327517985074703250011296190505      
  -1.13415699484052505852279230627452270      
  -1.29859461700999173112272202412971122      
  -1.46530938225650792121900485592622155      
  -1.63431855783749351331022715717472241      
  -1.80563949005998713282589582844315890      
  -1.97928960428988978428205242423639202      
  -2.15528640498763716177837118460825738      
  -2.33364747566703482713195554164300536      
  -2.51439047892821977525055118023981033      
  -2.69753315641107645713455412448835251      
  -2.88309332877388641910274795056520463      
  -3.07108889566105882508855328035290274      
  -3.26153783566516487855702809090523151      
  -3.45445820627655125984755268269164708      
  -3.64986814382378645193713415808002101      
  -3.84778586342336771897183428839401213      
