   91.9024000948784202170827437330254962      
   91.9024000948756103372976966772670622      
   91.9024000947781154036684974976726514      
   91.9024000938787693816519559027232238      
   91.9024000896844288202618513178260257      
   91.9024000766383934662216407567882654      
   91.9024000450117361798584013575444361      
   91.9023999762874426696560851888711426      
   91.9023998183483736405145405383217197      
   91.9023994036952332784953171782024088      
   91.9023982669257147319847290413280580      
   91.9023953407678592644285428736799622      
   91.9023885526131446719353093836754546      
   91.9023743796610106179934938006697525      
   91.9023474336116979452918891815187515      
   91.9023001355581864402578711039251851      
   91.9022225184095139097489458660232696      
   91.9021021685554678479140712492096715      
   91.9019242974342936840711197260551860      
   91.9016719196858231875848911715073790      
   91.9013261073656381489793171552046195      
   91.9008662877366768665057965209760351      
   91.9002705538472515027869434237223703      
   91.8995159611292863350041753870706540      
   91.8985787887953175461800834301716271      
   91.8974347512300042691434408223932917      
   91.8960591511340158083625526899181485      
   91.8944269727960957006631431551389702      
   91.8925129195630687913061048920371806      
   91.8902914040574313379015367742226124      
   91.8877365031435898278062916786903362      
   91.8848218912602640712587945894151206      
   91.8815207660257906846911381629273828      
   91.8778057791359209906030406656299598      
   91.8736489836725609505840702094985539      
   91.8690218064389860395497371843833851      
   91.8638950511356366692401849162475519      
   91.8582389353458747265948597025096913      
   91.8520231616994114838664956755895631      
   91.8452170212498713669829012954193400      
   91.8377895253547100918038582396543383      
   91.8297095609088168195002126738138400      
   91.8209460629779937973976134901895854      
   91.8114681984590351203981885133008449      
   91.8012455542142979619041427274922436      
   91.7902483137735892385953945007215070      
   91.7784474730147312187685819444882879      
   91.7658149557442509011773836085674049      
   91.7523237958666713576927144871192409      
   91.7379482598387306852297245828562862      
   91.7226639540420742284242466084194513      
   91.7064479075345438771911712829008910      
   91.6892786293704557484790775303551391      
   91.6711361400106417436011543411321981      
   91.6520019770394149239396716848732754      
   91.6318591760967670569899993212719997      
   91.6106922281975197149422513462133297      
   91.5884870149278452045615944031215316      
   91.5652307234434311152129782084665778      
   91.5409117435273513935778077544587773      
   91.5155195482192364711576230742521345      
   91.4890445610976965728920273925410986      
   91.4614780118707378886109998555091344      
   91.4328117826844284655266707576960816      
   91.4030382476588688261330897920022317      
   91.3721501065822624262393642390188050      
   91.3401402164751472665247492700633031      
   91.3070014207725861840746356540478257      
   91.2727263795302559173438883365827533      
   91.2373074013859000633064244344122674      
   91.2007362775987166814500601829473656      
   91.1630041215297812509759462309482426      
   91.1241012123153452841907109595907380      
   91.0840168450460900688015795763847049      
   91.0427391863968924259500209914085902      
   91.0002551390883317927394389690024941      
   90.9565502105173569503073656523036923      
   90.9116083922133448917461885897351411      
   90.8654120449600883129022815975388515      
   90.8179417924232317986318123296646164      
   90.7691764233742701296801549047577729      
   90.7190927999438330165510624310234433      
   90.6676657678035109128106746795571465      
   90.6148680798289586577480584532121970      
   90.5606703263757052855933698569893059      
   90.5050408671386137991547315773666664      
   90.4479457711498018112541330455373323      
   90.3893487590498574466997653267689879      
   90.3292111586383534946811219316347285      
   90.2674918470745665546321621395189550      
   90.2041472032426605277257829574746265      
   90.1391310737630828199939228968540746      
   90.0723947307579861132597338107872877      
   90.0038868348481217269679099079634718      
   89.9335534079012867216047171252336461      
   89.8613377800728291341051539166187683      
   89.7871805419908918364677642782160912      
   89.7110195282736180661238777232240963      
   89.6327897783172529773530314544465392      
   89.5524234892879262350285537174886287      
   89.4698499731237852987573042502407182      
   89.3849956281617054513138361458027987      
   89.2977838859523669407680968470339652      
   89.2081350733778154050962477815802319      
   89.1159665490862061898784796208303444      
   89.0211924726759959229024738879270785      
   88.9237238374290355349334720927556688      
   88.8234683111863922012572542036983016      
   88.7203302080603716512402443307717229      
   88.6142105153540566270672256214826191      
   88.5050066631548776059096153847792055      
   88.3926123735479353811090809602035603      
   88.2769178068601946644128265002319286      
   88.1578093074246510936347967494841645      
   88.0351691521668075765110992672509192      
   87.9088756821295935061071685768980899      
   87.7788031272801297574766219812004892      
   87.6448211907398657233605128275942351      
   87.5067952345938399734674665660625428      
   87.3645860034930461223179578303716537      
   87.2180493299063916433623470153811309      
   87.0670361784140221880363393141614532      
   86.9113921638523940960290809709089717      
   86.7509576735602065932041205584025594      
   86.5855673059314078958983149648421216      
   86.4150499728041220899310538505673514      
   86.2392283677214159380428418371844011      
   86.0579187747573005416616334500170414      
   85.8709310144417728505757171114207291      
   85.6780676754056854470398792426081379      
   85.4791242954363657592829227720597362      
   85.2738886677478556189189282310808636      
   85.0621407229654962447585927261154512      
   84.8436518916033596288841036506991777      
   84.6181849579826464144947177106148957      
   84.3854936169273594576066760795389409      
   84.1453217734184239088730294675441119      
   83.8974033209510476713656510994100089      
   83.6414613878283708334608502447991003      
   83.3772080761872143228094727336969353      
   83.1043437369429337261364218645690666      
   82.8225564159269097533935092346894632      
   82.5315211180005490840577620764173083      
   82.2308992921350677689567300149992526      
   81.9203379460608110769658796827417756      
   81.5994690246407449119165651446199388      
   81.2679085507674369189053723619499635      
   80.9252557564234819741841664112421425      
   80.5710921719970741048732823053917808      
   80.2049809635512877073600092088572513      
   79.8264654793620210002551780722876012      
   79.4350685669496537084400320422285684      
   79.0302913354012494793182626595934822      
   78.6116123502617081248815626373977422      
   78.1784858076559519914173372366254084      
   77.7303409505004237562763686005812322      
   77.2665806311117292483643037229571090      
   76.7865798075511587840000542722579201      
   76.2896850282504434248313456178735039      
   75.7752120958096200740183160104506357      
   75.2424457040463230461793804941397993      
   74.6906380435003004278508408488218582      
   74.1190075657198012088138799521620075      
   73.5267385786756239039600523018234510      
   72.9129802115406942111663337759803451      
   72.2768463583570528899458198474803068      
   71.6174157640323711919614786320234997      
   70.9337328224006392943616195131234914      
   70.2248088560840439379005630399057797      
   69.4896248383102613016267914976877522      
   68.7271352240783253143455821681167919      
   67.9362727045160071800400266051988583      
   67.1159559989350430423960599893467605      
   66.2650991513592522547976660046537568      
   65.3826244393704094568511841644528279      
   64.4674786209411667316213785268340664      
   63.5186525372349046701269926540086965      
   62.5352105430676526017914888038439041      
   61.5163166822222004311965163248191226      
   60.4612769488302416228664981355100200      
   59.3695849042084770642455680119823822      
   58.2409747172961905385768758522357520      
   57.0754839827741579784792883960523375      
   55.8735232000988673554581308375425399      
   54.6359517780678934072584899100867929      
   53.3641563885157638622055100162251810      
   52.0601289274244706840226890565967344      
   50.7265367168199654213413478259082201      
   49.3667771455215734113081953607836337      
   47.9850036851665819159144804561170644      
   46.5861209709426276295503952567805970      
   45.1757242982040356084770636156663108      
   43.7599977926198802086334552731324765      
   42.3455493445872037317487905571823984      
   40.9392040208683162940204232952710221      
   39.5477674094065401565863030399197557      
   38.1777786107164526110227088195175514      
   36.8352818764632743392682872963320669      
   35.5256358798982904543385618959865392      
   34.2533784165223982587690966858894332      
   33.0221525224923443610680824255919636      
   31.8346926467542790547263162358954036      
   30.6928610663928413019882442480987531      
   29.5977218708935162923603367384046323      
   28.5496396097764657591328749963639779      
   27.5483879235369098103211446350809788      
   26.5932597087252155642621793759028134      
   25.6831710706081698879093992305956650      
   24.8167545739437442148004804949348666      
   23.9924402293940911863165007069067676      
   23.2085231691856265165352295947945610      
   22.4632187334730823830021855292915637      
   21.7547065520380185206913678884617014      
   21.0811644701423517283166083736626717      
   20.4407947781557669766761207991132586      
   19.8318430428669677199721588802593306      
   19.2526118275601129269129614484836405      
   18.7014698628796933788850146226194737      
   18.1768579326087449471936938432735336      
   17.6772921194832825240764169528443878      
   17.2013649385933385881467276100906981      
   16.7477450566792872818172475570843764      
   16.3151759381565217764771424087668527      
   15.9024737001353113891106529134211055      
   15.5085243802073023149268900161985392      
   15.1322808994569486564793754259874717      
   14.7727598071452988670124551636438270      
   14.4290379985897672666950972227107670      
   14.1002492199391579612748591185017684      
   13.7855809091056850267792116811366223      
   13.4842708290965235144741755576593119      
   13.1956040240231797272048231621605848      
   12.9189097883124700827146632498859787      
   12.6535588282138125758124662802972552      
   12.3989605592542315912367803889307688      
   12.1545605882774196209537726004260300      
   11.9198383014095331421703528406515631      
   11.6943046233079961439934561723064302      
   11.4774999185808664731239732533385700      
   11.2689920341618083674504798909161517      
   11.0683744818683733333761064532438691      
   10.8752647055942957175179298736101929      
   10.6893025032611255863754096029388095      
   10.5101485534423079993699361788248327      
   10.3374830494110509938642231802268398      
   10.1710043985284578565384157524290961      
   10.0104280278921066936273589495983239      
   9.85548532572996322916185470193667675      
   9.70592255389485745737986351883826578      
   9.56149993983625127246729087737434697      
   9.42199073811090150672088132254872336      
   9.28718047423647723721188100358395318      
   9.15686610239813110400754439371601574      
   9.03085535448589608890173471177189295      
   8.90896601056576007067540975930834722      
   8.79102535851180274492707787495115984      
   8.67686952522917400599021202211056538      
   8.56634303701529488735312099103340678      
   8.45929821859403900056826813217195980      
   8.35559482379830625261773875094714658      
   8.25509952218288019782100214171127969      
   8.15768553395341688249921186977338447      
   8.06323224588992237190607887398183882      
   7.97162484213163425753676527971703644      
   7.88275399815944431367493764722655011      
   7.79651553230795202758008352330638296      
   7.71281015257231463454294179409821604      
   7.63154317939220542521544003881269403      
   7.55262427493051900956626979224634486      
   7.47596721427987074954917263773139445      
   7.40148967363208371150675865289735196      
   7.32911300012777827658075072550272236      
   7.25876203353185927765067925755364257      
   7.19036491541599858610114746210321402      
   7.12385291352440187640129832192710105      
   7.05916026202943525029695914089225917      
   6.99622401463294582047585739001286093      
   6.93498389208762194216676164555191384      
   6.87538214842591924523842393522666959      
   6.81736345078912766072861449210177026      
   6.76087475101247515084568928261600894      
   6.70586517795975227853048879396232798      
   6.65228593234910117289437351271940821      
   6.60009017822018749720915882328994724      
   6.54923295802262912748980781267740079      
   6.49967109783512729022727114044078997      
   6.45136312353009693961287667172973737      
   6.40426918058756065164167849213694433      
   6.35835096139568656173002436255852909      
   6.31357162968046215253808676155919134      
   6.26989575742418198108630635428800205      
   6.22728925641593874950425155616216239      
   6.18571932102831138984668989690862544      
   6.14515437018270847650356537358736098      
   6.10556399140700377009206196723879224      
   6.06691889121473121972363093149703071      
   6.02919084542209422259022546998047188      
   5.99235265254197604065665765182375645      
   5.95637808919199125970405958243590488      
   5.92124186985172386129214684977551781      
