   91.9024000948784202170827437330254962      
   91.9024000948756103372976966772670622      
   91.9024000947781154036684974976726514      
   91.9024000938787693816519559027309398      
   91.9024000896844288202618514101760367      
   91.9024000766383934662216895155536969      
   91.9024000450117361798627095854241141      
   91.9023999762874426697804819334256330      
   91.9023998183483736422178815065818573      
   91.9023994036952332923288816508934091      
   91.9023982669257148088284888869513396      
   91.9023953407678595855848966844736433      
   91.9023885526131457526944866413619589      
   91.9023743796610137286661642565166190      
   91.9023474336116947634662286006720068      
   91.9023001355581970900694197986168231      
   91.9022225184095985114822230906882584      
   91.9021021685560021626512531917784013      
   91.9019242974370749470555861216032970      
   91.9016719196981057005065140003208061      
   91.9013261074127485847729248623765877      
   91.9008662878966581749378227348033428      
   91.9002705543359431136289413298155835      
   91.8995159624899782629443742733144148      
   91.8985787922873069744114724801824164      
   91.8974347595680108101946365519892282      
   91.8960591698069171154488031243587225      
   91.8944270122881191154891801181832271      
   91.8925129989103117922119218743459142      
   91.8902915562920615919562332048637868      
   91.8877367833003533385212208620003678      
   91.8848223877371984213033688493124301      
   91.8815216161955598229027330952103602      
   91.8778071901892086179910528985918935      
   91.8736512597349386104244749208389079      
   91.8690253830343949436212762697947662      
   91.8639005380712937688702625696909832      
   91.8582471690655532825302390767819853      
   91.8520352680965229227972012635577717      
   91.8452344898519171026270373057947063      
   91.8378142956887956905597688516215909      
   91.8297441217423712617624409708976209      
   91.8209935649959753088114564756202027      
   91.8115325808049144687046843039978227      
   91.8013316851741898020760335992029445      
   91.7903621555798106364879830237248746      
   91.7785962244089001252517754218310586      
   91.7660072598852730393978018352367667      
   91.7525699209839875738989666221095015      
   91.7382603344819071882177414434754754      
   91.7230561680690660695243146183391087      
   91.7069367549929789780153618504502275      
   91.6898831559109148476430195381507725      
   91.6718782010076556125405773568364016      
   91.6529065055030115515561494857787572      
   91.6329544593784679830740372002327577      
   91.6120101924647776215394057988370674      
   91.5900635162973568758019794571427392      
   91.5671058446860643818792210700743765      
   91.5431300951178653775042814981481784      
   91.5181305727049830118546308566713757      
   91.4921028395201941071475112269555936      
   91.4650435711785147132411062058064864      
   91.4369504029963265920999091628034988      
   91.4078217682326440007503619415070916      
   91.3776567297078830938888903474918886      
   91.3464548079814452705530996205549666      
   91.3142158066138832303672577924266643      
   91.2809396373612445166424846331492783      
   91.2466261463835135994118735465450904      
   91.2112749421844767120335334463312069      
   91.1748852279634108375318909088797242      
   91.1374556381414099068169657714214809      
   91.0989840801667844081035778657806396      
   91.0594675832693832336630740370822369      
   91.0189021533681167122273715785447842      
   90.9772826344724948387367839550901810      
   90.9346025792728262597468118607161965      
   90.8908541261822189743904981236115829      
   90.8460278847869576297919128484452038      
   90.8001128304561116590503917000883377      
   90.7530962028367393405044895214002390      
   90.7049634138130790206199215034853283      
   90.6556979605543455709836982024864841      
   90.6052813530107264087947501569015394      
   90.5536930366136941831462071428271853      
   90.5009103304692946898415595386074655      
   90.4469083643051806789242407189015353      
   90.3916600296999310212036142751477246      
   90.3351359232232251003558723868912940      
   90.2773042966544795068265018490109932      
   90.2181310206203382476490217740615035      
   90.1575795436169085505593533722793064      
   90.0956108552374693670816381231333293      
   90.0321834584045354462909382199166384      
   89.9672533278285728642465579085318260      
   89.9007738629385591427502849708155435      
   89.8326958753931366390820011563580450      
   89.7629675545764562036757976357574741      
   89.6915344314263649013819694492842795      
   89.6183393428916329943236871020805327      
   89.5433224065188819091422949029077881      
   89.4664209852041958137284784036732018      
   89.3875696170029888229431171017991978      
   89.3066999894753645293476224840657536      
   89.2237409222193890094962389144784403      
   89.1386182938631594678634594355382146      
   89.0512550241471712439397913129479945      
   88.9615709038641228576965669570426608      
   88.8694826851007012775675812363363432      
   88.7749039715366916769138580403367781      
   88.6777450194554710072105699723872556      
   88.5779128032509941408230686138300470      
   88.4753109915167762473582924832524329      
   88.3698395932292248135900546868176965      
   88.2613950736485003794343802313042311      
   88.1498703062813011272923154637349040      
   88.0351542346214923999002133354440533      
   87.9171318032307619476731992438176647      
   87.7956840945061359752310641603061329      
   87.6706877619700514662195797660797834      
   87.5420152716286546618852811391441946      
   87.4095344610933817641943249586472185      
   87.2731085228438776529854091430232348      
   87.1325957346066247384061999507565342      
   86.9878493836136926775774735058311677      
   86.8387173379348613631573386469030248      
   86.6850421403123343313849869684448612      
   86.5266603737182421824038092213549798      
   86.3634028636381293524305049293895789      
   86.1950939165800549299557272342074794      
   86.0215514641198456725231406034683326      
   85.8425865144008113275657958063907610      
   85.6580028572682800448396563683854941      
   85.4675967678757648992203871804847015      
   85.2711566674196078769572149689462552      
   85.0684625443540702222904651763158753      
   84.8592856687693955476803786829824695      
   84.6433882270327969397180416283615455      
   84.4205228991391487400243299681884914      
   84.1904317875233973764608641761311093      
   83.9528467485455007957836400840232774      
   83.7074880347765733382846311915137587      
   83.4540642050360153662836517761423070      
   83.1922712407234435616266682644649354      
   82.9217918062237320325626630229321993      
   82.6422947972592358181329685208127680      
   82.3534341582281502680352273348553044      
   82.0548482517716294576957096539498883      
   81.7461592018198322892571709453417063      
   81.4269714065694345331609575796759800      
   81.0968710147104978651243501462181458      
   80.7554245820066417268539041911759002      
   80.4021782153569950045680683632172827      
   80.0366559342765852197662244746887525      
   79.6583589530219732491280962722148289      
   79.2667639360913797723899019561348778      
   78.8613216796085834030022330173953722      
   78.4414558025588164083438007106981775      
   78.0065611766364424428534737506618644      
   77.5560022864400646494995368975180588      
   77.0891114464373364265050828170599544      
   76.6051878122307883400483202094376873      
   76.1034950647695443125050742727480019      
   75.5832599055615658589333466139000809      
   75.0436709677431414808495061899906081      
   74.4838767730183838028292367833371991      
   73.9029850217952177947324743270729866      
   73.3000614746058848709300681053885588      
   72.6741294306717597931623434535288975      
   72.0241695020610592891722903222317672      
   71.3491206447823202127661914891956103      
   70.6478817225680154780885746584436241      
   69.9193143877939991257411934049574735      
   69.1622474173488748624957900215408546      
   68.3754835149516742498329773664916481      
   67.5578079239186791734257398236619901      
   66.7080006460525485330672288328890137      
   65.8248519891436661525500845602315642      
   64.9071841967355002158397054436360553      
   63.9538741476643496322058813491730235      
   62.9638899988915720640260664272795871      
   61.9363259751715593623671375134125392      
   60.8704520734644047694855736742603217      
   59.7657686067907203104763718053253515      
   58.6220710673254270491407538191903890      
   57.4395220995096058846201118526656929      
   56.2187301001097632193247297633034127      
   54.9608315092335350555776089296242654      
   53.6675729346170950640749129233652954      
   52.3413850957049964052718122319902130      
   50.9854435036845330856527527143642923      
   49.6037027649521365825304005249172409      
   48.2008958219016922714253268512573613      
   46.7824899577721692159510336061406613      
   45.3545902897924103056793038474441222      
   43.9237904217079461916153493609771592      
   42.4969785751719100635497557965603204      
   41.0811071789430295494080327826280010      
   39.6829507289651768532774725822804845      
   38.3088721156675508978433154431649864      
   36.9646209418133859755269633983946977      
   35.6551807206167392519876760851875922      
   34.3846734247274015803028024775934765      
   33.1563230366298485972282144036643587      
   31.9724713081932718837763743265930707      
   30.8346343282605926761105561294583049      
   29.7435883219358875400160012882298833      
   28.6994702773017226122867464842451697      
   27.7018842792349388237011872979774463      
   26.7500052840409378871760111517060447      
   25.8426749645545617572598438023017290      
   24.9784865039285033404002587971866352      
   24.1558574550482228442887266842006842      
   23.3730902279205478242447755452851795      
   22.6284216195379264894858484746690858      
   21.9200618428013672588148950957895261      
   21.2462252038483217793421837673285120      
   20.6051531489254604179800526055488095      
   19.9951313726100538591789321411352726      
   19.4145020643235526243379939239036974      
   18.8616721907323538030585810334041544      
   18.3351187202926669241109432939998525      
   17.8333914348378572878646028003672738      
   17.3551140553718258628800383523148461      
   16.8989838289272760095568928597112848      
   16.4637702357155024036224896080966272      
   16.0483128608651785176855291945610067      
   15.6515189014365025546683059189555181      
   15.2723602512871894307107984948698841      
   14.9098704387813548961466734386794950      
   14.5631413141625316293485921934314645      
   14.2313200502181330922388191689842845      
   13.9136058548759251043496238693679444      
   13.6092468973708807079522428675546325      
   13.3175372944714211848406378375079899      
   13.0378143139108345664063177582381447      
   12.7694555900699745358914801892654486      
   12.5118765492156185383325672499943489      
   12.2645279509125305209028753781650339      
   12.0268936161308719482958164768155480      
   11.7984882371683985188982422416328475      
   11.5788553601078997594699737287731598      
   11.3675654798163580757511238322194199      
   11.1642142783752033467310693440556600      
   10.9684209835872186381762503573813266      
   10.7798267864259371292145989223054417      
   10.5980934548744872300120961441842422      
   10.4229019486933142714823560243994452      
   10.2539512250317095468098344158347814      
   10.0909570463376535058247725640424994      
   9.93365088323806001418311608668647242      
   9.78177896836271473413761185770756651      
   9.63510131250569809968199976605036834      
   9.49339087522125516860239204933246062      
   9.35643270294573769446422566652417521      
   9.22402324136151508973089911598635348      
   9.09596958073329302618567796947388796      
   8.97208883697928579357107955460921192      
   8.85220751072583882890733971669229714      
   8.73616096882783551742869937842087144      
   8.62379285561413365186059578984754275      
   8.51495466514924311082415917711184006      
   8.40950521447482465409568840518463975      
   8.30731026479090913668608038234280765      
   8.20824210635949080433953514787532967      
   8.11217916975629345287079173058295447      
   8.01900567481836603410794915770575929      
   7.92861133815070960404806259690824302      
   7.84089103191276769927600184456265785      
   7.75574450868504559137683539357971050      
   7.67307612038176158266083691745931194      
   7.59279460093572008755139609126784086      
   7.51481278360560992842080675207139215      
   7.43904741662838932645071686905435074      
   7.36541894033460438510829978427457789      
   7.29385128645989812154746567825364395      
   7.22427171468827529011921918777054704      
   7.15661061742340350767344374642418720      
   7.09080137489734967184472672979040688      
   7.02678019843466394813105575307169955      
   6.96448597902608151125185042597664719      
   6.90386016708148173982210287921152271      
   6.84484663519658592220673943471261724      
   6.78739156003374202832300846438020350      
   6.73144331370729416208782843303327333      
   6.67695235091840673393269536925245278      
   6.62387111355425337509125900230684048      
   6.57215393605735748419733269805204258      
   6.52175695207072634141893377622669732      
   6.47263801240539361820383846042228041      
   6.42475660552502097459544710943473194      
   6.37807378068434897208183905289923333      
   6.33255207411852615071672254548984059      
   6.28815544776142845697866394155238229      
   6.24484921950372355256989591829652017      
   6.20260000248933338719807739545075853      
   6.16137564989686381510211527446935806      
   6.12114520049086182066318833674013999      
   6.08187882401039350162129162744170018      
