   6.91360382032448847522976250442333937      
   6.91360382032448897452856100055816334      
   6.91360382032452743201328781372420908      
   6.91360382032516444341181800519020349      
   6.91360382032990751712095170087933134      
   6.91360382035170981779289183518602460      
   6.91360382042467998402730538387691736      
   6.91360382061958405575439074347442695      
   6.91360382105548862151324438687611947      
   6.91360382188595357241998882082147977      
   6.91360382321898980234001191483641689      
   6.91360382491702757164188368242061265      
   6.91360382622650346139141054677289866      
   6.91360382520635179015021512024649937      
   6.91360381795271752365409511217984620      
   6.91360379764466427460946438646234001      
   6.91360375345691122298983011906707686      
   6.91360366939923818096278272868240966      
   6.91360352314906522296944318615457242      
   6.91360328494558975973565435165732839      
   6.91360291661224931574411764847414562      
   6.91360237076968774423085487825939183      
   6.91360159029346626222856404289820387      
   6.91360050805957750518754982920101377      
   6.91359904700543321524281596908869401      
   6.91359712051626032738280559408238536      
   6.91359463312672596563992144373860199      
   6.91359148150853824321755659109256930      
   6.91358755569764376599293220882121470      
   6.91358274050083154647133946166954599      
   6.91357691701411227357136254794525969      
   6.91356996418200695068816381404445406      
   6.91356176032941400790763839387471348      
   6.91355218460444430838567330726512414      
   6.91354111828062814708770114110933811      
   6.91352844587881554280781284317536804      
   6.91351405608196096253991444906284353      
   6.91349784242835753817350784576114273      
   6.91347970378066329974021913753625969      
   6.91345954457748769742208895600366395      
   6.91343727488273035071263489131786562      
   6.91341281025340688643983996313746101      
   6.91338607145096226678912749998165917      
   6.91335698402296502317597310624772457      
   6.91332547778286573680638464556154012      
   6.91329148621483579335295409470458538      
   6.91325494582902872461408735221148426      
   6.91321579549024675632623477721558270      
   6.91317397574035281218034639990344744      
   6.91312942813170973013579540027672334      
   6.91308209458562566573172068127560823      
   6.91303191678712612350697282929156439      
   6.91297883560886298054260700966522359      
   6.91292279065764873966200518033087765      
   6.91286371973783974928021059810578954      
   6.91280155849897710918620852334476539      
   6.91273624007623870841350922183735403      
   6.91266769479521005025900764663510545      
   6.91259584992587998635473941895350649      
   6.91252062948239882322638419712028140      
   6.91244195406337221374130275579367647      
   6.91235974072826670338919730796719867      
   6.91227390290424627418447407129781623      
   6.91218435031806005301313081493502158      
   6.91209098894800772385400727764876671      
   6.91199372098939893414718278009147787      
   6.91189244483046669858041574091553834      
   6.91178705503146907135058068482891934      
   6.91167744230463623188030818482551820      
   6.91156349348986286027485317624740664      
   6.91144509152100272541317650922265914      
   6.91132211538227912308748897907942504      
   6.91119444004910599402490695496023838      
   6.91106193641100318830328581560173087      
   6.91092447117618976460743160737279617      
   6.91078190675285523789664006014029000      
   6.91063410110547297802672109988953745      
   6.91048090758904613718296064273557067      
   6.91032217475446569154903812999238602      
   6.91015774612775961955676342373933915      
   6.90998745996426304820971635022475503      
   6.90981114896568032329917783730251123      
   6.90962863997238450310134045840321504      
   6.90943975362165527937332603601614838      
   6.90924430398730849140488198148055739      
   6.90904209817596656102493536012600691      
   6.90883293590296989302283221335041560      
   6.90861660902479977761118119397949897      
   6.90839290106267149702522102862818998      
   6.90816158667454818800630632589498743      
   6.90792243107999001053997753298269382      
   6.90767518949977001319849117440019668      
   6.90741960653307532053820791431112783      
   6.90715541551127813841354292266559948      
   6.90688233783105301775629633754701733      
   6.90660008223704223895211225234887457      
   6.90630834401551827159882964992875640      
   6.90600680427724995335119550488720735      
   6.90569512911965567818554588482568516      
   6.90537296878938895469892102162833873      
   6.90503995675017584169705844390018349      
   6.90469570880527598982908503664119170      
   6.90433982212522118011449435416402146      
   6.90397187415716953061661434624031463      
   6.90359142159594136000323715889020603      
   6.90319799936441086856475616472891911      
   6.90279111947342779831813936989354097      
   6.90237026968322928571313184729790852      
   6.90193491226625526406257830023866556      
   6.90148448284480021492516858612771072      
   6.90101838913245285798803621534055738      
   6.90053600893470887625973850393759746      
   6.90003668940753227695019280197762101      
   6.89951974512914051233276054485114795      
   6.89898445642783847858836661222834487      
   6.89843006753974419563853889031488636      
   6.89785578555814833589981628061088310      
   6.89726077776650663478784767532057410      
   6.89664416984261861085219089230079422      
   6.89600504422395313739650386868261931      
   6.89534243783742469518700225464122621      
   6.89465533910198222788263385969982953      
   6.89394268700038929401927576464908286      
   6.89320336701875220420183272132963087      
   6.89243620985449099906010537814409664      
   6.89163998775314807146786034302751058      
   6.89081341232665753314298684285733520      
   6.88995513080954021503810968765857386      
   6.88906372375461539818597545316145295      
   6.88813770053903452092700446341287429      
   6.88717549714888297362898487257277448      
   6.88617547092749393900419119404709320      
   6.88513589831184843399917506602078700      
   6.88405496912913842739427073497073436      
   6.88293078308674891179624964399986420      
   6.88176134528750302459588671749346853      
   6.88054456058275526286522966074409042      
   6.87927822892534920525746996845283017      
   6.87796003959410189414049337402593009      
   6.87658756581601385111548421331841535      
   6.87515825817885023460165790673304270      
   6.87366943826092171659910788789250167      
   6.87211829213401691968245585437673416      
   6.87050186245356845375163487782723428      
   6.86881704046352843076882289423541792      
   6.86706055978762980816788620088983965      
   6.86522898440809956047108901523484434      
   6.86331870205511899773185856351033663      
   6.86132591405614818136245259054985626      
   6.85924662317820484794462689839836307      
   6.85707662426165304856151297732773945      
   6.85481149196956642406083861603364262      
   6.85244656755839923488353005176482716      
   6.84997694645086949322402535719361831      
   6.84739746335780385749302279752665806      
   6.84470267738027861922462830976538977      
   6.84188685597854896143622750055232823      
   6.83894395806917651244272170737548119      
   6.83586761539563331535808237399365319      
   6.83265111314610776955821049621546863      
   6.82928737017978560078275505843991037      
   6.82576891629501892278331108736294182      
   6.82208787014642713476478907256959864      
   6.81823591426981329030719244333234765      
   6.81420426925809161209148583517503541      
   6.80998366661967458221331704756547594      
   6.80556432032324790948938002937537736      
   6.80093589613869991833854817729033786      
   6.79608748206064751276066012572140533      
   6.79100755396364516173078397448262225      
   6.78568394266095586232541800650072782      
   6.78010379964176550010500678540876825      
   6.77425356256254571048159128124367179      
   6.76811891967823964592336698017877811      
   6.76168477582101778492255233061355359      
   6.75493521963479053042182068964924356      
   6.74785349084052635781519619316539036      
   6.74042195495826232656463040500258314      
   6.73262207749938563617952441663853057      
   6.72443440827210759567216431117951690      
   6.71583857181360778296451790552423709      
   6.70681326776711064660449609858353020      
   6.69733628444742906709052345934662749      
   6.68738452556818803172473114208697586      
   6.67693405450269447987330482385276031      
   6.66596015825549240760273630109707153      
   6.65443742916791460050768699337695974      
   6.64233986760794751999327583488399598      
   6.62964100664851272016901792731163953      
   6.61631405269211907909877376062274605      
   6.60233203831661283494951376521217592      
   6.58766798172389558661868617460837607      
   6.57229504569561986900843855289219534      
   6.55618668502366337719475598855326160      
   6.53931677205830960424881565184206321      
   6.52165969377645926898208514014405731      
   6.50319040970168751514915942122842923      
   6.48388447893963086058007082109413957      
   6.46371804176761145138166551423851303      
   6.44266778404266215769647622066653363      
   6.42071087002935086308506357139583777      
   6.39782488331157705582142425733501530      
   6.37398776389118787311569837846217516      
   6.34917777114210727258894087799399867      
   6.32337345664116167253557042629953921      
   6.29655366789056049566170371367656978      
   6.26869756606886586892303115112752530      
   6.23978465794492680725175777819456123      
   6.20979483356360137226215915673888092      
   6.17870840376727697567383588738683351      
   6.14650613103803460679828740375174973      
   6.11316925377958418899698250749977463      
   6.07867949806462624607919479713634279      
   6.04301907964735506019463711530176232      
   6.00617069628478191222730052648947673      
   5.96811751108140424503989435746594094      
   5.92884312943757912258915714501228189      
   5.88833157117714298999468727343824202      
   5.84656723900309456986393630112327166      
   5.80353488554184115512121327194991299      
   5.75921957909285083510351876849758928      
   5.71360667042017140106701382111637357      
   5.66668175998504693106776129028492639      
   5.61843066691092934911630693922376534      
   5.56883939958388739824279526626913803      
   5.51789412836491388348200002633299622      
   5.46558116052373128724042171306981826      
   5.41188691705580745148078316858670942      
   5.35679791168841683972033333311921990      
   5.30030073169547346546660082092403977      
   5.24238202075969671553299956829205602      
   5.18302846338179586461106804356299073      
   5.12222677096321848601661065973909540      
   5.05996366925089508656125687291220369      
   4.99622588715561176711188524647418770      
   4.93100014668788716478852955915628708      
   4.86427315414851082141753342091896893      
   4.79603159199082850409358141930869197      
   4.72626211177670429888045392084744302      
   4.65495132783481534040434661956433260      
   4.58208581156308670934100568082027148      
   4.50765208639768866180826185560416974      
   4.43163662332871667626818168476061872      
   4.35402583692347534873051284177990715      
   4.27480608173667758292388830184404730      
   4.19396364913617961497172491017277062      
   4.11148476451085018948071288115069613      
   4.02735558474705278687271549494414198      
   3.94156219601222183529307652516161529      
   3.85409061174390790270515131659581005      
   3.76492677094779693273159956506769352      
   3.67405653658396978227930420112801185      
   3.58146569423452918212856291738762950      
   3.48713995083487106643725908116758704      
   3.39106493365510730942427626668297198      
   3.29322618930905655018806202209958627      
   3.19360918293316731868266359901654445      
   3.09219929745711696313232383494223348      
   2.98898183297047225105778112285522693      
   2.88394200617272607938908234427488175      
   2.77706494988056835037508898384571579      
   2.66833571263306843264813467931604742      
   2.55773925832972870965990470808960911      
   2.44526046594316145826176211083806565      
   2.33088412926773308167331091867769721      
   2.21459495672358678004726391005383036      
   2.09637757119285594741243533789836751      
   1.97621650989149910859603138690245902      
   1.85409622428673482858326757357148314      
   1.73000108002012069262681580718571165      
   1.60391535688102833585986212167479655      
   1.47582324880632711098001846752950600      
   1.34570886387592100420484929448964770      
   1.21355622431709609959925891663387589      
   1.07934926660716971486984955044522702      
  0.943071841493577748567132088676178140      
  0.804707714088928298043590433428396535      
  0.664240563968508903762216732437983617      
  0.521653985241121459512350467990278666      
  0.376931486719517963740700782973508985      
  0.230056491975330821429912060824083008      
   8.10123395190659208807987044391714207E-0002
  -7.02177170652821816817479856529161655E-0002
 -0.223650509010520343218048088883099335      
 -0.379302952156410162619741103077920225      
 -0.537192046844537649462299358244284996      
 -0.697334877722194510064839695552839666      
 -0.859748613580042837538592228886390909      
  -1.02445050720219264646622497733074021      
  -1.19145789515157837362958225626922898      
  -1.36078819761649900850706287763960845      
  -1.53245891823918121820000412039545669      
  -1.70648764389839863937389431107058823      
  -1.88289204455321109945110984150914699      
  -2.06168987303555641034552906659710279      
  -2.24289896486980921201160324946659132      
  -2.42653723807936027134430467748829980      
  -2.61262269299136551664520178690367495      
  -2.80117341204362085711481517158087847      
  -2.99220755959801494594437360434314095      
