   91.9024000948784202170827437330254962      
   91.9024000948756103372976966772670622      
   91.9024000947781154036684974976725281      
   91.9024000938787693816519558604131252      
   91.9024000896844288202617579448229281      
   91.9024000766383934662054695678337268      
   91.9024000450117361792064456872594433      
   91.9023999762874426591118511165165846      
   91.9023998183483735479052533588715692      
   91.9023994036952327484038956915708064      
   91.9023982669257125004948396632515439      
   91.9023953407678514956279571259317178      
   91.9023885526131372091910889563826393      
   91.9023743796609011526258574683402321      
   91.9023474336106686730813017466351563      
   91.9023001355511091783292365159344576      
   91.9022225183706257216654883404377499      
   91.9021021683782292722506692432317715      
   91.9019242967442786322210655363239285      
   91.9016719173365145761874409840406569      
   91.9013261002357778795218834901742594      
   91.9008662681456122553123113657215976      
   91.9002705044761892747204070007252158      
   91.8995158457852491494213500353634413      
   91.8985785367071997498211419160321866      
   91.8974342318693870318829699606328033      
   91.8960581358682386247294605770367242      
   91.8944250790728712841079812603408135      
   91.8925095328547170041094491633096905      
   91.8902855725054348222305306374764266      
   91.8877267997678029602952818469614161      
   91.8848062387404783201384811314742497      
   91.8814962194151789133708987533512137      
   91.8777682623963158458435599186562333      
   91.8735929765994865954354383140196411      
   91.8689399793183390708668987387345995      
   91.8637778453089511691773616275218713      
   91.8580740887106678638889132871250085      
   91.8517951790020612431956084364604566      
   91.8449065735327682658515216526713971      
   91.8373728564967311442642079962827383      
   91.8291577586057157647284480838023255      
   91.8202243338471546386986802332112548      
   91.8105350851162895520522255543078681      
   91.8000521102321778039034668600760026      
   91.7887372500632041334040170849870378      
   91.7765522333743707518779958931985518      
   91.7634588134592714152558725761512446      
   91.7494188924993871782381257313062017      
   91.7343946302515775947846764774113435      
   91.7183485347128098100953159334627341      
   91.7012435325885567895158269802745999      
   91.6830430189857201056254287438434934      
   91.6637108855826469702406051974910733      
   91.6432115274749432735039893015187272      
   91.6215098296469267877991648687598122      
   91.5985711337757962700855741183423966      
   91.5743611870450313646885363290586397      
   91.5488460741594480765837731102759939      
   91.5219921355913739704494243087630892      
   91.4937658715283024369647461772007611      
   91.4641338364203456679013649909942625      
   91.4330625236455115956611781328171060      
   91.4005182437061697372101799398698966      
   91.3664669978207556111723067059851047      
   91.3308743455067580253883481917613111      
   91.2937052737594380127729590259176863      
   91.2549240620570107798465248836107153      
   91.2144941505109113370137988867369193      
   91.1723780099934105215666343742440484      
   91.1285370113969716598414473744217051      
   91.0829313038176715480011775017808881      
   91.0355196912951724891009341176715924      
   90.9862595187131881093687749397030921      
   90.9351065608105856542767607061376289      
   90.8820149150022583563873783443322945      
   90.8269368959776863492154427450938411      
   90.7698229444561553338714175903735367      
   90.7106215333194608555863498977577857      
   90.6492790844483328553967857404077717      
   90.5857398884794931638160909353395204      
   90.5199460231992289554245704831954255      
   90.4518372711665532753266079036397787      
   90.3813510579298986464421159095638066      
   90.3084223824392602450379277645971886      
   90.2329837501671438293959933472852153      
   90.1549651052048889874556726883785059      
   90.0742937810879639141763572868652683      
   89.9908944371995552034375172251509180      
   89.9046889584039064519377050632268138      
   89.8155964264377471492398929473558288      
   89.7235330496015953719084952019263837      
   89.6284120972120751446667365551488090      
   89.5301438144697768458407854888762230      
   89.4286354685365540172977086535395950      
   89.3237910673261614933921161653937089      
   89.2155113922243127748478171451647608      
   89.1036939673711257281794356996146512      
   88.9882328825575108017565727653896880      
   88.8690187281237433301513752102698880      
   88.7459386171466764433373940095034772      
   88.6188758906883831430240365470679198      
   88.4877100778429672640914148556744553      
   88.3523168121793666914894485325102301      
   88.2125677375662414769362624608201449      
   88.0683303871348014018510003860160606      
   87.9194678578170623405247787029666176      
   87.7658387886624616711800306117894285      
   87.6072974941791981353691782958729584      
   87.4436932045371877447571011264375984      
   87.2748702497959353270883717082283124      
   87.1006680279206009125747922772221841      
   86.9209205586842176154160705569509280      
   86.7354560333390980498910678150313744      
   86.5440974124781988749242795438209881      
   86.3466611089528130126551362735339976      
   86.1429578296495277406841569302410488      
   85.9327914021592856505164640467113391      
   85.7159591675360549212089040239040867      
   85.4922511730186665346162585374827253      
   85.2614504465457832787362693964120811      
   85.0233319643451418966449457453355820      
   84.7776629999890258984103367031987193      
   84.5242024211597563798212191413787699      
   84.2627003224692814296234887466162258      
   83.9928977548259898757168755365109785      
   83.7145261173065913888973922124970898      
   83.4273070329994750175775234095567505      
   83.1309517457322543734554165266582177      
   82.8251604028693513876860296620510117      
   82.5096220748905740741903606229244435      
   82.1840138954206234687894386639118901      
   81.8480003070355703111531330247851094      
   81.5012331816504876338445866228073884      
   81.1433505225141777752842904946787878      
   80.7739762950880677221256923134907405      
   80.3927195849859684567898315435983869      
   79.9991738973491689558641783596525986      
   79.5929168050234778231869293301771269      
   79.1735086728284248335163290801785981      
   78.7404924491556573451727989724001755      
   78.2933925793696660191301943690355533      
   77.8317143000109277603220491487339276      
   77.3549429370867526697543958839124008      
   76.8625432284363670312189745213306713      
   76.3539582870230838141129090761406487      
   75.8286089895953572819856286524316637      
   75.2858931052570414711382428735843462      
   74.7251849259864967681754827540110607      
   74.1458342241775389847832607537839562      
   73.5471661599817384490347860067405843      
   72.9284807683432121529179110661257442      
   72.2890526272575280096836721079993784      
   71.6281310764642403207097005061491306      
   70.9449408160089554553930461145935528      
   70.2386824991942356766104579883007069      
   69.5085341565405522418655956629242643      
   68.7536534261549814976398834411148699      
   67.9731802494379477929385288939315809      
   67.1662410088000295816141957276189069      
   66.3319540968064114958820673229871990      
   65.4694364295403719748256021929510718      
   64.5778138865618152341657061349456447      
   63.6562308037794208762493339133509472      
   62.7038661165865377353874312786582077      
   61.7199530762677780852117268142180422      
   60.7037988811280127384074296542661268      
   59.6548134485052033221224857801296191      
   58.5725436829661698686109342491692772      
   57.4567123381749948145599480442109516      
   56.3072643692920808505627425610610096      
   55.1244200095863641753822469495639430      
   53.9087349687763861584199373806692416      
   52.6611648997253276412720705568024432      
   51.3831360738008056483315854619146201      
   50.0766124759394853644248446571146308      
   48.7441611907131322998220578211167516      
   47.3890091252879933105709686990165116      
   46.0150744139162166402847362699004942      
   44.6269767418084837234499194420895784      
   43.2300043873494689804131109871418024      
   41.8300367942031106375884293817032490      
   40.4334137642814463805671407211912119      
   39.0467532176979593773068747748336734      
   37.6767299096481900482877352986839207      
   36.3298292591020338325075078116487336      
   35.0121038588338909191483535085326296      
   33.7289574989653511775266505694780970      
   32.4849786425727622198914866633380973      
   31.2838378012315365773831125879523597      
   30.1282515577177707804208493954364047      
   29.0200069906439372773099943359384110      
   27.9600351688941345011583923488946788      
   26.9485155902027492175463493171455581      
   25.9849975609022400564690203639837939      
   25.0685259347254124653831362997258124      
   24.1977590759385046513374596787061046      
   23.3710755046628927388994534355259067      
   22.5866647491583418025494668614700210      
   21.8426023315851340063718127465476518      
   21.1369090702043701399716839938352141      
   20.4675970975034686676457694178283478      
   19.8327039169475498919733162984972644      
   19.2303171876028958160365593071550460      
   18.6585913647246577863957437600323285      
   18.1157590795388011503006951222924613      
   17.6001375011261762022615975935232368      
   17.1101314333740234675235819029735238      
   16.6442340800799747551898766368028547      
   16.2010258599512178856846398899615540      
   15.7791721434808561145077309789661879      
   15.3774201282622842839034588768395713      
   14.9945951630450686649027195488449370      
   14.6295968787743974024315303918063692      
   14.2813950558492038640457324555748126      
   13.9490255905327386842180688392823663      
   13.6315864377982555732693152083638753      
   13.3282337242642935045369624221700246      
   13.0381779793481558431363473012910222      
   12.7606806063565089524263791540020068      
   12.4950503901288352275144924548087624      
   12.2406404068243508700621821254803745      
   11.9968449360056296859941097120249848      
   11.7630966857661261397992673801645681      
   11.5388641206456467519031535571641881      
   11.3236490353205434100994496342595153      
   11.1169842349484941227627471084978442      
   10.9184314201944310623837355894936501      
   10.7275791775090585017469945602024546      
   10.5440411620426536305999479158223127      
   10.3674543558205705642430324951995789      
   10.1974775184502605548597222514035907      
   10.0337896573462515370598133185531902      
   9.87608870765285235111373563249669528      
   9.72409025044985897421429145032729005      
   9.57752626809058795067121104747922585      
   9.43614420391373541938844574189634569      
   9.29970574309746689954859515493963371      
   9.16798606479484177677779812674666607      
   9.04077284278541950788529320203530478      
   8.91786549265131032306187300123909318      
   8.79907439612769942674889184676665438      
   8.68422020421650232020532958784407780      
   8.57313319738893721878106216306663558      
   8.46565265209978758284691123995103618      
   8.36162633435650284434272215953031028      
   8.26090992407021233045969946261305100      
   8.16336656321534951740037920037962452      
   8.06886636150050217249185894804945062      
   7.97728603180255714474330237512469676      
   7.88850844920660745588338230454387295      
   7.80242231538757077938902779966667586      
   7.71892179067605507289058053085642475      
   7.63790619707317611751744332872736944      
   7.55927971441342080972523995835680765      
   7.48295109651176370841075985977708802      
   7.40883341355533816936298756199012972      
   7.33684381666592254070716743977626968      
   7.26690329090312283657996002776741588      
   7.19893646638543681879052771613970092      
   7.13287141215371358441852224716969611      
   7.06863943892372146445224919164231885      
   7.00617493036098654471091035091515386      
   6.94541518203866240624700258749632146      
   6.88630024578773953208896188089342444      
   6.82877277835016245140355970773702621      
   6.77277791861074486668701350128072475      
   6.71826314794582654354902289548155447      
   6.66517817405653082876871923391289505      
   6.61347482068327482959564938732002613      
   6.56310691824209196212272418448250192      
   6.51403020469773055861033016202712220      
   6.46620223243990645692334360171160222      
   6.41958227529589215045297938750254471      
   6.37413124914444206105700100866051547      
   6.32981163245620323120733262528475398      
   6.28658738747238419417780570030182655      
   6.24442389563238876360804947926598231      
   6.20328788542493289426179610907750499      
   6.16314737303395411521146459887961732      
   6.12397160110412417288864441220399739      
   6.08573098340521369955773575417369419      
   6.04839705067105560806984397839599827      
   6.01194240051488591150145106782767270      
   5.97634064958133655787210828242288771      
   5.94156638819506233791810709495729603      
   5.90759513718458559744840305930133312      
   5.87440330727563289715606234779999867      
   5.84196816076738685059587729746644817      
   5.81026777379376019324207512027685657      
   5.77928100317914952523455155530581758      
   5.74898745055817667068116185757852487      
   5.71936743414205083134099582675048315      
   5.69040195669038826316485444917506187      
   5.66207267700825729425376860389025703      
   5.63436188425434610534631218322987644      
   5.60725247067114183235995908257237296      
   5.58072790792823678637295119406740906      
   5.55477222327565962351886138860875227      
   5.52936997766461570105188849494747408      
