-0.10482791611405E+11
-0.65517447571279E+09
-0.12941718038771E+09
-0.40948404732054E+08
-0.16772466578261E+08
-0.80885737742639E+07
-0.43660106670373E+07
-0.25592752958623E+07
-0.15977429679185E+07
-0.10482791613772E+07
-0.71598877233751E+06
-0.50553586122532E+06
-0.36703167327312E+06
-0.27287566687856E+06
-0.20706748854930E+06
-0.15995470545984E+06
-0.12551084769120E+06
-0.99858933304407E+05
-0.80438234519462E+05
-0.65517442497709E+05
-0.53901359213218E+05
-0.44749288869907E+05
-0.37459801208927E+05
-0.31595976168149E+05
-0.26835927997010E+05
-0.22939457329885E+05
-0.19725195612047E+05
-0.17054698730022E+05
-0.14821219501249E+05
-0.12941678578993E+05
-0.11350852681285E+05
-0.99971201675129E+04
-0.88393137802390E+04
-0.78443694686277E+04
-0.69855537117424E+04
-0.62411154238856E+04
-0.55932523965383E+04
-0.50273128083763E+04
-0.45311738730780E+04
-0.40947550187450E+04
-0.37096339991443E+04
-0.33687423131863E+04
-0.30661221384886E+04
-0.27967312796370E+04
-0.25562858201273E+04
-0.23411325511856E+04
-0.21481450459073E+04
-0.19746386078420E+04
-0.18183003609763E+04
-0.16771315444171E+04
-0.15493996896162E+04
-0.14335988348943E+04
-0.13284163040258E+04
-0.12327048673280E+04
-0.11454593334947E+04
-0.10657968023105E+04
-0.99293995300296E+03
-0.92620285846997E+03
-0.86497890822496E+03
-0.80873049744881E+03
-0.75698019978722E+03
-0.70930319040561E+03
-0.66532072560205E+03
-0.62469451778368E+03
-0.58712187125627E+03
-0.55233146618757E+03
-0.52007969618096E+03
-0.49014747985214E+03
-0.46233747921520E+03
-0.43647166801486E+03
-0.41238920176376E+03
-0.38994454845973E+03
-0.36900584501098E+03
-0.34945344949021E+03
-0.33117866363211E+03
-0.31408260361854E+03
-0.29807520027013E+03
-0.28307431237529E+03
-0.26900493910810E+03
-0.25579851938296E+03
-0.24339230761298E+03
-0.23172881672516E+03
-0.22075532047718E+03
-0.21042340814258E+03
-0.20068858551275E+03
-0.19150991692408E+03
-0.18284970367687E+03
-0.17467319478091E+03
-0.16694832645817E+03
-0.15964548725875E+03
-0.15273730602387E+03
-0.14619846025358E+03
-0.14000550271827E+03
-0.13413670440744E+03
-0.12857191212069E+03
-0.12329241920013E+03
-0.11828084807021E+03
-0.11352104340195E+03
-0.10899797483990E+03
-0.10469764835279E+03
-0.10060702536567E+03
-0.96713948923216E+02
-0.93007076209936E+02
-0.89475816823895E+02
-0.86110276268909E+02
-0.82901204175238E+02
-0.79839946814529E+02
-0.76918403512130E+02
-0.74128986615732E+02
-0.71464584693336E+02
-0.68918528670524E+02
-0.66484560650853E+02
-0.64156805197835E+02
-0.61929742843610E+02
-0.59798185641450E+02
-0.57757254601267E+02
-0.55802358835250E+02
-0.53929176260603E+02
-0.52133635762475E+02
-0.50411900669101E+02
-0.48760353433528E+02
-0.47175581447028E+02
-0.45654363860777E+02
-0.44193659369285E+02
-0.42790594845017E+02
-0.41442454792395E+02
-0.40146671524070E+02
-0.38900816033328E+02
-0.37702589486201E+02
-0.36549815299723E+02
-0.35440431758236E+02
-0.34372485124716E+02
-0.33344123216286E+02
-0.32353589401770E+02
-0.31399216999548E+02
-0.30479424038275E+02
-0.29592708358948E+02
-0.28737643031595E+02
-0.27912872069516E+02
-0.27117106408334E+02
-0.26349120145596E+02
-0.25607747014439E+02
-0.24891877071658E+02
-0.24200453596814E+02
-0.23532470177811E+02
-0.22886967975844E+02
-0.22263033153558E+02
-0.21659794459058E+02
-0.21076420955277E+02
-0.20512119880668E+02
-0.19966134639205E+02
-0.19437742905874E+02
-0.18926254842241E+02
-0.18431011416178E+02
-0.17951382816949E+02
-0.17486766961761E+02
-0.17036588084610E+02
-0.16600295407247E+02
-0.16177361883184E+02
-0.15767283011697E+02
-0.15369575718495E+02
-0.14983777297661E+02
-0.14609444411716E+02
-0.14246152147554E+02
-0.13893493123164E+02
-0.13551076645137E+02
-0.13218527910661E+02
-0.12895487255476E+02
-0.12581609443751E+02
-0.12276562997600E+02
-0.11980029565372E+02
-0.11691703327303E+02
-0.11411290437369E+02
-0.11138508498627E+02
-0.10873086073544E+02
-0.10614762226807E+02
-0.10363286099099E+02
-0.10118416512309E+02
-0.98799216057616E+01
-0.96475784986378E+01
-0.94211729791930E+01
-0.92004992189512E+01
-0.89853595065112E+01
-0.87755639990527E+01
-0.85709304849557E+01
-0.83712841547401E+01
-0.81764573721334E+01
-0.79862894377495E+01
-0.78006263421295E+01
-0.76193204975805E+01
-0.74422304466897E+01
-0.72692205510814E+01
-0.71001606575324E+01
-0.69349257646836E+01
-0.67733956871032E+01
-0.66154547470793E+01
-0.64609915010362E+01
-0.63098985111239E+01
-0.61620721655811E+01
-0.60174125453736E+01
-0.58758233292196E+01
-0.57372117269109E+01
-0.56014884241138E+01
-0.54685675330576E+01
-0.53383665345986E+01
-0.52108062102036E+01
-0.50858105580118E+01
-0.49633066944055E+01
-0.48432247422448E+01
-0.47254977083767E+01
-0.46100613537890E+01
-0.44968540597739E+01
-0.43858166926032E+01
-0.42768924697445E+01
-0.41700268294203E+01
-0.40651673050133E+01
-0.39622634053902E+01
-0.38612665017993E+01
-0.37621297217079E+01
-0.36648078496529E+01
-0.35692572348872E+01
-0.34754357057631E+01
-0.33833024903579E+01
-0.32928181430943E+01
-0.32039444768554E+01
-0.31166445001571E+01
-0.30308823590676E+01
-0.29466232834364E+01
-0.28638335370058E+01
-0.27824803711275E+01
-0.27025319817037E+01
-0.26239574691412E+01
-0.25467268009601E+01
-0.24708107768612E+01
-0.23961809960039E+01
-0.23228098263463E+01
-0.22506703758278E+01
-0.21797364652221E+01
-0.21099826025447E+01
-0.20413839588931E+01
-0.19739163455708E+01
-0.19075561924014E+01
-0.18422805271499E+01
-0.17780669559659E+01
-0.17148936447602E+01
-0.16527393014453E+01
-0.15915831589925E+01
-0.15314049592382E+01
-0.14721849373983E+01
-0.14139038072197E+01
-0.13565427467654E+01
-0.13000833847611E+01
-0.12445077874859E+01
-0.11897984461699E+01
-0.11359382648726E+01
-0.10829105488110E+01
-0.10306989931158E+01
-0.97928767199005E+00
-0.92866102825858E+00
-0.87880386327504E+00
-0.82970132717492E+00
-0.78133890946374E+00
-0.73370242991430E+00
-0.68677802977221E+00
-0.64055216323617E+00
-0.59501158922256E+00
-0.55014336338800E+00
-0.50593483039873E+00
-0.46237361644889E+00
-0.41944762200572E+00
-0.37714501477603E+00
-0.33545422289044E+00
-0.29436392828663E+00
-0.25386306028918E+00
-0.21394078938786E+00
-0.17458652119150E+00
-0.13578989055548E+00
-0.97540755889320E-01
-0.59829193621611E-01
-0.22645492818530E-01
 0.14019850034161E-01
 0.50176136107224E-01
 0.85832469166216E-01
 0.12099776036282E+00
 0.15568073289648E+00
 0.18988992655321E+00
 0.22363370210853E+00
 0.25692024561741E+00
 0.28975757258974E+00
 0.32215353204288E+00
 0.35411581045325E+00
 0.38565193559903E+00
 0.41676928029931E+00
 0.44747506605320E+00
 0.47777636658449E+00
 0.50768011129243E+00
 0.53719308860812E+00
 0.56632194926578E+00
 0.59507320948923E+00
 0.62345325409279E+00
