   482.989325854482766625225197452827150      
   482.989325854498234655481154983509087      
   482.989325855059819086560773405629569      
   482.989325860516629894659871618563737      
   482.989325887322284515814493871305724      
   482.989325967435644092575528396012761      
   482.989325968950923144878458396052085      
   482.989323869000587486170447312717436      
   482.989307850192948621320405119258594      
   482.989234838319703310851308162160621      
   482.988991240619909761883391125121429      
   482.988340383513755712940240227979317      
   482.986868773418197354063668680706873      
   482.983944755005533548314965761942472      
   482.978698901874454891324824701342558      
   482.970029030596386743726941650865919      
   482.956627172596153427905596876053302      
   482.937022557268941584626940711044463      
   482.909633640700337738676321708803729      
   482.872822786713926697172003506150871      
   482.824948605738047478410007344137206      
   482.764412587872832512519893548555738      
   482.689698165014792197207068141545748      
   482.599401531151615762961329801760201      
   482.492254396639068775434632626644082      
   482.367139381271563603704950182964638      
   482.223099025336025382806528442239066      
   482.059339485516314859543356230948727      
   481.875229949749994775653056785588671      
   481.670298703302609074616598688978301      
   481.444226644211063229977577352029442      
   481.196838908557250096771868364132802      
   480.928095138908475368684450329649033      
   480.638078820205763915410031271084281      
   480.326986019470084531945529128793377      
   479.995113797182428393577200002028626      
   479.642848506357324891400141919734230      
   479.270654156684681056066755974249651      
   478.879060991421837005212561689573736      
   478.468654402231490288999982905838032      
   478.040064287731689833677687915629721      
   477.593954945391385731698653893785542      
   477.131015562413517116827945997062245      
   476.651951412787315032844475545538229      
   476.157475691510649205097545320744539      
   475.648302162704303125844289818293008      
   475.125138534697402954429724475933219      
   474.588680607440977804200271138532832      
   474.039607179866587261168366205379060      
   473.478575699732406695994748957747076      
   472.906218630324594447765374129173663      
   472.323140500730670937202911707135944      
   471.729915599085477555542066870740981      
   471.127086264173667389503247097615606      
   470.515161727276374998570207644821636      
   469.894617453359951703056687076491486      
   469.265894929420409119974192819027487      
   468.629401848933953795789582625715441      
   467.985512640243846483525643093544509      
   467.334569289812838075636613039063410      
   466.676882412356300340292917397824537      
   466.012732523176721651041671872846361      
   465.342371469948061017315206002643507      
   464.666023986195889917625988640105449      
   463.983889330185339815547183473446301      
   463.296142976089172209476371859028944      
   462.602938332151212469937188429620266      
   461.904408456212495486360568579805186      
   461.200667750521995800004621047272411      
   460.491813615853769858221870767921363      
   459.777928046776586545294734856707924      
   459.059079160402450053901499448681688      
   458.335322642823237851881177165529576      
   457.606703109478341807893799344532003      
   456.873255369211366488888470950917379      
   456.135005595556019384830569526088151      
   455.391972389964952249427007557383518      
   454.644167756253393098819198168506692      
   453.891597962396373389735056307319868      
   453.134264314995742729372917494908783      
   452.372163835174511255028330034385448      
   451.605289837302705465204061787854066      
   450.833632420599526370228042222206240      
   450.057178880345434283186232578005695      
   449.275914040293359891966576837228966      
   448.489820506949594049222935976577102      
   447.698878856105617864947459861158534      
   446.903067757253063119217806013531778      
   446.102364042836680324916249009988313      
   445.296742698477577346461269751824251      
   444.486176829301210086604787952613740      
   443.670637577843948037281729771355819      
   442.850093996568215380718754109703115      
   442.024512891347925417260805520287860      
   441.193858635677568677410352860816769      
   440.358092914525731718671444706404007      
   439.517174480387508484990703412799295      
   438.671058891883529168908534430722708      
   437.819698209574292776034311452741181      
   436.963040772305651842715550183865718      
   436.101030713511455535528363195216490      
   435.233607791798986623782723859363734      
   434.360706882829125481994914361936012      
   433.482257715413911208801237602014870      
   432.598184471235526101370761936681736      
   431.708405510466174616721665981530924      
   430.812832843833260283599157251076138      
   429.911371717001239756762756754334292      
   429.003920376207313131320891609484553      
   428.090369716554184835807771505808107      
   427.170602485587831307194806116048445      
   426.244493218882724045643505420332546      
   425.311907927703047958956257692863013      
   424.372703230615690239681680773112954      
   423.426726134164622497591607337857888      
   422.473813980191220374162456339268707      
   421.513793139198121941027936545257981      
   420.546479445491011037768245089245436      
   419.571677196504441159557043258213949      
   418.589178747045782472197418738378671      
   417.598764249905467498070987099880036      
   416.600200797595777187093426109524549      
   415.593242237769830101933637614277318      
   414.577628648495431499191768697590492      
   413.553085306676758457531018732384774      
   412.519322958508163446573354773429674      
   411.476036485728376279110115282677363      
   410.422904717784124746883213580423450      
   409.359589744931634660958929536527553      
   408.285736566075864776035160519407750      
   407.200972017849763982032221893276863      
   406.104904543706191091042447459047893      
   404.997123172277386026781314137344267      
   403.877197358732844600311155779996079      
   402.744675946080203550553188080529529      
   401.599086760656630304387657679479708      
   400.439935854857854452483819770765369      
   399.266707051537991584565054154094689      
   398.078860927758192783166840809349163      
   396.875834977723865727594481270779244      
   395.657042702444142734975703692313918      
   394.421873018911035869871522983603642      
   393.169690402025357034083485159009719      
   391.899834461709189057675252146195218      
   390.611619961129360983447020591222923      
   389.304336629537977851340229276213669      
   387.977250327186399510382550046854319      
   386.629603191940684948624582086047298      
   385.260615535491681146688489935722414      
   383.869486364400034036198876798355948      
   382.455396271498255436251466176942455      
   381.017511229899639304316444981048316      
   379.554985339045457501484018171805854      
   378.066966858439245317165106930972437      
   376.552603893664472593235562920089113      
   375.011053624550130989552646655795504      
   373.441492206318992997445830854051544      
   371.843127998110826761615702844971906      
   370.215217808473016856535005956927971      
   368.557087075947632619139588191155387      
   366.868154448770151610152520843287781      
   365.147963201529013246636580024301826      
   363.396218040279101405515747846333174      
   361.612831719925762023536162430830077      
   359.797980896972028321136563848760815      
   357.952175509537264365175331159142021      
   356.076340131902743700852192708500719      
   354.171914147701963248568376230046791      
   352.240971417832990158923425939886396      
   350.286360667231190363114579937508644      
   348.311864366382646592392157459019923      
   346.322417804897598445608200741990787      
   344.324289668890868660979599431185859      
   342.325352118377559545908342868896407      
   340.335343309434102152605274294604590      
   338.366146339068804933448389852834796      
   336.432069714097504103484122470289895      
   334.550105512412149278955741481796061      
   332.740137589479659103751507419073202      
   331.025061591061313908327482790163579      
   329.430772386842715219901392958908452      
   327.985969240787854370385753686484053      
   326.721732626106252675205321172614286      
   325.670831487746814233400665381088013      
   324.866751896526746989066849830857203      
   324.342457168840146422325008006329498      
   324.128956648908981940870832888613565      
   324.253793050247823032347645569566880      
   324.739611774526390329065821641167300      
   325.602984745875875385397070429599737      
   326.853645360581724277776858205326382      
   328.494229284949283855165325774968837      
   330.520535229449179019492415568555278      
   332.922236515183285559789406876015103      
   335.683912610483799543144754157387693      
   338.786246155858497540047676790420086      
   342.207236760415254945939349933465286      
   345.923316685441891898313658544614138      
   349.910300159990892875820238676881167      
   354.144132168358997011654727386079301      
   358.601439279573661943327311672053959      
   363.259903117641206464496977871059600      
   368.098489706513941171585189374942202      
   373.097563619414873075387741421231648      
   378.238922313547222539523787910203850      
   383.505773291034706210574205344178465      
   388.882674446305537094923450273748259      
   394.355455868047554709401295915050692      
   399.911128180826855855446848718579755      
   405.537792142567498770575331419928273      
   411.224545738029394750683271022967443      
   416.961398397236736006031686974864748      
   422.739190086456948861727237378668583      
   428.549516293157816040377150489273834      
   434.384661254544723257188775802430472      
   440.237535765745172736601499890588218      
   446.101622340984933463397577744781526      
   451.970924466631816032276880644155708      
   457.839921580266976820991992585086956      
   463.703529102337227460220762612026276      
   469.557061301665829636226605951157142      
   475.396198368010780169350020867845206      
   481.216956791916568598029221439589024      
   487.015661604266720770118668503268968      
   492.788923950863884766885145468672106      
   498.533616761327064412721448995589087      
   504.246855573618112037758772314823188      
   509.925980430473440146470024211948417      
   515.568539262318925670777061439251073      
   521.172272747428747177750838105664879      
   526.735100585977832414857385581420070      
   532.255108412995281480022407197288888      
   537.730536966776671525647705056405456      
   543.159771203409989770519611251873966      
   548.541331113602373630161417591507672      
   553.873861971296097579245425060634358      
   559.156127066632273386910268179458047      
   564.386999747483026864116602461296206      
   569.565456538620034995207327003783045      
   574.690571603483329335013783119532513      
   579.761509412589518700587869436332810      
   584.777521058648038356575318105679885      
   589.737936754004586070757921590260567      
   594.642164401815521122437482869933947      
   599.489682133734629047338306534194579      
   604.280037137086045286248572325359040      
   609.012839146831741851653093562496116      
   613.687759018336743481524547569679008      
   618.304524166840758541620841798097387      
   622.862916303850598947351067085703985      
   627.362768730386770386871480621991082      
   631.803961617967728313213951977673082      
   636.186422213379651677274633221446236      
   640.510120710302533063345613076583552      
   644.775068170909005747649048940966627      
   648.981314726879949058538720897716314      
   653.128947667182776475799712582161163      
   657.218088513769734473518040194440654      
   661.248892282359488746313364136441641      
   665.221545001734477393681023789190288      
   669.136262614523839827574636228231318      
   672.993288257024501629485652186120967      
   676.792892818309020231222133574910421      
   680.535370833574062196006826612466645      
   684.221040931197673299535148465348294      
   687.850243846384843921354256056638462      
   691.423341197795574005959333260207272      
   694.940714240591514466477832364478548      
   698.402762503843060032733558293131753      
   701.809903293203934561092101251843690      
   705.162569537357805296752644594278799      
   708.461209633803936776728861884105896      
   711.706285884148223134903492195993233      
   714.898274014354945052175397110583371      
   718.037661567266889476058397504780825      
   721.124947514869539233115676991660434      
   724.160641356684456638223142261761040      
   727.145261950609970603455213525704295      
   730.079337084739321557874998814777880      
   732.963402306331284189000334317171015      
   735.798000586280739899601872156780519      
   738.583681285816499447840048994625447      
   741.320999650057794085790960154902546      
   744.010516120666968271574628327557778      
   746.652795516217979768974674109087406      
   749.248406753971743887714494832151460      
   751.797921976450578907231428591566265      
   754.301916116437090905050376653434967      
   756.760966378213261827446574380102005      
   759.175651639857810849689726746024565      
   761.546552144785427535281567351690389      
   763.874248749756596205620577427515442      
   766.159322727312042813271699896743536      
   768.402355263281256645678882909077320      
   770.603927003078311809991772692883676      
   772.764617690427124614731429849879192      
   774.885005853945827255225002022164552      
   776.965668415556859862361083521596217      
   779.007180322901676453384246788202354      
   781.010114346939116895417456393933648      
