   6.91360382032448847522976250442333937      
   6.91360382032448897452856100055816334      
   6.91360382032452743201328781372420908      
   6.91360382032516444341181800519020195      
   6.91360382032990751712095170087932980      
   6.91360382035170981779289183518747290      
   6.91360382042467998402730538434543141      
   6.91360382061958405575439078069635575      
   6.91360382105548862151324554287999358      
   6.91360382188595357242000736954585513      
   6.91360382321898980234019565069995709      
   6.91360382491702757164314954487238986      
   6.91360382622650346139800147174723167      
   6.91360382520635179017774447631482772      
   6.91360381795271752375049445107507293      
   6.91360379764466427490205380717615912      
   6.91360375345691122378001425835887382      
   6.91360366939923818046748697827433425      
   6.91360352314906522312852036370481123      
   6.91360328494558976081977038651455820      
   6.91360291661224932194572690622289123      
   6.91360237076968777469888247451850331      
   6.91360159029346639332756681042437971      
   6.91360050805957800736868840760735429      
   6.91359904700543495139895879425008685      
   6.91359712051626580806435545654577226      
   6.91359463312674192096265986536261564      
   6.91359148150858144487849623089858578      
   6.91358755569775336683449485105812706      
   6.91358274050109373921534883702656637      
   6.91357691701470703559456818530267461      
   6.91356996418329255294216248675771911      
   6.91356176033207340534165620838499936      
   6.91355218460972912331686609137106009      
   6.91354111829075134440898304779814025      
   6.91352844589756370259910563332453868      
   6.91351405611562186282536458990669957      
   6.91349784248708907524263334363114311      
   6.91347970388046604014086515245650633      
   6.91345954474298589648753720176631682      
   6.91343727515101527000438320122929608      
   6.91341281067925198509084907682797210      
   6.91338607211378194090913227244542138      
   6.91335698503595754664212557564605159      
   6.91332547930485570164692274346904337      
   6.91329148846541254804216608307720245      
   6.91325494910766275877652795612202431      
   6.91321580020015709379010208108934403      
   6.91317398241799197260513281867470656      
   6.91312943748283023233867447373274844      
   6.91308210752898879813386421786879217      
   6.91303193450701326826192484714887413      
   6.91297885963311088831459272449361693      
   6.91292282289000183691640375316909570      
   6.91286376258286371518919545365439747      
   6.91280161493670192694397098620939188      
   6.91273631381946753495010945575290386      
   6.91266779038747280945437101873977030      
   6.91259597290684651949152963090986066      
   6.91252078656299647024852917762179811      
   6.91244215332374894791806991887057362      
   6.91235999184036817794301021441671313      
   6.91227421738080541450332875648403898      
   6.91218474178976482034341528542699700      
   6.91209147347056573227316120128049321      
   6.91199431738225317660018208662386749      
   6.91189317504871868992616885351208167      
   6.91178794457266348590627080416970478      
   6.91167852065184515867000360883997188      
   6.91156479459244519854779923601400459      
   6.91144665431443854531753349209126395      
   6.91132398434815701628987093479654461      
   6.91119666581639103562604631117002290      
   6.91106457639965834327070556952588983      
   6.91092759028378449335424057400603933      
   6.91078557808510232462345214214364844      
   6.91063840675142107040062947721682148      
   6.91048593944116526984463932552166855      
   6.91032803537431818983775671466967295      
   6.91016454965742245456091264609073723      
   6.90999533308342563663997136733129259      
   6.90982023189556572481213435951571460      
   6.90963908752579702475643572179759551      
   6.90945173629984114416732294832732158      
   6.90925800912270883572129658057060798      
   6.90905773112172882783551503840223940      
   6.90885072126864864496663862817575362      
   6.90863679195908698486724056897289407      
   6.90841574858321358955564570878535389      
   6.90818738903782270347660803260052320      
   6.90795150320990807404859277516388458      
   6.90770787245491332977272537066576113      
   6.90745626901956117271542769490304831      
   6.90719645545387554490212106161779469      
   6.90692818397440373828408117288069568      
   6.90665119581000100780005229932261714      
   6.90636522044288446357637016259877494      
   6.90606997493832335938448741762738138      
   6.90576516315767404579463116624347494      
   6.90545047497526367652146444440524169      
   6.90512558540318004375442768962105627      
   6.90479015376116865104268027334979571      
   6.90444382276855202560982699174438632      
   6.90408621751826129468462731126707103      
   6.90371694450700534724426741659922723      
   6.90333559067158458054242778234394155      
   6.90294172231669975162192919699905302      
   6.90253488387516540015569077669074910      
   6.90211459673135415872746438751076973      
   6.90168035810504705783260748881512479      
   6.90123163990024694519824222930658594      
   6.90076788697633649099372459336774193      
   6.90028851596565329022790572917692349      
   6.89979291390654955794087978113575961      
   6.89928043695239423655353268807860872      
   6.89875040788141784128966887236860018      
   6.89820211553621170698938188224619745      
   6.89763481247487245652517461938233245      
   6.89704771301475417863631316434966114      
   6.89643999180831639063664827559025194      
   6.89581078180529672579771621269051076      
   6.89515917147576624845899829625116685      
   6.89448420354816930553664693587902845      
   6.89378487211592635529891279051035748      
   6.89306012027815860404173880098885538      
   6.89230883803473915501848220629240120      
   6.89152985875508761900761836086489859      
   6.89072195750209740826597081684460388      
   6.88988384687256064233321993038212226      
   6.88901417508717363348223506551915054      
   6.88811152156102186279490812782888493      
   6.88717439428273140617341831759605124      
   6.88620122587988395133046412590759788      
   6.88519036953105430707099101771862398      
   6.88414009557049019698055277101152607      
   6.88304858649051679229124803515749398      
   6.88191393245681746208092353089182298      
   6.88073412738300619636528327744920938      
   6.87950706255149508451075107748369074      
   6.87823052214927760432149223726810147      
   6.87690217742750226737392475295056921      
   6.87551958055601888405269304291413166      
   6.87408015802867154073767808619220565      
   6.87258120407778760331190265613491785      
   6.87101987380191433377191410658684494      
   6.86939317426977142345688934639807826      
   6.86769795833546541073658742130788259      
   6.86593091376588773318323362415139310      
   6.86408855638891394557148000027049252      
   6.86216721781502786782196430264285364      
   6.86016303692063491367572326631172085      
   6.85807194755522508677925324381902284      
   6.85588966746813496280366091381617757      
   6.85361168491128134068711807281053590      
   6.85123324564590470140826932755510227      
   6.84874933833649947600786384807882589      
   6.84615467900552643104771903422668644      
   6.84344369533711725952799781887338746      
   6.84061050774688075202430503396826458      
   6.83764891234638466559922489763295855      
   6.83455235974671105586988882362816950      
   6.83131393402996904704391186792319350      
   6.82792633083204314323640663043651321      
   6.82438183168897135715615112955027668      
   6.82067227916913433058939151121182530      
   6.81678904995691974451568549779889615      
   6.81272302429947950918235744672968288      
   6.80846455646051248207800470401844218      
   6.80400344196960938356960407711521224      
   6.79932888263565333857216608403207991      
   6.79442945050484028366047616814129634      
   6.78929305220588777445202548232565002      
   6.78390688731928029089012146235206198      
   6.77825740981542457051507278042110478      
   6.77233028701389433977940676689747613      
   6.76611035752562817604884029231526023      
   6.75958159144663523148936973303650560      
   6.75272704999276523200345134867967189      
   6.74552884892341000392213217323106275      
   6.73796812407084148690765130218567985      
   6.73002500359245966550054754442058549      
   6.72167858739077202610378116385405786      
   6.71290693551909464862681253703106684      
   6.70368706892328802924657660059066558      
   6.69399498656055816375612166832922015      
   6.68380569772144360902514675388894126      
   6.67309327908247684789411663894871190      
   6.66183095257305335576123380689381511      
   6.64999118635932561569659216395578253      
   6.63754582764034213984117465195009209      
   6.62446625094679565161355346700597265      
   6.61072353432506160973904782786164089      
   6.59628864710756224749683985953543976      
   6.58113264525536824243312341634968256      
   6.56522685946879796186740580911339113      
   6.54854307346565290879879847297386708      
   6.53105366979568508502486275431734925      
   6.51273174380086779513844348429966083      
   6.49355117173362214955265475701016412      
   6.47348663796677776812212818383282892      
   6.45251362743734211584644252211865076      
   6.43060837748518173142198176741776155      
   6.40774780373017389271784613889241740      
   6.38390945785655184715484297378537190      
   6.35907144372765485873859099817348755      
   6.33321237140549860435531527038257873      
   6.30631132418557710282270220161854748      
   6.27834784003050965157858198299244174      
   6.24930190952334901001811776645299441      
   6.21915398259704807171685496481432991      
   6.18788497946424325600887508697374761      
   6.15547630116657188402576667479155130      
   6.12190983523359055466771101707293356      
   6.08716795638620636412239214713189821      
   6.05123351849892781936891313688470018      
   6.01408984014188468798487059310372192      
   5.97572068363535864462092073160573240      
   5.93611022896444176875835797681542401      
   5.89524304398567320437624073164994823      
   5.85310405203805391240262058021546065      
   5.80967849856369804560267347414050680      
   5.76495191737394724558179996698864309      
   5.71891009721835390446888393346261889      
   5.67153905033595582336132418364815345      
   5.62282498182402557215667287787387237      
   5.57275426138612792475498479384057143      
   5.52131339702182278213268586785898506      
   5.46848901075905394125032010909853024      
   5.41426781669332130916618365229596524      
   5.35863660102371884011878721527862050      
   5.30158220389440460175812833075768709      
   5.24309150321988716167017802097889929      
   5.18315140010477504496607077089370200      
   5.12174880591930064495746157022717898      
   5.05887063065282362893650732393095014      
   4.99450377265116224053087734798155929      
   4.92863510930325500125919225820427500      
   4.86125148920349385308930368076996968      
   4.79233972470398431848438304765088448      
   4.72188658557151406702760717125981839      
   4.64987879338599173484459836437503487      
   4.57630301652624504086192951278798279      
   4.50114586570317309766684613656352770      
   4.42439389007027394051685857735428619      
   4.34603357379039048228121961145000117      
   4.26605133297855175432934450602209208      
   4.18443351299975325088367959426284651      
   4.10116638609464859056583324244913236      
   4.01623614932075294120574832556712600      
   3.92962892270299047671912490988977510      
   3.84133074760934395651613155662093775      
   3.75132758535648049000935854350240963      
   3.65960531597253763618162985029134194      
   3.56614973712315973346073545330811516      
   3.47094656314643181381316399228238495      
   3.37398142428161638890735235082288441      
   3.27523986593834779590928275817120959      
   3.17470734810700251217728132437805527      
   3.07236924484676362674125387175636932      
   2.96821084384355630432580223257350492      
   2.86221734605334467245515592558840969      
   2.75437386540638185019946340651501889      
   2.64466542855319211500173327392430637      
   2.53307697468518597189729359817265105      
   2.41959335537802825744833904006503557      
   2.30419933449099808874731083573152890      
   2.18687958809271096944092895316055998      
   2.06761870442739019745799470698412905      
   1.94640118390546635266881029699186449      
   1.82321143912059292834554296371195428      
   1.69803379489291671417668557588009610      
   1.57085248832345006922472272739546217      
   1.44165166889773339250124943310118132      
   1.31041539855705897902332479227228586      
   1.17712765181567022819143592347792054      
   1.04177231589884148896664057782873203      
  0.904333190877696924689624984375004625      
  0.764793989811567038363692253829128939      
  0.623138338908598496535668986909015885      
  0.479349777700117134512499633301301552      
  0.333411759201782274318334140161766339      
  0.185307650107460413653678270091427477      
   3.50207309590842759200096151064072037E-0002
 -0.117465803633244980164343420754453391      
 -0.272168844827932135556763685914004748      
 -0.429105369333157975201391583879700539      
 -0.588292439195449073523902079132237106      
 -0.749747201614779316453249483814614273      
 -0.913486888715650789239960733084325472      
  -1.07952881734506546919066948033215023      
  -1.24789038885887135039515485039115247      
  -1.41858908889535934657833125951271652      
  -1.59164248717615621241939909922414630      
  -1.76706823728076826596631319587323496      
  -1.94488407641326254060925879858645439      
  -2.12510782521805108529360541839637434      
  -2.30775738752326796097306671309313724      
  -2.49285075014472307213863317870420722      
  -2.68040598265878871439703205633638025      
  -2.87044123717833248220253327666497542      
