 0.13628526479685E+03
 0.13628526479685E+03
 0.13628526479700E+03
 0.13628526479836E+03
 0.13628526480478E+03
 0.13628526482493E+03
 0.13628526487383E+03
 0.13628526497463E+03
 0.13628526516627E+03
 0.13628526552868E+03
 0.13628526623801E+03
 0.13628526765602E+03
 0.13628527044388E+03
 0.13628527568056E+03
 0.13628528496426E+03
 0.13628530048070E+03
 0.13628532503080E+03
 0.13628536201827E+03
 0.13628541540366E+03
 0.13628548963467E+03
 0.13628558956369E+03
 0.13628572036363E+03
 0.13628588745225E+03
 0.13628609643391E+03
 0.13628635306563E+03
 0.13628666325234E+03
 0.13628703307307E+03
 0.13628746883756E+03
 0.13628797716920E+03
 0.13628856510897E+03
 0.13628924023239E+03
 0.13629001077112E+03
 0.13629088573077E+03
 0.13629187499693E+03
 0.13629298942270E+03
 0.13629424089280E+03
 0.13629564236089E+03
 0.13629720785870E+03
 0.13629895247738E+03
 0.13630089232279E+03
 0.13630304444771E+03
 0.13630542676491E+03
 0.13630805794560E+03
 0.13631095730778E+03
 0.13631414469958E+03
 0.13631764039615E+03
 0.13632146493258E+03
 0.13632563907222E+03
 0.13633018366383E+03
 0.13633511956978E+03
 0.13634046759833E+03
 0.13634624845247E+03
 0.13635248269615E+03
 0.13635919073828E+03
 0.13636639283453E+03
 0.13637410910631E+03
 0.13638235957614E+03
 0.13639116421856E+03
 0.13640054302516E+03
 0.13641051608193E+03
 0.13642110365851E+03
 0.13643232630643E+03
 0.13644420496563E+03
 0.13645676107743E+03
 0.13647001670198E+03
 0.13648399464015E+03
 0.13649871855618E+03
 0.13651421310259E+03
 0.13653050404370E+03
 0.13654761837787E+03
 0.13656558445883E+03
 0.13658443211229E+03
 0.13660419275025E+03
 0.13662489948037E+03
 0.13664658721250E+03
 0.13666929275783E+03
 0.13669305492783E+03
 0.13671791462365E+03
 0.13674391492356E+03
 0.13677110116455E+03
 0.13679952101817E+03
 0.13682922456362E+03
 0.13686026436484E+03
 0.13689269553400E+03
 0.13692657579290E+03
 0.13696196553686E+03
 0.13699892789406E+03
 0.13703752878606E+03
 0.13707783697689E+03
 0.13711992414504E+03
 0.13716386494553E+03
 0.13720973706024E+03
 0.13725762126365E+03
 0.13730760148537E+03
 0.13735976486632E+03
 0.13741420185296E+03
 0.13747100628753E+03
 0.13753027546410E+03
 0.13759211021810E+03
 0.13765661502939E+03
 0.13772389813073E+03
 0.13779407159113E+03
 0.13786725148880E+03
 0.13794355796735E+03
 0.13802311548465E+03
 0.13810605283618E+03
 0.13819250337333E+03
 0.13828260525947E+03
 0.13837650160156E+03
 0.13847434050362E+03
 0.13857627552064E+03
 0.13868246591392E+03
 0.13879307662507E+03
 0.13890827874629E+03
 0.13902824998300E+03
 0.13915317463014E+03
 0.13928324399183E+03
 0.13941865717288E+03
 0.13955962074466E+03
 0.13970634984592E+03
 0.13985906826277E+03
 0.14001800900908E+03
 0.14018341496477E+03
 0.14035553913915E+03
 0.14053464575464E+03
 0.14072101040571E+03
 0.14091492104233E+03
 0.14111667889195E+03
 0.14132659867629E+03
 0.14154501021185E+03
 0.14177225879241E+03
 0.14200870660888E+03
 0.14225473361638E+03
 0.14251073875364E+03
 0.14277714098324E+03
 0.14305438133541E+03
 0.14334292386020E+03
 0.14364325722577E+03
 0.14395589697253E+03
 0.14428138677553E+03
 0.14462030105286E+03
 0.14497324657025E+03
 0.14534086573526E+03
 0.14572383863789E+03
 0.14612288593731E+03
 0.14653877226655E+03
 0.14697230971712E+03
 0.14742436128902E+03
 0.14789584523606E+03
 0.14838773942559E+03
 0.14890108661715E+03
 0.14943699921761E+03
 0.14999666563794E+03
 0.15058135714485E+03
 0.15119243410750E+03
 0.15183135480804E+03
 0.15249968349464E+03
 0.15319909964937E+03
 0.15393140965675E+03
 0.15469855711159E+03
 0.15550263595077E+03
 0.15634590461563E+03
 0.15723080106829E+03
 0.15815995968439E+03
 0.15913622963847E+03
 0.16016269503797E+03
 0.16124269669454E+03
 0.16237985620672E+03
 0.16357810073688E+03
 0.16484169065599E+03
 0.16617524867669E+03
 0.16758378956246E+03
 0.16907275130678E+03
 0.17064802617624E+03
 0.17231599010447E+03
 0.17408352878211E+03
 0.17595806860897E+03
 0.17794757951395E+03
 0.18006058897892E+03
 0.18230616727830E+03
 0.18469389865196E+03
 0.18723382163679E+03
 0.18993633481942E+03
 0.19281206432751E+03
 0.19587167365139E+03
 0.19912562654104E+03
 0.20258387842874E+03
 0.20625552376800E+03
 0.21014837961608E+03
 0.21426855487202E+03
 0.21862001652239E+03
 0.22320419537578E+03
 0.22801969450304E+03
 0.23306212422083E+03
 0.23832411330211E+03
 0.24379550477180E+03
 0.24946371919784E+03
 0.25531425186597E+03
 0.26133124865885E+03
 0.26749809652814E+03
 0.27379797772012E+03
 0.28021434309153E+03
 0.28673128533190E+03
 0.29333380590218E+03
 0.30000797475569E+03
 0.30674101360086E+03
 0.31352130564357E+03
 0.32033836172033E+03
 0.32718275260980E+03
 0.33404602459475E+03
 0.34092060689076E+03
 0.34779971967980E+03
 0.35467728449603E+03
 0.36154784338684E+03
 0.36840648212068E+03
 0.37524876618144E+03
 0.38207068258364E+03
 0.38886858884158E+03
 0.39563916911379E+03
 0.40237939751852E+03
 0.40908650401248E+03
 0.41575794819234E+03
 0.42239139368032E+03
 0.42898468752338E+03
 0.43553584281681E+03
 0.44204302276674E+03
 0.44850452737067E+03
 0.45491878025927E+03
 0.46128432115219E+03
 0.46759979375375E+03
 0.47386394014732E+03
 0.48007559235114E+03
 0.48623366662165E+03
 0.49233715846833E+03
 0.49838513733407E+03
 0.50437674206965E+03
 0.51031117728203E+03
 0.51618770994336E+03
 0.52200566600678E+03
 0.52776442808018E+03
 0.53346343173307E+03
 0.53910216438493E+03
 0.54468016244277E+03
 0.55019700996584E+03
 0.55565233511036E+03
 0.56104581101088E+03
 0.56637715214725E+03
 0.57164611391255E+03
 0.57685249027509E+03
 0.58199611347367E+03
 0.58707685251899E+03
 0.59209461157777E+03
 0.59704932859105E+03
 0.60194097524776E+03
 0.60676955475990E+03
 0.61153510197519E+03
 0.61623768095800E+03
 0.62087738479509E+03
 0.62545433584352E+03
 0.62996868153915E+03
 0.63442059727761E+03
 0.63881028218347E+03
 0.64313796064831E+03
 0.64740388045444E+03
 0.65160831097978E+03
 0.65575154505306E+03
 0.65983389488969E+03
 0.66385569315755E+03
 0.66781729143929E+03
 0.67171906027070E+03
 0.67556138693989E+03
 0.67934467616020E+03
 0.68306934826070E+03
 0.68673583860521E+03
 0.69034459724785E+03
 0.69389608777642E+03
 0.69739078670905E+03
 0.70082918262851E+03
 0.70421177566150E+03
 0.70753907663635E+03
 0.71081160648358E+03
 0.71402989562620E+03
 0.71719448294140E+03
 0.72030591554994E+03
 0.72336474810725E+03
 0.72637154183627E+03
 0.72932686440028E+03
 0.73223128901975E+03
 0.73508539397425E+03
 0.73788976204301E+03
 0.74064497996108E+03
 0.74335163796939E+03
 0.74601032916895E+03
 0.74862164915561E+03
 0.75118619546103E+03
 0.75370456719262E+03
 0.75617736442152E+03
 0.75860518791980E+03
 0.76098863869961E+03
 0.76332831756888E+03
