   6.91360382032448847522976250442333937      
   6.91360382032448897452856100055816334      
   6.91360382032452743201328781372421139      
   6.91360382032516444341181800518979211      
   6.91360382032990751712095169942762929      
   6.91360382035170981779289146135701811      
   6.91360382042467998402728425793140142      
   6.91360382061958405575393147650909537      
   6.91360382105548862150798928357251452      
   6.91360382188595357238175078845665745      
   6.91360382321898980214024666634259511      
   6.91360382491702757082636634917259234      
   6.91360382622650346127840187333648864      
   6.91360382520635178837497820839061675      
   6.91360381795271750478529243983407351      
   6.91360379764466412452382375100197651      
   6.91360375345691027854899331370061780      
   6.91360366939923328480779012332681033      
   6.91360352314904368796522658457387974      
   6.91360328494550733469933804239913625      
   6.91360291661196936060393527736545941      
   6.91360237076883034929624380486324051      
   6.91360159029106699897486504611777291      
   6.91360050805337500973503645395619777      
   6.91359904699048217490553970935379679      
   6.91359712048239126994057756676240695      
   6.91359463305413680359877107513139713      
   6.91359148136049879983640067974264130      
   6.91358755540892093886657518045321648      
   6.91358273996000090644084877823656302      
   6.91357691603741606428210798881363258      
   6.91356996247585637511370273191459761      
   6.91356175743802509085638136822241935      
   6.91355217983844975021877412873603344      
   6.91354111062183459250516881379455078      
   6.91352843385558242051114742117583346      
   6.91351403760897117685285353839149847      
   6.91349781460384074082546403560291525      
   6.91347966263341305351883334024235869      
   6.91345948473315297826363245829795040      
   6.91343718924292657783123488129408193      
   6.91341268948637000837496160623361502      
   6.91338590346284036387719700934101947      
   6.91335675331399385201053052994877945      
   6.91332516469266320784080045881527297      
   6.91329106604434501769403290089235669      
   6.91325438782622724000567884849889001      
   6.91321506168611998929629169236646460      
   6.91317301962137294626001034176902952      
   6.91312819313459901616222317680558103      
   6.91308051240025308160235477663888137      
   6.91302990545301324275106314725333485      
   6.91297629740672107686598792199616908      
   6.91291960970922167177299224209042079      
   6.91285975943724968517821585508189586      
   6.91279665863318051491954705498501309      
   6.91273021368339229294274261087908283      
   6.91266032473798474612567654958217347      
   6.91258688516856705613305371127216354      
   6.91250978106320456396953096793502672      
   6.91242889075198864391943245079811023      
   6.91234408436289612869990698729122780      
   6.91225522340086380019489457048188013      
   6.91216216034814732042155546199989376      
   6.91206473828189887340716925107436538      
   6.91196279050006014801326307446125459      
   6.91185614016138753660729379471916327      
   6.91174459992447511766631678039726900      
   6.91162797159146577465782485481109263      
   6.91150604575107966830482419052098185      
   6.91137860141019552557173440174259278      
   6.91124540562731559592851254364607264      
   6.91110621312672252644583482607413934      
   6.91096076590717248541429025713627030      
   6.91080879283741412717763831122149648      
   6.91065000922708959635210731041493687      
   6.91048411637811615727803497112628076      
   6.91031080113166959245251426687559696      
   6.91012973537942429396241518630169832      
   6.90994057556699757141481743829261370      
   6.90974296216807644681029579194683790      
   6.90953651912333738734946103049568596      
   6.90932085324322283404331899056265067      
   6.90909555361927434947043716590222335      
   6.90886019098399921091460772992633343      
   6.90861431704345441349085769802152562      
   6.90835746376807691846161519681045936      
   6.90808914269555549127529267370298580      
   6.90780884416339179436880843170538708      
   6.90751603641181358454137715562032831      
   6.90721016482253706872266510659055501      
   6.90689065102315984764284293329182288      
   6.90655689196325601464302411665094124      
   6.90620825889377237516514029369295457      
   6.90584409668622292973366870796331274      
   6.90546372218217260207997283924499004      
   6.90506642338560971095223002214189387      
   6.90465145843022523646590382339726093      
   6.90421805410195966636745002604122708      
   6.90376540462035477097083994092462758      
   6.90329267062066822672268392162477991      
   6.90279897720552586396016756154905739      
   6.90228341264044662484917944510431329      
   6.90174502688168737926239721302901895      
   6.90118283002411470890071889269399000      
   6.90059579063181303858213871065104948      
   6.89998283336421687822181277334238593      
   6.89934283742599286769532400968613364      
   6.89867463550704471645668437163005674      
   6.89797700986351209518522559245090691      
   6.89724869120412534178261540801313070      
   6.89648835687072438335637010357530278      
   6.89569462770945887447627324360010400      
   6.89486606467425698777861943693352396      
   6.89400116881564241118541813052199884      
   6.89309837502012747183608511698098743      
   6.89215605250425233753908762591884019      
   6.89117249892157645467919319088219461      
   6.89014593910494117933327349294812764      
   6.88907452015520259325801553308713951      
   6.88795630965524366716797068735519419      
   6.88678928972294352353740891854234188      
   6.88557135517786154938188782352679471      
   6.88430030846348810735545736565757126      
   6.88297385534171492733313905291553210      
   6.88158960055866701370235160956094014      
   6.88014504330858298907852543000292620      
   6.87863757144662595675632234836985714      
   6.87706445845084384284820367171964543      
   6.87542285501269727257612171139814579      
   6.87370978630364356533423893638694349      
   6.87192214370078331718194166747693067      
   6.87005668082188898878645356881622920      
   6.86811000531843675338418746905081931      
   6.86607857295059087854392542755658688      
   6.86395868080628532884418194331610445      
   6.86174645978416642072809509570050039      
   6.85943786654639877862306477754050207      
   6.85702867702286505627306858015417559      
   6.85451447670471135267144917763767981      
   6.85189065331219417493867061458040412      
   6.84915238749876050913613007528149968      
   6.84629464374510632215693112305052434      
   6.84331216095456452965503127800776539      
   6.84019944458357035928559559060017165      
   6.83695075412327064843213998196087240      
   6.83356009480755903822423288172924625      
   6.83002120653023470689256028518829885      
   6.82632755465357269428415613964013246      
   6.82247231784254008568758839446470777      
   6.81844837923388238538601290216286882      
   6.81424831528991566422127817278150272      
   6.80986438529038617824603870512359186      
   6.80528852149738999180102981273672470      
   6.80051232071976301730746471971314457      
   6.79552703441667955757877310988475957      
   6.79032356078826522156056739616703502      
   6.78489243872686798318925675433922375      
   6.77922384170506839916374747227609301      
   6.77330757414523500452690694248186699      
   6.76713307094318545516092196760369443      
   6.76068939714647088817885410770693335      
   6.75396525636286969400870878508908657      
   6.74694899328278357954209965030733200      
   6.73962861089606160911707319141646450      
   6.73199178846020438888371588821304431      
   6.72402590419357967527701618480358086      
   6.71571806372366870709632790134231558      
   6.70705514195702360722591926347439571      
   6.69802382320291535480278138605969708      
   6.68861065512950972160711901629366312      
   6.67880210377040715328836814389940838      
   6.66858461763261293415064053840396082      
   6.65794468930129683122270372389379099      
   6.64686892172020748396954085844070180      
   6.63534407930889120227178786189473436      
   6.62335713338185881041617919730235257      
   6.61089528084863923269086256440977150      
   6.59794593945421307571434568982148175      
   6.58449670185319752197770865580315286      
   6.57053524949245511897773418223880018      
   6.55604922235243470345784437157536075      
   6.54102604883523602569016488362186416      
   6.52545274156219414829156901011857210      
   6.50931568382972391497380093111576342      
   6.49260041799021941266947957564212303      
   6.47529146325343634349174868173664863      
   6.45737218102175271048103236461204154      
   6.43882469835983786012101085778690701      
   6.41962989816303115595874906043963202      
   6.39976747040384305125904925170440287      
   6.37921601718862773473964850737003542      
   6.35795320096860530421420210402322714      
   6.33595591747203269031684851519624930      
   6.31320048363041934069687129624609307      
   6.28966282828297977690182898406747179      
   6.26531867279636796882829917206615960      
   6.24014369780296932604900765187822999      
   6.21411368997409080175401040672983254      
   6.18720466719650553912949767990239468      
   6.15939297976799102877640275289190418      
   6.13065539081642777260392702089549795      
   6.10096913516973402444708256589735633      
   6.07031196058160851045046339378806104      
   6.03866215196975113388020292176557332      
   6.00599854348249186842118631833824624      
   5.97230051856571796227415287558563011      
   5.93754800143737414456715032102372634      
   5.90172144185051300127812484326907376      
   5.86480179445370970599397770802009305      
   5.82677049457413406213732376033340602      
   5.78760943157658927958445820953382177      
   5.74730092046730452797051753124389493      
   5.70582767307798306186290558573128504      
   5.66317276886964601171123170856830763      
   5.61931962628991681208681012806411137      
   5.57425197472673343085139099395399421      
   5.52795382758264699365724847496942346      
   5.48040945639613033165668255512533684      
   5.43160336634135762394149730673423958      
   5.38152027300924240763108673726334559      
   5.33014508059865439474617066717528788      
   5.27746286148564741416482172274452858      
   5.22345883714295515996225466984200113      
   5.16811836036211959417726825983890755      
   5.11142689876172381409310051174406799      
   5.05337001946442994219679663059164577      
   4.99393337494259624921686479839237086      
   4.93310268989400671804061023174299321      
   4.87086374917422721139576325089241487      
   4.80720238661710817291194086571166001      
   4.74210447476475171454146452691506478      
   4.67555591537614051334704365512618191      
   4.60754263070203236232191702148078298      
   4.53805055545725722169114365525767842      
   4.46706562944178557367860768467025238      
   4.39457379067319832516893545823437649      
   4.32056096924447920263291944228541257      
   4.24501308145229091420599249687382200      
   4.16791602453763752612855709276865300      
   4.08925567186818715515223151957023436      
   4.00901786836672653614785472326814642      
   3.92718842643606687031131875633508766      
   3.84375312213949896465647554757882563      
   3.75869769174649116400883369861670013      
   3.67200782843887360536876609561755305      
   3.58366917940160884065997726177831862      
   3.49366734306069276540012376125001904      
   3.40198786664488444345404668966198878      
   3.30861624373529531899612449095844373      
   3.21353791224213483316880302903166979      
   3.11673825235392625069923787872367489      
   3.01820258481419529517020890910014938      
   2.91791616916664068074345711601661586      
   2.81586420222643310565992570815768479      
   2.71203181669345091256653290359565105      
   2.60640407981758885547007795309790633      
   2.49896599213419395756610129708460406      
   2.38970248654274013943904606057677341      
   2.27859842701722140712265698001470552      
   2.16563860778270152660112200682049767      
   2.05080775249153192979771879140074596      
   1.93409051333799669683889673867387291      
   1.81547147035459970425319490671996604      
   1.69493513070883624214842487124766953      
   1.57246592812728137820144381551677661      
   1.44804822222056370353101713287067128      
   1.32166629807064120983917968968378654      
   1.19330436566878928371921074440481801      
   1.06294655948070888710705149439828145      
  0.930576938067021659650835315054868504      
  0.796179483692207530980902304576500800      
  0.659738101969379529571799387228434051      
  0.521236621602098194285722890933796814      
  0.380658794060339162505841568730363184      
  0.237988293312786397830172327442412843      
   9.32087156738696373513318541410859780E-0002
  -5.36964205057274345789053983543885911E-0002
 -0.202743674924656606311154153919637532      
 -0.353949685565808724308151035721332194      
 -0.507331168801311675814146409793311238      
 -0.662904919543265205220834159612366828      
 -0.820687811344295379742626782714293588      
 -0.980696796489257031990033007998633028      
  -1.14294890608280606143437526005026270      
  -1.30746125011158061251383603468070673      
  -1.47425101750168590330530871303953486      
  -1.64333547616370306604835491595066230      
  -1.81473197300427137942365534693714234      
  -1.98845793397819167699109039522628644      
  -2.16453086407621098985374988868071734      
  -2.34296834731351702086893476669016434      
  -2.52378804675575795182537067797258273      
  -2.70700770448004535687922825192076188      
  -2.89264514154308584815099089086673197      
  -3.08071825797242065337289614465574454      
  -3.27124503270030279238175026771176620      
  -3.46424352354056926241695416662807719      
  -3.65973186711091972556545689329802734      
  -3.85772827880909434936257487868988271      
