   6.91360382032448847522976250442333937      
   6.91360382032448897452856100055816334      
   6.91360382032452743201328781372420908      
   6.91360382032516444341181800519019810      
   6.91360382032990751712095170087875048      
   6.91360382035170981779289183463147310      
   6.91360382042467998402730530472969616      
   6.91360382061958405575438730637229696      
   6.91360382105548862151317723804907987      
   6.91360382188595357241924173645722356      
   6.91360382321898980233450774892649845      
   6.91360382491702757161217043718485796      
   6.91360382622650346126527605541058376      
   6.91360382520635178970696814312506467      
   6.91360381795271752231193534097108380      
   6.91360379764466427494310421423307418      
   6.91360375345691122318338743416397424      
   6.91360366939923817370624870798202290      
   6.91360352314906517805041984218501596      
   6.91360328494558952596454776704902797      
   6.91360291661224826762334227317154744      
   6.91360237076968361396623937341941057      
   6.91360159029345171874018091542010129      
   6.91360050805953111043146346756602921      
   6.91359904700529756785925892001391096      
   6.91359712051589324768572459023844904      
   6.91359463312579880617938692166392428      
   6.91359148150633674114882371803725860      
   6.91358755569269888830864288529504543      
   6.91358274049026796168927466511577479      
   6.91357691699254787674138299003556217      
   6.91356996413976596461579636907408677      
   6.91356176024972668148903596820749072      
   6.91355218445919670081810509601091674      
   6.91354111802409517047660901472553644      
   6.91352844543865905180274918224396737      
   6.91351405534660253687290935088536787      
   6.91349784122964361001817275780281814      
   6.91347970187052918275128142024225346      
   6.91345954159709857934246593681303550      
   6.91343727032233376107847605299231397      
   6.91341280340087121452217153705439629      
   6.91338606132670865219371822596087095      
   6.91335696929871624540132298148517679      
   6.91332545668135439795104171325731892      
   6.91329145638731735032115480011734654      
   6.91325490418894386756625701596257604      
   6.91321573808435147824234401848032635      
   6.91317389749362569568059864846733517      
   6.91312932261234413076571090697804314      
   6.91308195371433748776271556756586473      
   6.91303173049956186010507031761570746      
   6.91297859148166678595257169955607275      
   6.91292247342052577109431251586595442      
   6.91286331080322647136411687647921848      
   6.91280103537456470408978419445769702      
   6.91273557571649188583980542408533995      
   6.91266685687490953921031440598483522      
   6.91259480003040048427132519577997457      
   6.91251932220973007149918109361181497      
   6.91244033603274756282821119956765680      
   6.91235774949082055619357626871406910      
   6.91227146575109092596970321554779366      
   6.91218138298162606816923964673118851      
   6.91208739419291500214190973337252887      
   6.91198938708888445207990916038260001      
   6.91188724392584615219319788149078307      
   6.91178084137121922361359636844054886      
   6.91167005036112588416135948217170984      
   6.91155473595189654790650567575263706      
   6.91143475715993888397568021015463954      
   6.91130996679139558296644068171202055      
   6.91118021125469552237769208262518307      
   6.91104533035597823183991399679893814      
   6.91090515707322971865037046749432285      
   6.91075951731159662711937566084416111      
   6.91060822962942052147317884756150875      
   6.91045110494646826431332050282206032      
   6.91028794622212577945826355297904115      
   6.91011854810968109370691547257341185      
   6.90994269658779044808235989956913513      
   6.90976016854947018611820365932583604      
   6.90957073137992145959144505375295922      
   6.90937414248243578175702690388095042      
   6.90917014880571287718178240902961270      
   6.90895848631911367639375812759758315      
   6.90873887946807196818633419721946337      
   6.90851104058967670625791765431446447      
   6.90827466932376677572195138303045807      
   6.90802945194924060179379936613428855      
   6.90777506069955799533134014489619209      
   6.90751115308057903202709172434220068      
   6.90723737112684571714475247088941761      
   6.90695334063115119799632933529954034      
   6.90665867036550132079640901181455100      
   6.90635295119747623386092362801454581      
   6.90603575516969749534179061846513147      
   6.90570663464242101372989584952006944      
   6.90536512132880134328331313404733916      
   6.90501072527409680402029285597949546      
   6.90464293380380707670249656614059329      
   6.90426121047110867928728271243894778      
   6.90386499392014239377162039053943829      
   6.90345369651505688956275586387987468      
   6.90302670319320315748703680997306765      
   6.90258337055107602176570071518368151      
   6.90212302493490635322185929528878525      
   6.90164496113371893803526300727885063      
   6.90114844095928194703643511140545776      
   6.90063269195919743509347324397795247      
   6.90009690551062473046748731122572584      
   6.89954023478347094791861348501066573      
   6.89896179366265978637793271727116361      
   6.89836065469093172895467632064813465      
   6.89773584641493027451318715097583099      
   6.89708635217873693793409117542412683      
   6.89641110796454651572374413374038448      
   6.89570899926526046667712204792126919      
   6.89497885934812952111530038087968211      
   6.89421946721112536322216335092584800      
   6.89342954359947712154603046746494334      
   6.89260775000467471484603188847265776      
   6.89175268379690523793047168320708426      
   6.89086287734474373096906463072386333      
   6.88993679264246598782429293803696664      
   6.88897282005579747284082087016183462      
   6.88796927270499157571610187238110538      
   6.88692438459690625039179054250839854      
   6.88583630559964759713179603055660530      
   6.88470309732238757600607590478640710      
   6.88352272963599017604009037534173126      
   6.88229307505645569588013859461070739      
   6.88101190465159447124333378663662098      
   6.87967688240863957263128466599152120      
   6.87828556077607010896530054641189316      
   6.87683537346620161173162044611774864      
   6.87532363191330979718821784991141257      
   6.87374751655030739280587920094369655      
   6.87210407115019295981904839213999814      
   6.87039019696921469492701579970032595      
   6.86860264332196651089932621915293920      
   6.86673800146688270481395982784793508      
   6.86479269630297736730536399098870873      
   6.86276297669747666035099703780024821      
   6.86064490731554325738367588755884914      
   6.85843435917772642742165938339910273      
   6.85612699923744003747321447714193227      
   6.85371827910398640421031859388808311      
   6.85120342543334700126521324509384720      
   6.84857742641025881729696489612487801      
   6.84583502083514541952769621704581077      
   6.84297068386121243705475739930681860      
   6.83997861383635756401760591794990036      
   6.83685271774486231297836557528655781      
   6.83358659603193075346535468048511745      
   6.83017352774100640700092935780666201      
   6.82660645095556215681306867038930566      
   6.82287794913180427273521065445793569      
   6.81898022967113069241112535410181092      
   6.81490510860390905490392944127759581      
   6.81064398758725021009943940411398063      
   6.80618783535427389635197067504840653      
   6.80152716750378037092696008121372117      
   6.79665202391299599496927252439772571      
   6.79155194866523663342931752911297713      
   6.78621596759466779690448860188719614      
   6.78063256704499780557676465503542709      
   6.77478967234656510370267409259689425      
   6.76867462806083865416329686795400906      
   6.76227417838945574418211284598289023      
   6.75557444998914448422013004775496876      
   6.74856093643708705550993569366548658      
   6.74121848771265015782212246407544383      
   6.73353130070255016313776041785372227      
   6.72548291699552660694471784837932966      
   6.71705622655581314710344179898316568      
   6.70823347900389866679557334158994708      
   6.69899629943467491421319854589908300      
   6.68932571958260214145836048022137892      
   6.67920221813651930115133366418155827      
   6.66860576670393318279890359271418136      
   6.65751589513683912077656825944516899      
   6.64591176214571438966679931857229970      
   6.63377223844065743991330541787206307      
   6.62107599471693838855674905995636585      
   6.60780159418392739875124218055459938      
   6.59392758152885538513566424565499278      
   6.57943256265973736537987219788209684      
   6.56429527142608930505186021001957802      
   6.54849460920405493452776129434615695      
   6.53200965879117905155127369558852721      
   6.51481966420491089469885575778097577      
   6.49690398004602034526240016843729081      
   6.47824200070975969961613549936130629      
   6.45881305687177766731897572591832535      
   6.43859633250192379372278725336169235      
   6.41757077715162933788260073005183557      
   6.39571505431418799995984688440808624      
   6.37300752228384037016190866926341289      
   6.34942625438651617006672566901225550      
   6.32494909638664642610362260070246222      
   6.29955375323093152826427178511904508      
   6.27321789452585717252141427032940316      
   6.24591926782244962813559209066106367      
   6.21763580898518018340802985943852488      
   6.18834574434705392423772669879607299      
   6.15802767497092894847900901099049086      
   6.12666064404442715458616991942781550      
   6.09422418513546695329997342814175678      
   6.06069835209855720965958688857549965      
   6.02606373295545643649394271196018151      
   5.99030144990321544561817286302965982      
   5.95339314821072223643151576904470552      
   5.91532097653072879671076594275401840      
   5.87606756070109738730408638758021458      
   5.83561597405205202375646572571986738      
   5.79394970423799941166265933517675017      
   5.75105261937089996912208105994359380      
   5.70690893401794074467132619269828050      
   5.66150317567689233323641786515021507      
   5.61482015241814091557984345210935865      
   5.56684492220570727268807163908288829      
   5.51756276388956496852931253557345886      
   5.46695915023327628765154622850700757      
   5.41501972277967308691393264447810991      
   5.36173026869710914264433196902689012      
   5.30707669950117163011476393680700169      
   5.25104503168234964990877335516034302      
   5.19362136890060654177738394876379409      
   5.13479188573197066151392959793050513      
   5.07454281309591092447053947461425091      
   5.01286042483916082187275945739934652      
   4.94973102564694281692168916229061623      
   4.88514094007813850514869662675576693      
   4.81907650262350976071607044663819532      
   4.75152404874446513751062053948870844      
   4.68246990674141272101428286085698774      
   4.61190039039286773137857946839661091      
   4.53980179230324336756641806812997001      
   4.46616037790346427283943837960870800      
   4.39096238001166866807696416026596981      
   4.31419399389233178080755973855951932      
   4.23584137281969508036275881605947268      
   4.15589062405684584495781452029823476      
   4.07432780521546967456130144691998699      
   3.99113892094281828493697528571291818      
   3.90630991995323333352735958944916244      
   3.81982669232559251789034136037671043      
   3.73167506706290189800197318481112077      
   3.64184080988026898930352993371560026      
   3.55030962120703982785496036183588236      
   3.45706713437298503477815781913475283      
   3.36209891398017270890054998924438527      
   3.26539045441698555435223480624805161      
   3.16692717852144692758456918141667736      
   3.06669443638199617333146984301326111      
   2.96467750423289886608385763866642393      
   2.86086158348057832331106077219965458      
   2.75523179981125882730518359009827243      
   2.64777320241004587011164807732809825      
   2.53847076320889967339433660502372367      
   2.42730937627678920395814922346349585      
   2.31427385722195006045126986893159291      
   2.19934894270096802877013032226735998      
   2.08251928992058412956920396391884442      
   1.96376947623873707649207518139139769      
   1.84308399887670778492739611704368321      
   1.72044727448736619055488010470249692      
   1.59584363891873390310331437217211587      
   1.46925734700555158972574840354824699      
   1.34067257230439053049459469713614116      
   1.21007340694377300754082979970665824      
   1.07744386148021689663880038745873735      
  0.942767864720529182550917511189083099      
  0.806029263683473753823863686179050492      
  0.667211823457698212738249565445597922      
  0.526299227168055701843556646950475342      
  0.383275075915270680743280085148390174      
  0.238122888781739899968796895903722544      
   9.08261027631809642152607370486344309E-0002
  -5.86319271910619592813989209883071129E-0002
 -0.210267928177699070794257308732179319      
 -0.364098709312954311289332101377600461      
 -0.520141161704383478903639072426763752      
 -0.678412258371717469273663045603602110      
 -0.838929054251134532654180965217404796      
  -1.00170868606384523448564573440586433      
  -1.16676837228249085336790205605414103      
  -1.33412541305093240659077295117876065      
  -1.50379719008253080728636639182407721      
  -1.67580116655759591052802056922122002      
  -1.85015488706179382596386861642177305      
  -2.02687597744945291126661640191869019      
  -2.20598214473042998386792683071278641      
  -2.38749117697556327466189471599391582      
  -2.57142094319441806573298558549077154      
  -2.75778939320085205507883332133213641      
  -2.94661455748903480599462304900971883      
  -3.13791454711603619302252432833627980      
  -3.33170755355213101618918546706971553      
