   91.9024000954186098051982755948291852      
   91.9024000954157999254187997248733201      
   91.9024000953183049918287565234925636      
   91.9024000944189589698065997008635193      
   91.9024000902246183962721118105556951      
   91.9024000771785825126478426183544656      
   91.9024000455519185186101561566401295      
   91.9023999768275853313538484277208492      
   91.9023998188883745645774370085578590      
   91.9023994042348768949330885754110524      
   91.9023982674646564830659163629309846      
   91.9023953413056546788451569176334674      
   91.9023885531493148824786195686314336      
   91.9023743801951088303684911156163762      
   91.9023474341429630922400197162555991      
   91.9023001360864816554284896428574924      
   91.9022225189347612008291373135831691      
   91.9021021690780259469700128036529153      
   91.9019242979562257636420621380251255      
   91.9016719202154955868524653513531464      
   91.9013261079311075408070595916306121      
   91.9008662884274613602076707484624596      
   91.9002705549111044276054939978358534      
   91.8995159631948841170511873683777782      
   91.8985787933421347413908738302830350      
   91.8974347614649279780746692747494816      
   91.8960591736184651807801010866687251      
   91.8944270202203525707792273970851098      
   91.8925130151950543996361287188096820      
   91.8902915886862054845768913617584642      
   91.8877368454199598235374053502398238      
   91.8848225025373223321238673880983804      
   91.8815218210059365410704321928605139      
   91.8778075437672153254967331700639243      
   91.8736518518642123905645684708899482      
   91.8690263472561549826907986732995720      
   91.8639020681769690954315779007515792      
   91.8582495400241755419635260378355763      
   91.8520388620866967461195377956492759      
   91.8452398281071562016658866512952786      
   91.8378220768025580263269736509071617      
   91.8297552671000221077416895787236250      
   91.8210092719388745823673870851333353      
   91.8115543840507903430959478424781305      
   91.8013615270542000610965185281639793      
   91.7904024654570209836721499254616628      
   91.7786500076430431731201857528274135      
   91.7660781965875395170434445329505442      
   91.7526624838153601068602264173247342      
   91.7383798829471721980792666901970682      
   91.7232090930688991348240696167220277      
   91.7071306296865278000150568035061594      
   91.6901268670199363061063572497858545      
   91.6721821124709530432820429300011061      
   91.6532826260050082891350645941125752      
   91.6334166186849540795078421216845603      
   91.6125742260466143229839362785624707      
   91.5907474577916748932551693973830441      
   91.5679301255600547501236362147586065      
   91.5441177507347447479869733896902841      
   91.5193074544489158735427465391406361      
   91.4934978318986324647729201526943969      
   91.4666888133271520758411142900497397      
   91.4388815139057205988714036360455592      
   91.4100780746073690391389012215553151      
   91.3802814961425046197206205446170100      
   91.3494954681624263500781276207656799      
   91.3177241955431222913111772697333192      
   91.2849722230909578507413242936612428      
   91.2512442608607045835844595740668262      
   91.2165450110585503001033277956440439      
   91.1808789978947776579743540488146304      
   91.1442504015476043211651536098768276      
   91.1066628970991207406004786241730639      
   91.0681194991043900198073481981164468      
   91.0286224128477071952531510048988292      
   90.9881728923053689989501420411240234      
   90.9467711049781861051710197356307726      
   90.9044160048956806879417152096744614      
   90.8611052133170160647518386444266825      
   90.8168349057812281431124969022604251      
   90.7715997079943757051426719376148356      
   90.7253925996711290459703957398903177      
   90.6782048226505054724751335496693632      
   90.6300258007209778103144496614014349      
   90.5808430613566759854122954394475871      
   90.5306421669722109776185881053340942      
   90.4794066510119435259645246202581658      
   90.4271179587479962309017304745217799      
   90.3737553939014577811989586176916812      
   90.3192960696603681372478737334925283      
   90.2637148654541452149495892922636461      
   90.2069843833165463159694672999145208      
   90.1490749077149368534540903656012633      
   90.0899543807966298005894908620440043      
   90.0295883506149453464096770618016803      
   89.9679399601167779670806929697543172      
   89.9049698980145572893350060875004589      
   89.8406363827431664778775276269592492      
   89.7748951240874298406644395712701570      
   89.7076992955167178130032882378563304      
   89.6389995097778259007110954233192697      
   89.5687437767956487261106418963349461      
   89.4968774786444229736098471627535761      
   89.4233433314440832261168597447715205      
   89.3480813516127058287882386103729369      
   89.2710288141032691761081907191602954      
   89.1921202010409532431551369710388609      
   89.1112871704690078864822479462581179      
   89.0284584740306475355348342016991670      
   88.9435599924861385289862641077992597      
   88.8565145559868281561607804844704623      
   88.7672419514770992409758776543583870      
   88.6756588361929808521255760132022885      
   88.5816786633366412318495105176896194      
   88.4852116133681417073940952739210356      
   88.3861644935734386757944474940981235      
   88.2844406185909985527905429099056214      
   88.1799397660587824402812631437065445      
   88.0725580358623119428318427141634061      
   87.9621877208933567188367622112606967      
   87.8487171800563536164462134411366868      
   87.7320307189724166574237194483857180      
   87.6120084375738475084362777787011821      
   87.4885260870092103737242773976065295      
   87.3614548573784154113918654581613796      
   87.2306612403305703179193153070129868      
   87.0960068281660553267842526332232602      
   86.9573480751848680891767394302810903      
   86.8145361282810839420128171005581629      
   86.6674165035423415701164501625121550      
   86.5158290022524668709382054411924556      
   86.3596072403459366307495757515910313      
   86.1985784837765264542415818525357204      
   86.0325632858290339112108219050588286      
   85.8613752365439954866847448615244754      
   85.6848205023939923119626876448028582      
   85.5026975427512388636090141071294058      
   85.3147966336962213504910915635151561      
   85.1208995258974641032246116842700420      
   84.9207789129269122853654096541995368      
   84.7141979817736991475184828579205414      
   84.5009098004034005433882716875025185      
   84.2806570590366281713472163637336576      
   84.0531710377844899616849878944647737      
   83.8181712812356291346033996684252507      
   83.5753647899176854147088255715858060      
   83.3244453086936878507366403903583462      
   83.0650926377817218102091370593656739      
   82.7969716414519352767991735687101996      
   82.5197314678347534597727053788593190      
   82.2330045594169620806250378066686268      
   81.9364056403327879143800171950761346      
   81.6295306108534431252633744240922533      
   81.3119554538508034312234088041595011      
   80.9832348541622145703483446006857901      
   80.6429010152204029066590943843060805      
   80.2904621845470240907463402610323571      
   79.9254011442189388383047614372944354      
   79.5471737563166629627491170729752117      
   79.1552070954655142164798291778215579      
   78.7488978863019273193234982213110439      
   78.3276104517099098191326574995508793      
   77.8906750454446239306027167744414858      
   77.4373856800855436563017056969322826      
   76.9669980470654631932646027010429420      
   76.4787279534657386008094395195363295      
   75.9717486360550346444518387583415742      
   75.4451893008345406625554861467313023      
   74.8981330061373146741764992302916666      
   74.3296152446102832421421865746918458      
   73.7386224288815431069498413856392061      
   73.1240913407000353700257271352933274      
   72.4849089681399038443115135427332526      
   71.8199129800652581994886424418641468      
   71.1278936286598528764562110344171623      
   70.4075973533762707371475395780826274      
   69.6577319121284794894892117175375031      
   68.8769743400944185165556423036382967      
   68.0639815286885929171313088729737649      
   67.2174048638531535746965300308853430      
   66.3359096375245065682765055958480617      
   65.4182001572473716393118483417006076      
   64.4630498656761957874681048469087083      
   63.4693398004238943830606084899362853      
   62.4361077859587982540569390587393607      
   61.3625998387127046432633973221388896      
   60.2483368769288378671237197878868948      
   59.0931869511686171915193393839877385      
   57.8974448200763990247904158536521298      
   56.6619160550858070250634604755993328      
   55.3880014505466743558472569622266286      
   54.0777756002306686396939200233211517      
   52.7340527294322078729116330580780394      
   51.3604308374084265909519236671642215      
   49.9613041329760829476866113763284716      
   48.5418350245849322189613082627714149      
   47.1078791992303538688508661805239214      
   45.6658598278696675112386127927269982      
   44.2225949378217023303050842122868744      
   42.7850868187412824563750299345565061      
   41.3602900214796201671009784618552232      
   39.9548780072942686861650143768708456      
   38.5750293540379678941102437192424544      
   37.2262527744849303486779638699610641      
   35.9132624909425729822434847019915553      
   34.6399090794392533252963772910358577      
   33.4091639419871393172027725340379750      
   32.2231488712498300815418209222679653      
   31.0832010501125424918804065506058721      
   29.9899594606722502806424582438977623      
   28.9434638268000339262269068187406981      
   27.9432559835598616698647428071822196      
   26.9884775513558959468287313278360457      
   26.0779595593936515620416298969436805      
   25.2103012777460928435742212754779427      
   24.3839380668442197923884342018246082      
   23.5971979260916887616034830789898170      
   22.8483472699999901955036902048950262      
   22.1356281930017517965832127052641330      
   21.4572868450986872204766452400981821      
   20.8115954722115514796209246755329327      
   20.1968687730729831948511292211351794      
   19.6114756476464936399270176931375909      
   19.0538472254892348760919743353269825      
   18.5224820561144914055874631777158834      
   18.0159489869509122541203408945360386      
   17.5328883499650011944136055906926979      
   17.0720118000479988218840203770287781      
   16.6321010687271554282619095951479497      
   16.2120061780718750423860559473397479      
   15.8106430635435344331281132857601642      
   15.4269908522157919471049838461113777      
   15.0600888669405422043939757584274205      
   14.7090337642420405140839177100201262      
   14.3729763701062885338826465612798821      
   14.0511186672310219550300779939650723      
   13.7427108375023990589968467565744267      
   13.4470483461029317138605243204815854      
   13.1634691923836388901230274549166924      
   12.8913512772205528340780342270103533      
   12.6301098612200838352674326441203231      
   12.3791951871900362115813166994750655      
   12.1380902326056356655730645812083893      
   11.9063086161569411080705628038924948      
   11.6833925872403639550040993056029890      
   11.4689111743659051370179587907544529      
   11.2624584473985440266007316813211277      
   11.0636519017530566599841023712543396      
   10.8721309285121398158366548724407623      
   10.6875554047492913023482585879856151      
   10.5096043727338733834800702711222923      
   10.3379748076989810591464050994252469      
   10.1723804741935636905403496257501851      
   10.0125508716150727499780122739388430      
   9.85823022364655336083402867461700699      
   9.70917655755273482304321789875279701      
   9.56516084419780908009318719336032508      
   9.42596619814089503090382921553690824      
   9.29138711806526007831133089239764370      
   9.16122880912584206802827112785963872      
   9.03530651604882448864704913765981251      
   8.91344492382151276166115410840338992      
   8.79547759422665429553347457568707210      
   8.68124643718356522219979767045893800      
   8.57060121399200811232715850315784419      
   8.46339909173319908587840675738189212      
   8.35950419818910264217977150196137095      
   8.25878724391575097069977396077988476      
   8.16112509453744492756585136981871548      
   8.06640049815817577658022362700576914      
   7.97450169825869852918360069107741237      
   7.88532215155282926833189790959369952      
   7.79876023250279392687666602121747729      
   7.71471896458304542711042700210950805      
   7.63310577306690377229295187677331157      
   7.55383224154858468094108241279018534      
   7.47681389412222396409796647208344653      
   7.40196998614538016116627305755904672      
   7.32922330794060585834307801224468412      
   7.25850000067164037259431177441552562      
   7.18972938274824761626045067858275852      
   7.12284378953890964577960271155112397      
   7.05777841838632657594003439567192103      
   6.99447118421885652367643497509303101      
   6.93286258481317054066324167802238542      
   6.87289557293906342857529054168296250      
   6.81451543540960439851768124259477432      
   6.75766967967057397034733886155432312      
   6.70230792629826108521293131093490588      
   6.64838180776034710814042734139524995      
   6.59584487342896506995042730826890642      
   6.54465249782136067702182276254169446      
   6.49476179676029537390866428236437866      
   6.44613154561271322871100658550879231      
   6.39872210311049042205247865750718334      
   6.35249533975222881852459742200348652      
   6.30741456812298883241314546535730935      
   6.26344447876965362714319205839075533      
   6.22055107870004255941450894326853837      
