 0.13628526479685E+03
 0.13628526479685E+03
 0.13628526479700E+03
 0.13628526479836E+03
 0.13628526480478E+03
 0.13628526482493E+03
 0.13628526487383E+03
 0.13628526497463E+03
 0.13628526516627E+03
 0.13628526552868E+03
 0.13628526623801E+03
 0.13628526765602E+03
 0.13628527044388E+03
 0.13628527568056E+03
 0.13628528496426E+03
 0.13628530048072E+03
 0.13628532503090E+03
 0.13628536201870E+03
 0.13628541540529E+03
 0.13628548964008E+03
 0.13628558957972E+03
 0.13628572040672E+03
 0.13628588755868E+03
 0.13628609667798E+03
 0.13628635359001E+03
 0.13628666431563E+03
 0.13628703512113E+03
 0.13628747260533E+03
 0.13628798382094E+03
 0.13628857642458E+03
 0.13628925884745E+03
 0.13629004047798E+03
 0.13629093184679E+03
 0.13629194480525E+03
 0.13629309268946E+03
 0.13629439046337E+03
 0.13629585483638E+03
 0.13629750435260E+03
 0.13629935947071E+03
 0.13630144252177E+03
 0.13630377781686E+03
 0.13630639156405E+03
 0.13630931184509E+03
 0.13631256856132E+03
 0.13631619336858E+03
 0.13632021960530E+03
 0.13632468221776E+03
 0.13632961768638E+03
 0.13633506395622E+03
 0.13634106037430E+03
 0.13634764763586E+03
 0.13635486774143E+03
 0.13636276396530E+03
 0.13637138083648E+03
 0.13638076413219E+03
 0.13639096088341E+03
 0.13640201939250E+03
 0.13641398926169E+03
 0.13642692143242E+03
 0.13644086823230E+03
 0.13645588343265E+03
 0.13647202231066E+03
 0.13648934171900E+03
 0.13650790015921E+03
 0.13652775785802E+03
 0.13654897684999E+03
 0.13657162105690E+03
 0.13659575637361E+03
 0.13662145075078E+03
 0.13664877427760E+03
 0.13667779926938E+03
 0.13670860034638E+03
 0.13674125452296E+03
 0.13677584127609E+03
 0.13681244264653E+03
 0.13685114330227E+03
 0.13689203063527E+03
 0.13693519483465E+03
 0.13698072897225E+03
 0.13702872908248E+03
 0.13707929424534E+03
 0.13713252668006E+03
 0.13718853184861E+03
 0.13724741853622E+03
 0.13730929895513E+03
 0.13737428884972E+03
 0.13744250761382E+03
 0.13751407838697E+03
 0.13758912818897E+03
 0.13766778810288E+03
 0.13775019337303E+03
 0.13783648356861E+03
 0.13792680279137E+03
 0.13802129967022E+03
 0.13812012781062E+03
 0.13822344590101E+03
 0.13833141787664E+03
 0.13844421326001E+03
 0.13856200733759E+03
 0.13868498150292E+03
 0.13881332336013E+03
 0.13894722733638E+03
 0.13908689490804E+03
 0.13923253492840E+03
 0.13938436393536E+03
 0.13954260666631E+03
 0.13970749672270E+03
 0.13987927675442E+03
 0.14005819881553E+03
 0.14024452559406E+03
 0.14043853046436E+03
 0.14064049807659E+03
 0.14085072537054E+03
 0.14106952227549E+03
 0.14129721205617E+03
 0.14153413306262E+03
 0.14178063835736E+03
 0.14203709815604E+03
 0.14230389946468E+03
 0.14258144846277E+03
 0.14287017063241E+03
 0.14317051317366E+03
 0.14348294523644E+03
 0.14380796029421E+03
 0.14414607752533E+03
 0.14449784355587E+03
 0.14486383437401E+03
 0.14524465778553E+03
 0.14564095472806E+03
 0.14605340270870E+03
 0.14648271806443E+03
 0.14692965839639E+03
 0.14739502674290E+03
 0.14787967384720E+03
 0.14838450260038E+03
 0.14891047152887E+03
 0.14945859971292E+03
 0.15002997124110E+03
 0.15062574069467E+03
 0.15124713844111E+03
 0.15189547786685E+03
 0.15257216104804E+03
 0.15327868700569E+03
 0.15401666058145E+03
 0.15478779968606E+03
 0.15559394744505E+03
 0.15643708201722E+03
 0.15731932920434E+03
 0.15824297536836E+03
 0.15921048227255E+03
 0.16022450335514E+03
 0.16128790121439E+03
 0.16240376734232E+03
 0.16357544316331E+03
 0.16480654292195E+03
 0.16610097959772E+03
 0.16746299214834E+03
 0.16889717490441E+03
 0.17040850911883E+03
 0.17200239675514E+03
 0.17368469557617E+03
 0.17546175416890E+03
 0.17734045022220E+03
 0.17932821929933E+03
 0.18143310005881E+03
 0.18366374419473E+03
 0.18602944342343E+03
 0.18854013324336E+03
 0.19120637541368E+03
 0.19403932374720E+03
 0.19705064868248E+03
 0.20025242547568E+03
 0.20365696828134E+03
 0.20727660038926E+03
 0.21112335869803E+03
 0.21520862244858E+03
 0.21954265148197E+03
 0.22413408294509E+03
 0.22898935326859E+03
 0.23411213378193E+03
 0.23950280585533E+03
 0.24515802928366E+03
 0.25107051675963E+03
 0.25722900423308E+03
 0.26361850629746E+03
 0.27022080838638E+03
 0.27701516767620E+03
 0.28397913762346E+03
 0.29108943859944E+03
 0.29832277577246E+03
 0.30565654610085E+03
 0.31306939226873E+03
 0.32054158264942E+03
 0.32805524113377E+03
 0.33559442472141E+03
 0.34314510458429E+03
 0.35069506383016E+03
 0.35823374738300E+03
 0.36575208933518E+03
 0.37324232839584E+03
 0.38069783224460E+03
 0.38811293453399E+03
 0.39548278543208E+03
 0.40280322842454E+03
 0.41007068540362E+03
 0.41728206856747E+03
 0.42443470212803E+03
 0.43152626001986E+03
 0.43855471305300E+03
 0.44551828667903E+03
 0.45241542652794E+03
 0.45924476991053E+03
 0.46600512204875E+03
 0.47269543733198E+03
 0.47931480246210E+03
 0.48586242321690E+03
 0.49233761364939E+03
 0.49873978528424E+03
 0.50506843905964E+03
 0.51132315953503E+03
 0.51750360537875E+03
 0.52360950585314E+03
 0.52964065567130E+03
 0.53559690956697E+03
 0.54147817860755E+03
 0.54728442695397E+03
 0.55301566733187E+03
 0.55867195912255E+03
 0.56425340428764E+03
 0.56976014626135E+03
 0.57519236592683E+03
 0.58055027966397E+03
 0.58583413932743E+03
 0.59104422643983E+03
 0.59618085428788E+03
 0.60124436458788E+03
 0.60623512365881E+03
 0.61115352524160E+03
 0.61599998571871E+03
 0.62077494481634E+03
 0.62547886256286E+03
 0.63011221961083E+03
 0.63467551488766E+03
 0.63916926532647E+03
 0.64359400485128E+03
 0.64795028285660E+03
 0.65223866321738E+03
 0.65645972383679E+03
 0.66061405573158E+03
 0.66470226153520E+03
 0.66872495568951E+03
 0.67268276251201E+03
 0.67657631663504E+03
 0.68040626087076E+03
 0.68417324678350E+03
 0.68787793334394E+03
 0.69152098643091E+03
 0.69510307754792E+03
 0.69862488506854E+03
 0.70208709092705E+03
 0.70549038216100E+03
 0.70883544929815E+03
 0.71212298636132E+03
 0.71535368972825E+03
 0.71852825830858E+03
 0.72164739239091E+03
 0.72471179366619E+03
 0.72772216444886E+03
 0.73067920734871E+03
 0.73358362486452E+03
 0.73643611881655E+03
 0.73923739019909E+03
 0.74198813852157E+03
 0.74468906155188E+03
 0.74734085517892E+03
 0.74994421261052E+03
 0.75249982452483E+03
 0.75500837842949E+03
 0.75747055852098E+03
 0.75988704538273E+03
 0.76225851569340E+03
 0.76458564198800E+03
 0.76686909244420E+03
 0.76910953057695E+03
 0.77130761516116E+03
 0.77346399983006E+03
 0.77557933315865E+03
 0.77765425815076E+03
 0.77968941240923E+03
 0.78168542775796E+03
 0.78364293012044E+03
 0.78556253953711E+03
 0.78744486984020E+03
 0.78929052869449E+03
 0.79110011739902E+03
 0.79287423085983E+03
 0.79461345745120E+03
 0.79631837894288E+03
 0.79798957050514E+03
 0.79962760053370E+03
