   305.833180578490118847143771537581802      
   305.833180575208522449485551403157112      
   305.833180532679864089517132468031065      
   305.833180317601823404850585388409739      
   305.833179632578655134427195591839376      
   305.833177969418442227779519392560363      
   305.833174579803515329284077954729970      
   305.833168436153001160938959205670695      
   305.833158097978758498681342153235503      
   305.833141312165117640655650509475105      
   305.833114153098470677099125584115641      
   305.833069624316694758474231401930206      
   305.832995839662967373402363580246149      
   305.832874054758204077584846436788721      
   305.832676856968739390045063009290720      
   305.832366754836907902404598511591538      
   305.831895290074615899733457008095181      
   305.831202679069843334086946257836995      
   305.830217906821119655739800540383881      
   305.828859152596849879917237121939527      
   305.827034417801614165875428119838030      
   305.824642241314909836999014661531748      
   305.821572414719528390049658592999843      
   305.817706640654875290192537172829416      
   305.812919106397944031474925615015151      
   305.807076968669474708915809978714440      
   305.800040763408355112142888687845264      
   305.791664765760055548055572240443396      
   305.781797331385730883394409835844601      
   305.770281251229330472248232854886458      
   305.756954149161045702808496592232168      
   305.741648946467963935837015876261621      
   305.724194410024874571235793419245107      
   305.704415793078335582749641944398768      
   305.682135569738426508223031560039336      
   305.657174246597261329824897540462496      
   305.629351298544122084441234877113273      
   305.598486071983943683714222750827133      
   305.564398812378975468951402235914944      
   305.526911668150550264876752105086434      
   305.485849696923094681001174352636114      
   305.441041844931557472457896305099103      
   305.392321879920197631969728595097541      
   305.339529259861361659527449321515215      
   305.282509922932864100103015584624120      
   305.221116986719716872865027245331220      
   305.155211348179156173015514285487233      
   305.084662178226039927298969926388911      
   305.009347308194634830114140950592449      
   304.929153507265961968033603398774959      
   304.843976652915905938733924334346113      
   304.753721797380639509042022261072220      
   304.658303135614117339804376415132011      
   304.557643880650289295315926475093047      
   304.451676053424073415554015211256666      
   304.340340195242646050843143628326725      
   304.223585010388850150711038808452703      
   304.101366947794097873564021234800109      
   303.973649729050395086524937962147320      
   303.840403832947960610956317085549346      
   303.701605940539401501827283853319879      
   303.557238353007761347373260081610392      
   303.407288384508867561600678540308113      
   303.251747740621100659553985280052374      
   303.090611886472012680690573720796386      
   302.923879406472094842743279236992785      
   302.751551368958316400666222529967617      
   302.573630688997889548831298757810238      
   302.390121503578952353530692427152397      
   302.201028554068142558011406271557310      
   302.006356586885789774616745445526598      
   301.806109760186078581907978337047317      
   301.600291074015773505251593115956072      
   301.388901822912395478443991814657732      
   301.171941052485030404702691112611495      
   300.949405053925037959392054073556880      
   300.721286857075248450864370160366254      
   300.487575758074292188510021574094131      
   300.248256863073022168489733062755103      
   300.003310650139802966676758351851417      
   299.752712547120568956838596836442658      
   299.496432518894315583571946851465791      
   299.234434658490209755536570595646805      
   298.966676829808374639006287080225941      
   298.693110285237455017321490224139792      
   298.413679316103833456223394792434553      
   298.128320890326688083465088861164223      
   297.836964307183040052643991046351561      
   297.539530951640069584168846650557497      
   297.235933736647558288514440486233419      
   296.926076946501398393147903014804999      
   296.609855846330570648629101287735712      
   296.287156358492627214497437492622130      
   295.957854704831932663964225502494621      
   295.621817027784080129340874058465608      
   295.278899041263722579136496667784595      
   294.928945614331990882110222031934141      
   294.571790443641226081385827113592281      
   294.207255581301456067809378640430218      
   293.835151141041153155976271862086908      
   293.455274732480896620807264557902546      
   293.067410879149163384185347791114931      
   292.671330678556654047101518517296700      
   292.266791306487045272347366476395852      
   291.853535529172165248021139037289636      
   291.431290657303751738469037860639947      
   290.999768287398314770392082048895173      
   290.558663941869103321786569519971762      
   290.107655562915941283617125435884195      
   289.646403105827727397678835234490254      
   289.174548252030209958057735603372049      
   288.691712608751424719725453191848479      
   288.197497383331918615506554951480994      
   287.691482339392161062398786499467771      
   287.173224329751231334089739561299736      
   286.642256795098359930619157355085475      
   286.098087621585022893873519353172393      
   285.540199196538457755057842756765223      
   284.968045595493910964675297022706764      
   284.381051558298605491435281349697407      
   283.778611364624135537752380433641501      
   283.160086518003483631940291388882039      
   282.524804020703698120244675954812385      
   281.872054472786736444794826382128104      
   281.201089450043592251384387743613097      
   280.511120186421807101253016203033993      
   279.801314055131574017156565673207487      
   279.070792205983986062884451483492641      
   278.318627052994361319367457984327720      
   277.543838411612346102495588551193042      
   276.745391080894936890865627582366043      
   275.922190209681572411651162588260245      
   275.073078264753136042863790562907763      
   274.196830297107075735543319903543606      
   273.292149892863802049167108497977233      
   272.357664117465704129758705544671922      
   271.391917560552915004359081741195633      
   270.393367754795710813504851385114252      
   269.360379650035660148906492001359548      
   268.291217491420112783341818484287114      
   267.184038272103449774166312481261777      
   266.036885915645460424074546551124818      
   264.847681536535878248823403156431715      
   263.614216142319589923483016890865532      
   262.334141911237696682359428398107447      
   261.004962286368788272836601426736787      
   259.624023087682956935055321475948420      
   258.188502617240045920706048865524336      
   256.695401880349499328319821727565897      
   255.141534778100871902457076823501075      
   253.523518761577331592366291594206459      
   251.837767093757686767751128537375627      
   250.080481352619984030046112717633569      
   248.247647008429980480187425220510902      
   246.335033454737884398243673400647948      
   244.338196429471552940140240969420233      
   242.252486843493861137813030851102590      
   240.073067564693805992039546320856091      
   237.794953821137986987508499267207830      
   235.413039721939896184131463509935788      
   232.922172320490053099321964685913154      
   230.317230045154386438283519380051537      
   227.593235284080940380507689660384852      
   224.745493720529910938191589647312456      
   221.769769166345977056593021205071954      
   218.662497743345795968358758037157611      
   215.421036079370488136664448390342547      
   212.043947030609104159801573361958989      
   208.531313778791925848969203955326310      
   204.885070312857005959440782606860872      
   201.109336937146699476583950210113302      
   197.210717566232412962974591732773658      
   193.198564906630132196432450505060826      
   189.085100985330484268569032834817720      
   184.885440379166826810472190566574151      
   180.617389134343223781810782162531366      
   176.301052318426730405321739721042759      
   171.958216188540912774699874451966071      
   167.611568317245151517350183046261409      
   163.283807389361113851837333353715322      
   158.996743824022638504276937699261778      
   154.770490666857962095449756876691810      
   150.622824875597839366377878994016718      
   146.568764576036674416466086139421887      
   142.620380163204553638504075466865328      
   138.786814588228559938694072446095532      
   135.074465386458006522838554863733516      
   131.487282803369507634779783315801256      
   128.027125794067501237810908754169173      
   124.694134491729433774856987932961894      
   121.487089687082678505189079497214238      
   118.403735541645700779282556914921949      
   115.441055482444417418153679027962279      
   112.595504026788651118775552653669140      
   109.863188653962112954198713062268012      
   107.240013140359976595570883707645779      
   104.721784692584314062988696718065839      
   102.304293346421037476792343819808614      
   99.9833679388066404315234679749765803      
   97.7549165916000638049116327960757124      
   95.6149523887439500754723462521335334      
   93.5596104115029123175131813209412581      
   91.5851581231607258319907747668016237      
   89.6880004592735806597725524076555108      
   87.8646820000310014271152580081074006      
   86.1118868743008158026196546407820693      
   84.4264368586006096873274981691592673      
   82.8052890304629791886950595784840984      
   81.2455322693827531552407013444787085      
   79.7443837611533632324325280789671195      
   78.2991851513992233512163878539980461      
   76.9073985120618947404323838247552779      
   75.5666022858347429089052322559709925      
   74.2744872038175738041257139050723861      
   73.0288522438385313280877225287877856      
   71.8276002153736675106640973670843357      
   70.6687342048133092958738628001872206      
   69.5503530703016856219898301038799529      
   68.4706478230156589597595956450531018      
   67.4278972017186936355004922884296292      
   66.4204645624597506330552267271893966      
   65.4467932802550156754624339903967250      
   64.5054033681456730842496658614643968      
   63.5948885534574602593303828353565325      
   62.7139116155485514742838796286007672      
   61.8612017442312459622911489689846303      
   61.0355511995463230585788954558287054      
   60.2358120305522516986152337599216368      
   59.4608932064255348268928087462016584      
   58.7097574765693826812620813681926322      
   57.9814189974087510107674478725024766      
   57.2749401692463421685715932491596809      
   56.5894295508361638282004688022120658      
   55.9240391205792543917845033584117026      
   55.2779622219797623210989256748360550      
   54.6504313823169611668077189976332695      
   54.0407159747758039596391462490597169      
   53.4481204903088855461028756192766521      
   52.8719826085431552989641518820352609      
   52.3116714975833160850917705177043302      
   51.7665859991697618655181832507919032      
   51.2361531278203572104466872074540030      
   50.7198266720766727394190818201874708      
   50.2170855934568175457640962699421588      
   49.7274328542414788091767533083999464      
   49.2503940804766950573227344596013416      
   48.7855163547212625551496577041300432      
   48.3323672004623077469556676839797556      
   47.8905333923268157093806893313622303      
   47.4596200338370096488089660775423957      
   47.0392495867122413935576212706706672      
   46.6290609943087518940452461634729855      
   46.2287088244965377755809301345106625      
   45.8378624997804377583590988388343936      
   45.4562055421190748692366334273895370      
   45.0834347747736836156216972546671659      
   44.7192598260382062006557578171344447      
   44.3634023810546213210321456216540814      
   44.0155956112733184456953379908722431      
   43.6755836072621338335356088814115941      
   43.3431208537008844890518182274800790      
   43.0179717395095627712659581007473187      
   42.6999100324587545108729189612851941      
   42.3887185140386734520175241078432040      
   42.0841884585080422845733478620823402      
   41.7861193205476917201308954188105658      
   41.4943182751898261477020936959732196      
   41.2085999221265972197102530002513436      
   40.9287858966385967600698315557446049      
   40.6547045773872435651317633783176525      
   40.3861907719457032412712356681933710      
   40.1230854103123857993790454394112640      
   39.8652352962579608199974662805383100      
   39.6124928272200848632722232346766147      
   39.3647157526705583932984743347367529      
   39.1217669441584786356068333096877158      
   38.8835141562987679857127949659873598      
   38.6498298379653878690264751138113659      
   38.4205909129128089681060888572207191      
   38.1956786004030788178553844272410777      
   37.9749782147031876322842208709075305      
   37.7583790237701874911097172675826854      
   37.5457740488338944954835952744174862      
   37.3370599415383808833076496231443949      
   37.1321368077599498311051381157715593      
   36.9309080822458362477453537589867310      
   36.7332803901386788813531042186251179      
   36.5391634147886270157814703429707753      
   36.3484697798453949830879769225148999      
   36.1611149287570839672321083647839227      
   35.9770170168564761730627738373156179      
   35.7960968009482493748756164477425315      
   35.6182775443903094485659241013118069      
   35.4434849108525149754930644091739620      
   35.2716468830520557294324668175097942      
   35.1026936670212125084342048060920365      
   34.9365576087593954462410177513085098      
   34.7731731157294056475624874775735152      
   34.6124765809319237774534676319139451      
   34.4544063048896200286411227152979005      
