   6.91360382032448847522976250442333937      
   6.91360382032448897452856100055816334      
   6.91360382032452743201328781372420908      
   6.91360382032516444341181800519019964      
   6.91360382032990751712095170087926971      
   6.91360382035170981779289183510024830      
   6.91360382042467998402730536809390452      
   6.91360382061958405575438991762626826      
   6.91360382105548862151322579982508032      
   6.91360382188595357241975787255033905      
   6.91360382321898980233815351393652479      
   6.91360382491702757163110495037856821      
   6.91360382622650346134285822681366245      
   6.91360382520635178997097053081996411      
   6.91360381795271752308940962180682666      
   6.91360379764466427502895405811913520      
   6.91360375345691122400657735367733872      
   6.91360366939923817984050456227812919      
   6.91360352314906521533721254555831547      
   6.91360328494558971652434987251978050      
   6.91360291661224910677359627596763635      
   6.91360237076968686255304586735808094      
   6.91360159029346295950157223237323113      
   6.91360050805956635936511219467874323      
   6.91359904700539891015211918183832911      
   6.91359712051616302382429319581070140      
   6.91359463312646935377636366967603651      
   6.91359148150790420866640689775967739      
   6.91358755569616636653234389281177877      
   6.91358274049756628896404369363717984      
   6.91357691700723300009411292708824092      
   6.91356996416813048258891655735044543      
   6.91356176030251065229452202402525362      
   6.91355218455413917431560358663248308      
   6.91354111818963301274206963326438200      
   6.91352844571915309298942523660976547      
   6.91351405580955224335520384776201411      
   6.91349784197543947671769246023286085      
   6.91347970304538621894229411724286806      
   6.91345954340991350173749998303076587      
   6.91343727306631144455435560675415292      
   6.91341280748087355438533154247605896      
   6.91338606729338599394596387053421916      
   6.91335697789059381291562219023236857      
   6.91332546887615281014031078222283822      
   6.91329147346389844834797064864196320      
   6.91325492781959256496841613761880957      
   6.91321577037394120205745452156393655      
   6.91317394110934687432288938722189646      
   6.91312938093795910020883059884355457      
   6.91308203094640541490646642787616527      
   6.91303183182101522373869213459022558      
   6.91297872324502915555330025456960872      
   6.91292264335601311232782352970046474      
   6.91286352825372865519526355117941272      
   6.91280131155949442244373637167634331      
   6.91273592402648586654905390624162456      
   6.91266729319928774299753827966141950      
   6.91259534311927382076040689027342698      
   6.91251999407246881283098761531301384      
   6.91244116237458115497151955922884194      
   6.91235876018903981457130571810953287      
   6.91227269537234010913622600455770817      
   6.91218287134154058497760758511240409      
   6.91208918695916188238758419834352471      
   6.91199153642879941190368174866594759      
   6.91188980919915148547463812240375091      
   6.91178388986878893524618515062970546      
   6.91167365809007253768966733799082530      
   6.91155898846723780681241576475998321      
   6.91143975044332882887120624451878682      
   6.91131580817650972084700322034485871      
   6.91118702039968967905654173275194975      
   6.91105324026123600510117082438256018      
   6.91091431514767109972788860288105212      
   6.91077008648208398435680907545713515      
   6.91062038949720861258490376941837129      
   6.91046505298755951486355500571342364      
   6.91030389903192580186753310433899151      
   6.91013674269083228182576401115072792      
   6.90996339168000379369956929694190215      
   6.90978364600479304516134467571490135      
   6.90959729757193771593251176596839730      
   6.90940412976531535162015757214593402      
   6.90920391701439721298009616008290369      
   6.90899642430043459623571626807833119      
   6.90878140665989563602751208764469615      
   6.90855860863700348733348196197982978      
   6.90832776373351700666948442127177122      
   6.90808859378940966245362926629949711      
   6.90784080833979511690372885934723996      
   6.90758410397006592304472126999457073      
   6.90731816361571324454946020501620440      
   6.90704265583399958827072761676126231      
   6.90675723406313259808494746337953448      
   6.90646153580033837941267353825736780      
   6.90615518172024352137737712741798860      
   6.90583777486632443917644597657712087      
   6.90550889973377380820336847040523170      
   6.90516812130940707955017424535716135      
   6.90481498407446162626595324436992586      
   6.90444901100196411229495167766506797      
   6.90406970248602974579361423115881778      
   6.90367653511231758150768585943297390      
   6.90326896053598612566255715786240900      
   6.90284640434639562190551099676608385      
   6.90240826470897706019277250791878919      
   6.90195391114325444903036885148318995      
   6.90148268273791316418042702355297196      
   6.90099388720532113993595766598619073      
   6.90048679921789023555857542008182335      
   6.89996065836494783094419353229182534      
   6.89941466796677976896014982248525031      
   6.89884799355393692312086121004749829      
   6.89825976011156026752910006808217421      
   6.89764905088859225127860242276491422      
   6.89701490561166154377839545201215944      
   6.89635631757117802575440539688423644      
   6.89567223159980368318835018612882393      
   6.89496154266395482786868432120280379      
   6.89422309197721609268005739809945037      
   6.89345566574690012574858965228803189      
   6.89265799157852907578098274887283182      
   6.89182873608512280794317118313441523      
   6.89096650178493597563894197683018074      
   6.89006982402331737349470805440597644      
   6.88913716751488923329775411206832682      
   6.88816692338085983909491508987579625      
   6.88715740452877911446863632795953626      
   6.88610684313276610250382535806323853      
   6.88501338501367629971574063607984537      
   6.88387508696599840681124717133399740      
   6.88268991114100378084577750615249621      
   6.88145572066113506971928662954862679      
   6.88017027474526525258353927265153880      
   6.87883122330913508752344678675970879      
   6.87743610141207891449869465607835872      
   6.87598232299554903619811925667007587      
   6.87446717554017437008295287637543014      
   6.87288781244287175424789350299046809      
   6.87124124732500077588237880187078106      
   6.86952434609050289785014293891459656      
   6.86773381808319508981073947618236540      
   6.86586621014492374104731133044166212      
   6.86391789599528996862783873247517247      
   6.86188506821827441080327454620229661      
   6.85976372848535651422679066076146611      
   6.85754967663220740955170269295653972      
   6.85523850059615593117365794753379982      
   6.85282556488573471060286893599367313      
   6.85030599805243516116925847166154937      
   6.84767468055443201856903235935345837      
   6.84492623051878944210805869996210937      
   6.84205499055457064265615825265629081      
   6.83905501124718520618454665497650286      
   6.83592003686040116710788322115278584      
   6.83264348762965324979639722401403266      
   6.82921844174867079743981797283612859      
   6.82563761792995395209216157135137648      
   6.82189335571017827758056228374172093      
   6.81797759426029421596289577036189743      
   6.81388185122939622839415920354268516      
   6.80959720207102126525658239842696108      
   6.80511425475131249905120668905438965      
   6.80042312653770415612173634918123197      
   6.79551342033981810948885304800923608      
   6.79037419787422074462901788453308898      
   6.78499395542741841246813478559437341      
   6.77936059752911300909813055640199556      
   6.77346141155326442971558679857294000      
   6.76728304306953059487548241158562394      
   6.76081147041705092579549584538193709      
   6.75403198483313791091536391946221844      
   6.74692916927761557709785689620189572      
   6.73948688204349260170270834452360982      
   6.73168824494939034175284858420670073      
   6.72351563680505268841501588380446435      
   6.71495069379310203702536312673992173      
   6.70597431650600537892092564526422346      
   6.69656669292669412018000696096216595      
   6.68670732004272891803001936747086138      
   6.67637505345012605044359568924835177      
   6.66554815885520929619568970657506270      
   6.65420438282693412181892330047530638      
   6.64232103488786309783486566375969528      
   6.62987508457771280443084899189099850      
   6.61684326613481509025211384282019375      
   6.60320218844988180518201940135254254      
   6.58892844675785396877879644059546719      
   6.57399872526680071405030662059429501      
   6.55838988775432901560569588183007731      
   6.54207904357048142744421536177793541      
   6.52504358438625344078270916311630810      
   6.50726119320565073956482956448069650      
   6.48870981477618308311586555285544358      
   6.46936760277140456200226026224912465      
   6.44921284383957381375178275444506993      
   6.42822388689419570440462364742742557      
   6.40637906661429207239482367179693819      
   6.38365665755197252423810959648781901      
   6.36003485312753719556263167366710732      
   6.33549177893975981915871064094547719      
   6.31000553599583530635019220191483173      
   6.28355426799031433612054197305535852      
   6.25611624363126932316063047742830469      
   6.22766994468276686588074098109475986      
   6.19819414939496169184905505628740006      
   6.16766800853304703994524817572914366      
   6.13607110481469500014506148340459052      
   6.10338349780160450194695326447761292      
   6.06958575173326949402093043718200543      
   6.03465894876766732960318010400665387      
   5.99858468879095980010081207928976552      
   5.96134507800850276663171703186834309      
   5.92292270924218776868255664833686228      
   5.88330063613299379919983376384193011      
   5.84246234256437251137344192051965615      
   5.80039171005528156193584703980354075      
   5.75707298351899060721228398774408359      
   5.71249073709749708366931740078463726      
   5.66662984067533641166800262070771825      
   5.61947542758601685329713126507835966      
   5.57101286392235462418811510939836092      
   5.52122771977699269838137885958529689      
   5.47010574252040715193554484459382452      
   5.41763283199193623408810364785508486      
   5.36379501780497300700304251284238605      
   5.30857843845286930994111934199967999      
   5.25196932243824679795112945440915264      
   5.19395397102469273663265426302385896      
   5.13451874261793170958977034634817457      
   5.07365003850448870537076404790200488      
   5.01133429030241118565828181094012816      
   4.94755794828552452150218967653984867      
   4.88230747102151088273508550770526732      
   4.81556931597649018039359146107168797      
   4.74732993112224138527319179005173523      
   4.67757574731890310111909503046416397      
   4.60629317146448046709299224405245162      
   4.53346858031676593525766040441978821      
   4.45908831500223629417534625542348755      
   4.38313867598027999514294724472509497      
   4.30560591857407312589351818537904848      
   4.22647624889628173601131790139071713      
   4.14573582024710648634872841075443331      
   4.06337072981679610068005242216056622      
   3.97936701573908340051669437046751626      
   3.89371065442592221420895411733425618      
   3.80638755819250945973916685936010192      
   3.71738357309947053181016745770514535      
   3.62668447702028501722119367278946381      
   3.53427597789560370126069498951161952      
   3.44014371217334110647770333694633077      
   3.34427324340543289687478164991979146      
   3.24665006098093414451788477449578367      
   3.14725957899849568572162509616720090      
   3.04608713525241974104488769616891302      
   2.94311799031968337412534256429183279      
   2.83833732675734770571898411758440306      
   2.73173024837239205965931108169274613      
   2.62328177958143962538371507598456197      
   2.51297686483551153809913818866358239      
   2.40080036811738688388774109211386909      
   2.28673707249535917496378071130945179      
   2.17077167972917355145771021847122641      
   2.05288880991549302403926098053621044      
   1.93307300120626231719362289249102997      
   1.81130870957527552560671020282744171      
   1.68758030853136922848796000980646009      
   1.56187208897907230305043549749037604      
   1.43416825905574476837190246882050126      
   1.30445294402272251016243920581157979      
   1.17271018610953656317551529755475708      
   1.03892394450824286998821296598717047      
  0.903078095260439716616841655255071406      
  0.765156431245365937894761920824447740      
  0.625142662182549750900625751268417904      
  0.483020414577754180632143688169986710      
  0.338773231805649520683891497071383477      
  0.192384574067969897126518438213957503      
   4.38378184820049702372596413048888337E-0002
 -0.106883740871916084115646016396717862      
 -0.259796892914553109754050979146242693      
 -0.414918509469201782150985967790283939      
 -0.572265545184063415873337252094984485      
 -0.731855037449440263493827351412305532      
 -0.893704106297885178585104273433934643      
  -1.05782995429052239847301141054813269      
  -1.22424986642687380322494722433938509      
  -1.39298121000400083411051617915153303      
  -1.56404143450835115696286080255633392      
  -1.73744807148936854212852810721063212      
  -1.91321873442287625586978055550013635      
  -2.09137111856792191901409069327475325      
  -2.27192300085557700347815164736245090      
  -2.45489223971853371483114338108722540      
  -2.64029677494756755235518288680566330      
  -2.82815462755601510125646420272273301      
  -3.01848389962915638554649001537478948      
  -3.21130277415133333579552868174171651      
