   6.91360382032448847522976250442333937      
   6.91360382032448897452856100055816334      
   6.91360382032452743201328781372420908      
   6.91360382032516444341181800519020195      
   6.91360382032990751712095170087933288      
   6.91360382035170981779289183518755225      
   6.91360382042467998402730538438616097      
   6.91360382061958405575439078521059996      
   6.91360382105548862151324572523469590      
   6.91360382188595357242001099002791541      
   6.91360382321898980234023842335084182      
   6.91360382491702757164349131536255878      
   6.91360382622650346140002077625216836      
   6.91360382520635179018715074320651499      
   6.91360381795271752378671317978552549      
   6.91360379764466427502151636157490920      
   6.91360375345691122412690054318472182      
   6.91360366939923818137350467450866938      
   6.91360352314906522709468375163231063      
   6.91360328494558978686644218822340500      
   6.91360291661224932248464217668124014      
   6.91360237076968777768521783418963429      
   6.91360159029346640768159509674420266      
   6.91360050805957806825526795416484102      
   6.91359904700543518270392802062871850      
   6.91359712051626660493577187665226728      
   6.91359463312674443724107011012322003      
   6.91359148150858879457258996506263450      
   6.91358755569777338166155196991280977      
   6.91358274050114490589010971910076804      
   6.91357691701483056708943538752697998      
   6.91356996418357569624128768953283720      
   6.91356176033269239658868018582939860      
   6.91355218461102508508130175809910538      
   6.91354111829335936000050627867550067      
   6.91352844590262483458640881317195618      
   6.91351405612512058056494301474959146      
   6.91349784250437500949903622371729591      
   6.91347970391103978677995108268428327      
   6.91345954479565431329891860383042299      
   6.91343727523955286567423577291906768      
   6.91341281082474211232474602246597335      
   6.91338607234785484883136026934872278      
   6.91335698540519243293090066985819206      
   6.91332547987667060766751002748620707      
   6.91329148933582976949381271294036348      
   6.91325495041140770410029111975487801      
   6.91321580212362574883075972083238312      
   6.91317398521570502928975800107028674      
   6.91312944149808091190428678938938761      
   6.91308211321948433034361256922377930      
   6.91303194247640789937577784630543977      
   6.91297887066942685490170125038645763      
   6.91292283801203731551148625245080355      
   6.91286378309578657440016186537973619      
   6.91280164251298840231000315866313293      
   6.91273635053672283370355054125713884      
   6.91266783885657749877094286736758133      
   6.91259603636689968301172862447600907      
   6.91252086899123023187052764950407000      
   6.91244225961171274622897328899331757      
   6.91236012792297351904351070920141132      
   6.91227439042930528399208772886710366      
   6.91218496041851417863252514414316215      
   6.91209174796932935729776152008944546      
   6.91199465997595163343699592919723659      
   6.91189360018641248691204523603918182      
   6.91178846924764413550743351662319365      
   6.91167916475458657435291165785858758      
   6.91156558129813059849572837222971275      
   6.91144761050678820565944768631954719      
   6.91132514108107903376116544467658737      
   6.91119805881498593582288893475058874      
   6.91106624660205370742793458051247183      
   6.91092958442498183213072641534556979      
   6.91078794932416263463743081091979528      
   6.91064121534315959085912326322383232      
   6.91048925345317565143623009859167705      
   6.91033193145037864135736419328532858      
   6.91016911382797170978866200215839793      
   6.91000066162356169182491610467745235      
   6.90982643223183184757814304890136098      
   6.90964627919167023754260218956170357      
   6.90946005194085194949797373296297365      
   6.90926759555080927252931107173463228      
   6.90906875041989925432440404117158936      
   6.90886335194546972090300545403863187      
   6.90865123015424112201393303559284516      
   6.90843220932244018386625308228409070      
   6.90820610754009933607909693059183083      
   6.90797273624564054767176678490190773      
   6.90773189975532818929072438088473044      
   6.90748339473961390074607882894414560      
   6.90722700967731346917054815523633400      
   6.90696252428373733169694893807931749      
   6.90668970890246886403493042717068673      
   6.90640832380485146739815069390869367      
   6.90611811856439671691075294857476932      
   6.90581883134216353406961430128250807      
   6.90551018813765559310251102065507790      
   6.90519190198870399219782256509486108      
   6.90486367218594746577954339005616274      
   6.90452518343742775969224064575686160      
   6.90417610489666534748515717005310180      
   6.90381608928494499823278919757365986      
   6.90344477193129934786137654976533239      
   6.90306176982499692138099947872805647      
   6.90266668043895777340693529048002108      
   6.90225908062816040855408462720351539      
   6.90183852557067589683421183660857061      
   6.90140454769433061546645707960107841      
   6.90095665511632322735067512219904284      
   6.90049433046181864374073745737866621      
   6.90001702969641621162525989341844470      
   6.89952418062820452774911244604833588      
   6.89901518104645332820605273529282940      
   6.89848939780294911247269979909520144      
   6.89794616475940459226399699562578740      
   6.89738478134539496072560081361271183      
   6.89680451053635713498843299545902932      
   6.89620457727939598583805695054056923      
   6.89558416630881597146707530723515993      
   6.89494242015191414727889489331225342      
   6.89427843739288729659966618235878568      
   6.89359126967728425006087615947780900      
   6.89287992032796573095329395599573364      
   6.89214334079354791097315922098472047      
   6.89138042915193180373554850895110924      
   6.89059002652059023952052182767605665      
   6.88977091488199608250890317533019481      
   6.88892181323474557610001505073639593      
   6.88804137546507439529885342342260372      
   6.88712818587880438492327494909767757      
   6.88618075680317816000314112754509132      
   6.88519752381653153467710804725280715      
   6.88417684241781362689842709561833066      
   6.88311698398654780685276089518044691      
   6.88201613083640765035342040856017339      
   6.88087237167838903908203693507861631      
   6.87968369709409635092568806036943231      
   6.87844799383786321260424105037405204      
   6.87716303987767792531837612930588471      
   6.87582649762117730360769926537099599      
   6.87443590858234775327519328162423032      
   6.87298868569940219331970276287197772      
   6.87148210738493325446944209442251102      
   6.86991330954845896440152792767069017      
   6.86827927714579073930486921583513553      
   6.86657683592053811476461490875546591      
   6.86480264412277571856836646200251200      
   6.86295318126077589762114339547089110      
   6.86102473886948405693343741661531936      
   6.85901340969855539157203981217506434      
   6.85691507454592712915638786829625760      
   6.85472539076104995095787459263254752      
   6.85243977824567999160963819551281277      
   6.85005340519660686486140189395439321      
   6.84756117229693930676963145048928057      
   6.84495769641987059974055642044090985      
   6.84223729272234321012643512109048650      
   6.83939395541358499388614425039648517      
   6.83642133787985249850342005766624735      
   6.83331272963239769853397311086063770      
   6.83006103429622458287709019375930086      
   6.82665874318299457502259531163807288      
   6.82309790900950807971579666154258335      
   6.81937011722442203812477286757100792      
   6.81546645501857432642603220344605059      
   6.81137747847901372489901785254496624      
   6.80709317760711453978820316805842815      
   6.80260293933390428879310441947819104      
   6.79789550824585743351100651127071411      
   6.79295894472726630848281308933459463      
   6.78778058214855885317266317522155963      
   6.78234698018337788228421699041202468      
   6.77664387989232999364627020828694076      
   6.77065615291469534747111272753179285      
   6.76436775397846602639783942537433951      
   6.75776167189215829755498201356116646      
   6.75081988244259213212786887977553193      
   6.74352330246615732291957882203058969      
   6.73585174976990207657617764651113923      
   6.72778390841830161714572400448021625      
   6.71929730337584506413923317341095109      
   6.71036828740848586448686047184634124      
   6.70097204086101657458633120205804207      
   6.69108259428512725300576344289833953      
   6.68067286978468555989225869291731533      
   6.66971475159702238201824773587735455      
   6.65817918341239047883325303173539190      
   6.64603630196073125362157468576195136      
   6.63325559497798998092071663302544100      
   6.61980609459487386041367506547668791      
   6.60565659291689937963250393638315263      
   6.59077587425129028177786638639442013      
   6.57513295269007012521811733071728889      
   6.55869729922182096286761704824295365      
   6.54143904800683491205704924500096032      
   6.52332916756007245484120580518714668      
   6.50433958145036483244519541623938801      
   6.48444324832949914107318725629250514      
   6.46361417770416522874432265015667399      
   6.44182741189690660035991549346368326      
   6.41905897321667729119277185429399859      
   6.39528579685123389425868885758349421      
   6.37048562938922126207362005634068942      
   6.34463697769799415506128895740452147      
   6.31771902825350270513077140083100675      
   6.28971159835653541350659263205028580      
   6.26059509558034217781971089555140266      
   6.23035049257763097906873565365720780      
   6.19895930703196631510311762410554433      
   6.16640358645288264534997573197022590      
   6.13266589208989022213145680211028098      
   6.09772928357157572245220725614798061      
   6.06157729700911422443797706942592349      
   6.02419392105694414675035481128636620      
   5.98556356920057346405707398569714127      
   5.94567104847862763212842668751227967      
   5.90450152679428579784482343057655057      
   5.86204049852279135795843130390889273      
   5.81827375006098394185369587325083554      
   5.77318732616164012351656162266428780      
   5.72676749674963256127628462808847474      
   5.67900072564987154480616509337385591      
   5.62987364140098064658905540570868606      
   5.57937300973415333044868277072763692      
   5.52748570838990246771930080763982361      
   5.47419870414598360378358858578616132      
   5.41949903193822557578699984227514600      
   5.36337377613665415205689914934079937      
   5.30581005358355687170731548227384005      
   5.24679499860521368905052132915874039      
   5.18631574950117124747081335243932804      
   5.12435943675159592300863314959891567      
   5.06091317239437134828689289205666952      
   4.99596404073897812826399373411151417      
   4.92949909021697436492415421512330342      
   4.86150532593736517168469861417674384      
   4.79196970369370207453856578319242001      
   4.72087912411491738378820131224263930      
   4.64822042781797148175626891352185383      
   4.57398039120156799753598331531619175      
   4.49814572264850104186549607705965378      
   4.42070305924787267256675540626904513      
   4.34163896392729803635197724677190748      
   4.26093992300094960202551929170542222      
   4.17859234397582148542743601979697167      
   4.09458255366331553049733619004016284      
   4.00889679654993486368105162247728890      
   3.92152123340918571016025055012635054      
   3.83244194007188823646504298188522682      
   3.74164490636874524602882545272781969      
   3.64911603527168638473940298355919266      
   3.55484114213267886513403117900529764      
   3.45880595403248863496210384797043837      
   3.36099610926684488853835931099675060      
   3.26139715689032402690567404816792233      
   3.15999455639884418140665356399394014      
   3.05677367741403673195662169562230100      
   2.95171979946065987842524342627845581      
   2.84481811183889799227675942022129632      
   2.73605371349577237109858989082168729      
   2.62541161295553366070708497970594864      
   2.51287672829819716020014545047250996      
   2.39843388718029991898644563178776635      
   2.28206782686152823069489242427246743      
   2.16376319427435561893780997252858421      
   2.04350454612780281380399970156177990      
   1.92127634901504615260021250459011262      
   1.79706297954490540149587618077437785      
   1.67084872449447015897982884646387033      
   1.54261778097540639501477128205079154      
   1.41235425661360666648123532065270679      
   1.28004216973187904935165087033691607      
   1.14566544955417550268446803385202849      
   1.00920793641519430640203982631237861      
  0.870653381977762297360395740958261462      
  0.729985449448172380045645078432871588      
  0.587187713818237152553779375408608809      
  0.442243662079057757143177239299743251      
  0.295136693480595385349898419574723618      
  0.145850119755799928356148664597895388      
  -5.63283462906396344423084338980162256E-0003
 -0.159329032222962646777043252790061640      
 -0.315255422351719467588738772079020598      
 -0.473429040856626475161115591976399413      
 -0.633867009856419288317890446615830165      
 -0.796586537482454361677777666874639647      
 -0.961604917626885063189256113460186568      
  -1.12893952970525876401080813726086815      
  -1.29860783838305864974046577792862505      
  -1.47062739333310046875735884102940548      
  -1.64501582898143833257907168140552004      
  -1.82179086425882085511426962038288622      
  -2.00097030233752233799706580188881022      
  -2.18257203039243498651357155664502570      
  -2.36661401935538846828495190321936965      
  -2.55311432364362132256394208515983866      
  -2.74209108093409771657777174029481695      
