 0.13628526479685E+03
 0.13628526479685E+03
 0.13628526479700E+03
 0.13628526479836E+03
 0.13628526480478E+03
 0.13628526482493E+03
 0.13628526487383E+03
 0.13628526497463E+03
 0.13628526516627E+03
 0.13628526552868E+03
 0.13628526623801E+03
 0.13628526765602E+03
 0.13628527044388E+03
 0.13628527568056E+03
 0.13628528496426E+03
 0.13628530048070E+03
 0.13628532503080E+03
 0.13628536201827E+03
 0.13628541540365E+03
 0.13628548963465E+03
 0.13628558956360E+03
 0.13628572036331E+03
 0.13628588745128E+03
 0.13628609643123E+03
 0.13628635305883E+03
 0.13628666323623E+03
 0.13628703303728E+03
 0.13628746876240E+03
 0.13628797701920E+03
 0.13628856482299E+03
 0.13628923970919E+03
 0.13629000984907E+03
 0.13629088416008E+03
 0.13629187240285E+03
 0.13629298525796E+03
 0.13629423437744E+03
 0.13629563240786E+03
 0.13629719298357E+03
 0.13629893069054E+03
 0.13630086100282E+03
 0.13630300019474E+03
 0.13630536523295E+03
 0.13630797365312E+03
 0.13631084342601E+03
 0.13631399281824E+03
 0.13631744025225E+03
 0.13632120417007E+03
 0.13632530290477E+03
 0.13632975457407E+03
 0.13633457693593E+03
 0.13633978735846E+03
 0.13634540271416E+03
 0.13635143933726E+03
 0.13635791299160E+03
 0.13636483885792E+03
 0.13637223153972E+03
 0.13638010508722E+03
 0.13638847303842E+03
 0.13639734847599E+03
 0.13640674409827E+03
 0.13641667230364E+03
 0.13642714528576E+03
 0.13643817513855E+03
 0.13644977396936E+03
 0.13646195401806E+03
 0.13647472778178E+03
 0.13648810814221E+03
 0.13650210849576E+03
 0.13651674288389E+03
 0.13653202612314E+03
 0.13654797393443E+03
 0.13656460306924E+03
 0.13658193143314E+03
 0.13659997820596E+03
 0.13661876395694E+03
 0.13663831075588E+03
 0.13665864228050E+03
 0.13667978391642E+03
 0.13670176285369E+03
 0.13672460817723E+03
 0.13674835095036E+03
 0.13677302429813E+03
 0.13679866348324E+03
 0.13682530598010E+03
 0.13685299153542E+03
 0.13688176223873E+03
 0.13691166257807E+03
 0.13694273950122E+03
 0.13697504246305E+03
 0.13700862348680E+03
 0.13704353722025E+03
 0.13707984097887E+03
 0.13711759479821E+03
 0.13715686148446E+03
 0.13719770665723E+03
 0.13724019881232E+03
 0.13728440939528E+03
 0.13733041283452E+03
 0.13737828660556E+03
 0.13742811129976E+03
 0.13747997069622E+03
 0.13753395182390E+03
 0.13759014503901E+03
 0.13764864414965E+03
 0.13770954648828E+03
 0.13777295297858E+03
 0.13783896827176E+03
 0.13790770082568E+03
 0.13797926316676E+03
 0.13805377184351E+03
 0.13813134762307E+03
 0.13821211581197E+03
 0.13829620625398E+03
 0.13838375343405E+03
 0.13847489700813E+03
 0.13856978176150E+03
 0.13866855775911E+03
 0.13877138088225E+03
 0.13887841302917E+03
 0.13898982208754E+03
 0.13910578274606E+03
 0.13922647638466E+03
 0.13935209173676E+03
 0.13948282514407E+03
 0.13961888099438E+03
 0.13976047218165E+03
 0.13990782061711E+03
 0.14006115760013E+03
 0.14022072469977E+03
 0.14038677390012E+03
 0.14055956880805E+03
 0.14073938476712E+03
 0.14092651003922E+03
 0.14112124646560E+03
 0.14132391030366E+03
 0.14153483320736E+03
 0.14175436328786E+03
 0.14198286627119E+03
 0.14222072654698E+03
 0.14246834844086E+03
 0.14272615781841E+03
 0.14299460331743E+03
 0.14327415845856E+03
 0.14356532291807E+03
 0.14386862486492E+03
 0.14418462286851E+03
 0.14451390825090E+03
 0.14485710760465E+03
 0.14521488580156E+03
 0.14558794851576E+03
 0.14597704594774E+03
 0.14638297617376E+03
 0.14680658930245E+03
 0.14724879147846E+03
 0.14771055014296E+03
 0.14819289871413E+03
 0.14869694263208E+03
 0.14922386587469E+03
 0.14977493763019E+03
 0.15035151978438E+03
 0.15095507590012E+03
 0.15158718031190E+03
 0.15224952848872E+03
 0.15294394784665E+03
 0.15367241119623E+03
 0.15443704972351E+03
 0.15524016876807E+03
 0.15608426396054E+03
 0.15697203967908E+03
 0.15790642896986E+03
 0.15889061505269E+03
 0.15992805567058E+03
 0.16102250722232E+03
 0.16217805257424E+03
 0.16339912959890E+03
 0.16469056087545E+03
 0.16605758427228E+03
 0.16750588303702E+03
 0.16904161631713E+03
 0.17067144240758E+03
 0.17240254487115E+03
 0.17424264115556E+03
 0.17619999589941E+03
 0.17828339444971E+03
 0.18050212094195E+03
 0.18286589482938E+03
 0.18538477980631E+03
 0.18806905202153E+03
 0.19092902106593E+03
 0.19397480197252E+03
 0.19721603054168E+03
 0.20066153533141E+03
 0.20431896655106E+03
 0.20819440187348E+03
 0.21229196947279E+03
 0.21661349855327E+03
 0.22115827536128E+03
 0.22592288563022E+03
 0.23090123414668E+03
 0.23608470088709E+03
 0.24146244682847E+03
 0.24702183171666E+03
 0.25274890080453E+03
 0.25862888948449E+03
 0.26464670294854E+03
 0.27078733291895E+03
 0.27703620000107E+03
 0.28337939867626E+03
 0.28980386749683E+03
 0.29629748208141E+03
 0.30284909163310E+03
 0.30944850863517E+03
 0.31608647027998E+03
 0.32275458034115E+03
 0.32944524114157E+03
 0.33615157942149E+03
 0.34286737648625E+03
 0.34958699680177E+03
 0.35630532677306E+03
 0.36301771547435E+03
 0.36971992317011E+03
 0.37640807488147E+03
 0.38307862015685E+03
 0.38972829766454E+03
 0.39635410318293E+03
 0.40295326328716E+03
 0.40952321089335E+03
 0.41606156574558E+03
 0.42256611564772E+03
 0.42903480061043E+03
 0.43546569938211E+03
 0.44185701951875E+03
 0.44820708307261E+03
 0.45451432009031E+03
 0.46077725985676E+03
 0.46699452430566E+03
 0.47316482103770E+03
 0.47928693796869E+03
 0.48535973857352E+03
 0.49138215808446E+03
 0.49735319844908E+03
 0.50327192556696E+03
 0.50913746609052E+03
 0.51494900500535E+03
 0.52070578246162E+03
 0.52640709179719E+03
 0.53205227718334E+03
 0.53764073282318E+03
 0.54317189954690E+03
 0.54864526450252E+03
 0.55406035906249E+03
 0.55941675747173E+03
 0.56471407580527E+03
 0.56995197075352E+03
 0.57513013812663E+03
 0.58024831194352E+03
 0.58530626318521E+03
 0.59030379891464E+03
 0.59524076152931E+03
 0.60011702747603E+03
 0.60493250630023E+03
 0.60968713967865E+03
 0.61438090072948E+03
 0.61901379341693E+03
 0.62358585082025E+03
 0.62809713432094E+03
 0.63254773455513E+03
 0.63693776703081E+03
 0.64126737593092E+03
 0.64553672877274E+03
 0.64974601807445E+03
 0.65389546058099E+03
 0.65798529455509E+03
 0.66201578153389E+03
 0.66598720339296E+03
 0.66989986255249E+03
 0.67375408122974E+03
 0.67755019991933E+03
 0.68128857751605E+03
 0.68496958977892E+03
 0.68859362873494E+03
 0.69216110243859E+03
 0.69567243342892E+03
 0.69912805843581E+03
 0.70252842763130E+03
 0.70587400378437E+03
 0.70916526153656E+03
 0.71240268679961E+03
 0.71558677590334E+03
 0.71871803512647E+03
 0.72179697988221E+03
 0.72482413404574E+03
 0.72780002946817E+03
 0.73072520523493E+03
 0.73360020700102E+03
 0.73642558653460E+03
 0.73920190113567E+03
 0.74192971294356E+03
 0.74460958844567E+03
 0.74724209805047E+03
