 0.13628526479685E+03
 0.13628526479685E+03
 0.13628526479700E+03
 0.13628526479836E+03
 0.13628526480478E+03
 0.13628526482493E+03
 0.13628526487383E+03
 0.13628526497463E+03
 0.13628526516627E+03
 0.13628526552868E+03
 0.13628526623801E+03
 0.13628526765602E+03
 0.13628527044388E+03
 0.13628527568056E+03
 0.13628528496426E+03
 0.13628530048070E+03
 0.13628532503080E+03
 0.13628536201827E+03
 0.13628541540365E+03
 0.13628548963465E+03
 0.13628558956360E+03
 0.13628572036331E+03
 0.13628588745130E+03
 0.13628609643129E+03
 0.13628635305899E+03
 0.13628666323663E+03
 0.13628703303822E+03
 0.13628746876446E+03
 0.13628797702350E+03
 0.13628856483151E+03
 0.13628923972536E+03
 0.13629000987852E+03
 0.13629088421185E+03
 0.13629187249091E+03
 0.13629298540327E+03
 0.13629423461071E+03
 0.13629563277298E+03
 0.13629719354190E+03
 0.13629893152617E+03
 0.13630086222890E+03
 0.13630300196096E+03
 0.13630536773429E+03
 0.13630797713993E+03
 0.13631084821549E+03
 0.13631399930736E+03
 0.13631744893221E+03
 0.13632121564224E+03
 0.13632531789818E+03
 0.13632977396537E+03
 0.13633460176741E+03
 0.13633981886240E+03
 0.13634544233561E+03
 0.13635148875885E+03
 0.13635797415980E+03
 0.13636491401047E+03
 0.13637232323424E+03
 0.13638021623091E+03
 0.13638860691877E+03
 0.13639750879232E+03
 0.13640693499409E+03
 0.13641689839964E+03
 0.13642741171336E+03
 0.13643848757392E+03
 0.13645013866770E+03
 0.13646237784817E+03
 0.13647521826069E+03
 0.13648867346984E+03
 0.13650275758946E+03
 0.13651748541284E+03
 0.13653287254241E+03
 0.13654893551879E+03
 0.13656569194644E+03
 0.13658316061678E+03
 0.13660136162785E+03
 0.13662031649880E+03
 0.13664004828053E+03
 0.13666058166237E+03
 0.13668194307151E+03
 0.13670416076884E+03
 0.13672726493877E+03
 0.13675128777218E+03
 0.13677626354917E+03
 0.13680222871459E+03
 0.13682922195166E+03
 0.13685728424189E+03
 0.13688645893564E+03
 0.13691679180746E+03
 0.13694833111711E+03
 0.13698112765688E+03
 0.13701523481314E+03
 0.13705070862278E+03
 0.13708760781654E+03
 0.13712599387190E+03
 0.13716593106427E+03
 0.13720748651023E+03
 0.13725073023201E+03
 0.13729573523187E+03
 0.13734257752647E+03
 0.13739133621224E+03
 0.13744209353639E+03
 0.13749493497029E+03
 0.13754994927349E+03
 0.13760722857392E+03
 0.13766686849534E+03
 0.13772896823246E+03
 0.13779363061904E+03
 0.13786096227161E+03
 0.13793107366494E+03
 0.13800407940722E+03
 0.13808009818837E+03
 0.13815925298901E+03
 0.13824167140410E+03
 0.13832748563788E+03
 0.13841683262375E+03
 0.13850985456057E+03
 0.13860669885751E+03
 0.13870751833461E+03
 0.13881247170461E+03
 0.13892172384326E+03
 0.13903544571483E+03
 0.13915381525194E+03
 0.13927701718889E+03
 0.13940524380773E+03
 0.13953869511537E+03
 0.13967757941595E+03
 0.13982211357618E+03
 0.13997252385466E+03
 0.14012904597990E+03
 0.14029192626897E+03
 0.14046142164567E+03
 0.14063780092739E+03
 0.14082134502885E+03
 0.14101234798659E+03
 0.14121111780467E+03
 0.14141797726289E+03
 0.14163326482700E+03
 0.14185733608801E+03
 0.14209056435340E+03
 0.14233334223363E+03
 0.14258608263975E+03
 0.14284922094993E+03
 0.14312321555400E+03
 0.14340855039228E+03
 0.14370573644095E+03
 0.14401531364456E+03
 0.14433785338076E+03
 0.14467396042208E+03
 0.14502427612479E+03
 0.14538948072645E+03
 0.14577029655981E+03
 0.14616749167176E+03
 0.14658188334207E+03
 0.14701434219699E+03
 0.14746579654104E+03
 0.14793723757653E+03
 0.14842972429949E+03
 0.14894438990543E+03
 0.14948244821919E+03
 0.15004520038843E+03
 0.15063404339465E+03
 0.15125047839114E+03
 0.15189612072601E+03
 0.15257270966041E+03
 0.15328212093680E+03
 0.15402637953636E+03
 0.15480767308014E+03
 0.15562836850572E+03
 0.15649102819440E+03
 0.15739842918912E+03
 0.15835358334748E+03
 0.15935976001539E+03
 0.16042050972962E+03
 0.16153968977044E+03
 0.16272149236701E+03
 0.16397047325243E+03
 0.16529158183091E+03
 0.16669019164223E+03
 0.16817213152723E+03
 0.16974371303794E+03
 0.17141175554426E+03
 0.17318360659596E+03
 0.17506715999578E+03
 0.17707084273625E+03
 0.17920360581707E+03
 0.18147488490004E+03
 0.18389453026007E+03
 0.18647270558592E+03
 0.18921974259864E+03
 0.19214594886973E+03
 0.19526136022683E+03
 0.19857544743078E+03
 0.20209676353301E+03
 0.20583256593117E+03
 0.20978842062411E+03
 0.21396782228755E+03
 0.21837186967720E+03
 0.22299903327116E+03
 0.22784505922683E+03
 0.23290301083305E+03
 0.23816348481822E+03
 0.24361495380453E+03
 0.24924421572514E+03
 0.25503689666069E+03
 0.26097795960212E+03
 0.26705217407493E+03
 0.27324451637044E+03
 0.27954048722356E+03
 0.28592633416022E+03
 0.29238919880368E+03
 0.29891719063281E+03
 0.30549940625224E+03
 0.31212590858397E+03
 0.31878767984283E+03
 0.32547655603889E+03
 0.33218515816572E+03
 0.33890681423053E+03
 0.34563549019644E+03
 0.35236571891736E+03
 0.35909253943346E+03
 0.36581143910793E+03
 0.37251830273140E+03
 0.37920936919310E+03
 0.38588119017112E+03
 0.39253059808720E+03
 0.39915467360517E+03
 0.40575072092654E+03
 0.41231624457857E+03
 0.41884893002667E+03
 0.42534662602126E+03
 0.43180732907242E+03
 0.43822917076713E+03
 0.44461040806762E+03
 0.45094940960077E+03
 0.45724464938436E+03
 0.46349469848684E+03
 0.46969821855759E+03
 0.47585395487553E+03
 0.48196073190435E+03
 0.48801744809394E+03
 0.49402307217408E+03
 0.49997663854515E+03
 0.50587724477430E+03
 0.51172404780871E+03
 0.51751626250963E+03
 0.52325315776696E+03
 0.52893405481862E+03
 0.53455832584526E+03
 0.54012539130178E+03
 0.54563471868961E+03
 0.55108582020000E+03
 0.55647825233262E+03
 0.56181161447750E+03
 0.56708554648069E+03
 0.57229972796914E+03
 0.57745387798307E+03
 0.58254775323917E+03
 0.58758114645387E+03
 0.59255388660168E+03
 0.59746583667693E+03
 0.60231689408878E+03
 0.60710698794586E+03
 0.61183608042836E+03
 0.61650416294347E+03
 0.62111125854297E+03
 0.62565741823467E+03
 0.63014272166487E+03
 0.63456727536980E+03
 0.63893121389647E+03
 0.64323469573090E+03
 0.64747790480242E+03
 0.65166104897759E+03
 0.65578435958223E+03
 0.65984808960509E+03
 0.66385251407784E+03
 0.66779792851777E+03
 0.67168464815219E+03
 0.67551300769787E+03
 0.67928335946979E+03
 0.68299607389373E+03
 0.68665153777311E+03
 0.69025015369143E+03
 0.69379233988260E+03
 0.69727852846261E+03
 0.70070916537602E+03
 0.70408470964433E+03
 0.70740563221925E+03
 0.71067241576756E+03
 0.71388555371116E+03
 0.71704554943116E+03
 0.72015291589452E+03
 0.72320817480057E+03
 0.72621185590992E+03
 0.72916449657219E+03
 0.73206664108445E+03
 0.73491883988053E+03
 0.73772164911504E+03
 0.74047563018821E+03
 0.74318134904808E+03
 0.74583937558785E+03
 0.74845028332976E+03
