   299.98752335222969     
   299.98752332266378     
   299.98752299140858     
   299.98752154990456     
   299.98751754758587     
   299.98750891620546     
   299.98749300242076     
   299.98746655357513     
   299.98742558822113     
   299.98736500139216     
   299.98727772778261     
   299.98715339445170     
   299.98697658348550     
   299.98672496732041     
   299.98636761098004     
   299.98586366528667     
   299.98516155954064     
   299.98419869419172     
   299.98290155390936     
   299.98118612337106     
   299.97895848967829     
   299.97611552120713     
   299.97254555203091     
   299.96812902020702     
   299.96273904436134     
   299.95624192477760     
   299.94849760385125     
   299.93936008482120     
   299.92867786178897     
   299.91629436130364     
   299.90204844389712     
   299.88577497124572     
   299.86730545419948     
   299.84646879232986     
   299.82309209588374     
   299.79700159626265     
   299.76802361813048     
   299.73598560505235     
   299.70071718313426     
   299.66205123209556     
   299.61982495066803     
   299.57388089397142     
   299.52406796310441     
   299.47024233013826     
   299.41226828747574     
   299.35001900383060     
   299.28337718236429     
   299.21223561639704     
   299.13649763168974     
   299.05607742346695     
   298.97090027794530     
   298.88090269750882     
   298.78603240951844     
   298.68624829336056     
   298.58152020402827     
   298.47182872177189     
   298.35716482082216     
   298.23752947464641     
   298.11293319935697     
   297.98339554830903     
   297.84894456376236     
   297.70961619096937     
   297.56545367194519     
   297.41650690814419     
   297.26283182201803     
   297.10448970102658     
   296.94154654835592     
   296.77407242861869     
   296.60214082660224     
   296.42582802518939     
   296.24521247581214     
   296.06037421855638     
   295.87139430106168     
   295.67835422405403     
   295.48133542490723     
   295.28041876434884     
   295.07568406197925     
   294.86720965255699     
   294.65507195388903     
   294.43934509311129     
   294.22010052822111     
   293.99740671114728     
   293.77132878819327     
   293.54192829978058     
   293.30926291361317     
   293.07338619748225     
   292.83434288796036     
   292.59218608378330     
   292.34695182749130     
   292.09867523326852     
   291.84738640311514     
   291.59311027540781     
   291.33586649932846     
   291.07566934319055     
   290.81252757786496     
   290.54644437410377     
   290.27741724200519     
   290.00543792716064     
   289.73049234017083     
   289.45256050318113     
   289.17161652582854     
   288.88762842095576     
   288.60055784134033     
   288.31036056398472     
   288.01698615933350     
   287.72037757315223     
   287.42047145184438     
   287.11719796118473     
   286.81048053586034     
   286.50023594902325     
   286.18637416426418     
   285.86879808008405     
   285.54740362487405     
   285.22207933280151     
   284.89270628701416     
   284.55915837883043     
   284.22130129406406     
   283.87899281920050     
   283.53208251513377     
   283.18041139420194     
   282.82381188987301     
   282.46210717506546     
   282.09511140495044     
   281.72262890048700     
   281.34445397985729     
   280.96037026803435     
   280.57015065529760     
   280.17355696368276     
   279.77033872059400     
   279.36023256596047     
   278.94296424200172     
   278.51824391464504     
   278.08576895873864     
   277.64521909618003     
   277.19626143426979     
   276.73854537670104     
   276.27170275847652     
   275.79534548938273     
   275.30906812666711     
   274.81244279317940     
   274.30501032256848     
   273.78632215074651     
   273.25586892895126     
   272.71312972806925     
   272.15755212493389     
   271.58855658700537     
   271.00553328669463     
   270.40783627064189     
   269.79478304354058     
   269.16565630647551     
   268.51969625463903     
   267.85609661193780     
   267.17401061662042     
   266.47253516552513     
   265.75071773314778     
   265.00754781505185     
   264.24195025952781     
   263.45278652475935     
   262.63884774095038     
   261.79884890148895     
   260.93142125953375     
   260.03511110248627     
   259.10837146289578     
   258.14955361657684     
   257.15690202750329     
   256.12854820374616     
   255.06250018862090     
   253.95663692730204     
   252.80869847645363     
   251.61628142844879     
   250.37682635217857     
   249.08762005234391     
   247.74573545682026     
   246.34819188272988     
   244.89172510754210     
   243.37293338597570     
   241.78823982760272     
   240.13390458745687     
   238.40603647678552     
   236.60061061203925     
   234.71349833643532     
   232.74050961652588     
   230.67743210847470     
   228.52010398830254     
   226.26449269824442     
   223.90678054383790     
   221.44348388212276     
   218.87157645912785     
   216.18863236264693     
   213.39298712686349     
   210.48388178642608     
   207.46164683053979     
   204.32784974287549     
   201.08544389214697     
   197.73887566344510     
   194.29418955002410     
   190.75903077152975     
   187.14265824543372     
   183.45583469527057     
   179.71055466209751     
   175.92025075284852     
   172.09892174436902     
   168.26114728010145     
   164.42165717403685     
   160.59497307095253     
   156.79501443018157     
   153.03485655104780     
   149.32643539060277     
   145.68037795159475     
   142.10590670980864     
   138.61076431121268     
   135.20125933622825     
   131.88230242693581     
   128.65750994033922     
   125.52932280247519     
   122.49914083086607     
   119.56747779106209     
   116.73399038726558     
   113.99777811123755     
   111.35737063723754     
   108.81087077076637     
   106.35604894478821     
   103.99041814374426     
   101.71130601457699     
   99.515911991954596     
   97.401355797300411     
   95.364716751138928     
   93.403073096649891     
   91.513517480752427     
   89.693185997565138     
   87.939272746424862     
   86.249040575675423     
   84.619829703242601     
   83.049068715114288     
   81.534277517210356     
   80.073062603402406     
   78.663131026436133     
   77.302290621640978     
   75.988407911678721     
   74.719481613835754     
   73.493583229488479     
   72.308872916215435     
   71.163594387767944     
   70.056072973479246     
   68.984713231975078     
   67.947994107111327     
   66.944466760723159     
   65.972751173299073     
   65.031532791599929     
   64.119560026674819     
   63.235640870219349     
   62.378640017618451     
   61.547476123752006     
   60.741119245235737     
   59.958588102538279     
   59.198947406879242     
   58.461306204839111     
   57.744814740491286     
   57.048663216782607     
   56.372079082450043     
   55.714325127210472     
   55.074698348476637     
   54.452527489327316     
   53.847171532969618     
   53.258018470613678     
   52.684483564948096     
   52.126007948576834     
   51.582057486630291     
   51.052121409308995     
   50.535710975270455     
   50.032358761772961     
   49.541617239848208     
   49.063057931411173     
   48.596270481946540     
   48.140861741321537     
   47.696454884563728     
   47.262688690933075     
   46.839216746521153     
   46.425706731914786     
   46.021839746099481     
   45.627309680148223     
   45.241822556350158     
   44.865096127564655     
   44.496859120275047     
   44.136850802950065     
   43.784820591671696     
   43.440527434762522     
   43.103739478778664     
   42.774233641712307     
   42.451795216596210     
   42.136217410008520     
   41.827301139988158     
   41.524854592532364     
   41.228692894875920     
   40.938637907296702     
   40.654517889216571     
   40.376167143283773     
   40.103425884556842     
   39.836139917539917     
   39.574160415643355     
