   305.833180578490118847143771537581802      
   305.833180575208522449485551403157112      
   305.833180532679864089517132468033037      
   305.833180317601823404850585585277521      
   305.833179632578655134427427023448477      
   305.833177969418442227806355832880650      
   305.833174579803515330105349251494975      
   305.833168436153001171818773215316102      
   305.833158097978758580967619574926052      
   305.833141312165118062134118578566143      
   305.833114153098472368674344869391972      
   305.833069624316696022798232197595551      
   305.832995839663004784090727964123682      
   305.832874054758590132992352109135778      
   305.832676856971681878813759694935583      
   305.832366754854432052014383205418160      
   305.831895290159759789917402933705246      
   305.831202679418867165650681317362415      
   305.830217908060699647528246075621783      
   305.828859156493126634582908613439145      
   305.827034428828908122115514712629983      
   305.824642269816375625919083202593367      
   305.821572482783933542438814504394740      
   305.817706792312237006727818637853078      
   305.812919424276524118532214636343427      
   305.807077599821011367260681249570082      
   305.800041957554976519246510042168625      
   305.791666929703102164079847512056591      
   305.781801103707319080490450157890904      
   305.770287601684454544622828827452439      
   305.756964507286827805483198984859821      
   305.741665363920998900507323802294536      
   305.724219761001255666044345392737560      
   305.704454016891802782230076241040336      
   305.682191959234165400198010095467731      
   305.657255796072169994173659970840256      
   305.629467065061291394767093104091615      
   305.598647643299750640861873477102901      
   305.564620797090307465626255722948093      
   305.527212239955535757391355290816375      
   305.486251228294712169157601077010001      
   305.441571548630958636910836902276816      
   305.393012533022104511227467338984328      
   305.340419972111288008607612818479026      
   305.283646953354906605304187381832502      
   305.222554605112550663596299432469588      
   305.157012737353619782743734778370412      
   305.086900372576563975245006694810960      
   305.012106163557413751661012326904863      
   304.932528696954706395930826817066908      
   304.848076684273852033481115260558194      
   304.758669043416021654029034899730616      
   304.664234875992942740372614761593601      
   304.564713346518192559954928196768355      
   304.460053470866250525620622736512963      
   304.350213822134352731895577993286622      
   304.235162162147532957312688512758858      
   304.114875007639782078706886980796538      
   303.989337139484213202587513964865509      
   303.858541064490887522211147267057276      
   303.722486436680910550175522496931788      
   303.581179447896559582736155244803264      
   303.434632193867225382411035605226022      
   303.282862023861769865411392656359695      
   303.125890880545422361678433351869726      
   302.963744633729367079639398981008783      
   302.796452417893627280033863021027399      
   302.624045972871464380001950508212064      
   302.446558996317608545355911676316698      
   302.264026510111450723438895860593252      
   302.076484240577092173779915548912566      
   301.883968021904468370030717104404586      
   301.686513216740207275312800001616015      
   301.484154162387870217450803695682017      
   301.276923639787841563602356052832201      
   301.064852365760620104904109676203294      
   300.847968506688080587175556073675398      
   300.626297224413999834990990355081879      
   300.399860239509728184476313901404156      
   300.168675424105680878993183752873946      
   299.932756415505503943481084996300538      
   299.692112246651887365782438347222288      
   299.446746993915329510488878012850486      
   299.196659457329597725545168927812895      
   298.941842850913282047395429852416384      
   298.682284508569910663799227560511224      
   298.417965603357992045936240733242369      
   298.148860890094979330594036051162307      
   297.874938455907607078473013470782156      
   297.596159435095209591179504474157911      
   297.312477801565031440511778886382224      
   297.023840129628462405902891000681775      
   296.730185365053685828591668831112324      
   296.431444615110029938701651319909446      
   296.127540871217396716797150384920303      
   295.818388897226134927459961154943076      
   295.503894785042816522998263682523795      
   295.183955926064693519383659162416524      
   294.858460640802107547873436585512631      
   294.527287973017013054622294056240228      
   294.190307443075860749869530409460659      
   293.847378783678943124336950595064306      
   293.498351510779010662720547650859063      
   293.143064744843296363926907634860865      
   292.781346883960959489539325850627553      
   292.413015328708700826524918392835419      
   292.037875861107222883725264534985178      
   291.655722371149427202222672488766526      
   291.266336804367305519396634505908871      
   290.869488111424374835824040177627293      
   290.464932024399756594914249519710161      
   290.052410800864554509208735153199751      
   289.631652530298214356069820566317604      
   289.202370061698170813329790467784559      
   288.764261410224852062647750286460479      
   288.317008026665891802903912115038046      
   287.860274819504267235836064581498092      
   287.393709174454625290230918604718520      
   286.916939986492888024764452537536510      
   286.429577038695047494339871026594592      
   285.931209961481975052901741850403373      
   285.421407194473161483540936277130537      
   284.899715009492220309035679044192712      
   284.365656259042353422527555851418790      
   283.818729288763800777348006660797709      
   283.258406834856314723600601348935153      
   282.684134072194975444979443513847598      
   282.095327502977084432019999259719125      
   281.491372975161285061156814003467610      
   280.871624872348596642886878808008549      
   280.235402852168164923462374628784356      
   279.581991361489530808432936221619793      
   278.910636297969761071931681620186223      
   278.220543369482561419420596003480684      
   277.510875518186361631605221210949959      
   276.780750038434817510533977690037290      
   276.029236227613319728648551260573730      
   275.255351709359044154620842487522947      
   274.458059711755560468079992248169699      
   273.636265530289675973422311194726807      
   272.788811993903202004970653842584153      
   271.914476493842977044329838314144470      
   271.011966240715036509202068306734647      
   270.079912740057094192411976416704402      
   269.116868043003657454092552231225887      
   268.121299108305020584980468389664369      
   267.091581010153004787846194086736400      
   266.025992780237627974048408891773381      
   264.922708695328362782187788009752891      
   263.779793239517787845216081041320343      
   262.595192302643799689583722463338743      
   261.366726764134028228849764823812788      
   260.092083457637757258843311511898426      
   258.768807237705691749744713445188188      
   257.394292180319815579813735551692713      
   255.965773549108389433016389791369742      
   254.480318241461521880835573284053835      
   252.934816672542473056141223627014347      
   251.325975281501945446003272982432036      
   249.650309459579013914714621344492475      
   247.904137877189066098631212787675030      
   246.083580067065115273235827704555869      
   244.184555133633492855290511338648572      
   242.202789358583784945235871310094346      
   240.133820180787122291431104766637814      
   237.973017087153077487101837769358171      
   235.715615265993568625234368435205982      
   233.356742378410643770728369237552999      
   230.891480930471026217050119809655510      
   228.314943017833640624838511467519115      
   225.622364755312271389530205217701986      
   222.809232638084210194932922697008668      
   219.871437816661203011896643140939635      
   216.805467453214660121769204276910308      
   213.608630197499578310299314893591195      
   210.279323270992324550427676481880896      
   206.817329024736285708596401495109500      
   203.224135321245616386118272105864667      
   199.503271340710488342270508325278569      
   195.660620337987053984324048406387400      
   191.704689286002589426716008999675486      
   187.646780666720529590270164817835763      
   183.501035824259855180703601893805019      
   179.284277174547126524468434422934865      
   175.015660443125086961010382055715393      
   170.716107945480262357421325504412446      
   166.407568279578876941953637221903594      
   162.112170310643256368714050609721459      
   157.851364953289343074008460354987857      
   153.645141403754795001205352275713990      
   149.511402031163382615257418553969884      
   145.465534526160167763760175403417395      
   141.520199098992934743446076352989240      
   137.685305544802464689831999992079989      
   133.968145100973075371054821470443064      
   130.373628264750781597566034331190872      
   126.904585734506445905584553096211235      
   123.562089823468653063928424209633544      
   120.345771257834508069101392335763239      
   117.254112487296085278041459356187446      
   114.284707426738139103026723654036651      
   111.434483439949021699973490973619686      
   108.699885883723005456166503712460912      
   106.077029339810551390901577298232969      
   103.561817767161768071196503560618241      
   101.150039251071392571543327239751426      
   98.8374411341687693156416984491697645      
   96.6197856974118868461200509694134628      
   94.4928935556135350620519896791617087      
   92.4526749745999622656445542098194604      
   90.4951530589724350501150011414795302      
   88.6164801430503555634209027909718188      
   86.8129484639603582209553284488361455      
   85.0809968960302717696363428971466299      
   83.4172144102077877763731875268014314      
   81.8183410319762290684732685708735726      
   80.2812668162903770544858303031065302      
   78.8030295644704115032630350757567504      
   77.3808114835316791984422414222948799      
   76.0119347602645488260146575463022286      
   74.6938570645121782400251588343184818      
   73.4241658599882196503155388945638723      
   72.2005736708633912750535690647511786      
   71.0209122025144384075030160627502950      
   69.8831269487609985369316492190171493      
   68.7852716383211952521311656339221130      
   67.7255028252794122991685837587652426      
   66.7020746508560446017070253576207369      
   65.7133337027902763424343101649269456      
   64.7577140959682387980741928117867975      
   63.8337327639038970098314277953648217      
   62.9399848107361176868913279011953587      
   62.0751392902409387259430636062426776      
   61.2379349668142208922125003148723141      
   60.4271765056854864538664681160024382      
   59.6417306938481537982616945969452790      
   58.8805227675685702400504893589914693      
   58.1425336083870931058494590275398551      
   57.4267957133431928488309639519213562      
   56.7323912807824485218070630893281350      
   56.0584484517064571015792463212169413      
   55.4041393110080284796038732942379675      
   54.7686771660861679355065245596579151      
   54.1513141995609408846716159566650490      
   53.5513393302443610755989755284160225      
   52.9680761977781232138096645222185280      
   52.4008811269305470658830195473891039      
   51.8491413005078538457108606947277473      
   51.3122731871417390225644221415562783      
   50.7897206843875240331781411158869935      
   50.2809539024040536697229084757252371      
   49.7854674393244718997547427047342077      
   49.3027793346570702947135267201766238      
   48.8324295281086140741260839193636070      
   48.3739789231674147773281891909873868      
   47.9270080911474833608695653305846686      
   47.4911163810526571326456499494858029      
   47.0659207590031883004882428499770634      
   46.6510551016898601835044838932890992      
   46.2461690222856698208678029301034113      
   45.8509273973484185465774110554121036      
   45.4650093346964815997468462059441537      
   45.0881075889687294691766244183910886      
   44.7199277707591598414566493363377305      
   44.3601877811559736279385704625997308      
   44.0086171519705307291070285923196464      
   43.6649565158159140978937019250428398      
   43.3289569970167875534761486288091605      
   43.0003797809235563181672144736626368      
   42.6789955417773423975895152711752623      
   42.3645840641889259430717053606754407      
   42.0569337677652723786529377549381359      
   41.7558413030006542752847349453868935      
   41.4611111671555553253848508244082380      
   41.1725553591483944107905175277112839      
   40.8899929896554145491225344273281289      
   40.6132500048490375732240065568893996      
   40.3421588461312982524557017876970867      
   40.0765581434867387211644709916132473      
   39.8162924809057175324152756665047868      
   39.5612120923934062313235404689456706      
   39.3111726298741358879905143582778038      
   39.0660349262846911237789995724216651      
   38.8256647645601674539300680787552611      
   38.5899326628557642171826919006143999      
   38.3587136781018480505396051768373436      
   38.1318872022051308878852122092347008      
   37.9093367945908969695544886847506163      
   37.6909499960998471416187554916843987      
   37.4766181581866441893467235202247374      
   37.2662363037311774661276567434856728      
   37.0597029556759041189907700822608474      
   36.8569200117804900278297480781775984      
   36.6577925927601968849721420972449496      
   36.4622289270560283372196695856851468      
   36.2701402173993939080123833234289421      
   36.0814405268697001444968326896200216      
   35.8960466611743970312143432107919963      
   35.7138780728206920266501448421334497      
   35.5348567460542338233610538661611193      
