   6.96056439612021242808744040166358585      
   6.96056439612024352967699031426682042      
   6.96056439612189877694146465298286338      
   6.96056439614162191579811020866484988      
   6.96056439625239883292483617306019336      
   6.96056439665422381575731557587407648      
   6.96056439775841288409158876010766609      
   6.96056440027108812797605529709071011      
   6.96056440526140059587262765248615034      
   6.96056441418962540554107605476926914      
   6.96056442885352210796736080917039296      
   6.96056445120135424932163327578129698      
   6.96056448296614495179953416051299998      
   6.96056452509694175144830695844292192      
   6.96056457699071219778145481938497488      
   6.96056463555440884854533995156537087      
   6.96056469414586494184490516880532524      
   6.96056474145354774995182730588345984      
   6.96056476038014853400934447935160395      
   6.96056472699546042357288207412367885      
   6.96056460962139489130582840383645135      
   6.96056436810678796363517253270799917      
   6.96056395334160302464744976616032514      
   6.96056330704880364280902765966873271      
   6.96056236187747815635103618368815663      
   6.96056104180338147370246433905203453      
   6.96055926282428241987306375719991124      
   6.96055693391918920803841339214091843      
   6.96055395822456726326658896918795322      
   6.96055023436863585092679857782215319      
   6.96054565789772683902435397934495769      
   6.96054012272682155376568244900455925      
   6.96053352254941985139149601910955958      
   6.96052575214902426621521738781315065      
   6.96051670856462647163770320347019089      
   6.96050629207445157458874546748941261      
   6.96049440697468785119904119531446616      
   6.96048096214202564895411975652689095      
   6.96046587137978237888871692616274962      
   6.96044905355670601119683855412753934      
   6.96043043255494355899898715196198651      
   6.96040993704906068386420341756453942      
   6.96038750014148800902205976817263197      
   6.96036305888152933348656773483454320      
   6.96033655369535417850269495577596963      
   6.96030792775349378087069224439711076      
   6.96027712630054908819452160231441941      
   6.96024409596937288071094680780446153      
   6.96020878409914046313762013998774557      
   6.96017113807367789188338599070900968      
   6.96013110469333754033013942620758721      
   6.96008862959072747056921028643481310      
   6.96004365669779065205315328241897889      
   6.95999612776918356009975194936421258      
   6.95994598196462825086493647350314910      
   6.95989315547974735940921104113749101      
   6.95983758128822997508353395734298074      
   6.95977918884108483855510847020101014      
   6.95971790391296818713672333482215160      
   6.95965364845249683672991885713016530      
   6.95958634048497951273389757252268471      
   6.95951589405368003134837181977815662      
   6.95944221919425280940722845199440907      
   6.95936522193636460318901322648167792      
   6.95928480432754678599837930368637670      
   6.95920086447323512805794240202193008      
   6.95911329658812643208462266942187762      
   6.95902199105345585305137751746931591      
   6.95892683447644367996612318639448778      
   6.95882770974633550686028088652956591      
   6.95872449608375346637042452250715026      
   6.95861706908034231626211786035702061      
   6.95850530072387116715667855912165649      
   6.95838905940766227758984887489668146      
   6.95826820992049499983652437446516127      
   6.95814261341504682476948215573459155      
   6.95801212735396302417614205862547214      
   6.95787660543054938861734037610695581      
   6.95773589746301201503278070434130394      
   6.95758984926120860939930511907781890      
   6.95743830246758149952833671198183110      
   6.95728109436320767817251926690901812      
   6.95711805765064828162097398912116464      
   6.95694902020525956041096470238720226      
   6.95677380478798446371570923511818374      
   6.95659222874159000500780507447805704      
   6.95640410364213093305140311495096195      
   6.95620923492798995200144169571510274      
   6.95600742149277210101494989674027248      
   6.95579845524828665442700486440083180      
   6.95558212065777097680503542185462723      
   6.95535819423080463727391038301215573      
   6.95512644399495664765353917782865445      
   6.95488662892624891942536694084138763      
   6.95463849835648139487591911178261195      
   6.95438179132892467586491032364750185      
   6.95411623595041356983570533350119713      
   6.95384154867709419499543390925600514      
   6.95355743358542787200933651949177325      
   6.95326358161135793101657809572185002      
   6.95295966971926774858052504622616221      
   6.95264536008431410425227325544923125      
   6.95232029919329047944298116501204090      
   6.95198411691801764420864897378383162      
   6.95163642558191656351407064722373515      
   6.95127681890165362227971772952436329      
   6.95090487096337215907101396702320384      
   6.95052013514630223913188958026834910      
   6.95012214291246220471005527807434196      
   6.94971040267291363731505571610348719      
   6.94928439849158123586238895664829403      
   6.94884358880287428591484780964053830      
   6.94838740504090909769144089549785517      
   6.94791525017794453318277820429102340      
   6.94742649714210247238788691091981163      
   6.94692048770812264006569692688348434      
   6.94639653022260420334001234727242561      
   6.94585389827531784412187016389490191      
   6.94529182879659557015579137851676221      
   6.94470952021387938848652577264382672      
   6.94410613049297952988999233892476602      
   6.94348077499618861756532386665761268      
   6.94283252439169061322742868774465830      
   6.94216040236943828588974323867075227      
   6.94146338317455404625921136418346173      
   6.94074038911667569466769392410899165      
   6.93999028807764671275120218031509496      
   6.93921189047514255071148815001800175      
   6.93840394645274365478849779387508295      
   6.93756514287159578420071102485291249      
   6.93669409994564491614594457968382115      
   6.93578936782860434809553729146110942      
   6.93484942298885561938929623360031992      
   6.93387266455666992225612280320535517      
   6.93285740984379194939177674697331139      
   6.93180189054304235771035032417320931      
   6.93070424801227773395845834089197746      
   6.92956252842390179373213659997719974      
   6.92837467790022941405850694895047740      
   6.92713853684936059406089454382078098      
   6.92585183472490503997991644732528099      
   6.92451218325270410322457491065033039      
   6.92311707094938434273004175225319704      
   6.92166385561647458055554858286528207      
   6.92014975739305014307018774605929356      
   6.91857185086396399952763166535961902      
   6.91692705713215936931344936231713354      
   6.91521213487281323502927633929263888      
   6.91342367104513419544570693128878418      
   6.91155807166613547880598801864386296      
   6.90961154998426503632241730156305890      
   6.90758011612214626464255293002035441      
   6.90545956487748105216756597213823158      
   6.90324546277993191637278115255267987      
   6.90093313429032429293342594169974513      
   6.89851764738788266233394394516537550      
   6.89599379760443831662902678983800438      
   6.89335609131014831134696569229068495      
   6.89059872785051734113676022616268235      
   6.88771558035904062508334545336799594      
   6.88470017485412639155181374484874745      
   6.88154566888365269493955734903992983      
   6.87824482760609579232429137971982664      
   6.87478999867954203010820177350671351      
   6.87117308555098099339181238797022365      
   6.86738551917123041144312968723746379      
   6.86341822710429542994103252673774098      
   6.85926160139504355787597407114729651      
   6.85490546401744763628374029133613562      
   6.85033903116480074397227023840091999      
   6.84555087397716578801085264022620919      
   6.84052888048987873298218757564780011      
   6.83526021088321514021959859905143809      
   6.82973125635096925481183999129217052      
   6.82392759365874641435878591055885687      
   6.81783394007123037585773142349279394      
   6.81143410833507107985430766032071218      
   6.80471096201936387299146011321881155      
   6.79764637307704329482072785211846660      
   6.79022118282303391459719694980999731      
   6.78241516782287833952738046380660582      
   6.77420701273102687880770915751476696      
   6.76557429303114148781907328695702542      
   6.75649347026172512761951046050133733      
   6.74693990093927888134298228396483138      
   6.73688786698933028843218950375378984      
   6.72631062465952858187447217383043422      
   6.71518048175868617196011698241620138      
   6.70346889572630294064405592369027691      
   6.69114660471342382774953383217261192      
   6.67818378087825431811852494470693918      
   6.66455020904193410858298653275226687      
   6.65021548246430859979272268331519720      
   6.63514920734200839101745243067965863      
   6.61932120864282735190981145657130322      
   6.60270172243694851812978164242539145      
   6.58526156779067688893802171652096282      
   6.56697228564214327930123179984015158      
   6.54780624188087083346511720460303511      
   6.52773668809154814704419366299751455      
   6.50673779625607499474703935600129429      
   6.48478464943617143824249278693448830      
   6.46185320943202077093103365530109386      
   6.43792029787353859591140386861483376      
   6.41296354361177019643830961740972047      
   6.38696134588851446948929996409940984      
   6.35989283992490344001060564701915944      
   6.33173786730362613939642389586703948      
   6.30247695066274173393464357417376133      
   6.27209126995579913979019838478915224      
   6.24056263850250360666282262709200717      
   6.20787347533156081846909001378990893      
   6.17400677652467626329370234553072377      
   6.13894608051041735904208810153152906      
   6.10267543112444104231929420155535905      
   6.06517933814349798407789240077073459      
   6.02644273593175211347457657907865070      
   5.98645094171851424797491595076729437      
   5.94518961424648467625802140229337477      
   5.90264471350219106337221654947268621      
   5.85880246223128034154485516219279944      
   5.81364930981376575444024696718329984      
   5.76717189821392236795918342443406416      
   5.71935703116853820946505502346542948      
   5.67019164555188020652990023565570935      
   5.61966278544195327278023929245357479      
   5.56775757903523116396001032395874118      
   5.51446321755185713687798610150806895      
   5.45976693669175551407535802501793149      
   5.40365599994573987363181780327570417      
   5.34611768389489539813434690581391563      
   5.28713926516700686036087319749368114      
   5.22670800895736296484087783400306120      
   5.16481115880648823363235243691416359      
   5.10143592775406847456205979461502720      
   5.03656949053653341875300992588738403      
   4.97019897648728850243815326051044470      
   4.90231146380768498391197703034636291      
   4.83289397406619713388197997817754102      
   4.76193346764108562882159880826991983      
   4.68941683965987309596901646180347194      
   4.61533091647072264334985583342548146      
   4.53966245251054709320503223925998610      
   4.46239812766223986760658394035036452      
   4.38352454489150935088525882079970238      
   4.30302822817383615386838738851283406      
   4.22089562075373151074427710595129319      
   4.13711308358767848047778385161109271      
   4.05166689402928582703607851894821073      
   3.96454324468240905745367211076340157      
   3.87572824240306092390633581982694405      
   3.78520790747295843516374034483216131      
   3.69296817289239457988504891153622377      
   3.59899488377124133879475778958238519      
   3.50327379682221683689225383869471905      
   3.40579057995294113710319232488309891      
   3.30653081193048637960644714514470576      
   3.20547998210878451988240735589129485      
   3.10262349022001913604471719565472811      
   2.99794664622245580914931234189758609      
   2.89143467019775298892396324279434171      
   2.78307269227826044123812055704527278      
   2.67284575263016686018752833313057547      
   2.56073880145148928867323913584150564      
   2.44673669901672300055450263425596808      
   2.33082421573435030033251157478774016      
   2.21298603223357046401409916748744295      
   2.09320673947314116019918658646916559      
   1.97147083886317075658061471817475945      
   1.84776274240766771146937313019015510      
   1.72206677285971217568155552481690488      
   1.59436716388649610626068709093601200      
   1.46464806025559619977699978339032273      
   1.33289351801390671283438407991671666      
   1.19908750469031874738753363092785737      
   1.06321389949855666168095958548162647      
  0.925256493548906631380870734727423136      
  0.785198990065581801696341458673729504      
  0.643025004606185494291076587718054783      
  0.498718065290216974947895772460846788      
  0.352261613026839643078330419826484677      
  0.203639001746527234798349230314888981      
   5.28334986402646998013799227745771924E-0002
 -0.100171715608841686612611437107086966      
 -0.255393546582809156274510555707667389      
 -0.412848985889301460534617576580143741      
 -0.572555110921100918654884964818016764      
 -0.734529084614867493338657463256009299      
 -0.898788155206355022437501729409834606      
  -1.06534965598886506114914911172433482      
  -1.23423100507086558110615107744417581      
  -1.40544970513274143620244331399776012      
  -1.57902334318387168384903834710319814      
  -1.75496959032275741790915531521991423      
  -1.93330620149303423203940222229079125      
  -2.11405101524411463597060040824812029      
  -2.29722195349077322367619652275940751      
  -2.48283702127390797326707993057550036      
  -2.67091430652282817195596848774954550      
  -2.86147197981769664140546303660270361      
