 0.13585192139466E+03
 0.13585192139477E+03
 0.13585192139743E+03
 0.13585192141518E+03
 0.13585192147755E+03
 0.13585192163060E+03
 0.13585192193224E+03
 0.13585192245033E+03
 0.13585192326954E+03
 0.13585192451821E+03
 0.13585192642504E+03
 0.13585192940961E+03
 0.13585193419491E+03
 0.13585194192336E+03
 0.13585195425448E+03
 0.13585197342922E+03
 0.13585200229597E+03
 0.13585204429237E+03
 0.13585210339874E+03
 0.13585218406851E+03
 0.13585229114436E+03
 0.13585242977229E+03
 0.13585260532918E+03
 0.13585282336246E+03
 0.13585308955533E+03
 0.13585340972796E+03
 0.13585378985661E+03
 0.13585423613225E+03
 0.13585475504146E+03
 0.13585535346822E+03
 0.13585603880081E+03
 0.13585681905267E+03
 0.13585770296401E+03
 0.13585870009776E+03
 0.13585982091560E+03
 0.13586107681993E+03
 0.13586248017401E+03
 0.13586404429294E+03
 0.13586578339369E+03
 0.13586771253426E+03
 0.13586984751453E+03
 0.13587220476605E+03
 0.13587480121781E+03
 0.13587765416467E+03
 0.13588078111388E+03
 0.13588419964736E+03
 0.13588792727473E+03
 0.13589198130497E+03
 0.13589637872044E+03
 0.13590113607050E+03
 0.13590626938233E+03
 0.13591179407998E+03
 0.13591772493585E+03
 0.13592407603234E+03
 0.13593086074258E+03
 0.13593809173704E+03
 0.13594578099885E+03
 0.13595393986539E+03
 0.13596257907662E+03
 0.13597170884838E+03
 0.13598133894825E+03
 0.13599147879142E+03
 0.13600213753818E+03
 0.13601332421029E+03
 0.13602504780178E+03
 0.13603731740482E+03
 0.13605014233211E+03
 0.13606353224841E+03
 0.13607749729818E+03
 0.13609204822964E+03
 0.13610719653270E+03
 0.13612295455449E+03
 0.13613933562455E+03
 0.13615635418218E+03
 0.13617402587358E+03
 0.13619236768564E+03
 0.13621139803320E+03
 0.13623113686432E+03
 0.13625160576533E+03
 0.13627282803498E+03
 0.13629482878183E+03
 0.13631763500437E+03
 0.13634127565586E+03
 0.13636578171944E+03
 0.13639119049611E+03
 0.13641752933161E+03
 0.13644483942519E+03
 0.13647316049856E+03
 0.13650253461000E+03
 0.13653300618370E+03
 0.13656462204980E+03
 0.13659743150342E+03
 0.13663148634566E+03
 0.13666684092288E+03
 0.13670355216708E+03
 0.13674167966386E+03
 0.13678128561780E+03
 0.13682243506301E+03
 0.13686519571252E+03
 0.13690963811105E+03
 0.13695583564904E+03
 0.13700386464845E+03
 0.13705380468594E+03
 0.13710573805649E+03
 0.13715975016277E+03
 0.13721592985646E+03
 0.13727436909742E+03
 0.13733516324905E+03
 0.13739841119634E+03
 0.13746421534184E+03
 0.13753268175707E+03
 0.13760392038816E+03
 0.13767804498058E+03
 0.13775517354041E+03
 0.13783542829983E+03
 0.13791893550935E+03
 0.13800582639390E+03
 0.13809623688129E+03
 0.13819030797263E+03
 0.13828818570537E+03
 0.13839002167380E+03
 0.13849597326491E+03
 0.13860620363168E+03
 0.13872088237194E+03
 0.13884018544959E+03
 0.13896429661810E+03
 0.13909340605421E+03
 0.13922771215390E+03
 0.13936742189552E+03
 0.13951275008546E+03
 0.13966392097341E+03
 0.13982116852017E+03
 0.13998473806652E+03
 0.14015488513432E+03
 0.14033187593435E+03
 0.14051599001783E+03
 0.14070752093305E+03
 0.14090677471361E+03
 0.14111408760911E+03
 0.14132976677409E+03
 0.14155418655925E+03
 0.14178771640603E+03
 0.14203074967839E+03
 0.14228369939679E+03
 0.14254700173553E+03
 0.14282111521375E+03
 0.14310652764087E+03
 0.14340375154089E+03
 0.14371333063393E+03
 0.14403583921630E+03
 0.14437188988425E+03
 0.14472212878617E+03
 0.14508724340840E+03
 0.14546796590904E+03
 0.14586507520159E+03
 0.14627940093025E+03
 0.14671182923709E+03
 0.14716330438413E+03
 0.14763483639541E+03
 0.14812750781926E+03
 0.14864247622252E+03
 0.14918098378102E+03
 0.14974436398736E+03
 0.15033404799989E+03
 0.15095157787193E+03
 0.15159861240293E+03
 0.15227693889605E+03
 0.15298848588444E+03
 0.15373533394944E+03
 0.15451972989255E+03
 0.15534413082795E+03
 0.15621111660420E+03
 0.15712355306810E+03
 0.15808451472917E+03
 0.15909733166543E+03
 0.16016560483668E+03
 0.16129322989565E+03
 0.16248441756103E+03
 0.16374370920378E+03
 0.16507600110232E+03
 0.16648656218265E+03
 0.16798104052133E+03
 0.16956547684536E+03
 0.17124630358110E+03
 0.17303033633505E+03
 0.17492475553132E+03
 0.17693706250135E+03
 0.17907503762974E+03
 0.18134665298852E+03
 0.18375997751393E+03
 0.18632305534863E+03
 0.18904374346610E+03
 0.19192953680906E+03
 0.19498735761464E+03
 0.19822333587931E+03
 0.20164258275469E+03
 0.20524894730345E+03
 0.20904483551027E+03
 0.21303101699373E+03
 0.21720643293121E+03
 0.22156848830124E+03
 0.22611260455218E+03
 0.23083264212259E+03
 0.23572101371600E+03
 0.24076890296082E+03
 0.24596656788127E+03
 0.25130360745572E+03
 0.25676925598817E+03
 0.26235262067276E+03
 0.26804292819929E+03
 0.27382965942550E+03
 0.27970271899269E+03
 0.28565250058761E+03
 0.29166996068242E+03
 0.29774663119481E+03
 0.30387458260389E+03
 0.31004663640952E+03
 0.31625595434749E+03
 0.32249630883615E+03
 0.32876193689648E+03
 0.33504753105453E+03
 0.34134818182898E+03
 0.34765935358098E+03
 0.35397684758369E+03
 0.36029677233534E+03
 0.36661550650986E+03
 0.37292968933162E+03
 0.37923617980942E+03
 0.38553204192344E+03
 0.39181452715032E+03
 0.39808105803211E+03
 0.40432922006664E+03
 0.41055671291029E+03
 0.41676140443925E+03
 0.42294124676927E+03
 0.42909432051219E+03
 0.43521875778561E+03
 0.44131294235146E+03
 0.44737517437646E+03
 0.45340389286605E+03
 0.45939762421075E+03
 0.46535496194335E+03
 0.47127456477480E+03
 0.47715516397402E+03
 0.48299554963004E+03
 0.48879457074917E+03
 0.49455113087918E+03
 0.50026418984520E+03
 0.50593276254850E+03
 0.51155590909530E+03
 0.51713274115756E+03
 0.52266241833054E+03
 0.52814414438657E+03
 0.53357716699666E+03
 0.53896077888900E+03
 0.54429431433753E+03
 0.54957715060618E+03
 0.55480870190686E+03
 0.55998842451379E+03
 0.56511581168226E+03
 0.57019039513873E+03
 0.57521174404996E+03
 0.58017946244795E+03
 0.58509319179914E+03
 0.58995260623286E+03
 0.59475741456131E+03
 0.59950735861439E+03
 0.60420221403286E+03
 0.60884178733994E+03
 0.61342591607541E+03
 0.61795446887137E+03
 0.62242734339924E+03
 0.62684446719035E+03
 0.63120579608261E+03
 0.63551131282666E+03
 0.63976102903929E+03
 0.64395498020805E+03
 0.64809322902283E+03
 0.65217586172450E+03
 0.65620299064363E+03
 0.66017474982007E+03
 0.66409129656848E+03
 0.66795281030555E+03
 0.67175949137764E+03
 0.67551156080852E+03
 0.67920925953414E+03
 0.68285284680892E+03
 0.68644260136588E+03
 0.68997881903031E+03
 0.69346181210975E+03
 0.69689191003328E+03
 0.70026945687165E+03
 0.70359481203053E+03
 0.70686834861812E+03
 0.71009045344026E+03
 0.71326152598307E+03
 0.71638197767659E+03
 0.71945223186185E+03
 0.72247272207542E+03
 0.72544389224711E+03
