   91.9024000948784202170827437330254962      
   91.9024000948756103372976966772670622      
   91.9024000947781154036684974976726514      
   91.9024000938787693816519559027311124      
   91.9024000896844288202618514146511214      
   91.9024000766383934662216935918084105      
   91.9024000450117361798632488341517421      
   91.9023999762874426698018111710261725      
   91.9023998183483736425947218396651441      
   91.9023994036952332961133802548710528      
   91.9023982669257148340161797435612270      
   91.9023953407678597086632871721232731      
   91.9023885526131462267984435341970736      
   91.9023743796610152449645592014350841      
   91.9023474336116989695110701764181499      
   91.9023001355581976218009357399858160      
   91.9022225184096045417027438871808297      
   91.9021021685560490047316451269905487      
   91.9019242974373616543127944410422394      
   91.9016719196995626486059183552508130      
   91.9013261074186449266688174869830860      
   91.9008662879190772952850996001665161      
   91.9002705544119749986839174195718414      
   91.8995159627232748097022643082343256      
   91.8985787929427889377986736007496730      
   91.8974347612715736694763190483965247      
   91.8960591739379076082336962154878517      
   91.8944270217041372519030837796524829      
   91.8925130192139055855317330161812667      
   91.8902915979384519996240882401357688      
   91.8877368649543128269309642990834602      
   91.8848225414138352339362568903467828      
   91.8815218948607003778461651314827837      
   91.8778076786457249409020862915504278      
   91.8736520897761367542863926512449931      
   91.8690267539985482371539478796822027      
   91.8639027440764828573867440825032002      
   91.8582506343356182552702097903412299      
   91.8520405919022482752509413824617089      
   91.8452425026827027000017523337511775      
   91.8378261283353735839905754281600925      
   91.8297612890105012220874976157707115      
   91.8210180657799280076013132197583077      
   91.8115670162334087119199044847806714      
   91.8013793964929796717892020703539668      
   91.7904273833658748210551223807662136      
   91.7786842906089682415545283945045148      
   91.7661247740551901458588342262398888      
   91.7527250209801953804371330967153837      
   91.7384629200836100677735480062016265      
   91.7233182091721757802939074760202880      
   91.7072725983011244130784716583117295      
   91.6903098672246188089439963127663178      
   91.6724159364154972627256895169140385      
   91.6535789115525556721750219589861868      
   91.6337891020820878543003596035391751      
   91.6130390147994422092776658893558050      
   91.5913233236210110658295309990481031      
   91.5686388173257672142782531812607487      
   91.5449843221720292280141908982610500      
   91.5203606293245993877721473106689685      
   91.4947703619685855631081841408145337      
   91.4682178704452109615771272743692158      
   91.4407090951762606172128371949957069      
   91.4122514237241501168106394336565028      
   91.3828535396218266541378780113378322      
   91.3525252655437907912695629653653766      
   91.3212774019379249118995987438229615      
   91.2891215633518343769328687103866657      
   91.2560700137634837086703763608397739      
   91.2221355019594107293647333896058550      
   91.1873310989403672450262080489541168      
   91.1516700378081054780224059040085519      
   91.1151655572478380529336033351298254      
   91.0778307496999316705209900394798959      
   91.0396784144839060936648354570923465      
   91.0007209161284161387215756162452121      
   90.9609700496698486086097229835653525      
   90.9204369117920150351567422451441611      
   90.8791317788149113501049602653290150      
   90.8370639922531675169045101512419633      
   90.7942418493112714947400785868441798      
   90.7506725009885196146338879821128280      
   90.7063618560875006485499290149694971      
   90.6613144944568686356059079021489144      
   90.6155335832368611567419612422382822      
   90.5690208017765567611962356858958505      
   90.5217762692204785986498286479709346      
   90.4737984830447062346584365849685735      
   90.4250842559299142512060078441642759      
   90.3756286578239388499396445115440857      
   90.3254249692812698534828197339044392      
   90.2744646329973229017454471262809914      
   90.2227372114241828703689009755818641      
   90.1702303491231541318470734419674765      
   90.1169297367419275060843624194743374      
   90.0628190618054845202308485211405602      
   90.0078799900342184270757293638346363      
   89.9520921336320312321297725293041515      
   89.8954330207261339374544927202477769      
   89.8378780617288647230094785635317802      
   89.7794005293492370137467745067780035      
   89.7199715353032290323712762304992846      
   89.6595599814048044114300153711682363      
   89.5981325448183791664753280950689985      
   89.5356536515672508554043042707725618      
   89.4720854628149697743865752165848614      
   89.4073878120041338561749186674484280      
   89.3415181713622041553945996339262453      
   89.2744316393092419560580644261016794      
   89.2060809343337241836043858056694133      
   89.1364162742480123179749604609683543      
   89.0653853643928535812222522447792430      
   88.9929333996996424546325610247347870      
   88.9190029936493560028191827953662754      
   88.8435340274207703268021851755552302      
   88.7664637188834982884275143537689365      
   88.6877266132074874583106858576110061      
   88.6072542474666017349232393365200752      
   88.5249753433873626438575890868298897      
   88.4408156388150980147947230282505131      
   88.3546977430578876434116807376443989      
   88.2665411127683115336560766682667683      
   88.1762619931765075229496155815309762      
   88.0837731478871654352599360069068862      
   87.9889839804249065374965433332587276      
   87.8918001323095732858129211756745632      
   87.7921236303463503200119759691546186      
   87.6898525157329467871679289328529827      
   87.5848808730006526110634175549398956      
   87.4770984410470457328008387968724275      
   87.3663907118247520894792352185330047      
   87.2526384424419497287761652148009938      
   87.1357177463649296879015127521478539      
   87.0154996021917656036684991475144608      
   86.8918497659552449708965423047739937      
   86.7646285556543587271873883010301321      
   86.6336904295103834892648312545459261      
   86.4988837219410004319756920934962570      
   86.3600504293121899422773869925023605      
   86.2170257492389296524756488932408377      
   86.0696378706011205336340442413058016      
   85.9177073093484116077481114608985131      
   85.7610468003817118781145268193956581      
   85.5994604454578368971870661617219775      
   85.4327436606190436752849384712502238      
   85.2606823679265374809622725482823320      
   85.0830523815275030293601610760957234      
   84.8996188860046917270499405462594897      
   84.7101358906236404738037764022574730      
   84.5143451813553080802687042754594683      
   84.3119757532579656715306612968136677      
   84.1027431273493525370071848987775407      
   83.8863479782982530067986856651185059      
   83.6624755241090337074516773455714438      
   83.4307942821521632008782624541410807      
   83.1909549982204837800019390521322917      
   82.9425893171959797886575428508937308      
   82.6853084771741551717040353564935772      
   82.4187018839602610605336036804897258      
   82.1423353922713014138680011005131292      
   81.8557497984892138640461966725745382      
   81.5584588225402121565865225275648956      
   81.2499471525521958161466356970718671      
   80.9296683526790895453006525061475903      
   80.5970425184965829282287526332191301      
   80.2514538980971224178369481238591387      
   79.8922482193030718358778868449896402      
   79.5187298166100933273153463479633671      
   79.1301587883098243528793016019161019      
   78.7257476915260712192741820919107884      
   78.3046585604568910064608971219886747      
   77.8659993287335545892011740066258723      
   77.4088205676884802320022853100523802      
   76.9321118178902481304993775570690516      
   76.4347989695414225578103064371767890      
   75.9157402865820178827580802205582373      
   75.3737243973650436874613830375172642      
   74.8074679624554684828267863730676546      
   74.2156147549971426905388446981162973      
   73.5967356067728355796537124882419109      
   72.9493303396614399892500019197917823      
   72.2718319887347512107663882522854391      
   71.5626140113586210430472310208574129      
   70.8200013937365327555822758847834787      
   70.0422860526180302432153562961141840      
   69.2277489856199975931529349449965678      
   68.3746884363281611885660333794432253      
   67.4814567260540411726659803148550412      
   66.5465056130534364183212093024378772      
   65.5684427615170064849198636539033048      
   64.5460950974107377702138391174422540      
   63.4785867027379012781098347838569393      
   62.3654174950075824898170694095350550      
   61.2065529481837830017621554711043120      
   60.0025118944460542478135799736142372      
   58.7544491530467760825363055070016866      
   57.4642278730211484200607634656812633      
   56.1344738302708944167578726081516204      
   54.7685988224903763800134797825306689      
   53.3708130263655701657059229067694613      
   51.9460688037108987738463843422684317      
   50.4999940816807658772010337230964949      
   49.0387996996504936984512824268622578      
   47.5690535735901259628839348509149755      
   46.0976155229697647441333979785357233      
   44.6313806101673304139274332957413945      
   43.1771006631017588043006869137286656      
   41.7411980440949796845528474887890038      
   40.3295998924615654474364940004314596      
   38.9476063432450213788372171199625027      
   37.5997956104893715245909551738591495      
   36.2899712605243337022682738327696836      
   35.0211481080421262401546144413883085      
   33.7955744957505526844826190531569078      
   32.6147796344090386082833476846637447      
   31.4796416294570340135894601962548204      
   30.3904667424358219038970190287479679      
   29.3470730624145842630518652207723707      
   28.3488739453434935312443439115740427      
   27.3949565025824423922186441942026682      
   26.4841534697293113849912284417412110      
   25.6151066900437059958858782308153716      
   24.7863216673505120579625568181880650      
   23.9962135174642895260760647283412286      
   23.2431453278216841484100516366809549      
   22.5254587843895367571715583500879480      
   21.8414986782113885488020345775430988      
   21.1896319729087058737122317642785382      
   20.5682622553553207842813233262553768      
   19.9758404963702204418059530495921926      
   19.4108725276428944404970344487523733      
   18.8719241866210527389307243059474168      
   18.3576243253920190904203420926054463      
   17.8666663976069219322000745135112714      
   17.3978086622130775174701903497719188      
   16.9498735871685560494720106778536671      
   16.5217465376749457672060413803358597      
   16.1123737610204288375745024683575713      
   15.7207604863048322596547546627786501      
   15.3459682475669763812533444350273679      
   14.9871123716892231465026786995317470      
   14.6433593512425226202192638403379327      
   14.3139241734402859537789631512118098      
   13.9980676533870795435643299006649619      
   13.6950938414940794213084982400061832      
   13.4043475630996361556528789434003189      
   13.1252119689230415357535569958167306      
   12.8571062285833600833938100077597076      
   12.5994833351593920247216836014087981      
   12.3518280232638269152429123288906109      
   12.1136547999025185422857989122128999      
   11.8845060657060194920550724132247025      
   11.6639503758268781717488407343833531      
   11.4515808182988413065679415246110015      
   11.2470134232685037349238892456408941      
   11.0498857649751140751324095680250070      
   10.8598555704494896519243062478567630      
   10.6765995017165430255138836128997842      
   10.4998119330493485322210430179796338      
   10.3292038462829212437134403241084596      
   10.1645018441789686737118083437005197      
   10.0054471428454332920480994084549770      
   9.85179469290848092138455302063354117      
   9.70331232469888965932089870560445649      
   9.55977999874189867304371169276838234      
   9.42098904044030940559937967670260181      
   9.28674146871051355314630935739179360      
   9.15684936509548327874111721302151806      
   9.03113427629350748932762153050713474      
   8.90942665219418921419947466214168849      
   8.79156532747103413368292536742822251      
   8.67739704869749145084288680417989969      
   8.56677600393795140746107224553862813      
   8.45956338670331992325785302103058487      
   8.35562703130079845046273861824207899      
   8.25484103569753066627857953712222905      
   8.15708537705141882394421259268767232      
   8.06224563431488492114239465889855235      
   7.97021263160880181914868327203292083      
   7.88088220682576036763507907401258286      
   7.79415488545910722898726615003078574      
   7.70993567347804668415294542495453494      
   7.62813379819415537767121778084175295      
   7.54866248792484661379267430947972034      
   7.47143876630110840671251638660495726      
   7.39638325346477168255291303113743969      
   7.32341998452247426582602968777553786      
   7.25247623023393187308140631024614458      
   7.18348233460635208363694089711799027      
   7.11637156525566298167412600220580486      
   7.05107996275819027939739396351877294      
   6.98754620515336533305310007336042348      
   6.92571147797508151051793506112453042      
   6.86551935743642957572275913356313732      
   6.80691568666027136966237863989788307      
   6.74984847347931740751696464623919275      
   6.69426778965553935552556654511537776      
   6.64012566501810964144538407749232252      
   6.58737600427854773608579434949910016      
