   6.91360382032105060219110298214517828      
   6.91360382032105110148990120050159411      
   6.91360382032108955897461395071538087      
   6.91360382032172657037300039129441336      
   6.91360382032646964407827706415172893      
   6.91360382034827194454909996337520404      
   6.91360382042124210775840530949786442      
   6.91360382061614616007291977578022281      
   6.91360382105205065483227264220622005      
   6.91360382188251542740233332677763915      
   6.91360382321555130734198292171933302      
   6.91360382491358848530837220114911628      
   6.91360382622306345639420199582821963      
   6.91360382520291047040563182906182393      
   6.91360381794927827030491434915526451      
   6.91360379764123045655285203758137993      
   6.91360375345348257079927500259295066      
   6.91360366939581437293079260944981492      
   6.91360352314564596027928573315643256      
   6.91360328494217467337837081407012768      
   6.91360291660884321704242785934438811      
   6.91360237076628432502218817341293144      
   6.91360159029007201576126208901759913      
   6.91360050805619305016321238507168400      
   6.91359904700207501165318091199593160      
   6.91359712051291947470437617961666302      
   6.91359463312338526790570815235485393      
   6.91359148150523877180995330662625511      
   6.91358755569442154534172150987938641      
   6.91358274049775747352208308124274192      
   6.91357691701133196413718327362524643      
   6.91356996417980973802540741176001811      
   6.91356176032834956875897555258131730      
   6.91355218460552054800863266716005064      
   6.91354111828561318135894838506843410      
   6.91352844589072201969245228629939042      
   6.91351405610575416000612202198638888      
   6.91349784247205418191011723232680338      
   6.91347970385681973922656834624895491      
   6.91345954470535877458062318964289341      
   6.91343727509119690387682869133243474      
   6.91341281058497369423557828825149446      
   6.91338607196702751934610019756343804      
   6.91335698481073705079518248873645700      
   6.91332547896430714088891825740454131      
   6.91329148795804157831319803767599212      
   6.91325494836252703199359039810103073      
   6.91321579912083236079196407520701728      
   6.91317398087505206204627165932996939      
   6.91312943530450658439857150165387680      
   6.91308210448983231133308022779106653      
   6.91303193031415465821378098446052124      
   6.91297885390970598788681120735265378      
   6.91292281515560675931894219034281527      
   6.91286375221506132268595439334836489      
   6.91280160119953263349942390028980114      
   6.91273629575415797823807708502445815      
   6.91266776682397140604885865227796510      
   6.91259594241030009736748272923222716      
   6.91252074738536230647747722594038721      
   6.91244210334904980897818175275328519      
   6.91235992852264771896371786023323522      
   6.91227413767440374574885538845124963      
   6.91218464207150162066319090760092112      
   6.91209134945279984695648918988254114      
   6.91199416401693303731467928947546039      
   6.91189298642104669432119589054914503      
   6.91178771378523001556807254381928111      
   6.91167823969712302651551329296193803      
   6.91156445421386814601900651809868144      
   6.91144624385649331173490599397015244      
   6.91132349159341090518225626882248331      
   6.91119607681013756998984334569584147      
   6.91106387526204015976368493070601311      
   6.91092675900750024837230717880372051      
   6.91078459632036433941094600000104397      
   6.91063725157862228465200769871045569      
   6.91048458512719967482149213528814700      
   6.91032645311628935620814140261848013      
   6.91016270731268321738892342293147806      
   6.90999319487951525884541834301534933      
   6.90981775813017626041788873576998294      
   6.90963623425463690780458191118516909      
   6.90944845500741446324098442616933481      
   6.90925424637855584993723382169062658      
   6.90905342822109497283228260048066746      
   6.90884581385818171018502657972088058      
   6.90863120964920251566439856609622135      
   6.90840941453736315479938434566303158      
   6.90818021955533904093421133890358251      
   6.90794340730138448365548267981271776      
   6.90769875140092026914021408229645660      
   6.90744601590363404149174619930993034      
   6.90718495466924844539307353881774752      
   6.90691531074730708566941043434929031      
   6.90663681564649648927404434252999025      
   6.90634918867521801710195480582151390      
   6.90605213614667994945146207656690385      
   6.90574535063134939760414059205696613      
   6.90542851011382437109994011282178021      
   6.90510127715251812916906212836549672      
   6.90476329798848892819044317238683846      
   6.90441420161007103997313267993936832      
   6.90405359877369114193290167700447497      
   6.90368108101197967987712075168143107      
   6.90329621957267357903297961086170544      
   6.90289856430659352956936865940296360      
   6.90248764251471274394114215279738811      
   6.90206295776919409972202411285074842      
   6.90162398868697709974978962317155594      
   6.90117018754441294919548647853994655      
   6.90070097900954265809068910622513421      
   6.90021575868110602096615200050267776      
   6.89971389145185562299891443259545601      
   6.89919471048814140999259613805266647      
   6.89865751488242213901660286486965443      
   6.89810156842125746017356312195014116      
   6.89752609773737609670854629273282403      
   6.89693029026945874365323120845754602      
   6.89631329259711648457736521069788900      
   6.89567420824245269094703076622456425      
   6.89501209546113222278944320697859332      
   6.89432596511180956197683982700907529      
   6.89361477828412974462888075394228725      
   6.89287744382107659415656651048844273      
   6.89211281567377953935453865255910822      
   6.89131969020867850908827576673844944      
   6.89049680334060043541338917907224857      
   6.88964282741850919261549405240933120      
   6.88875636814687196382611331858696477      
   6.88783596111030512229094377255797647      
   6.88688006838599881103940660977516357      
   6.88588707472973922781338980151742348      
   6.88485528348447748893308864517082609      
   6.88378291268395757737316190466484789      
   6.88266809046305796848777293176633426      
   6.88150885045835606336221517362640292      
   6.88030312696873420645822879907247430      
   6.87904874956938814035665623832128025      
   6.87774343781930352737122532800989369      
   6.87638479529389383834762300430046047      
   6.87497030340842200756571419512628442      
   6.87349731488493125466077585555736323      
   6.87196304680368665034171275958747154      
   6.87036457327882082262967478680572169      
   6.86869881738609174976173712088279071      
   6.86696254284170294773567190617334210      
   6.86515234590428581030117647235421173      
   6.86326464497753040220448037007331034      
   6.86129567067976532655681926023645445      
   6.85924145586712745282112790502558589      
   6.85709782362931399661889701943962137      
   6.85486037543985726577371384149009410      
   6.85252447835298444760025560266828133      
   6.85008525106586121561458052873967983      
   6.84753754936878421817077303711292137      
   6.84487595025127323917971720814524859      
   6.84209473580065750794543459503330206      
   6.83918787513095773543280975285152801      
   6.83614900528752084311185434505017478      
   6.83297141114268240697262522384140306      
   6.82964800425218068157620911404399142      
   6.82617129961301284746283239915390602      
   6.82253339144705575380448756574292589      
   6.81872592718882322591515580989210975      
   6.81474008041068202151569770428138679      
   6.81056652137136256324590997708920973      
   6.80619538691042462574697258316466382      
   6.80161624755141279047135192028154982      
   6.79681807368742242712859275504688379      
   6.79178920125538401325726439644852519      
   6.78651729356561480804496199662389149      
   6.78098930392010346196924365322938252      
   6.77519143745645587997339045388649452      
   6.76910911088666257624949331006077081      
   6.76272691498831659854860649932605960      
   6.75602857515103062034154519411116028      
   6.74899691590031944976562539236172020      
   6.74161382764545551396263425605646455      
   6.73386023766997364151174204284411052      
   6.72571608776956230175502121331829444      
   6.71716031997763430130578213479349157      
   6.70817087258567426412162309003224837      
   6.69872468933365149188997077394325662      
   6.68879774492509800904106207358261982      
   6.67836508757760690747978508427788619      
   6.66740090605831578807189373434391176      
   6.65587861325023501527551435792023434      
   6.64377096035006053336168116675456581      
   6.63105016906090831035013215001301956      
   6.61768808818623956502176928245469595      
   6.60365636540065354378545538635411263      
   6.58892662867691146737984851167149969      
   6.57347066903760969367352027421109366      
   6.55726061361513866187876835167193574      
   6.54026907679491218034416649085591288      
   6.52246928315759920731583809393674555      
   6.50383514945945624580140285081622018      
   6.48434132678247475794622458640529461      
   6.46396319966236978304713012832491311      
   6.44267686899312531978849132887653193      
   6.42045906784153647235116654114509868      
   6.39728712461354800310080786144641274      
   6.37313888388184897237281518149112675      
   6.34799265544558614466960830674273352      
   6.32182717748682485655156305067429609      
   6.29462159842065388218682787476702806      
   6.26635547591253774087739716347249075      
   6.23700878844346218686529294708849631      
   6.20656195335729937452717973863534843      
   6.17499584635849784785096348492978583      
   6.14229181691638250298297307175135993      
   6.10843169939002213803796616684437004      
   6.07339781328028753707668863400293936      
   6.03717295728810305312869032820187849      
   5.99974039433910159732177997647465106      
   5.96108383047367601874539830442307521      
   5.92118738855882425418424033912675552      
   5.88003557791994791650269575305747340      
   5.83761326191604259659193065449218917      
   5.79390562445492263161404740947815597      
   5.74889813595617892642652581292177447      
   5.70257652097990336656334831506696442      
   5.65492672594344437052165139200798349      
   5.60593488947005286414983836181765863      
   5.55558731413251168187813988334546685      
   5.50387044067324236530921982803044526      
   5.45077082397452976855491751525469008      
   5.39627511137872802966606318894713818      
   5.34037002300593354614158121477609210      
   5.28304233388997413193913119351236357      
   5.22427885798632995466137006982578665      
   5.16406643371791436063571310619748684      
   5.10239191126646803669340930451164660      
   5.03924214100408801692555583442281509      
   4.97460396334301469787083221744550258      
   4.90846419946330262524583887573393823      
   4.84080964344478862637177042272415035      
   4.77162705498272010213539284048175504      
   4.70090315297667611277182353288266151      
   4.62862460989257865744824920131368431      
   4.55477804673798592136570214433182214      
   4.47935002863203786586081593086170452      
   4.40232706083068572896095537040758702      
   4.32369558525812892145885325966163763      
   4.24344197738840611217289074236926996      
   4.16155254353831927171850331685074106      
   4.07801351844365047205872796288745427      
   3.99281106310228012071235902017488050      
   3.90593126290474850579124958644516448      
   3.81736012597997757382855972753892979      
   3.72708358172529613282974281013453419      
   3.63508747953037824196202056053010557      
   3.54135758762322480006913176598331713      
   3.44587959212758573244311194777838643      
   3.34863909617556181235304260194535194      
   3.24962161916877978864088879785388528      
   3.14881259614078041726029607859631915      
   3.04619737720133052130244434045742387      
   2.94176122705197643663242401450137300      
   2.83548932459910414660205368498106573      
   2.72736676260452629940907056725963930      
   2.61737854741886964427543361599117890      
   2.50550959874918187139739846457745111      
   2.39174474947990514451445921639153144      
   2.27606874553394141578726911989301295      
   2.15846624577724206595553326672014140      
   2.03892182194910066308267347465081561      
   1.91741995862667083342775072631795386      
   1.79394505321808941487706697244108922      
   1.66848141597700073552955076498521497      
   1.54101327003483670854210540438784923      
   1.41152475148431959682656122870747929      
   1.27999990941678087160620959661306883      
   1.14642270603797928423559092590417062      
   1.01077701676861735634386542478300280      
  0.873046630363232332548361412100848898      
  0.733215249038172821141615960406284147      
  0.591266488613332377420091235084806438      
  0.447183878663209712520293106016384796      
  0.300950862669853287829573068939595774      
  0.152550798193210219486646771005583490      
   1.96695703890993475131817435796327518E-0003
 -0.150817474563842026163905719610173764      
 -0.305819395778267620516193364496430815      
 -0.463055790973609902716256427957696848      
 -0.622543729536786417462888152187566488      
 -0.784300365675306424799737527724475873      
 -0.948342938219319974930872989015278815      
  -1.11468877042375809209837503510739419      
  -1.28335526976339509533855491383080964      
  -1.45435992773115018299450476281009506      
  -1.62772031962877967549583920211690477      
  -1.80345410436369494493766782184648955      
  -1.98157902423295747953242950854057015      
  -2.16211290472411134929807397196678183      
  -2.34507365429170322355671116357122535      
  -2.53047926415728401184216896963704845      
  -2.71834780809346667432151489617658791      
  -2.90869744221303875406739731419041126      
