 0.92211253095904E+02
 0.92211253095831E+02
 0.92211253094071E+02
 0.92211253082534E+02
 0.92211253042748E+02
 0.92211252947225E+02
 0.92211252762948E+02
 0.92211252449501E+02
 0.92211251933995E+02
 0.92211251026337E+02
 0.92211249232094E+02
 0.92211245443796E+02
 0.92211237534344E+02
 0.92211221911751E+02
 0.92211193106439E+02
 0.92211143451202E+02
 0.92211062890196E+02
 0.92210938927628E+02
 0.92210756705961E+02
 0.92210499189665E+02
 0.92210147423604E+02
 0.92209680833325E+02
 0.92209077536305E+02
 0.92208314637343E+02
 0.92207368486819E+02
 0.92206214887024E+02
 0.92204829238425E+02
 0.92203186624247E+02
 0.92201261837476E+02
 0.92199029359055E+02
 0.92196463299192E+02
 0.92193537315454E+02
 0.92190224521600E+02
 0.92186497400133E+02
 0.92182327729743E+02
 0.92177686536211E+02
 0.92172544072683E+02
 0.92166869832340E+02
 0.92160632593949E+02
 0.92153800498461E+02
 0.92146341132300E+02
 0.92138221731668E+02
 0.92129409217718E+02
 0.92119870419023E+02
 0.92109572214714E+02
 0.92098481692384E+02
 0.92086566299293E+02
 0.92073793982156E+02
 0.92060133311460E+02
 0.92045553587184E+02
 0.92030024923560E+02
 0.92013518311181E+02
 0.91996005655678E+02
 0.91977459792756E+02
 0.91957854480041E+02
 0.91937164366317E+02
 0.91915364939895E+02
 0.91892432457488E+02
 0.91868343855213E+02
 0.91843076644164E+02
 0.91816608792393E+02
 0.91788918595673E+02
 0.91759984538781E+02
 0.91729785150054E+02
 0.91698298850880E+02
 0.91665503801857E+02
 0.91631377747186E+02
 0.91595897860133E+02
 0.91559040590260E+02
 0.91520781511344E+02
 0.91481095176220E+02
 0.91439954975893E+02
 0.91397333003341E+02
 0.91353199921406E+02
 0.91307524842450E+02
 0.91260275212270E+02
 0.91211416705706E+02
 0.91160913115578E+02
 0.91108726262269E+02
 0.91054815912026E+02
 0.90999139692307E+02
 0.90941653016394E+02
 0.90882309015344E+02
 0.90821058467811E+02
 0.90757849754958E+02
 0.90692628803642E+02
 0.90625339040787E+02
 0.90555921335391E+02
 0.90484313966667E+02
 0.90410452575163E+02
 0.90334270124356E+02
 0.90255696880744E+02
 0.90174660338112E+02
 0.90091085208961E+02
 0.90004893404604E+02
 0.89916003959281E+02
 0.89824333029496E+02
 0.89729793750241E+02
 0.89632296331208E+02
 0.89531747957659E+02
 0.89428052696272E+02
 0.89321111420945E+02
 0.89210821844748E+02
 0.89097078442790E+02
 0.88979772335772E+02
 0.88858791156597E+02
 0.88734019079627E+02
 0.88605336800724E+02
 0.88472621232847E+02
 0.88335745452371E+02
 0.88194578725783E+02
 0.88048986489713E+02
 0.87898829638588E+02
 0.87743965290057E+02
 0.87584245803430E+02
 0.87419519051886E+02
 0.87249628491093E+02
 0.87074412204239E+02
 0.86893703800118E+02
 0.86707330993079E+02
 0.86515116705579E+02
 0.86316877693189E+02
 0.86112425053609E+02
 0.85901563775063E+02
 0.85684092339453E+02
 0.85459802658039E+02
 0.85228479676709E+02
 0.84989901371242E+02
 0.84743837864651E+02
 0.84490051500254E+02
 0.84228296564944E+02
 0.83958318785105E+02
 0.83679854775827E+02
 0.83392631939118E+02
 0.83096367876986E+02
 0.82790770088892E+02
 0.82475535332932E+02
 0.82150349542438E+02
 0.81814886437828E+02
 0.81468808351460E+02
 0.81111764316445E+02
 0.80743390299815E+02
 0.80363308769143E+02
 0.79971127390349E+02
 0.79566438854967E+02
 0.79148820196355E+02
 0.78717832381473E+02
 0.78273019057993E+02
 0.77813906371348E+02
 0.77340001901132E+02
 0.76850795104483E+02
 0.76345755220408E+02
 0.75824331632611E+02
 0.75285953070604E+02
 0.74730027453638E+02
 0.74155941178065E+02
 0.73563059520115E+02
 0.72950726338858E+02
 0.72318264384889E+02
 0.71664976061891E+02
 0.70990144876256E+02
 0.70293036177693E+02
 0.69572900103948E+02
 0.68828974658771E+02
 0.68060489293784E+02
 0.67266670448529E+02
 0.66446747938394E+02
 0.65599964153992E+02
 0.64725583275837E+02
 0.63822905089923E+02
 0.62891279735368E+02
 0.61930129586322E+02
 0.60938967369511E+02
 0.59917426943878E+02
 0.58865292261287E+02
 0.57782534513578E+02
 0.56669352206674E+02
 0.55526215998879E+02
 0.54353916733925E+02
 0.53153615628189E+02
 0.51926894252816E+02
 0.50675800331776E+02
 0.49402886046090E+02
 0.48111233801048E+02
 0.46804463550088E+02
 0.45486712153480E+02
 0.44162586007413E+02
 0.42837081085805E+02
 0.41515463988760E+02
 0.40203131787904E+02
 0.38905447973723E+02
 0.37627575455404E+02
 0.36374316644930E+02
 0.35149977554724E+02
 0.33958265266845E+02
 0.32802225180700E+02
 0.31684218490742E+02
 0.30605935769642E+02
 0.29568439558314E+02
 0.28572226920206E+02
 0.27617304850363E+02
 0.26703268915975E+02
 0.25829381248928E+02
 0.24994643111798E+02
 0.24197859776369E+02
 0.23437696555827E+02
 0.22712725938336E+02
 0.22021466188037E+02
 0.21362412500622E+02
 0.20734060926696E+02
 0.20134927444565E+02
 0.19563561520507E+02
 0.19018556316523E+02
 0.18498555663781E+02
 0.18002258629187E+02
 0.17528422173162E+02
 0.17075862319737E+02
 0.16643454219271E+02
 0.16230131455685E+02
 0.15834884646143E+02
 0.15456759630265E+02
 0.15094855417264E+02
 0.14748321895986E+02
 0.14416357454761E+02
 0.14098206579175E+02
 0.13793157327393E+02
 0.13500539081671E+02
 0.13219720109212E+02
 0.12950105361508E+02
 0.12691134283050E+02
 0.12442278759067E+02
 0.12203041125179E+02
 0.11972952331472E+02
 0.11751570177828E+02
 0.11538477636158E+02
 0.11333281300739E+02
 0.11135609905432E+02
 0.10945112968716E+02
 0.10761459486461E+02
 0.10584336718373E+02
 0.10413449068960E+02
 0.10248517021792E+02
 0.10089276134729E+02
 0.99354761559111E+01
 0.97868801077180E+01
 0.96432635206857E+01
 0.95044136321037E+01
 0.93701287468007E+01
 0.92402174985574E+01
 0.91144983052270E+01
 0.89927987601952E+01
 0.88749550623341E+01
 0.87608115973647E+01
 0.86502203660890E+01
 0.85430406212455E+01
 0.84391384234174E+01
 0.83383862499678E+01
 0.82406626502832E+01
 0.81458519020955E+01
 0.80538436773357E+01
 0.79645327727656E+01
 0.78778188075551E+01
 0.77936059873329E+01
 0.77118028155456E+01
 0.76323219116294E+01
 0.75550797648486E+01
 0.74799965426263E+01
 0.74069958906958E+01
 0.73360047607586E+01
 0.72669532336107E+01
 0.71997743717718E+01
 0.71344040560335E+01
 0.70707808524154E+01
 0.70088458744021E+01
 0.69485426635985E+01
 0.68898170630080E+01
 0.68326171121046E+01
 0.67768929373939E+01
 0.67225966552004E+01
 0.66696822740675E+01
 0.66181056091962E+01
 0.65678241980601E+01
 0.65187972171736E+01
 0.64709854102301E+01
 0.64243510156789E+01
 0.63788576998538E+01
 0.63344704909732E+01
 0.62911557188788E+01
 0.62488809604324E+01
 0.62076149810724E+01
 0.61673276839859E+01
 0.61279900629014E+01
 0.60895741522952E+01
 0.60520529854927E+01
 0.60154005508328E+01
 0.59795917522887E+01
 0.59446023717935E+01
 0.59104090308607E+01
 0.58769891579818E+01
 0.58443209557562E+01
