 0.13628526479685E+03
 0.13628526479685E+03
 0.13628526479700E+03
 0.13628526479836E+03
 0.13628526480478E+03
 0.13628526482493E+03
 0.13628526487383E+03
 0.13628526497463E+03
 0.13628526516627E+03
 0.13628526552868E+03
 0.13628526623801E+03
 0.13628526765602E+03
 0.13628527044388E+03
 0.13628527568056E+03
 0.13628528496426E+03
 0.13628530048070E+03
 0.13628532503080E+03
 0.13628536201827E+03
 0.13628541540366E+03
 0.13628548963469E+03
 0.13628558956376E+03
 0.13628572036386E+03
 0.13628588745291E+03
 0.13628609643564E+03
 0.13628635306987E+03
 0.13628666326199E+03
 0.13628703309378E+03
 0.13628746887963E+03
 0.13628797725060E+03
 0.13628856525971E+03
 0.13628924050065E+03
 0.13629001123172E+03
 0.13629088649626E+03
 0.13629187623191E+03
 0.13629299136184E+03
 0.13629424386294E+03
 0.13629564680772E+03
 0.13629721437833E+03
 0.13629896185314E+03
 0.13630090556742E+03
 0.13630306285121E+03
 0.13630545194807E+03
 0.13630809191922E+03
 0.13631100253762E+03
 0.13631420419054E+03
 0.13631771771663E+03
 0.13632156436868E+03
 0.13632576566728E+03
 0.13633034332010E+03
 0.13633531914327E+03
 0.13634071499747E+03
 0.13634655274033E+03
 0.13635285419577E+03
 0.13635964114058E+03
 0.13636693530851E+03
 0.13637475841102E+03
 0.13638313217397E+03
 0.13639207838951E+03
 0.13640161898151E+03
 0.13641177608306E+03
 0.13642257212534E+03
 0.13643402993517E+03
 0.13644617284049E+03
 0.13645902478189E+03
 0.13647261042834E+03
 0.13648695529715E+03
 0.13650208587438E+03
 0.13651802973735E+03
 0.13653481567554E+03
 0.13655247381011E+03
 0.13657103571253E+03
 0.13659053451818E+03
 0.13661100503796E+03
 0.13663248386470E+03
 0.13665500947710E+03
 0.13667862233609E+03
 0.13670336498157E+03
 0.13672928211939E+03
 0.13675642070679E+03
 0.13678483003335E+03
 0.13681456178962E+03
 0.13684567014991E+03
 0.13687821183889E+03
 0.13691224619920E+03
 0.13694783525191E+03
 0.13698504376109E+03
 0.13702393929444E+03
 0.13706459228453E+03
 0.13710707607996E+03
 0.13715146702188E+03
 0.13719784450748E+03
 0.13724629104480E+03
 0.13729689232260E+03
 0.13734973727728E+03
 0.13740491815412E+03
 0.13746253061197E+03
 0.13752267381742E+03
 0.13758545050953E+03
 0.13765096709675E+03
 0.13771933377063E+03
 0.13779066462572E+03
 0.13786507778307E+03
 0.13794269541215E+03
 0.13802364413153E+03
 0.13810805494513E+03
 0.13819606342883E+03
 0.13828780995421E+03
 0.13838343995386E+03
 0.13848310406542E+03
 0.13858695817691E+03
 0.13869516399654E+03
 0.13880788922274E+03
 0.13892530756401E+03
 0.13904759930927E+03
 0.13917495173125E+03
 0.13930755915154E+03
 0.13944562329843E+03
 0.13958935429613E+03
 0.13973897017239E+03
 0.13989469817650E+03
 0.14005677471224E+03
 0.14022544616834E+03
 0.14040096943324E+03
 0.14058361235113E+03
 0.14077365460880E+03
 0.14097138840227E+03
 0.14117711895856E+03
 0.14139116584177E+03
 0.14161386328935E+03
 0.14184556158327E+03
 0.14208662788765E+03
 0.14233744744295E+03
 0.14259842472547E+03
 0.14286998461986E+03
 0.14315257394235E+03
 0.14344666312737E+03
 0.14375274738896E+03
 0.14407134910624E+03
 0.14440301910886E+03
 0.14474833933264E+03
 0.14510792444460E+03
 0.14548242482984E+03
 0.14587252918409E+03
 0.14627896714660E+03
 0.14670251281257E+03
 0.14714398783339E+03
 0.14760426541876E+03
 0.14808427461525E+03
 0.14858500426173E+03
 0.14910750863814E+03
 0.14965291224196E+03
 0.15022241616666E+03
 0.15081730467596E+03
 0.15143895179984E+03
 0.15208882978793E+03
 0.15276851769263E+03
 0.15347971010822E+03
 0.15422422909899E+03
 0.15500403445389E+03
 0.15582123685091E+03
 0.15667811194921E+03
 0.15757711533694E+03
 0.15852089935655E+03
 0.15951233181235E+03
 0.16055451545508E+03
 0.16165081033648E+03
 0.16280485745583E+03
 0.16402060365774E+03
 0.16530232919070E+03
 0.16665467711405E+03
 0.16808268224362E+03
 0.16959180362356E+03
 0.17118795494497E+03
 0.17287753423422E+03
 0.17466745020654E+03
 0.17656515489631E+03
 0.17857864543689E+03
 0.18071648102129E+03
 0.18298776740156E+03
 0.18540213139990E+03
 0.18796966190129E+03
 0.19070081885494E+03
 0.19360630177538E+03
 0.19669686373726E+03
 0.19998307039464E+03
 0.20347499893245E+03
 0.20718187699428E+03
 0.21111166508873E+03
 0.21527061920837E+03
 0.21966283859860E+03
 0.22428986530417E+03
 0.22915037067900E+03
 0.23423997213159E+03
 0.23955123595589E+03
 0.24507385901526E+03
 0.25079503520893E+03
 0.25669996084142E+03
 0.26277242372570E+03
 0.26899541719383E+03
 0.27535171227053E+03
 0.28182435600978E+03
 0.28839705910517E+03
 0.29505447634233E+03
 0.30178237568534E+03
 0.30856772119164E+03
 0.31539868817998E+03
 0.32226462020798E+03
 0.32915596173500E+03
 0.33606416640294E+03
 0.34298159920176E+03
 0.34990144066333E+03
 0.35681758969472E+03
 0.36372458275210E+03
 0.37061751108350E+03
 0.37749195476395E+03
 0.38434392217108E+03
 0.39116979787558E+03
 0.39796629757933E+03
 0.40473042890686E+03
 0.41145945864742E+03
 0.41815088397082E+03
 0.42480240856102E+03
 0.43141192011930E+03
 0.43797747306942E+03
 0.44449727257197E+03
 0.45096966135596E+03
 0.45739310633281E+03
 0.46376619070412E+03
 0.47008760178517E+03
 0.47635612520504E+03
 0.48257063761222E+03
 0.48873009950588E+03
 0.49483355037549E+03
 0.50088010372685E+03
 0.50686894300519E+03
 0.51279931686772E+03
 0.51867053618590E+03
 0.52448197067823E+03
 0.53023304641772E+03
 0.53592324256263E+03
 0.54155208938194E+03
 0.54711916574501E+03
 0.55262409779137E+03
 0.55806655594464E+03
 0.56344625464716E+03
 0.56876294857993E+03
 0.57401643348708E+03
 0.57920654375532E+03
 0.58433315046454E+03
 0.58939616045016E+03
 0.59439551624290E+03
 0.59933119300760E+03
 0.60420319847192E+03
 0.60901157232878E+03
 0.61375638312979E+03
 0.61843773043320E+03
 0.62305574013357E+03
 0.62761056728093E+03
 0.63210239150404E+03
 0.63653141892664E+03
 0.64089787952487E+03
 0.64520202664879E+03
 0.64944413661368E+03
 0.65362450715892E+03
 0.65774345768315E+03
 0.66180132667718E+03
 0.66579847214467E+03
 0.66973527015194E+03
 0.67361211484791E+03
 0.67742941659315E+03
 0.68118760194471E+03
 0.68488711251648E+03
 0.68852840425816E+03
 0.69211194661762E+03
 0.69563822213487E+03
 0.69910772554384E+03
 0.70252096257647E+03
 0.70587845010134E+03
 0.70918071466242E+03
 0.71242829239669E+03
 0.71562172797209E+03
 0.71876157414581E+03
 0.72184839104486E+03
 0.72488274547821E+03
 0.72786521059373E+03
 0.73079636502466E+03
 0.73367679233905E+03
 0.73650708071119E+03
 0.73928782218341E+03
 0.74201961211826E+03
 0.74470304882685E+03
 0.74733873297123E+03
 0.74992726718307E+03
 0.75246925552067E+03
 0.75496530307439E+03
 0.75741601548938E+03
 0.75982199864920E+03
 0.76218385815077E+03
 0.76450219902294E+03
 0.76677762535335E+03
