   6.96056439612021242808744050754793625      
   6.96056439612024352967699185272980619      
   6.96056439612189877694147173459391949      
   6.96056439614162191579813058358625410      
   6.96056439625239883292488151068726163      
   6.96056439665422381575740135981294350      
   6.96056439775841288409173393817563209      
   6.96056440027108812797628178994037200      
   6.96056440526140059587295989102178190      
   6.96056441418962540554154216942266724      
   6.96056442885352210796800929878825625      
   6.96056445120135424932264103899178193      
   6.96056448296614495180169525975183942      
   6.96056452509694175145473006957799499      
   6.96056457699071219780236071894751236      
   6.96056463555440884860958450323320085      
   6.96056469414586494202430656590445527      
   6.96056474145354775040767049441994595      
   6.96056476038014853995420069135151011      
   6.96056472699546044926664505224300919      
   6.96056460962139501638606672955278056      
   6.96056436810678849690381733162430939      
   6.96056395334160504905686653185738930      
   6.96056330704881058070593156565873031      
   6.96056236187749987131191168647216239      
   6.96056104180344415735631813665932413      
   6.96055926282445071136213930869763800      
   6.96055693391961249121271943517258151      
   6.96055395822557094718041893702846380      
   6.96055023437089192113750676815282951      
   6.96054565790255744300007831443947808      
   6.96054012273671623049958942705838621      
   6.96053352256888248055816287703825066      
   6.96052575218591088984553394044145896      
   6.96051670863219045168082521255499412      
   6.96050629219437826395686111221981127      
   6.96049440718147675290270706094446602      
   6.96048096248916311455663608546411972      
   6.96046587194824099181656250531033868      
   6.96044905446640631766803836327366627      
   6.96043043397991779124087600504515394      
   6.96040993923716464064132021543253200      
   6.96038750343961403853800407114278964      
   6.96036306376737841371519236704182251      
   6.96033656081692646405217532627836527      
   6.96030793797755280744337087296273264      
   6.96027714077140364902080738149415301      
   6.96024411617940091034516905979096255      
   6.96020881197255018478656547066913874      
   6.96017117606506206672462768897330094      
   6.96013115590262702092189214634779318      
   6.96008869789618700153073315434033389      
   6.96004374690872970859465837396548941      
   6.95999624580006856162743911115018061      
   6.95994613503228792975140794079453623      
   6.95989335233655348019958089041095025      
   6.95983783244031980952212683566817625      
   6.95977950685257271125417444446940387      
   6.95971830370365318139962401864913635      
   6.95965414762753396312649183720769304      
   6.95958695972625941543869926803788867      
   6.95951665750488340358798423135574098      
   6.95944315490681898695571864598897759      
   6.95936636234643985926847531666139353      
   6.95928618677097842643157867030858789      
   6.95920253173986110252678691916002134      
   6.95911529751637636999544377108774864      
   6.95902438116636120934381538976580660      
   6.95892967665971207780491685584530307      
   6.95883107496955288061515381613963791      
   6.95872846416542222765734618331270317      
   6.95862172949715378253424121618663276      
   6.95851075346515741715120439547421971      
   6.95839541587521495273867774362703744      
   6.95827559387437335297239585976362837      
   6.95815116196582315420113978208482458      
   6.95802199200141450707076095034169195      
   6.95788795314927753449132148839084410      
   6.95774891183528154350448402454890143      
   6.95760473165727311943729404225099583      
   6.95745527327273382780244091328840869      
   6.95730039425376673407052941588432693      
   6.95713994891665510284373153737025859      
   6.95697378812069527463417176785633134      
   6.95680175903111900247954443232385841      
   6.95662370486081390015869061460492257      
   6.95643946457222193173587263624979116      
   6.95624887255366205727153103215126337      
   6.95605175826191260482282544992327626      
   6.95584794583378077530601845309335804      
   6.95563725366873760971367922881800996      
   6.95541949397391562259207543820651967      
   6.95519447228760924663014466466005078      
   6.95496198695451415536170291815352865      
   6.95472182859224530005928840457029637      
   6.95447377949734447051898390223668744      
   6.95421761304462403126430858443093682      
   6.95395309303985346038926028169563509      
   6.95367997303095481262792354909881648      
   6.95339799560950911198939407905036700      
   6.95310689164361321213493805231545751      
   6.95280637951275156100457061313284099      
   6.95249616426561030390350876605129256      
   6.95217593676923845502225596734152578      
   6.95184537282194106931157135431911378      
   6.95150413217760116390072439353584315      
   6.95115185759606332995417467156102197      
   6.95078817380193739637149407689715332      
   6.95041268639578669068477841019680989      
   6.95002498076271554346272934871392992      
   6.94962462088087225165159066648061297      
   6.94921114809546280805547868482379231      
   6.94878407986066242458104022794506745      
   6.94834290835090427074380405225059743      
   6.94788709912476050487226730795652056      
   6.94741608960846826903982340050448623      
   6.94692928760615756570635671105924275      
   6.94642606969111812979397264942040118      
   6.94590577934698971848587908875028451      
   6.94536772571936429959294875108691957      
   6.94481118114964281442031011645777836      
   6.94423537957283893782321673714257468      
   6.94363951442685795371642464125571013      
   6.94302273658766386272719631755950553      
   6.94238415198134801076343766527812844      
   6.94172281935017842289911588938842751      
   6.94103774780003854588819786096895061      
   6.94032789406511645926642787300763191      
   6.93959215981074405574587405073398923      
   6.93882938889948547327572176181738824      
   6.93803836411035357791715140166895410      
   6.93721780409850175947052215777680327      
   6.93636635989671726579643900582990919      
   6.93548261138708011429013395235660064      
   6.93456506359576323161447704351422980      
   6.93361214247246737892967416799884749      
   6.93262219089457067111176137455873082      
   6.93159346405316898072711261621779658      
   6.93052412465814877971348614493919576      
   6.92941223813278916890729235204613239      
   6.92825576700648018904928440679846299      
   6.92705256535927485837930378873296396      
   6.92580037270756715601335384050081886      
   6.92449680782563326874352521086059577      
   6.92313936172669459421395716216265940      
   6.92172539037787674084829156607154720      
   6.92025210712158776656985795223729566      
   6.91871657430170371645607969486997366      
   6.91711569451222472918213611224317822      
   6.91544620123800496643540470132162192      
   6.91370464878149597007470006526115316      
   6.91188740146586361173574205176432373      
   6.90999062202419324485817550426113800      
   6.90801026016447440631810613567788058      
   6.90594203813359098626116626782542902      
   6.90378143729860852334377215133731045      
   6.90152368279648847987506971822332339      
   6.89916372740267923524581593459968577      
   6.89669623399260183773872670891313286      
   6.89411555666492924489934100048476054      
   6.89141572048158072875441626499847294      
   6.88859040014550756429399211224152829      
   6.88563289594891236485731816071866296      
   6.88253610925538254828158331909717156      
   6.87929251476056877927978475584500341      
   6.87589413191207097902220199034953208      
   6.87233249308958434217113877057416393      
   6.86859861011460166129381973482566421      
   6.86468293767869579063432514307656292      
   6.86057533458193793710077736479177555      
   6.85626502187102508199437246496522334      
   6.85174053784598629353719780688834467      
   6.84698969056374953323272705080434199      
   6.84199950677699322491728341623337603      
   6.83675617757514183846058695654680489      
   6.83124500247418877621859176413347147      
   6.82545032822733216841900252273980851      
   6.81935548721140723476867677177343442      
   6.81294273332000171532600343362135825      
   6.80619317628314579949051826613835951      
   6.79908671687172155408208839754453048      
   6.79160198321152192466306914185100462      
   6.78371627027574719521931251222089922      
   6.77540548630046907927554496277574853      
   6.76664410749334937282968965813061124      
   6.75740514696934283841691436729382523      
   6.74766014045520786149662870988434313      
   6.73737915446510978512767897085752466      
   6.72653082434845188023399165332722317      
   6.71508242434246481901023002739405328      
   6.70299997984572628222161827133719211      
   6.69024841697999855717225178530386307      
   6.67679176339843578786861831212391242      
   6.66259338710689658117145537717653245      
   6.64761627610568764423385098501387690      
   6.63182334420524221080933972863014657      
   6.61517774977599512540145200939313295      
   6.59764320978811262424385468494613919      
   6.57918428789168637395081767647390631      
   6.55976664063288477900879144048487335      
   6.53935720984727318881612791002661172      
   6.51792434653385181866778205110854982      
   6.49543787900998409126239180277498857      
   6.47186912888633661371017532141636050      
   6.44719086909461915238545783957191900      
   6.42137728995668496655226501687068821      
   6.39440392055783258815024564013792962      
   6.36624756178073495378929883654122025      
   6.33688621820380655983305980459580589      
   6.30629903307479266869095075784782694      
   6.27446622593011293754817759191475442      
   6.24136903002368666952307149035597665      
   6.20698962818917641623841281036854892      
   6.17131108549846354677683133538472028      
   6.13431727982806122762704719785561062      
   6.09599282904288687274726738594112745      
   6.05632301787302761878598949830450353      
   6.01529372492404814677203211196753974      
   5.97289135184943372123361823047055706      
   5.92910275517019249532650371791082833      
   5.88391518233521457194344797976797481      
   5.83731621219062878917265032228603594      
   5.78929370043662967120563921893067347      
   5.73983572987197235341103956748323116      
   5.68893056609552325596686677224335889      
   5.63656661747086573158618246793678183      
   5.58273239974855859902516704082443563      
   5.52741650496268799743471908123016887      
   5.47060757407163089571210168733714390      
   5.41229427292844197798860397742461201      
   5.35246527152343824365668206983273495      
   5.29110922591542503509925851182564843      
   5.22821476250315440142780528925798558      
   5.16377046456844290940477375583164956      
   5.09776486063477626011880212928165345      
   5.03018641448939997520145991418411181      
   4.96102351669139642108244913851410825      
   4.89026447707946450184195372950340546      
   4.81789751883895146989415743496010226      
   4.74391077305217069512537909084953283      
   4.66829227429588929354587922104628767      
   4.59102995689870213499533216694911970      
   4.51211165177747909728962732046033079      
   4.43152508388082274453708730697304618      
   4.34925787003528678447715763366804278      
   4.26529751718162465337005934760827878      
   4.17963142098507129200575519684320879      
   4.09224686473352680168245101290239242      
   4.00313101849012475899408981893646803      
   3.91227093846128488654775483408219520      
   3.81965356655478833044948794035966680      
   3.72526573012221077557382669519326168      
   3.62909414183119081683638656786055620      
   3.53112539965379599722698640957270187      
   3.43134598696474445817503132726639037      
   3.32974227273802683889100896061785621      
   3.22630051182257413735064611454348229      
   3.12100684526470656423888474076898564      
   3.01384730070922071774625761825107210      
   2.90480779283583067189107001123182613      
   2.79387412384725936831604603611273409      
   2.68103198397526104551722623344589645      
   2.56626695203418060588536699505789569      
   2.44956449598584087529803614643833686      
   2.33090997352253314207189834580507080      
   2.21028863268169154498938881556965082      
   2.08768561245343598124254346990414319      
   1.96308594340871140053162979081764627      
   1.83647454833369009476207285283204410      
   1.70783624286801377484031682896399827      
   1.57715573614638267231373411495617823      
   1.44441763143740730510414219102752315      
   1.30960642679719879599533812807316208      
   1.17270651570283114941313484993019995      
   1.03370218769604419667955982516842095      
  0.892577629020521107376489974367905350      
  0.749316923255509686092901938102360979      
  0.603904051945290831565360671771107095      
  0.456322895224227301112363824618914371      
  0.306557232433732485207426019282537411      
  0.154590742737780075231985280504170996      
   4.07005728587216222028526919276620779E-0004
 -0.156010497974348243899764121842298100      
 -0.314678386127620386573617106189488448      
 -0.475613374279888347097356186617125507      
 -0.638832275190658385415218155912612422      
 -0.804351998258496831165802043194154270      
 -0.972189548955577641736811815681754955      
  -1.14236202826996980991971330268754394      
  -1.31488663215422963181890166512224271      
  -1.48978065098281591769432519728924289      
  -1.66706146901685121954071483130404692      
  -1.84674656387357150110593896764457377      
  -2.02885350600636524898533942845488992      
  -2.21339995819069110475721823148472646      
  -2.40040367501676080305257333026065228      
  -2.58988250238846690537118733102868812      
  -2.78185437703304382337967088327858411      
  -2.97633732601311145724003699491541972      
  -3.17334946624986549175839642720275658      
