   482.989325850007905336203016426942572      
   482.989325850023373366427372730507558      
   482.989325850584957797292430936243272      
   482.989325856041768605215061144867016      
   482.989325882847423282309279440333041      
   482.989325962960785244021862817180800      
   482.989325964476093696761238226241632      
   482.989323864525929937062030927766434      
   482.989307845718907338225917889245310      
   482.989234833847240460364060376680197      
   482.988991236150626994866270072757738      
   482.988340379049838945001130244399233      
   482.986868768962185921764675468309913      
   482.983944750559992096878417814432990      
   482.978698897441246841262875595265442      
   482.970029026180323546025565530302366      
   482.956627168204560549404843484002714      
   482.937022552929518994116560748794382      
   482.909633636520482857264425871468720      
   482.872822783063831846547081824307516      
   482.824948603749282078964301775663356      
   482.764412590613387268674746782624207      
   482.689698180071074319396714994019445      
   482.599401575747798996617588441948108      
   482.492254507048193392749096375620554      
   482.367139629200656617297694736513901      
   482.223099544453227707326994597062422      
   482.059340512540605659543035216866558      
   481.875231885469551069586893935665626      
   481.670302199134629308456764240420175      
   481.444232720829482654867600425817323      
   481.196849113382880926968915595034564      
   480.928111749040969067537997171001861      
   480.638105097101357539566769846279130      
   480.327026520940067744551932809303465      
   479.995174751326786979517161169585576      
   479.642938250863120829368265709047149      
   479.270783645376609505780284502255314      
   478.879244368669264894356726548584791      
   478.468909644034044789256175705826807      
   478.040413907122160494998718632983861      
   477.594426758223429903028956135808831      
   477.131643516909619615509005997198224      
   476.652776437441787462495001943114348      
   476.158546629343327935485607718850949      
   475.649676713857048632641053724726934      
   475.126884233993134628134641962825929      
   474.590875823525686123841645095933053      
   474.042342128962328447525789426677999      
   473.481953468285227203266840351902785      
   472.910356201343780344934290480459737      
   472.328169779168839985054749912256754      
   471.735984433287134510807039271670333      
   471.134359461264406027460895044910246      
   470.523822061171343302721848295907917      
   469.904866665345061302606538702183725      
   469.277954722597109491039900083876064      
   468.643514877811593948132242634280063      
   468.001943498491328993638879633871425      
   467.353605499171992607835584026450149      
   466.698835412754221645199150455550010      
   466.037938686002537245069468671927484      
   465.371193104923257232615177741355568      
   464.698850378208550650487655907523729      
   464.021137794950538000132327443350901      
   463.338259942950897936286652880497461      
   462.650400455918745414898172775328088      
   461.957723764073703280244216507535880      
   461.260376825687853833663305887843127      
   460.558490820825488468654185606945827      
   459.852182790914593341088931244759165      
   459.141557210890566866805104876836137      
   458.426707483256954545856407279557305      
   457.707717345655073914642088396973654      
   456.984662185744590562877390103953025      
   456.257610259474549366553045799315022      
   455.526623809980422062243755212716304      
   454.791760086076465051309009262513594      
   454.053072261396977371124536209944216      
   453.310610255434574308404178498303950      
   452.564421458027077810650176715313351      
   451.814551362261300377092458139273877      
   451.061044109023993957635763377884060      
   450.303942946371076083867535438941868      
   449.543290611614172690593436328941541      
   448.779129637067845997825554029042624      
   448.011502588802324249253366328458443      
   447.240452239553414443608716659119223      
   446.466021685789384581286543230814368      
   445.688254409411878215375297417477626      
   444.907194291621349119640954819026598      
   444.122885585688629529099589912068743      
   443.335372847392544331606090346470831      
   442.544700832070927354093341446159362      
   441.750914370278530094395341333091355      
   440.954058197760479542053645633688287      
   440.154176788976999477530784851625820      
   439.351314145555037076371373452609528      
   438.545513593503118894248399031574760      
   437.736817543474586014439677383517722      
   436.925267260425101856750041254104261      
   436.110902613222623495357458217518279      
   435.293761823788361081430516221283341      
   434.473881203398762027454482638413617      
   433.651294900752315305248378384792504      
   432.826034636326812013855864697122335      
   431.998129436088501938689869860686956      
   431.167605367949284507032048587830550      
   430.334485286120792595033928381737880      
   429.498788574029746258103694453203679      
   428.660530869314557676460051061141510      
   427.819723825568275209434368685138667      
   426.976374852896363965578821776178165      
   426.130486861032935731701352365560829      
   425.282058015832016320627050869580847      
   424.431081484918832513939416441944090      
   423.577545204278581758475735720065705      
   422.721431573320464808066859134930227      
   421.862717382203868495529231389305806      
   421.001373324562711429323269252748156      
   420.137363926493135932313721495272910      
   419.270647213468556209074258546441730      
   418.401174492020142515430789696959264      
   417.528890081845540743813853197724359      
   416.653731079638070694013243498530124      
   415.775627060504921341004698938604541      
   414.894499810083223340640393461947333      
   414.010263054599742548449112814801239      
   413.122822147997481072905429874552927      
   412.232073804617845272179455275096999      
   411.337905717755063631376324204334551      
   410.440196288896673234322354764336406      
   409.538814268329573412398567885799329      
   408.633618359254375287048353507456448      
   407.724456857526005577323194237091299      
   406.811167221423599799728376164807244      
   405.893575647886903194259873395012274      
   404.971496631028411917132232727989855      
   404.044732429134088488307192579604198      
   403.113072591371121887483809945907018      
   402.176293376616678218004004131396162      
   401.234157157351754255603018222428945      
   400.286411745600531541910390437470164      
   399.332789839877549883205299729018392      
   398.373008129835761121297843387305668      
   397.406766643272700630852486596659110      
   396.433747846057335548980915154434385      
   395.453615802007734847977346836666030      
   394.466015093998109005067962220856529      
   393.470570012218977879996004035486610      
   392.466883186802254960913529821309020      
   391.454534459221852395007188859100895      
   390.433080100881527265432594132931018      
   389.402050645958495581102503975239463      
   388.360949993471344183400835768826396      
   387.309253689249240915294307906743624      
   386.246407327379793729765537549247061      
   385.171824741174046298903839167436928      
   384.084886136694107330048351514749486      
   382.984936168974479408513088704265763      
   381.871281943942407275700827326511260      
   380.743190541556952991551875507543093      
   379.599886956686533617041413729729189      
   378.440551590627268939399676842215411      
   377.264318096205607588797520916155282      
   376.070270498403914323700120078869334      
   374.857440848569409739918243524113693      
   373.624807062525740982187246045198223      
   372.371290134320406289581168848819877      
   371.095752513735763194314575801523700      
   369.796996197577190299796631278361338      
   368.473761369432811545155529784424169      
   367.124726299850307694398558228036339      
   365.748507378049039168638943190398208      
   364.343661253671590505659516512416860      
   362.908689451727966665097321602957110      
   361.442042981448909772625902565923307      
   359.942133068430377056182516541298210      
   358.407343969097157614112239310144044      
   356.836052165616363466025221205194346      
   355.226651510374841993169969958633160      
   353.577587531258889047828779489065649      
   351.887402379191107924150065780777144      
   350.154791842754250675055697157557629      
   348.378679641668691988108863907652227      
   346.558310378087070747165284336020754      
   344.693364821295697702324515101387604      
   342.784102763641302184209868047469202      
   340.831534465406916600793266478758086      
   338.837623302489622660206772881494420      
   336.805523827060115420566939171795953      
   334.739841084438820995348315241613205      
   332.646943533417268089537400393170904      
   330.535237742567120547100506175559017      
   328.415489524249293325579618538106009      
   326.301090906495214849338989717194455      
   324.208271806443765050651763865893287      
   322.156212836198864513176312825283944      
   320.167020096245855802196807991520030      
   318.265504008547234639567577168123616      
   316.478850264799197450987921231162755      
   314.835921167875118247808973965673915      
   313.366501775182038464793638842235314      
   312.100332962533064306238187854607559      
   311.066238099832316322368470241165601      
   310.290458282856923683636995664933340      
   309.796572041728536749376834332307947      
   309.604178693027404498526862793217362      
   309.728479035575670361794638161537230      
   310.179991038408062956266207065305759      
   310.964523989155384711810779462178275      
   312.083381302802385594475529056699466      
   313.533744006638458201299197042879280      
   315.309178955314760770957191515760186      
   317.400217129100921057491742041860995      
   319.794950445419244742688685244146095      
   322.479613022616048135321663821955479      
   325.439116754015489318937209715509060      
   328.657525121037512207968431511504710      
   332.118457844020266404128612270877130      
   335.805425212006367734825326212382433      
   339.702094805641666224619965213015320      
   343.792497449573479437774577767986010      
   348.061178722659713698877405128435392      
   352.493308505491771941296096196020075      
   357.074748277270811711492350588574994      
   361.792093673898007412270724560959424      
   366.632690801717765500413056836561530      
   371.584635395145000540231471773045060      
   376.636758681497162727337430297547134      
   381.778604284655124058385675600800763      
   387.000398401012715798534136213850766      
   392.293014826742282392085598257073506      
   397.647939706872549393360466942096127      
   403.057233696148428032763952005053076      
   408.513495187211880593581774729610000      
   414.009823966096623759841956142513919      
   419.539785625405151209284438818678642      
   425.097378884315396156295045489296495      
   430.677005471546310955385587549702056      
   436.273437659367059222616128646541960      
   441.881793407887406456950928410314783      
   447.497509638708851635632583031395787      
   453.116319422668743971478253784821735      
   458.734230617012270271026786934705090      
   464.347504372670955777355166399542065      
   469.952638908993775852667027192863168      
   475.546351288811732727810456742944834      
   481.125563192504245118986146653241746      
   486.687386026558535404604658464287736      
   492.229108426794177026006184200211755      
   497.748184974525553178339412788997819      
   503.242225110615623705805992778202329      
   508.708983521370564206256194678543390      
   514.146350920705304131689029241190147      
   519.552346247043534869992137304655876      
   524.925109269457068417837331609932455      
   530.262893321485806150026309116145893      
   535.564059390578935289459393292083939      
   540.827070005529020164681391878643835      
   546.050484225629684506314581780374283      
   551.232952647764987105864009293618437      
   556.373212977773835871380609471717940      
   561.470085609033366064987957735378104      
   566.522469843367854841272332891369065      
   571.529340808570033598929255178947529      
   576.489745216162606460320607301725546      
   581.402798906497676804881559207588782      
   586.267683952425707661864347330201259      
   591.083645307740149848966441929541511      
   595.849989038635608738699406245775352      
   600.566079378236496917884723813639580      
   605.231336511323077895387443390165602      
   609.845234111329982065737733517936112      
   614.407299231233321805731498227808408      
   618.917107175290321371527603948187872      
   623.374281553486686413236043631862738      
   627.778492511329978535312122965324037      
   632.129454360281309880161899044721406      
   636.426924475769463529096693090725279      
   640.670701288495452031757258446120862      
   644.860622982594472428263984460587261      
   648.996565965148867718777709627400628      
   653.078443359518689154479638038118130      
   657.106203676045103066755507396471422      
   661.079829480228985591140143729260525      
   664.999335924923995436334984415762431      
   668.864769603039021161997103831237676      
   672.676207269829862255802263625525199      
   676.433754621587168029484938982413846      
   680.137544983265889529417049806623110      
   683.787738345868318385125504922007994      
   687.384520089877616675960371672834690      
   690.928099899602388407772549754653177      
   694.418710677566655060832567289103401      
   697.856607483617029827369756950157436      
   701.242066546580921104143792173972040      
   704.575384126367381037563925598769885      
   707.856875678849878689056131002911081      
   711.086874762859304119790339284870411      
