   6.91360382032448847522976250442333937      
   6.91360382032448897452856100055816334      
   6.91360382032452743201328781372420908      
   6.91360382032516444341181800519020426      
   6.91360382032990751712095170087741311      
   6.91360382035170981779289183369469384      
   6.91360382042467998402730519867706801      
   6.91360382061958405575438348889926642      
   6.91360382105548862151311342607049560      
   6.91360382188595357241861955907867368      
   6.91360382321898980233041494293455971      
   6.91360382491702757159214675743732786      
   6.91360382622650346118728077776816705      
   6.91360382520635178945247902351875417      
   6.91360381795271752376771950506116295      
   6.91360379764466427474010516104689318      
   6.91360375345691122141519946118973637      
   6.91360366939923816144568360199562342      
   6.91360352314906510821006846286794562      
   6.91360328494558918942820405045213817      
   6.91360291661224686293784246121342975      
   6.91360237076967843591208074990545548      
   6.91360159029343458910194450190982575      
   6.91360050805947957343653785307076139      
   6.91359904700515495814718417309866407      
   6.91359712051552684223150375909590991      
   6.91359463312491760692632089342063545      
   6.91359148150433916107981693860197437      
   6.91358755568840491694107182378084183      
   6.91358274048146957536440509267570633      
   6.91357691697528502882322588995960703      
   6.91356996410720318746383291335981175      
   6.91356176019046717557561147116354797      
   6.91355218435482700676023158857557547      
   6.91354111784570463165970753048783858      
   6.91352844514202485070971947363210807      
   6.91351405486567383526181055334792142      
   6.91349784046789806608618417868567677      
   6.91347970068971231784870318528018485      
   6.91345953980279201370571325274886634      
   6.91343726764573327044829256921290946      
   6.91341279947608856761766734161180981      
   6.91338605566284712134749189813883135      
   6.91335696124590234736410722206324625      
   6.91332544538984801715249411232289304      
   6.91329144073981480129216683214607960      
   6.91325488281165080479557121095834847      
   6.91321570918495239266343689050096016      
   6.91317385884095884815481909907505507      
   6.91312927143217204961655242824251190      
   6.91308188658533554284309239445388120      
   6.91303164323479226256722082659566274      
   6.91297847899434272036024065578912319      
   6.91292232957285152792905898251631074      
   6.91286312823712291244770012804104765      
   6.91280080532311673610707839190759159      
   6.91273528779497098183692602727874882      
   6.91266649885030166714526877463027449      
   6.91259435756838845450745751729569095      
   6.91251877859822905870215123832660911      
   6.91243967188104135325045897909776592      
   6.91235694240358721838475191083109131      
   6.91227048997657695539329804727794478      
   6.91218020903340948116199853305929644      
   6.91208598844482798820374031724210893      
   6.91198771134254746770757272593202073      
   6.91188525495079604829793291433387271      
   6.91177849041721412341680025364205956      
   6.91166728264272026504266341765217041      
   6.91155149010536745414326418587853883      
   6.91143096467242069965784503517807844      
   6.91130555140279059912326826580635379      
   6.91117508833234212901449637743766435      
   6.91103940624262129311841228638613413      
   6.91089832840846260680757249358232099      
   6.91075167032760909435108943365705363      
   6.91059923942069601380290953584304483      
   6.91044083471480248797703151383883738      
   6.91027624649695541841005964716226596      
   6.91010525594441317860134229734242760      
   6.90992763473065139975088237713032333      
   6.90974314460166885614959872186908474      
   6.90955153690920911641468596841557581      
   6.90935255213506089073130088980161299      
   6.90914591938621483117287644062703045      
   6.90893135585014820070751875998406896      
   6.90870856622725549539913614772440955      
   6.90847724212586843173431203884794146      
   6.90823706145211185963332998594738766      
   6.90798768771906685993781785055699850      
   6.90772876934269402070773721700223474      
   6.90745993893645837496266931892303014      
   6.90718081254276059611176234192246826      
   6.90689098884099325165305067991015198      
   6.90659004834377078414979380286941560      
   6.90627755247815110591717277702276044      
   6.90595304264291273972645893197468917      
   6.90561603932197657038384700389186827      
   6.90526604109171278593584806583177537      
   6.90490252356331793283589654137853621      
   6.90452493829823805435966458060427646      
   6.90413271173267438091139129160353280      
   6.90372524397574531315486608139159928      
   6.90330190729134278737745938012586880      
   6.90286204545520460651357592044828523      
   6.90240497181376958109230423730604355      
   6.90192996820747604851495045630106078      
   6.90143628319838164070371090543698526      
   6.90092313067331815524868235318155134      
   6.90038968860760106438062591191553033      
   6.89983509684232984548908026155750957      
   6.89925845519012720475220026691201440      
   6.89865882234063091469377144859557658      
   6.89803521345614563618641074956853023      
   6.89738659765262736663654265323242840      
   6.89671189675577601674744922257292258      
   6.89600998288844499819806628374031053      
   6.89527967513186289591852036338231367      
   6.89451973834679688952570979867426719      
   6.89372887999200624007962791132864366      
   6.89290574718525451364858173390786487      
   6.89204892431488176808417996072778856      
   6.89115692951309635048656652423542759      
   6.89022821211762260467309506710543149      
   6.88926114854378114949237188207032190      
   6.88825403972459145865275388486668889      
   6.88720510669469447967257333963472401      
   6.88611248660297047468869747448416990      
   6.88497422982475469576062390880896623      
   6.88378829393727499981819197576464615      
   6.88255254059909406759312637643984557      
   6.88126473029601257729493689696760663      
   6.87992251720736237382640399499669643      
   6.87852344389786184963207416509243595      
   6.87706493653021446339539684053579893      
   6.87554429823239459632461391234273433      
   6.87395870279497522419945042453463136      
   6.87230518931314519502747140176883539      
   6.87058065408111043778905772313612224      
   6.86878184404511484326058021436902843      
   6.86690534922542395446535285421825058      
   6.86494759493539748480784041937142220      
   6.86290483328705491013880886521782268      
   6.86077313370103642337943907704866903      
   6.85854837484803162774249553011103942      
   6.85622623368810218454839285095862878      
   6.85380217636618648790924191401497917      
   6.85127144610958850305136988250253345      
   6.84862905276989698352997387873873284      
   6.84586976092453107627659199543376480      
   6.84298807656395703950046556637128455      
   6.83997823514687252036007096766806761      
   6.83683418637661225566180601114735421      
   6.83354958115364139991738807393580205      
   6.83011775535959532624083688917087492      
   6.82653171498216982614620903337973495      
   6.82278411963662731245160518760561938      
   6.81886726462019598403138260282009839      
   6.81477306552196561962024943991345654      
   6.81049303697513367491134940093624900      
   6.80601827642734603235090850353581934      
   6.80133944438302464510164470413969303      
   6.79644674403291559591919868161324480      
   6.79132990355560190525527882153554077      
   6.78597815502113019804515163766824600      
   6.78038021601457482439860251795517454      
   6.77452427097096005702510855098189827      
   6.76839795250380997936531568981636804      
   6.76198832651615729607680456413886256      
   6.75528187660696328185054734499634820      
   6.74826449308962850004784103446147753      
   6.74092146330252551123628951181117081      
   6.73323746764439397038242153248492352      
   6.72519657938621841216283775050524130      
   6.71678227174047819996692244315072406      
   6.70797743079350777712672167815092678      
   6.69876437543722166434842551081642496      
   6.68912489130952509578289339882416361      
   6.67904026519830251489551497059460098      
   6.66849134087126950956866601027071065      
   6.65745857554480912144431854008854760      
   6.64592211261104765662868233477508868      
   6.63386185477217505723674801461646193      
   6.62125754937599329468391205077895824      
   6.60808887092349565714678356521817753      
   6.59433549455296647841505397842737373      
   6.57997716726613812213659736977464963      
   6.56499375131777317763069382068205371      
   6.54936524971411210752530308014457584      
   6.53307179514562515618784994592876676      
   6.51609360983098881560785398727171043      
   6.49841093955966056903505861379641755      
   6.48000394873733113745593053250501060      
   6.46085262415457776640347122359273807      
   6.44093666509773298691140233573209028      
   6.42023540065478369454920677918428371      
   6.39872773602242697516782075643946754      
   6.37639214105362184139665714623244268      
   6.35320668127521081861730047376817129      
   6.32914908851095580736956307511935658      
   6.30419686121885821891786708543305656      
   6.27832738516334117919549892160649187      
   6.25151806054562935736958275868552343      
   6.22374642558038996239057768258474713      
   6.19499027071541134738307953412473880      
   6.16522773424677698159010322561780629      
   6.13443737925253098489254277617941619      
   6.10259825009260132096880328904797798      
   6.06968991000366384370892637961392416      
   6.03569246071353185949337640896376327      
   6.00058654770152361057301014420419151      
   5.96435335312097971053255315272376771      
   5.92697457889330774074616767278441847      
   5.88843242333298850949910903052785340      
   5.84870955271176105276480234678745387      
   5.80778906927556101882537215435326173      
   5.76565447810501579588640056709762510      
   5.72228965305064696481266489199423621      
   5.67767880323974324585348383222797792      
   5.63180644033795551169994636671974321      
   5.58465734723634862154315581080227102      
   5.53621654833628823289145243885433213      
   5.48646928175101745176409058701334053      
   5.43540097334296609243854824247531229      
   5.38299721262765340589068768367222188      
   5.32924373054748759038578908717757914      
   5.27412637912105695893453074522817633      
   5.21763111279199686000055651713062960      
   5.15974397123358225063878263648346556      
   5.10045106391635402787075361314177463      
   5.03973855581638757296438626317327538      
   4.97759265459130466401204668630623580      
   4.91399959882503946689909621741736633      
   4.84894564738622253556294336623888701      
   4.78241706976549605268393558931341292      
   4.71440013734928460041562207878720272      
   4.64488111544827839287844494839474384      
   4.57384625609483872441610354659625560      
   4.50128179151282580265563721852916867      
   4.42717392820617455471859659181229587      
   4.35150884157842251027887194026478366      
   4.27427267106047135609272072258610371      
   4.19545151569588363780560365452148415      
   4.11503143014503229863704530098905295      
   4.03299842104022461191237676107342795      
   3.94933844369258561054723143932268230      
   3.86403739909448097203327002497441463      
   3.77708113121349294206532566986055185      
   3.68845542452679828129927192399594890      
   3.59814600177599560198028408140678036      
   3.50613852195547405990633688201784860      
   3.41241857844744846565964397247746376      
   3.31697169737681046962036514033357624      
   3.21978333607643107255072601806000513      
   3.12083888172819486527517343268679703      
   3.02012365009613598260055431016768312      
   2.91762288442648150361070430845939871      
   2.81332175438653801994185139486013763      
   2.70720535520021135942668746232720137      
   2.59925870672724569511934957314676348      
   2.48946675279787515883914573853408971      
   2.37781436045413647882278353738716509      
   2.26428631939435280802431189141116782      
   2.14886734139737830068021532226577782      
   2.03154205979291862610588808861046305      
   1.91229502912169488507493741137707749      
   1.79111072461617607642151184020991938      
   1.66797354191695591966663604497410372      
   1.54286779673828343285008082541794906      
   1.41577772463528402003011825381626597      
   1.28668748068014696469728435485279846      
   1.15558113934711085015814784628934843      
   1.02244269424702977302093883916425693      
  0.887256058025485919805628205847541868      
  0.750005062208168716380719042272906392      
  0.610673457104891137901373695189751303      
  0.469244911700025743907788522570748935      
  0.325703013589221218851890887734505648      
  0.180031268946917380465808314516146291      
   3.22131024664636168395070646163892852E-0002
 -0.117768142650822020099518627378946015      
 -0.269929204698622199086048933120649920      
 -0.424286903493318669870763545335590004      
 -0.580858140305276112651190835065353912      
 -0.739659897865790635007595176925412333      
 -0.900709240334989777281826863091240062      
  -1.06402331322235095908192415058681913      
  -1.22961934336388117078981717128902945      
  -1.39751463883874639958722873929407353      
  -1.56772658890642409128504402732203972      
  -1.74027266393101935454857248132810715      
  -1.91517041528405649939203893822597952      
  -2.09243747526549917197638039693993237      
  -2.27209155701103361032940864237437371      
  -2.45415045437378000602713852251714896      
  -2.63863204183456413799779901178690647      
  -2.82555427438907125885374726136765352      
  -3.01493518742670963234444066406279560      
  -3.20679289661454186009822992057144984      
  -3.40114559777668113288807392623164964      
