   6.91360382032448847522976250442333937      
   6.91360382032448897452856100055816334      
   6.91360382032452743201328781372420908      
   6.91360382032516444341181800519020195      
   6.91360382032990751712095170087933519      
   6.91360382035170981779289183518754762      
   6.91360382042467998402730538438383753      
   6.91360382061958405575439078487435339      
   6.91360382105548862151324570864251669      
   6.91360382188595357242001060526416819      
   6.91360382321898980234023328022507233      
   6.91360382491702757164344588805239636      
   6.91360382622650346139972923937361878      
   6.91360382520635179018569544708489065      
   6.91360381795271752378077168301015173      
   6.91360379764466427500091357909567965      
   6.91360375345691122406444441130982340      
   6.91360366939923818120423853040124250      
   6.91360352314906522667719402320229663      
   6.91360328494558976089814882034361125      
   6.91360291661224932245375014920633606      
   6.91360237076968777749729688529817115      
   6.91360159029346640669494806731624272      
   6.91360050805957806372142605355605805      
   6.91359904700543516417914722418505965      
   6.91359712051626653672802274549127015      
   6.91359463312674420833188660323884146      
   6.91359148150858808745235890052648664      
   6.91358755569777135400627509537136328      
   6.91358274050113946898801430257156586      
   6.91357691701481684738128043185378504      
   6.91356996418354293119303480120911259      
   6.91356176033261797570561425813958300      
   6.91355218461086361429223209108997211      
   6.91354111829302339647558646452565908      
   6.91352844590195218429812547612536102      
   6.91351405612382063145553974819708351      
   6.91349784250194333568029959580533199      
   6.91347970390662604170644430103654833      
   6.91345954478786306817544377864258005      
   6.91343727522615038385710605172919548      
   6.91341281080223391943407531527635534      
   6.91338607231088923972188143419174645      
   6.91335698534573359818564528765508298      
   6.91332547978287181577555211281506432      
   6.91329148919052187130394511976800517      
   6.91325495019010120061521959237904415      
   6.91321580179190566781163475676308697      
   6.91317398472587708949919596949835481      
   6.91312944078490485543066562203086100      
   6.91308211219480625667990361735262545      
   6.91303194102247780422427057126922178      
   6.91297886863066118454632410900255218      
   6.91292283518495867533831995309241407      
   6.91286377921684508496119499281324125      
   6.91280163724394141624769206499458618      
   6.91273634344722185898095827977981446      
   6.91266782940358512660846953751075645      
   6.91259602385598741032766087739243008      
   6.91252085260074880276064737657453436      
   6.91244223828897352610244986380061979      
   6.91236010039003803612262431381112629      
   6.91227435513014032054001192936976179      
   6.91218491547017644321764098056053178      
   6.91209169110675474783776546400371061      
   6.91199458848983216093270367923054215      
   6.91189351085365846930310213071047324      
   6.91178835825391188682043494017462594      
   6.91167902760837338877926869912485910      
   6.91156541273594582655664763797714890      
   6.91144740438890634837049752551864859      
   6.91132489027742452494949202930706392      
   6.91119775508069900317499022445294953      
   6.91106588044230031811994855799762351      
   6.91092914494863705523319739136759721      
   6.91078742408596975532306939352901471      
   6.91064059017400456425518393882446602      
   6.91048851227819769427995880885133981      
   6.91033105609459379347118988419881719      
   6.91016808380916941506864478552166791      
   6.90999945393229639020350051716807681      
   6.90982502109815295685343334008825606      
   6.90964463583854180260635060990416505      
   6.90945814432399235128161327410985287      
   6.90926538808498660351115498386924955      
   6.90906620369140199819464194953882017      
   6.90886042241079449946785110500804682      
   6.90864786982469517162791806786986509      
   6.90842836543502367787763572869042304      
   6.90820172221395768732631579065576050      
   6.90796774612436028061919118564711048      
   6.90772623563500669009939828770292178      
   6.90747698118278476621012472423651379      
   6.90721976461232493746397649955073797      
   6.90695435859003836784212015512423874      
   6.90668052597782945624747055212513104      
   6.90639801912822898784810615980778207      
   6.90610657923276187115356355781734923      
   6.90580593558783470438279126161384695      
   6.90549580484777081366129973212251923      
   6.90517589019553196367786694529249773      
   6.90484588054542859598423375218786202      
   6.90450544969080910910808069677263078      
   6.90415425531279723939866436344416342      
   6.90379193808753550023410059058051890      
   6.90341812070757636643895926117161573      
   6.90303240691712379676517925454198884      
   6.90263438031170449816016891373287486      
   6.90222360321598031094062718234768001      
   6.90179961560942585283370668683808170      
   6.90136193403374210842207933517988967      
   6.90091004998616346610233282960396830      
   6.90044342873888728403027899369770410      
   6.89996150814216275464147170780300729      
   6.89946369708145402069933575070739910      
   6.89894937359464459338580651740874577      
   6.89841788381146179341956923148279566      
   6.89786854050729138003487106776582076      
   6.89730062029779100354126576901153057      
   6.89671336292706533236220226115059769      
   6.89610596901050008684965262906523957      
   6.89547759777565661157831880406392415      
   6.89482736537310167955507690501234705      
   6.89415434269232331469293863736459669      
   6.89345755264187406374231505186048821      
   6.89273596848119513455263219978696171      
   6.89198851035528346610267335425313953      
   6.89121404371663744237530438962512319      
   6.89041137554197531166037878517712144      
   6.88957925237177054481931429804944115      
   6.88871635603285180078694177262391641      
   6.88782130177145464024680574918527044      
   6.88689263347617005765911187070025296      
   6.88592882124165573394662036628566297      
   6.88492825672018470767473302877298708      
   6.88388924922233059519966072992131997      
   6.88281002213868673844255646647924885      
   6.88168870744092343490433741404751627      
   6.88052334140806039245725760233840128      
   6.87931185955947984882085988732341626      
   6.87805209145950465881782531299041954      
   6.87674175466838883954618232875988703      
   6.87537844851500850397559503524027846      
   6.87395964857478592850817951990739812      
   6.87248269925033365148158438550209999      
   6.87094480655928243815251817688532362      
   6.86934303027628145237026798534044536      
   6.86767427641724938866227014199881910      
   6.86593528751567197097530346713848640      
   6.86412263438820556220817051821203162      
   6.86223270531988230780329469356043042      
   6.86026169646659940319834316877712370      
   6.85820559945446632703410663732615537      
   6.85606018993856599444669075172983644      
   6.85382101453511070372064848498436611      
   6.85148337734842382597729977228781153      
   6.84904232476021675268920150809853486      
   6.84649262994233039598159059105083351      
   6.84382877583503939121555308338296286      
   6.84104493759206274257365863339123233      
   6.83813496248686616129411242633092591      
   6.83509234926537188506520212403726228      
   6.83191022651100000583940929863403401      
   6.82858132868333497400344449671656679      
   6.82509797051908684137764485628930722      
   6.82145202014277334089670841046300678      
   6.81763487033869607577517434159927607      
   6.81363740725677014346414367673395370      
   6.80944997779206571769496800050599718      
   6.80506235433836963271874320294707735      
   6.80046369873124722154832854246979680      
   6.79564252206220790487872595806829826      
   6.79058664496361057218648552717899406      
   6.78528315321704564829920474698778040      
   6.77971835578940782321131979957015949      
   6.77387773632536020011153380007750514      
   6.76774590830831698888635849248364219      
   6.76130656768872036688240936000461292      
   6.75454244784438137628454413120182193      
   6.74743527434728052416101790276995260      
   6.73996572490147253573999975086665358      
   6.73211339352973898042796143233411807      
   6.72385676215567841135389278864300284      
   6.71517318255836377082922067977258991      
   6.70603886973804401282094245413658432      
   6.69642891337699626596326711802775510      
   6.68631730762021564858285518379597513      
   6.67567700443269847117388238985845848      
   6.66447999245090295615828707945300577      
   6.65269740839970359481622408663368938      
   6.64029967172342154274332419032444999      
   6.62725665395318557798831424158670088      
   6.61353787190210830697900097087791415      
   6.59911270044007692864523753830795291      
   6.58395059714765579851791180810504592      
   6.56802132363160792301383034536376701      
   6.55129515428830167575712394466242935      
   6.53374305834405810874627952288189508      
   6.51533684011586614898427515438008629      
   6.49604923603772009636763612995937958      
   6.47585396339406940847406763572275003      
   6.45472571825740154148939585501609695      
   6.43264013924797527166063212195716380      
   6.40957375101502328884082472005864951      
   6.38550387647470752097135898752479806      
   6.36040857705607394461373968497752501      
   6.33426657562972243829209029680925258      
   6.30705720615174962727172640211129103      
   6.27876037168501020456096662837202517      
   6.24935652134651294931446151627464685      
   6.21882663393810017066524816475255975      
   6.18715220810523176620225342049557161      
   6.15431525478459331487882483917222022      
   6.12029828663354754125992458004218188      
   6.08508430596152165345377834685670720      
   6.04865678621727974147963420607719039      
   6.01099964936387743469055601350801269      
   5.97209723909450455715543730385904418      
   5.93193429071432534975322635782276919      
   5.89049589856663009842863895485056496      
   5.84776748214162477170942906781090468      
   5.80373475221572118691579412884732980      
   5.75838367718071319223044887561671967      
   5.71170045006009604115892916360536186      
   5.66367145812293818888383837978013802      
   5.61428325337855147745238119657162942      
   5.56352252568994815218413467581852992      
   5.51137607775214646253352512372143569      
   5.45783080231058615497322230184831580      
   5.40287366168515422414166219422515640      
   5.34649166904765469402952992055065885      
   5.28867187181166170549402351593539727      
   5.22940133654038049152321420680925126      
   5.16866713578563778047275574680026952      
   5.10645633624064289628446981295576257      
   5.04275598818859533732261326440786704      
   4.97755311626726543974001686207577922      
   4.91083471128713430923647382983696875      
   4.84258772289182999887297505354529343      
   4.77279905340403887125089891030795851      
   4.70145555202012978775502094147902507      
   4.62854400995424617846544018737751548      
   4.55405115612386871211689673285005512      
   4.47796365332971715000030754480531626      
   4.40026809489988624960300861219032486      
   4.32095100181314766642545896959786680      
   4.23999882012604111624891809827327480      
   4.15739791875301684074257792351916003      
   4.07313458749492505732402900159412686      
   3.98719503538276145025145365497017145      
   3.89956538919069310064894942188213642      
   3.81023169215112305683973077374274427      
   3.71917990286969863358285032580441970      
   3.62639589437388831210138383315672481      
   3.53186545332877192221817713081587563      
   3.43557427930496990424131330182563801      
   3.33750798422590876148402996890602318      
   3.23765209187865521158576974151664559      
   3.13599203752670613579176239360920582      
   3.03251316754838778231128759719645907      
   2.92720073920247706031466589636070624      
   2.82003992042260153553981223576549882      
   2.71101578968078257738160241313225203      
   2.60011333585061378133830466042169976      
   2.48731745818549821311891696635027079      
   2.37261296626616891456208445442057613      
   2.25598458002994825655764594932163975      
   2.13741692979173171191512753788022566      
   2.01689455632487319236491464628652278      
   1.89440191093145734372727202891699707      
   1.76992335556029142597798306234923603      
   1.64344316292865495383661494245701892      
   1.51494551666070050128208520794114426      
   1.38441451144982378784110145076234707      
   1.25183415321682790712980583271321006      
   1.11718835929226831058734651889832877      
  0.980460958610006192388301941266232597      
  0.841635691895205424957732745032643243      
  0.700696211880924764260411453255580935      
  0.557626083504122813813368624655790057      
  0.412408784134013175246265355309977372      
  0.265027703791190966385327149972026122      
  0.115466145364846594560031879065003100      
  -3.62926751392816498386544780619280111E-0002
 -0.190265628394774856639641868316676735      
 -0.346469671483836616482527903538220233      
 -0.504921847697456077835902485353699141      
 -0.665639286269791078560036546979425359      
 -0.828639202137198043301689549230173831      
 -0.993938895728539611276814606954849243      
  -1.16155575268348310917494872939692110      
  -1.33150724363335016807402433281184458      
  -1.50381092395755887849167461832862476      
  -1.67848443352273719037707351088503249      
  -1.85554549646984837425566146848767100      
  -2.03501192094025000327238463570655294      
  -2.21690159886397261230535414902026016      
  -2.40123250569279251297425712162042626      
  -2.58802270016679913901915620213252922      
  -2.77729032409072387653706726547683836      
