   482.989325854482766625225197452827150      
   482.989325854498234655481154983509087      
   482.989325855059819086560773405629421      
   482.989325860516629894659871621309713      
   482.989325887322284515814506978045909      
   482.989325967435644092579296817533952      
   482.989325968950923145095325146718045      
   482.989323869000587490727212772532832      
   482.989307850192948670155225487250390      
   482.989234838319703637127181937486657      
   482.988991240619911306579370300399616      
   482.988340383513761376780630715392438      
   482.986868773418214897490012675615688      
   482.983944755005546259101609432803865      
   482.978698901874597940463471548249063      
   482.970029030597576380741060096419317      
   482.956627172603876414016772570333743      
   482.937022557309724344375139378673114      
   482.909633640881307172481806382169809      
   482.872822787406504317751650505482180      
   482.824948608072665461915204704421642      
   482.764412594925232170526652371555941      
   482.689698184370799728593249600470423      
   482.599401580038264783040401947377376      
   482.492254511355196267223041911944980      
   482.367139633497556535727484620169617      
   482.223099548713457843834556557938293      
   482.059340516810193875365059680718082      
   481.875231889765762731710429978553904      
   481.670302203467442578964568306903996      
   481.444232725263180910547666774488517      
   481.196849118054406272494008698516511      
   480.928111754224874137165932570186850      
   480.638105103319392265719941038558943      
   480.327026529155383727643523528944109      
   479.995174763250488987114607431884605      
   479.642938269373911144264878231474012      
   479.270783675214440644304229719416926      
   478.879244417364512588449975033094348      
   478.468909723308963256928225963359828      
   478.040414034727615490042621899963793      
   477.594426960422130241238975612871477      
   477.131643831692610271536211993945005      
   476.652776918577631660488328730396815      
   476.158547351669423505271080248537103      
   475.649677779662801930717160404194788      
   475.126885780819629648259125930717656      
   474.590878033412155598942783629954180      
   474.042345239574963189557194742004284      
   473.481957785804900234258695788938639      
   472.910362115167565746316019786936910      
   472.328177778947291709672180410276662      
   471.735995128049191258535620693495571      
   471.134373600685591540426771810166161      
   470.523840559317673610314404352603463      
   469.904890626821816692829273617411063      
   469.277985470866666273107245366438632      
   468.643553986215006656684241401022793      
   468.001992823592627501804671637912913      
   467.353667216373941425354393180923779      
   466.698912058394113817672571126570461      
   466.038033187479520837082176752174680      
   465.371308833056058175770177544816630      
   464.698991189630737615316817884399468      
   464.021308074321086174434768426306220      
   463.338464667085658272007327041599766      
   462.650645232803000710741339732730181      
   461.958014890983147100993427795627539      
   461.260721345795613938526538694650777      
   460.558896582010357936233073590877886      
   459.852658506284596938592531346596794      
   459.142112521989842767055061046946991      
   458.427353025190141146503007389542684      
   457.708464814085496807935013284749275      
   456.985524406640785865322227244365370      
   456.258601260292899433902112424551637      
   455.527758892969543463233677633424769      
   454.793055903988779196405827117460402      
   454.054546894815252592570949375741907      
   453.312283292143091584383120137415334      
   452.566314075640898776246545412557431      
   451.816686411656157739421618228579530      
   451.063446199559592333799068088046341      
   450.306638532964740648563820884415910      
   449.546308084286071032218921085241330      
   448.782499412410776853523780215429104      
   448.015257203574210852939772467599242      
   447.244626445523517155222823071443890      
   446.470652548955088383803835293096203      
   445.693381408986248565315381300652750      
   444.912859418376680590864587189800096      
   444.129133445061116349063186099502172      
   443.342250764771240495950803414878727      
   442.552258962287837946659434640852124      
   441.759205804189084002120394396205201      
   440.963139085012107970175925046065583      
   440.164106433772604285332409878605745      
   439.362155132445187848985352929369851      
   438.557331899050094076389365369941277      
   437.749682666553777696026996017384550      
   436.939252337460498972976047641318293      
   436.126084549033286758890727307902640      
   435.310221428249474365269208283411587      
   434.491703310848899015282170616889293      
   433.670568507011836223248390427094374      
   432.846853032212585803930163534969268      
   432.020590374950429707284465733501380      
   431.191811200408974904127130220205001      
   430.360543089963438438183983032461892      
   429.526810311324962975040370473282323      
   428.690633602031596710516490201514890      
   427.852029828541378118566090382393422      
   427.011011763131329995802045860436499      
   426.167587899886799028118133621599446      
   425.321762196910166871073770407747311      
   424.473533699396862796239608689384577      
   423.622896497364695788902444737829904      
   422.769839417888187895612125492020248      
   421.914345657398275681158934980508878      
   421.056392671397807141426115873727874      
   420.195952097569389021100342450323793      
   419.332989150019634728186337699992797      
   418.467462559650971043147265266132135      
   417.599324468901012227375070924523128      
   416.728519867225924661285101032378615      
   415.854986705703672483159701085761692      
   414.978655253348080804064268663312034      
   414.099448151625152488154273554951348      
   413.217279957012405889424199694441046      
   412.332056870521751897807564290240042      
   411.443676491857179857470168478113569      
   410.552027481530654655916323869652649      
   409.656989112584203103738410347166825      
   408.758431215892447775361363565273377      
   407.856213413171231430680138308610125      
   406.950185086722257020099578873594110      
   406.040184816380166065296620573684382      
   405.126039804280840876503801410949094      
   404.207565652267741237449599514063334      
   403.284565776393954299076981915941811      
   402.356830852431105576245906546727905      
   401.424138121282522060408954860807629      
   400.486250986392652195338040625163741      
   399.542918404724870905913081013013740      
   398.593873965829985168187782513346448      
   397.638835096653312340143082418183517      
   396.677502666310498165308888698084762      
   395.709559668803056343488075028144106      
   394.734670584213034130267635355957865      
   393.752480201219073351516293843797047      
   392.762612689127229903653491181469460      
   391.764670350387032827382315309695230      
   390.758232363041237819026053624621740      
   389.742853450148786618780060815355727      
   388.718062820991088341063422900437899      
   387.683361978115021014559153334031278      
   386.638223523556854599784197040794041      
   385.582089325642353238725259740807118      
   384.514368585559765528397276790178913      
   383.434435865860382683090745585342159      
   382.341629077011876527829869828634058      
   381.235247017529110082868617106560047      
   380.114547089512259342211276842735873      
   378.978743077763548759762395036937601      
   377.827001980624492138878433227050512      
   376.658441760225376584529858961029878      
   375.472128238580810202473411295337170      
   374.267072977477574322499109199574787      
   373.042229503721087275912494092580503      
   371.796491529444480442293223484154996      
   370.528689983316954609434667992552430      
   369.237591099995291101897382734588831      
   367.921894461684480119908785943602773      
   366.580232282671709948160348243317511      
   365.211169403050588439127273720805801      
   363.813204866091623192164977935060267      
   362.384774669200804951739660834562107      
   360.924258993887838344671903216900827      
   359.429989579115409855273449922674754      
   357.900264093538647263578628435910866      
   356.333365116875076517404861541663917      
   354.727585578511004084723223387914806      
   353.081264264848396451201217418780635      
   351.392831428968550881180827211726186      
   349.660869029088156338518205320263436      
   347.884187650763155326224633530866556      
   346.061923536660132703545415837331488      
   344.193659676861472817099928007780507      
   342.279575038563862056807144034156712      
   340.320623503259887406984131711330985      
   338.318745734498839385454967793665525      
   336.277116609403836386806164099696348      
   334.200411984978390995218064383769217      
   332.095128003979974331405010251016327      
   329.969859200103519095829667048882081      
   327.835616409290774289515602115258942      
   325.706082761411083546281265052831611      
   323.597806707565726043726101373490602      
   321.530286945303863921033199384291385      
   319.525903004542886536698185083125400      
   317.609713996023982551529209457765020      
   315.808983931627463406939496550224577      
   314.152569773764481693134780001407485      
   312.670102576611042365161385261098699      
   311.391040625692190591570455085749322      
   310.343825279611983524412902142281302      
   309.554249625225371033168967739527127      
   309.045439847306744221308945100095911      
   308.836580323789514673396842472766152      
   308.942537832840991831915008426575559      
   309.373605513099386997209941801019520      
   310.135489909016277200905310976056612      
   311.229511691819195551375944859657841      
   312.652975441797190748617565945071524      
   314.399657887576423616651907915583331      
   316.460359961863436194553212359254689      
   318.823481263096742326419258702459550      
   321.475579503862581692751393977695125      
   324.401888004592190281978529943258843      
   327.586776851950154683330696566587491      
   331.014148942591088809101355746105439      
   334.667768642260587441980961769112108      
   338.531525871564277003360238819664075      
   342.589642252586520420695692872545137      
   346.826823905295275804897814852324223      
   351.228373161656568588769021157150016      
   355.780258646251427559770362600210220      
   360.469160646492507568374103479213067      
   365.282490216108516164933256121912069      
   370.208391789346835071780722626966783      
   375.235731374373599037991359287635478      
   380.354075255353698916131198382745574      
   385.553662047488110016738669692514542      
   390.825370775427993620615995882838975      
   396.160685928595493181070169133734885      
   401.551660739820304817146373963700242      
   406.990881945706482795787567390766366      
   412.471434318547252706400686878186650      
   417.986865551623595332859366287697457      
   423.531155630659004761503506826954776      
   429.098682635074323205698906835494495      
   434.684196248241343953301775901484707      
   440.282790291768978154452908265994894      
   445.889876772367387940639826929387369      
   451.501162872804151366201589968289340      
   457.112629731320500841934094393885611      
   462.720512803691018479935422216748304      
   468.321283069316304995889994397911791      
   473.911630774448243852409879814626237      
   479.488450344466708694663664930532056      
   485.048826286422445899826667471806964      
   490.590020246820043308665213765412588      
   496.109459603823387975233169343034748      
   501.604726852123392020846819437352955      
   507.073550007845982794376172222423910      
   512.513792836409903884872421866747602      
   517.923447775305573217500289415454879      
   523.300627962445058902073067290769164      
   528.643560944309406263345538798787566      
   533.950580881292459416583404160133619      
   539.220124950235019124616208768448168      
   544.450726513427886991850617316371551      
   549.641010545641622664937348856769710      
   554.789689525822951174602028530342051      
   559.895559023403695557356169913254567      
   564.957494035877148246232266574537772      
   569.974444819377180794282174138070630      
   574.945434308347596978417559262151107      
   579.869554513766545079595512966574371      
   584.745964122422574476581999693229360      
   589.573884953296468583774242694785021      
   594.352600452479283653076598761909234      
   599.081452376690980763413410927933419      
   603.759839138804152828775195562964980      
   608.387212473350681606541018789628781      
   612.963078643976031164771765705872534      
   617.486992014751138833010610373595250      
   621.958555674317186059694690613939090      
   626.377419964199047585843945222265132      
   630.743279768613747732571701011530088      
   635.055873228666879612151612170299907      
   639.314980121257974427939649389476058      
   643.520420802187278764265918941093605      
   647.672053628053405289767308575881224      
   651.769774575449247366240904946270818      
   655.813515598545759503096225618440315      
   659.803242591273030590570994907214746      
   663.738955285405304730317628599124269      
   667.620684590033133077722746248356196      
   671.448492604952338195005083797141586      
   675.222470667518521691360479524593826      
   678.942737967137784516276365976421798      
   682.609441303491205763549939784633293      
   686.222753021798589439272430391456548      
   689.782870242343958975538193897211593      
   693.290013859222639953594664155718617      
   696.744427543097286647619609039277267      
   700.146376324045017404712143612537660      
   703.496145767105975708134700619509405      
   706.794041239121204926971453176259155      
