 0.13628526479685E+03
 0.13628526479685E+03
 0.13628526479700E+03
 0.13628526479836E+03
 0.13628526480478E+03
 0.13628526482493E+03
 0.13628526487383E+03
 0.13628526497463E+03
 0.13628526516627E+03
 0.13628526552868E+03
 0.13628526623801E+03
 0.13628526765602E+03
 0.13628527044388E+03
 0.13628527568056E+03
 0.13628528496426E+03
 0.13628530048070E+03
 0.13628532503080E+03
 0.13628536201827E+03
 0.13628541540366E+03
 0.13628548963466E+03
 0.13628558956365E+03
 0.13628572036349E+03
 0.13628588745183E+03
 0.13628609643276E+03
 0.13628635306278E+03
 0.13628666324571E+03
 0.13628703305863E+03
 0.13628746880776E+03
 0.13628797711074E+03
 0.13628856499932E+03
 0.13628924003484E+03
 0.13629001042803E+03
 0.13629088515444E+03
 0.13629187405767E+03
 0.13629298793378E+03
 0.13629423859164E+03
 0.13629563888617E+03
 0.13629720272302E+03
 0.13629894503510E+03
 0.13630088173274E+03
 0.13630302963058E+03
 0.13630540635525E+03
 0.13630803023814E+03
 0.13631092019826E+03
 0.13631409561999E+03
 0.13631757624171E+03
 0.13632138199403E+03
 0.13632553294802E+03
 0.13633004917696E+03
 0.13633495067778E+03
 0.13634025729901E+03
 0.13634598868580E+03
 0.13635216424260E+03
 0.13635880311404E+03
 0.13636592418397E+03
 0.13637354609219E+03
 0.13638168726788E+03
 0.13639036597912E+03
 0.13639960039679E+03
 0.13640940867143E+03
 0.13641980902218E+03
 0.13643081983523E+03
 0.13644245977091E+03
 0.13645474787756E+03
 0.13646770371027E+03
 0.13648134745419E+03
 0.13649570004919E+03
 0.13651078331661E+03
 0.13652662008517E+03
 0.13654323431565E+03
 0.13656065122466E+03
 0.13657889740401E+03
 0.13659800093765E+03
 0.13661799151383E+03
 0.13663890053415E+03
 0.13666076121560E+03
 0.13668360869155E+03
 0.13670748010382E+03
 0.13673241469215E+03
 0.13675845387779E+03
 0.13678564134105E+03
 0.13681402309632E+03
 0.13684364756863E+03
 0.13687456565915E+03
 0.13690683080642E+03
 0.13694049905038E+03
 0.13697562909066E+03
 0.13701228234676E+03
 0.13705052300581E+03
 0.13709041809071E+03
 0.13713203752081E+03
 0.13717545415910E+03
 0.13722074387362E+03
 0.13726798559719E+03
 0.13731726137796E+03
 0.13736865646577E+03
 0.13742225939736E+03
 0.13747816204553E+03
 0.13753645970138E+03
 0.13759725116922E+03
 0.13766063886189E+03
 0.13772672888284E+03
 0.13779563113926E+03
 0.13786745956676E+03
 0.13794233203265E+03
 0.13802037067204E+03
 0.13810170192151E+03
 0.13818645679493E+03
 0.13827477100018E+03
 0.13836678500329E+03
 0.13846264438521E+03
 0.13856250015401E+03
 0.13866650868100E+03
 0.13877483210542E+03
 0.13888763879976E+03
 0.13900510335614E+03
 0.13912740690896E+03
 0.13925473785459E+03
 0.13938729182417E+03
 0.13952527210421E+03
 0.13966889035888E+03
 0.13981836664718E+03
 0.13997393041484E+03
 0.14013582043667E+03
 0.14030428598692E+03
 0.14047958679443E+03
 0.14066199433834E+03
 0.14085179207362E+03
 0.14104927623925E+03
 0.14125475708344E+03
 0.14146855903993E+03
 0.14169102232977E+03
 0.14192250337712E+03
 0.14216337642900E+03
 0.14241403450178E+03
 0.14267489041084E+03
 0.14294637841477E+03
 0.14322895582643E+03
 0.14352310413001E+03
 0.14382933143348E+03
 0.14414817366704E+03
 0.14448019692252E+03
 0.14482599972068E+03
 0.14518621537792E+03
 0.14556151469325E+03
 0.14595260872436E+03
 0.14636025187959E+03
 0.14678524559410E+03
 0.14722844190822E+03
 0.14769074743283E+03
 0.14817312810159E+03
 0.14867661396146E+03
 0.14920230453867E+03
 0.14975137462511E+03
 0.15032508089190E+03
 0.15092476953589E+03
 0.15155188318037E+03
 0.15220797044130E+03
 0.15289469438596E+03
 0.15361384423626E+03
 0.15436734632520E+03
 0.15515727655163E+03
 0.15598587488226E+03
 0.15685556025624E+03
 0.15776894771048E+03
 0.15872886667498E+03
 0.15973838124682E+03
 0.16080081175705E+03
 0.16191975918360E+03
 0.16309912987524E+03
 0.16434316356674E+03
 0.16565646144982E+03
 0.16704401717477E+03
 0.16851124717796E+03
 0.17006402173951E+03
 0.17170869414590E+03
 0.17345212853378E+03
 0.17530171960591E+03
 0.17726541604852E+03
 0.17935171110706E+03
 0.18156964030409E+03
 0.18392874500566E+03
 0.18643901289198E+03
 0.18911078271255E+03
 0.19195460737200E+03
 0.19498106405108E+03
 0.19820051453338E+03
 0.20162280041880E+03
 0.20525688753367E+03
 0.20911046336219E+03
 0.21318950633654E+03
 0.21749786914405E+03
 0.22203690155867E+03
 0.22680516627530E+03
 0.23179829698393E+03
 0.23700902330598E+03
 0.24242736402251E+03
 0.24804099173870E+03
 0.25383572001539E+03
 0.25979606165468E+03
 0.26590579984789E+03
 0.27214851945131E+03
 0.27850806296518E+03
 0.28496888729707E+03
 0.29151631962525E+03
 0.29813671153465E+03
 0.30481751928879E+03
 0.31154731678145E+03
 0.31831576268181E+03
 0.32511353958580E+03
 0.33193227266691E+03
 0.33876444475263E+03
 0.34560330650700E+03
 0.35244279490163E+03
 0.35927745065954E+03
 0.36610234989043E+03
 0.37291303926969E+03
 0.37970548096109E+03
 0.38647600314064E+03
 0.39322125693935E+03
 0.39993818013276E+03
 0.40662396580299E+03
 0.41327603392016E+03
 0.41989200738508E+03
 0.42646969229308E+03
 0.43300705962728E+03
 0.43950223055568E+03
 0.44595346091234E+03
 0.45235913289087E+03
 0.45871774120300E+03
 0.46502788657892E+03
 0.47128826672154E+03
 0.47749766976460E+03
 0.48365496813880E+03
 0.48975911326679E+03
 0.49580913032906E+03
 0.50180411421931E+03
 0.50774322567866E+03
 0.51362568813736E+03
 0.51945078408223E+03
 0.52521785233557E+03
 0.53092628570383E+03
 0.53657552911792E+03
 0.54216507641633E+03
 0.54769446926559E+03
 0.55316329476896E+03
 0.55857118466380E+03
 0.56391781286633E+03
 0.56920289478005E+03
 0.57442618466280E+03
 0.57958747597445E+03
 0.58468659878630E+03
 0.58972341978930E+03
 0.59469783992982E+03
 0.59960979454086E+03
 0.60445925080914E+03
 0.60924620864562E+03
 0.61397069781091E+03
 0.61863277829580E+03
 0.62323253864961E+03
 0.62777009519461E+03
 0.63224559160967E+03
 0.63665919678687E+03
 0.64101110562533E+03
 0.64530153626803E+03
 0.64953073154958E+03
 0.65369895608965E+03
 0.65780649570438E+03
 0.66185365760835E+03
 0.66584076893879E+03
 0.66976817576825E+03
 0.67363624274947E+03
 0.67744535211806E+03
 0.68119590253492E+03
 0.68488830883770E+03
 0.68852300126845E+03
 0.69210042393811E+03
 0.69562103517607E+03
 0.69908530602262E+03
 0.70249371961093E+03
 0.70584677076890E+03
 0.70914496505358E+03
 0.71238881796510E+03
 0.71557885477436E+03
 0.71871560911832E+03
 0.72179962301291E+03
 0.72483144581532E+03
 0.72781163392125E+03
 0.73074074982336E+03
 0.73361936170810E+03
 0.73644804294113E+03
 0.73922737140430E+03
 0.74195792897140E+03
 0.74464030101056E+03
 0.74727507593321E+03
 0.74986284454986E+03
 0.75240419967046E+03
 0.75489973577296E+03
 0.75735004832758E+03
 0.75975573356468E+03
