   91.9024000954186098051982755948291852      
   91.9024000954157999254187997248733201      
   91.9024000953183049918287565234925636      
   91.9024000944189589698065997008635562      
   91.9024000902246183962721118108031509      
   91.9024000771785825126478429835308004      
   91.9024000455519185186102242940347860      
   91.9023999768275853313573336701287223      
   91.9023998188883745646525636601241582      
   91.9023994042348768958165853937522770      
   91.9023982674646564897478460302925512      
   91.9023953413056547151175084243069682      
   91.9023885531493150349904427852210239      
   91.9023743801951093549489497085509679      
   91.9023474341429646301459374971394072      
   91.9023001360864856368476647729025613      
   91.9022225189347615020155241500712424      
   91.9021021690780316918405473470300336      
   91.9019242979562696124926562859557989      
   91.9016719202156505612665868028666039      
   91.9013261079318525428804345299810031      
   91.9008662884305720206981995454158450      
   91.9002705549225940377402679485720204      
   91.8995159632330039622045204162811508      
   91.8985787934572056752238508021942337      
   91.8974347617844259469634562739140235      
   91.8960591744419964940157544955227167      
   91.8944270222066769830408517805521669      
   91.8925130197089600785375991842807551      
   91.8902915984084363990554028860008023      
   91.8877368653697298411231403390219893      
   91.8848225417147514514505649943881745      
   91.8815218949307368878021685743341412      
   91.8778076782690099431694090173052500      
   91.8736520885670469814819988525929289      
   91.8690267512924453615677415699414340      
   91.8639027387612206470815067711569379      
   91.8582506246109482323813373192762158      
   91.8520405749270835246139516264435809      
   91.8452424741002610355785705061331108      
   91.8378260816101723468429368033885712      
   91.8297612145515041361307796633295585      
   91.8210179497970718993592804923211040      
   91.8115668392374369005959120985421532      
   91.8013791314433021015583502827092757      
   91.7904269933375635715913021922559823      
   91.7786837259271093013455288498926012      
   91.7661239687972879161207535997872327      
   91.7527238888237842788182596516128528      
   91.7384613493728693253817695479024158      
   91.7233160570860910590463686120836726      
   91.7072696841455521424512082589611855      
   91.6903059646840527318074339133538999      
   91.6724107646875434275530000207280421      
   91.6535721253596598044564577406410327      
   91.6337802804536844424088429497429288      
   91.6130276485178417570094700940354752      
   91.5913088013852662666367852648526064      
   91.5686204054741405292068657987070186      
   91.5449611666908206347989328630852615      
   91.5203317116023614428701376204539707      
   91.4947344956163792673403556118025652      
   91.4681736764060444458956116664792682      
   91.4406549793372750284554044182787867      
   91.4121855529584337756644777556503921      
   91.3827738165462958553117089571956117      
   91.3524293017695576730660631865608941      
   91.3211624902487351849746054779695818      
   91.2889846484013754074087023786821775      
   91.2559076615613663601502577417573347      
   91.2219438684427729718351018043267854      
   91.1871058972725734386507818051300922      
   91.1514065047697751502120134749437538      
   91.1148584188109886092218565899604906      
   91.0774741855564645808400588528636835      
   91.0392660220155740704902997628257946      
   91.0002456742359682994613121371705785      
   90.9604242814074332796154365654596946      
   90.9198122469472809897499207612372383      
   90.8784191163956589614055043181664567      
   90.8362534611804280102611083302290685      
   90.7933227701690096459356016034339624      
   90.7496333481394696920210324516517892      
   90.7051902197213210694130252983383837      
   90.6599970419932561830105675998774114      
   90.6140560210941164934498026391022772      
   90.5673678370329222306051835934381442      
   90.5199315720294889870977836784409009      
   90.4717446470603311679041805424918519      
   90.4228027612753096894291851570648305      
   90.3730998366799163523058798474661098      
   90.3226279692440949830254781282613963      
   90.2713773804753710858236241546933496      
   90.2193363733661042537642771736454270      
   90.1664912997404334357551293172536498      
   90.1128265109448918797349445907450406      
   90.0583243392403766207693228191893801      
   90.0029650506488484622571553455998537      
   89.9467268247193338672302293423334636      
   89.8895857189943612175547139917950038      
   89.8315156448400196427930240584770957      
   89.7724883377157554981587869129424378      
   89.7124733312202388512835523291371964      
   89.6514379247134912958174837117685786      
   89.5893471625681235916522938093758472      
   89.5261638022523676261464126004558921      
   89.4618482819524943856612985529814490      
   89.3963586878708818975131994022553723      
   89.3296507261492974646802213564048903      
   89.2616776903384768543409211523510185      
   89.1923904083583996263994952954857778      
   89.1217372181709015920917520184015163      
   89.0496639178850728836614521261338286      
   88.9761137151516501139198596006245363      
   88.9010271810521672452808349447188983      
   88.8243421892348389804115843663697061      
   88.7459938312873643894329421280745687      
   88.6659144845315387439777851908274163      
   88.5840335240602030238262714446448935      
   88.5002774077639288573818918100402616      
   88.4145695603174192477217204372280264      
   88.3268302530006999277734235562089825      
   88.2369765366209756610117724384052524      
   88.1449221296046258695545499610045019      
   88.0505773266904922012914495886316698      
   87.9538488526501691803389458424120554      
   87.8546397453822692818338819565034334      
   87.7528492247863608722973268023515974      
   87.6483725320473722011497246808214208      
   87.5411007935174083216171837126597160      
   87.4309208000452012277623561087159021      
   87.3177148899474271510932573248997357      
   87.2013607064956267292503227993272207      
   87.0817310101952909528835269046471240      
   86.9586934066008750057900130007050132      
   86.8321101567640539061081756195137648      
   86.7018378711065761875320191340207817      
   86.5677272741184820743952532071642428      
   86.4296228359746277026921666365590886      
   86.2873624885632286260379293261447146      
   86.1407772896372811912822796845051774      
   85.9896909837531126128156542600426898      
   85.8339196500981104970859792578777279      
   85.6732712456611723650449574450451873      
   85.5075451204917316042392822575989385      
   85.3365315448263783537619863663532949      
   85.1600111103271425176080974499160603      
   84.9777542052716419686252136544528934      
   84.7895203235816742017817626600676132      
   84.5950573972625192798497280300071809      
   84.3941009825623157100627659811087969      
   84.1863737516155379514877459094178827      
   83.9715842468878808989063143113896944      
   83.7494261543384523681750875664874701      
   83.5195772626698114808392727963005192      
   83.2816983837035786257368094432013671      
   83.0354321909483505311320653267104421      
   82.7804018840445645814482133086460625      
   82.5162098825557665835549618674654401      
   82.2424363989163929897352766715188025      
   81.9586376877757566105432388623578426      
   81.6643444752122091251692620395394767      
   81.3590599070990259831248571780271672      
   81.0422578266723391701271437193102036      
   80.7133804140874559342644898442710703      
   80.3718358929049772626461866965624129      
   80.0169962100173091538897020833200965      
   79.6481941864707493754159585576111755      
   79.2647210074437560648864023177130619      
   78.8658230492759473435908257660507471      
   78.4506989420601428806177036696111807      
   78.0184963699771464118457419538014530      
   77.5683087271039867464702087315344978      
   77.0991717445459955884682947711115007      
   76.6100608415264210334364308482735176      
   76.0998871424011901994389879185598311      
   75.5674954076447710298761465781568228      
   75.0116612995506622647631663650722579      
   74.4310900572557067434165255142939744      
   73.8244155927453258731872146006818981      
   73.1902016272937773795746382243976935      
   72.5269444408567234874431791906165240      
   71.8330778325122320113541259909328625      
   71.1069816345886273997251620897071473      
   70.3469943655676697845865316894601024      
   69.5514306581625531726347415189577018      
   68.7186044757479385769074278979882941      
   67.8468607016348584632953937007204853      
   66.9346131996119065142451395692342856      
   65.9803943030691470801330218084587407      
   64.9829106733608309118728445361427453      
   63.9411145107397072035652420195457328      
   62.8542758828889466867070550133103757      
   61.7220690968434418301976804048901027      
   60.5446596594556605351521973029454958      
   59.3227911857775764903261977608241683      
   58.0578663322169921246755680683602048      
   56.7520144449486640067517404624406666      
   55.4081393885318547000339060546553571      
   54.0299348606660210482412567643263450      
   52.6218883364223039221102082893012748      
   51.1892104602375824743033192289812268      
   49.7377585654675306021853578218226491      
   48.2739326660588603632261630655040458      
   46.8044237011177893421298672473709452      
   45.3361575603576165605243847795444993      
   43.8760193880448008583528837238957422      
   42.4306743968155098291399235603459710      
   41.0063849953151203219859286192122505      
   39.6088542744836193497865502069344557      
   38.2431059982172807677405704359978266      
   36.9134058773927840912939007231240966      
   35.6232257194541674323988917480416581      
   34.3752451508946739138817634590538280      
   33.1713876824661787160439399926706114      
   32.0128791375198803447383293883947665      
   30.9003233454119651738805160470533574      
   29.8337855249528809258874146807479943      
   28.8128781318937834156858177739490709      
   27.8368435250921500952473697323989753      
   26.9046308366423109433109936544382333      
   26.0149648368205418026290360589628416      
   25.1664060274830414760524445837291363      
   24.3574014244021423818997915261663643      
   23.5863275172064819976698651426701060      
   22.8515247423511063271221442277804359      
   22.1513254074900701292605190136506463      
   21.4840755151886524069715752179325882      
   20.8481515545009370520647238888873942      
   20.2419730938271498099768856590338839      
   19.6640117647135574625224629970693266      
   19.1127975701700457472553595476249769      
   18.5869228729681672062167509371172180      
   18.0850445810511078757872940198446306      
   17.6058849448350831580478290653010684      
   17.1482313186944727141059837187881708      
   16.7109351214659732597973707863762042      
   16.2929101703789853086381719390360916      
   15.8931304684689258535720894104781368      
   15.5106280645969244802911605852477511      
   15.1444903560800826759405114322073746      
   14.7938574504964125106456260918375450      
   14.4579194752885799558989885599408105      
   14.1359138887258105949909516098040436      
   13.8271228513565901704231426666200449      
   13.5308706572128115238402289319213113      
   13.2465212354434790342763366365606409      
   12.9734757787475640923771693191221095      
   12.7111704752490508909020680083153681      
   12.4590743664853643118737169284938294      
   12.2166872867576394773103433976828663      
   11.9835379373925722266433418992642872      
   11.7591820920248148709140127674660036      
   11.5432008819870571050552334034924793      
   11.3351991970513773194087568114251885      
   11.1348041816533561887189889022138723      
   10.9416638472934754359788745217932535      
   10.7554457436067236825635734559692978      
   10.5758357465187544668274886371042895      
   10.4025369067852167270373583146453983      
   10.2352683867903502172315544351819394      
   10.0737644477872698950604771776209206      
   9.91777353451819467197641471895433462      
   9.76705739020046768228036354038165832      
   9.62139026280148563139505952596228524      
   9.48055812519422576692182971543005426      
   9.34435798685086990807241192427775579      
   9.21259722781180374527724302657092599      
   9.08509297556428235573143284671398548      
   8.96167153699132212329382024916350929      
   8.84216785854002889083551047091733648      
   8.72642501711463849341201859411631725      
   8.61429376135112919204337624505913350      
   8.50563207468316278772872887725017689      
   8.40030472156979339959258479232815269      
   8.29818293017251195153166377128291756      
   8.19914399203476552124019189390634749      
   8.10307092443558763775177862090016192      
   8.00985216714861498235967799959118680      
   7.91938127532683347437009949583895485      
   7.83155665118981413264877523279723811      
   7.74628127498021517455884177408591831      
   7.66346246706153807442860011529463625      
   7.58301165411714691185012373033353066      
   7.50484415480519708433287280889811611      
   7.42887897605437376485170634025543410      
   7.35503862506206395790432307715288418      
   7.28324892654374101553039678518209397      
   7.21343885685298538111482021879400071      
   7.14554038392605597932403120606914405      
   7.07948831629327682789191748589887197      
   7.01522016532162967810456851411053866      
   6.95267600864861071012871413592546789      
   6.89179836792224846891995031601772293      
   6.83253208843173408661764035653141340      
   6.77482422923155859735240576450090052      
   6.71862395541134298766998623804444515      
   6.66388244110126947840086326465151755      
   6.61055277258211307316472284985698592      
   6.55858986179358889790923927600268416      
