 0.13628526479576E+03
 0.13628526479576E+03
 0.13628526479591E+03
 0.13628526479727E+03
 0.13628526480368E+03
 0.13628526482384E+03
 0.13628526487274E+03
 0.13628526497353E+03
 0.13628526516517E+03
 0.13628526552759E+03
 0.13628526623692E+03
 0.13628526765493E+03
 0.13628527044280E+03
 0.13628527567948E+03
 0.13628528496318E+03
 0.13628530047963E+03
 0.13628532502973E+03
 0.13628536201720E+03
 0.13628541540259E+03
 0.13628548963359E+03
 0.13628558956254E+03
 0.13628572036223E+03
 0.13628588745014E+03
 0.13628609642989E+03
 0.13628635305695E+03
 0.13628666323303E+03
 0.13628703303102E+03
 0.13628746874944E+03
 0.13628797699240E+03
 0.13628856476902E+03
 0.13628923960419E+03
 0.13629000965206E+03
 0.13629088380321E+03
 0.13629187177735E+03
 0.13629298419465E+03
 0.13629423262027E+03
 0.13629562957888E+03
 0.13629718853743E+03
 0.13629892385673E+03
 0.13630085071343E+03
 0.13630298499576E+03
 0.13630534317689E+03
 0.13630794217067E+03
 0.13631079917489E+03
 0.13631393150683E+03
 0.13631735643630E+03
 0.13632109102055E+03
 0.13632515194525E+03
 0.13632955537509E+03
 0.13633431681700E+03
 0.13633945099835E+03
 0.13634497176201E+03
 0.13635089197949E+03
 0.13635722348288E+03
 0.13636397701587E+03
 0.13637116220382E+03
 0.13637878754225E+03
 0.13638686040311E+03
 0.13639538705778E+03
 0.13640437272250E+03
 0.13641382158557E+03
 0.13642373690915E+03
 0.13643412108361E+03
 0.13644497571983E+03
 0.13645630174476E+03
 0.13646809950390E+03
 0.13648036886948E+03
 0.13649310935290E+03
 0.13650632022050E+03
 0.13652000061122E+03
 0.13653414965517E+03
 0.13654876659238E+03
 0.13656385089062E+03
 0.13657940236173E+03
 0.13659542127592E+03
 0.13661190847300E+03
 0.13662886547072E+03
 0.13664629456982E+03
 0.13666419895478E+03
 0.13668258279033E+03
 0.13670145131516E+03
 0.13672081093011E+03
 0.13674066928214E+03
 0.13676103534562E+03
 0.13678191949695E+03
 0.13680333358803E+03
 0.13682529101342E+03
 0.13684780677656E+03
 0.13687089754937E+03
 0.13689458173142E+03
 0.13691887950567E+03
 0.13694381288908E+03
 0.13696940578540E+03
 0.13699568403488E+03
 0.13702267545263E+03
 0.13705040988819E+03
 0.13707891925543E+03
 0.13710823758548E+03
 0.13713840106635E+03
 0.13716944808972E+03
 0.13720141929056E+03
 0.13723435759440E+03
 0.13726830826090E+03
 0.13730331893711E+03
 0.13733943969752E+03
 0.13737672309906E+03
 0.13741522423810E+03
 0.13745500080868E+03
 0.13749611315680E+03
 0.13753862434165E+03
 0.13758260022180E+03
 0.13762810951001E+03
 0.13767522385863E+03
 0.13772401794860E+03
 0.13777456957463E+03
 0.13782695974913E+03
 0.13788127283618E+03
 0.13793759651348E+03
 0.13799602214393E+03
 0.13805664472387E+03
 0.13811956306311E+03
 0.13818487997555E+03
 0.13825270241162E+03
 0.13832314164589E+03
 0.13839631344732E+03
 0.13847233831284E+03
 0.13855134168144E+03
 0.13863345416437E+03
 0.13871881181708E+03
 0.13880755638795E+03
 0.13889983567658E+03
 0.13899580379010E+03
 0.13909562152877E+03
 0.13919945674040E+03
 0.13930748477620E+03
 0.13941988888207E+03
 0.13953686070122E+03
 0.13965860075019E+03
 0.13978531904703E+03
 0.13991723564065E+03
 0.14005458129045E+03
 0.14019759822109E+03
 0.14034654083635E+03
 0.14050167651745E+03
 0.14066328667129E+03
 0.14083166760419E+03
 0.14100713157319E+03
 0.14119000808972E+03
 0.14138064506856E+03
 0.14157941031128E+03
 0.14178669297707E+03
 0.14200290538963E+03
 0.14222848442662E+03
 0.14246389415437E+03
 0.14270962760981E+03
 0.14296620933884E+03
 0.14323419801956E+03
 0.14351418944341E+03
 0.14380681965157E+03
 0.14411276856607E+03
 0.14443276379589E+03
 0.14476758511781E+03
 0.14511806919875E+03
 0.14548511489314E+03
 0.14586968907156E+03
 0.14627283325553E+03
 0.14669567072810E+03
 0.14713941455557E+03
 0.14760537665096E+03
 0.14809497727736E+03
 0.14860975633024E+03
 0.14915138519247E+03
 0.14972168033408E+03
 0.15032261841515E+03
 0.15095635143853E+03
 0.15162522655718E+03
 0.15233180429589E+03
 0.15307888089750E+03
 0.15386951121873E+03
 0.15470703418647E+03
 0.15559509914048E+03
 0.15653769395963E+03
 0.15753917387873E+03
 0.15860429074307E+03
 0.15973822130174E+03
 0.16094659304590E+03
 0.16223550742867E+03
 0.16361155473261E+03
 0.16508182281692E+03
 0.16665389063447E+03
 0.16833580952314E+03
 0.17013605985157E+03
 0.17206349616827E+03
 0.17412724382611E+03
 0.17633658715869E+03
 0.17870081725610E+03
 0.18122905116086E+03
 0.18393002534423E+03
 0.18681186753574E+03
 0.18988184398231E+03
 0.19314615180813E+03
 0.19660963760390E+03
 0.20027561082436E+03
 0.20414571438719E+03
 0.20821960946509E+03
 0.21249518297701E+03
 0.21696839909027E+03
 0.22163342996383E+03
 0.22648282294147E+03
 0.23150772963342E+03
 0.23669817737762E+03
 0.24204336613576E+03
 0.24753196466985E+03
 0.25315239112658E+03
 0.25889305685707E+03
 0.26474257429609E+03
 0.27068991745105E+03
 0.27672454097957E+03
 0.28283645740139E+03
 0.28901628279029E+03
 0.29525525380268E+03
 0.30154522562579E+03
 0.30787865342835E+03
 0.31424856349489E+03
 0.32064852010035E+03
 0.32707258557948E+03
 0.33351528263598E+03
 0.33997155550265E+03
 0.34643673205059E+03
 0.35290648991941E+03
 0.35937682313759E+03
 0.36584401360503E+03
 0.37230460203397E+03
 0.37875536548662E+03
 0.38519329425888E+03
 0.39161557275816E+03
 0.39801956179178E+03
 0.40440278198890E+03
 0.41076290317028E+03
 0.41709772777772E+03
 0.42340518220710E+03
 0.42968330722758E+03
 0.43593024893427E+03
 0.44214425136018E+03
 0.44832365008143E+03
 0.45446686501587E+03
 0.46057239690927E+03
 0.46663882142606E+03
 0.47266478559690E+03
 0.47864900376008E+03
 0.48459025436621E+03
 0.49048737756424E+03
 0.49633927198269E+03
 0.50214489262991E+03
 0.50790324870877E+03
 0.51361340189869E+03
 0.51927446468098E+03
 0.52488559857091E+03
 0.53044601268573E+03
 0.53595496288905E+03
 0.54141175012596E+03
 0.54681571944760E+03
 0.55216625894906E+03
 0.55746279891825E+03
 0.56270481099036E+03
 0.56789180686362E+03
 0.57302333774483E+03
 0.57809899353663E+03
 0.58311840207063E+03
 0.58808122802180E+03
 0.59298717239796E+03
 0.59783597191948E+03
 0.60262739777187E+03
 0.60736125489254E+03
 0.61203738298089E+03
 0.61665565258482E+03
 0.62121596652005E+03
 0.62571825871333E+03
 0.63016249322300E+03
 0.63454866370045E+03
 0.63887679232711E+03
 0.64314692944112E+03
 0.64735915233747E+03
 0.65151356478578E+03
 0.65561029612812E+03
 0.65964950055789E+03
 0.66363135617861E+03
 0.66755606444579E+03
 0.67142384913724E+03
 0.67523495574357E+03
 0.67898965060249E+03
 0.68268822007768E+03
 0.68633096989302E+03
 0.68991822418440E+03
 0.69345032488480E+03
 0.69692763077837E+03
 0.70035051694430E+03
 0.70371937378482E+03
 0.70703460646281E+03
 0.71029663401971E+03
