-0.10482791611405E+11
-0.65517447571279E+09
-0.12941718038771E+09
-0.40948404732054E+08
-0.16772466578261E+08
-0.80885737742639E+07
-0.43660106670373E+07
-0.25592752958623E+07
-0.15977429679185E+07
-0.10482791613772E+07
-0.71598877233751E+06
-0.50553586122532E+06
-0.36703167327312E+06
-0.27287566687856E+06
-0.20706748854930E+06
-0.15995470545984E+06
-0.12551084769120E+06
-0.99858933304407E+05
-0.80438234519462E+05
-0.65517442497709E+05
-0.53901359213218E+05
-0.44749288869907E+05
-0.37459801208927E+05
-0.31595976168149E+05
-0.26835927997010E+05
-0.22939457329885E+05
-0.19725195612048E+05
-0.17054698730024E+05
-0.14821219501252E+05
-0.12941678578998E+05
-0.11350852681293E+05
-0.99971201675274E+04
-0.88393137802626E+04
-0.78443694686650E+04
-0.69855537117997E+04
-0.62411154239715E+04
-0.55932523966644E+04
-0.50273128085572E+04
-0.45311738733332E+04
-0.40947550190994E+04
-0.37096339996265E+04
-0.33687423138329E+04
-0.30661221393442E+04
-0.27967312807551E+04
-0.25562858215707E+04
-0.23411325530277E+04
-0.21481450482332E+04
-0.19746386107491E+04
-0.18183003645776E+04
-0.16771315488401E+04
-0.15493996950045E+04
-0.14335988414089E+04
-0.13284163118460E+04
-0.12327048766524E+04
-0.11454593445422E+04
-0.10657968153211E+04
-0.99293996823856E+03
-0.92620287621520E+03
-0.86497892878780E+03
-0.80873052116118E+03
-0.75698022700545E+03
-0.70930322151084E+03
-0.66532076100050E+03
-0.62469455790684E+03
-0.58712191656098E+03
-0.55233151715601E+03
-0.52007975332046E+03
-0.49014754369499E+03
-0.46233755031830E+03
-0.43647174695925E+03
-0.41238928915412E+03
-0.38994464492371E+03
-0.36900595119855E+03
-0.34945356607286E+03
-0.33117879130196E+03
-0.31408274308745E+03
-0.29807535226878E+03
-0.28307447765210E+03
-0.26900511842821E+03
-0.25579871352717E+03
-0.24339251737661E+03
-0.23172904291695E+03
-0.22075556391821E+03
-0.21042366966510E+03
-0.20068886595915E+03
-0.19151021714574E+03
-0.18285002453314E+03
-0.17467353713805E+03
-0.16694869118834E+03
-0.15964587523909E+03
-0.15273771813562E+03
-0.14619889738096E+03
-0.14000596574821E+03
-0.13413719422840E+03
-0.12857242962194E+03
-0.12329296527111E+03
-0.11828142360029E+03
-0.11352164927968E+03
-0.10899861195269E+03
-0.10469831758639E+03
-0.10060772760392E+03
-0.96714685047774E+02
-0.93007847100396E+02
-0.89476623356870E+02
-0.86111119319052E+02
-0.82902084614518E+02
-0.79840865512447E+02
-0.76919361336480E+02
-0.74129984431983E+02
-0.71465623365246E+02
-0.68919609060507E+02
-0.66485683620746E+02
-0.64157971608196E+02
-0.61930953555718E+02
-0.59799441516410E+02
-0.57758556502257E+02
-0.55803707625833E+02
-0.53930572808547E+02
-0.52135080937078E+02
-0.50413395345129E+02
-0.48761898489007E+02
-0.47177177767412E+02
-0.45656012337053E+02
-0.44195360900303E+02
-0.42792350337606E+02
-0.41444265163664E+02
-0.40148537700846E+02
-0.38902738954659E+02
-0.37704570103216E+02
-0.36551854577829E+02
-0.35442530677486E+02
-0.34374644680841E+02
-0.33346344422499E+02
-0.32355873289039E+02
-0.31401564618814E+02
-0.30481836460810E+02
-0.29595186677417E+02
-0.28740188362131E+02
-0.27915485551338E+02
-0.27119789206873E+02
-0.26351873452001E+02
-0.25610572046952E+02
-0.24894775077326E+02
-0.24203425852196E+02
-0.23535517989431E+02
-0.22890092681576E+02
-0.22266236123275E+02
-0.21663077095292E+02
-0.21079784693702E+02
-0.20515566191251E+02
-0.19969665026026E+02
-0.19441358907141E+02
-0.18929958030716E+02
-0.18434803399025E+02
-0.17955265234664E+02
-0.17490741487684E+02
-0.17040656423961E+02
-0.16604459295132E+02
-0.16181623083155E+02
-0.15771643313151E+02
-0.15374036933197E+02
-0.14988341256245E+02
-0.14614112959009E+02
-0.14250927137141E+02
-0.13898376411052E+02
-0.13556070081165E+02
-0.13223633330782E+02
-0.12900706470622E+02
-0.12586944227529E+02
-0.12282015072411E+02
-0.11985600586004E+02
-0.11697394862566E+02
-0.11417103948642E+02
-0.11144445315896E+02
-0.10879147368122E+02
-0.10620948980254E+02
-0.10369599069466E+02
-0.10124856197077E+02
-0.98864882005856E+01
-0.96542718546243E+01
-0.94279925587968E+01
-0.92074440516209E+01
-0.89924281463113E+01
-0.87827544875171E+01
-0.85782403205424E+01
-0.83787102707542E+01
-0.81839961278446E+01
-0.79939366240545E+01
-0.78083772042144E+01
-0.76271697787274E+01
-0.74501724550080E+01
-0.72772492468503E+01
-0.71082697602003E+01
-0.69431088704197E+01
-0.67816463905510E+01
-0.66237667556575E+01
-0.64693587334178E+01
-0.63183151723321E+01
-0.61705327963290E+01
-0.60259120454477E+01
-0.58843569577884E+01
-0.57457750859822E+01
-0.56100774297184E+01
-0.54771783813651E+01
-0.53469956664443E+01
-0.52194502779293E+01
-0.50944663963804E+01
-0.49719712967865E+01
-0.48518952419439E+01
-0.47341713646635E+01
-0.46187355420717E+01
-0.45055262649120E+01
-0.43944845046539E+01
-0.42855535813212E+01
-0.41786790340964E+01
-0.40738084963343E+01
-0.39708915760613E+01
-0.38698797428588E+01
-0.37707262215023E+01
-0.36733858925442E+01
-0.35778151996240E+01
-0.34839720635499E+01
-0.33918158026037E+01
-0.33013070589091E+01
-0.32124077303103E+01
-0.31250809073854E+01
-0.30392908152120E+01
-0.29550027595061E+01
-0.28721830766964E+01
-0.27907990876023E+01
-0.27108190543979E+01
-0.26322121405891E+01
-0.25549483736864E+01
-0.24789986103349E+01
-0.24043345036787E+01
-0.23309284727890E+01
-0.22587536739530E+01
-0.21877839736245E+01
-0.21179939229461E+01
-0.20493587336929E+01
-0.19818542555066E+01
-0.19154569543190E+01
-0.18501438918816E+01
-0.17858927063101E+01
-0.17226815935620E+01
-0.16604892897796E+01
-0.15992950544393E+01
-0.15390786542505E+01
-0.14798203477527E+01
-0.14215008705610E+01
-0.13641014212223E+01
-0.13076036476416E+01
-0.12519896340456E+01
-0.11972418884505E+01
-0.11433433306030E+01
-0.10902772803741E+01
-0.10380274465715E+01
-0.98657791615988E+00
-0.93591314385283E+00
-0.88601794207915E+00
-0.83687747128221E+00
-0.78847723054925E+00
-0.74080304855344E+00
-0.69384107479676E+00
-0.64757777113177E+00
-0.60199990355872E+00
-0.55709453428342E+00
-0.51284901401899E+00
-0.46925097453139E+00
-0.42628832141390E+00
-0.38394922708234E+00
-0.34222212397999E+00
-0.30109569798846E+00
-0.26055888202874E+00
-0.22060084985902E+00
-0.18121101004961E+00
-0.14237900012963E+00
-0.10409468091154E+00
-0.66348130971193E-01
-0.29129641284869E-01
 0.75702899767812E-02
 0.43760962508975E-01
 0.79451478798455E-01
 0.11465074890366E+00
 0.14936749510369E+00
 0.18361025642554E+00
 0.21738739303881E+00
 0.25070709053420E+00
 0.28357736408990E+00
 0.31600606251745E+00
 0.34800087220130E+00
 0.37956932093896E+00
 0.41071878166876E+00
 0.44145647610406E+00
 0.47178947827160E+00
 0.50172471795549E+00
 0.53126898404841E+00
 0.56042892781755E+00
 0.58921106608645E+00
 0.61762178432970E+00
