   6.91360382032105060219110298214517828      
   6.91360382032105110148990120050159411      
   6.91360382032108955897461395071538087      
   6.91360382032172657037300039129441259      
   6.91360382032646964407827706415172431      
   6.91360382034827194454909996337542591      
   6.91360382042124210775840530959596127      
   6.91360382061614616007291978567284286      
   6.91360382105205065483227301531039201      
   6.91360382188251542740234037004625040      
   6.91360382321555130734206307400879388      
   6.91360382491358848530899497598949790      
   6.91360382622306345639780500663093922      
   6.91360382520291047042215115732337015      
   6.91360381794927827036776370348805763      
   6.91360379764123045675828279587306040      
   6.91360375345348257139176676298555860      
   6.91360366939581437447094197248881117      
   6.91360352314564596469469776404974318      
   6.91360328494217470056052017297293861      
   6.91360291660884335738032578759564659      
   6.91360237076628433196890863962745041      
   6.91360159029007204811806504455879862      
   6.91360050805619318359997260515046324      
   6.91359904700207550589870388385155716      
   6.91359712051292113907041498989228121      
   6.91359463312339041660916263023965854      
   6.91359148150525353417632562456079752      
   6.91358755569446107851605761920233790      
   6.91358274049785701729059447634810939      
   6.91357691701156901615383982846870319      
   6.91356996418034636178440636720383366      
   6.91356176032950954261998930615646943      
   6.91355218460792440447493643846175287      
   6.91354111829040595997039971459623164      
   6.91352844589994463950827352529585574      
   6.91351405612293064595301468459820983      
   6.91349784250309452207998932223002737      
   6.91347970391137287933988779789694338      
   6.91345954479879311215182531888598225      
   6.91343727524743750623494843480835495      
   6.91341281084048712872351676500185393      
   6.91338607237631731359794780414267450      
   6.91335698545379594044175269569548344      
   6.91332547995656669466504269729975943      
   6.91329148946346578978914866822797527      
   6.91325495061061378766536119302927123      
   6.91321580242841495840630715501119630      
   6.91317398567393182583369643002413897      
   6.91312944217609567909433474206803125      
   6.91308211420814193623774195290622142      
   6.91303194389862690470415121347131315      
   6.91297887268955491810603344989659558      
   6.91292284084750388978535549845620059      
   6.91286378703130384023619272261791699      
   6.91280164791777556599563907424797099      
   6.91273635788526304964074618370713225      
   6.91266784875328179948489429839415946      
   6.91259604957542262781124104830310237      
   6.91252088648169597623041042326084307      
   6.91244228256593102209257894562708194      
   6.91236015781309333066696304102508520      
   6.91227442904711061933368565807139967      
   6.91218500997581370212596419357347657      
   6.91209181113201331336560438205079278      
   6.91199473995426832360386021887735288      
   6.91189370082374746497651978777197342      
   6.91178859512086085295758256170222352      
   6.91167932128513559335675058431666111      
   6.91156577487533090018922336130956661      
   6.91144784862483344819982546910757594      
   6.91132543248889847792373023363494367      
   6.91119841368066764426639348425525948      
   6.91106667669264938386053391590582101      
   6.91093010330087835097276228701991199      
   6.91078857255042910233240177310569683      
   6.91064196071908219804951233673940319      
   6.91049014125692857233380916718326337      
   6.91033298470287264924469784322689712      
   6.91017035857561547524607843547026652      
   6.91000212723439303971961584653003055      
   6.90982815171496442357907066754648202      
   6.90964828953742492567361338753628829      
   6.90946239448063153365317095724048805      
   6.90927031633423883581617270408813550      
   6.90907190061293660122054213789204899      
   6.90886698824762046767933645234480987      
   6.90865541523864137142455149066416780      
   6.90843701228752429771902720030351854      
   6.90821160439071161412594985054380348      
   6.90797901040343219507230832279468331      
   6.90773904258063083879045099061496758      
   6.90749150607332094072586514588100381      
   6.90723619839698270722469289171761315      
   6.90697290889677945018079187907531940      
   6.90670141811506601445313631465390021      
   6.90642149721343758783283516193614040      
   6.90613290727879027703270190929879019      
   6.90583539866177910961819092762260067      
   6.90552871023388775640205240020728704      
   6.90521256864693599873148662050278911      
   6.90488668752567606782415974772135464      
   6.90455076667004282686384197853615931      
   6.90420449113998941023674984235572129      
   6.90384753040037355369369750307354207      
   6.90347953736411749347066482879584693      
   6.90310014739723393557159424300496788      
   6.90270897729560381221365878008489295      
   6.90230562422893649054243005858143359      
   6.90188966463846158815489994361481454      
   6.90146065302436175747669815619342613      
   6.90101812078937187174781714170766773      
   6.90056157494721227219457239550352343      
   6.90009049679919715277416952161948030      
   6.89960434057125449720209964474706943      
   6.89910253195697836138580191246990326      
   6.89858446665316177586694268098717004      
   6.89804950877039529261454823628653440      
   6.89749698897002278951371773430568384      
   6.89692620346249840097462590920685906      
   6.89633641133417163349692704676982956      
   6.89572683311949773541161834969418104      
   6.89509664877339641103918439202939341      
   6.89444499559777523582079667594209614      
   6.89377096611883983321442069442966592      
   6.89307360577347040007045613706696693      
   6.89235191049296174240005487410047843      
   6.89160482427260250832930934094037673      
   6.89083123644924756230630046950316836      
   6.89002997906287510786526185226532973      
   6.88919982380831777048728169480366448      
   6.88833947897831835329696456633420013      
   6.88744758640137332755050246249884952      
   6.88652271778287161701438759029716597      
   6.88556337127546739943572276111387070      
   6.88456796755184022324076513116839493      
   6.88353484584981048738389827930267502      
   6.88246225980619097914233345944789302      
   6.88134837275247432250775594756985857      
   6.88019125305403009582549282229730698      
   6.87898886916489405428536190124912021      
   6.87773908403091764289427412323195584      
   6.87643964966315055344984717710413211      
   6.87508820082079626937461438527084372      
   6.87368224887458318514298684565987401      
   6.87221917472958983453809192605510671      
   6.87069622170687965702984737733240650      
   6.86911048773261594565264661009203840      
   6.86745891714086153323881199742124848      
   6.86573829179659439771769917170849877      
   6.86394522166580798923413293900338659      
   6.86207613514631877049326281575764064      
   6.86012726763668768906090380083597242      
   6.85809465054099018438206085489559645      
   6.85597409949358094148800040677268611      
   6.85376120000998265210358545221102653      
   6.85145129422705529689852644036926993      
   6.84903946556011807850432111669717968      
   6.84652052264945297268425045849800632      
   6.84388898181622933058399661495566809      
   6.84113904855728986477936536512850300      
   6.83826459774562254605400231201298623      
   6.83525915142173168952588214438973493      
   6.83211585660822621506852505967395578      
   6.82882745985777039471177228005410230      
   6.82538628108565273660719871601151777      
   6.82178418546010161170243658245872396      
   6.81801255170815420931733038298171605      
   6.81406224069148023034358649273891448      
   6.80992355990379480246896733248185595      
   6.80558622617656339041104957850693511      
   6.80103932648364503363828661441113143      
   6.79627127582301185326883552274607144      
   6.79126977235031935842354539398530360      
   6.78602175160491550153520369928009514      
   6.78051333638717511187758672043752574      
   6.77472978878560609551682551092512408      
   6.76865545566291204215149742497445155      
   6.76227371814584790017998734363581301      
   6.75556693841802371120346045069572336      
   6.74851640976597617337793031230852502      
   6.74110230822983699895519502526857756      
   6.73330365069538064347658742083302205      
   6.72509825911058171005963072948219601      
   6.71646273584516926710663427791322073      
   6.70737245171199017921982967791102848      
   6.69780155245501787418082930980068115      
   6.68772298605715123224862035150520496      
   6.67710855672236330580453468928959285      
   6.66592900832114437115736780821506479      
   6.65415413944718377638935660973019894      
   6.64175295685336931552596572502329625      
   6.62869385710480226553853210455699325      
   6.61494484472980351219534976611789583      
   6.60047377105238014651384411676966415      
   6.58524858919436673038106950187151444      
   6.56923760764128681960035751986222452      
   6.55240973112131509598105730382710196      
   6.53473467002776012515632680805356614      
   6.51618310644510454033306433800957897      
   6.49672681108306175041727112983949704      
   6.47633869990643723494273857956284567      
   6.45499284345223223781118060542065936      
   6.43266443107243907800181483124051306      
   6.40932970846044790837548864250154327      
   6.38496588174165864069562517071316554      
   6.35955104842266600283144759794272654      
   6.33306410430454808152552418068106755      
   6.30548467498947940483425105287181423      
   6.27679305856544013931222401238576653      
   6.24697018066303634643595499079586779      
   6.21599755963631105026459880214656518      
   6.18385727850111107927060199644877463      
   6.15053196024625196466450809046273433      
   6.11600474257875517355020765625945001      
   6.08025925366856665811370584668131558      
   6.04327958279918700702096983382968460      
   6.00505025067309933214797890510029690      
   5.96555617605498031905063142287643519      
   5.92478264203322117269869533727270270      
   5.88271526040003459773888517155935739      
   5.83933993669725799582247233400012009      
   5.79464283558294524370097191400532949      
   5.74861034719117197576476544123217823      
   5.70122905552712994052122317624674375      
   5.65248570827947954478562977705071491      
   5.60236718941717292950369427175899107      
   5.55086049318349043407994341368580974      
   5.49795270101528447195415587519809367      
   5.44363096025275051060546827074238715      
   5.38788246505890877154483179555162300      
   5.33069443938147430183067459678560978      
   5.27205412156542361632936976735431912      
   5.21194875102471419439521606479778448      
   5.15036555600185394371167847033047339      
   5.08729174312648561160624800966237068      
   5.02271448795329244030375000113910245      
   4.95662092686296386249424227998478934      
   4.88899814982095628180247931582207971      
   4.81983319391274011763713461748984356      
   4.74911303808608438160460677283292796      
   4.67682459816407220618789696857495148      
   4.60295472269794749120365664336454074      
   4.52749018925288311569880748272621685      
   4.45041770127125691004420329279562502      
   4.37172388529777430771654478146456259      
   4.29139528860045275283747300159257523      
   4.20941837708076345499194072949622417      
   4.12577953349648516191849705534602483      
   4.04046505593592174480967575570341003      
   3.95346115651067954743960265327624896      
   3.86475396023292005636393947821439584      
   3.77432950404416906341442462545789375      
   3.68217373604378189761844372877467822      
   3.58827251481434651070677828200935729      
   3.49261160886236730942845065600501614      
   3.39517669617216683695383990209558881      
   3.29595336383665247694802644140368075      
   3.19492710778988818335345175932257390      
   3.09208333258643838542252209058045963      
   2.98740735123881283832462543938437020      
   2.88088438514108597157630166937277410      
   2.77249956400634889776697713583407107      
   2.66223792586504907100359142572453992      
   2.55008441708602162826293067408990973      
   2.43602389244099715242229902480243559      
   2.32004111520130743387002419174363328      
   2.20212075724684578471083004412261020      
   2.08224739920487999224451144267921687      
   1.96040553060512406344732897296768248      
   1.83657955006036710472873057039847955      
   1.71075376544857828797158904929978836      
   1.58291239411669272089532826420448150      
   1.45303956309471867164311625253712274      
   1.32111930932118113764069638260651423      
   1.18713557986445131268132731068492153      
   1.05107223217757028654609701664464292      
  0.912913034331325974183660723917457127      
  0.772641665268504787603668307816837915      
  0.630241715058806396523294052655312221      
  0.485696685158033201106568631734226843      
  0.338989988668434462533875064871289917      
  0.190104950605601054166009286963602276      
   3.90248081613937399728258781696913483E-0002
 -0.114267289024047254513793762875218715      
 -0.269788278597391069556302207848069523      
 -0.427555185219300187285099516856969827      
 -0.587585120296228925554704596077481205      
 -0.749895281708869592686244292292375649      
 -0.914502953543672710723302481397631813      
  -1.08142550582219267024728593114942546      
  -1.25068039423185776689769370355993376      
  -1.42228515985720938930780788769130591      
  -1.59625742891429857763766396326658826      
  -1.77261491248310998522246006578304215      
  -1.95137540624098939803286787296745446      
  -2.13255679020238533114190024382732339      
  -2.31617702845295301201372206262875044      
  -2.50225416889028594145998063990564248      
  -2.69080634296354189954555781686402133      
