   6.96056439612021242808744050708650809      
   6.96056439612024352967699183942915450      
   6.96056439612189877694147164347050554      
   6.96056439614162191579813023662078254      
   6.96056439625239883292488055251974935      
   6.96056439665422381575739919920074477      
   6.96056439775841288409172970032623258      
   6.96056440027108812797627428284097110      
   6.96056440526140059587294762782205454      
   6.96056441418962540554152424256566117      
   6.96056442885352210796799527506431599      
   6.96056445120135424932272156282520967      
   6.96056448296614495180239677500865696      
   6.96056452509694175145836799919551116      
   6.96056457699071219781719055680565444      
   6.96056463555440884866050544876685278      
   6.96056469414586494217686842387871166      
   6.96056474145354775081619430828735141      
   6.96056476038014854095012381327249038      
   6.96056472699546046466983698729291141      
   6.96056460962139501220906009051418007      
   6.96056436810678863179713299872931679      
   6.96056395334160497429724901325653294      
   6.96056330704881031254904702643687186      
   6.96056236187749899537852365694946761      
   6.96056104180344152546830998948714216      
   6.96055926282444337447493585090706416      
   6.96055693391959337367313197094570639      
   6.96055395822552408344618601381626788      
   6.96055023437078323206327219910249269      
   6.96054565790231775657002981819560361      
   6.96054012273621142590782667194386340      
   6.96053352256786312808373329342669820      
   6.96052575218393045532783655271569500      
   6.96051670862847693931657114419229741      
   6.96050629218763902379386727747490722      
   6.96049440716961006178826930408445766      
   6.96048096246884308208758251345262103      
   6.96046587191433442951813160517812889      
   6.96044905441117157278290718385518735      
   6.96043043389192637226094860535145713      
   6.96040993909987696320001027750390895      
   6.96038750322953106197497122106025584      
   6.96036306345168158572230517289483714      
   6.96033656035050952474781798732713189      
   6.96030793729934089138576193897262429      
   6.96027713979984801393005029943587789      
   6.96024411480703171783869881089614092      
   6.96020881005946520489603076346921211      
   6.96017117343122607167234488634134335      
   6.96013115231885485122138534431584771      
   6.96008869307368309474041146779173969      
   6.96004374048705736857558249931600831      
   6.95999623733342398487170862609705870      
   6.95994612397395585194761608914251307      
   6.95989333802142329696589293065802711      
   6.95983781406534254425834517241191355      
   6.95977948345503857450617938169488479      
   6.95971827413716710154649115509101157      
   6.95965411054338586833790125788377440      
   6.95958691352327368657021595978245771      
   6.95951660031709507046852265681384549      
   6.95944308455414607110017789205697758      
   6.95936627632062427320348874342995330      
   6.95928608217302257477250959516544541      
   6.95920240524218627633294502707945049      
   6.95911514531448505906582486142240901      
   6.95902419892629398957663289800679008      
   6.95892945946092349303318634612735920      
   6.95883081724269378195936699936159944      
   6.95872815962447932541526671333611955      
   6.95862137106534159574969314972345086      
   6.95851033319378345825946200156118148      
   6.95839492485473350913846952094057218      
   6.95827502213665921622602090792203896      
   6.95815049837660703686063974967970598      
   6.95802122414173964146058012389911775      
   6.95788706718465185451478863478870168      
   6.95774789237105651978741136543583630      
   6.95760356157866758289318769547146523      
   6.95745393356789991193122310335607828      
   6.95729886381767994777092926044109981      
   6.95713820433414261456776531929726638      
   6.95697180342633846844361214853264736      
   6.95679950544312333203504758343187297      
   6.95662115048714729855118262487742885      
   6.95643657408547138557459375184993239      
   6.95624560683215867588484833479341301      
   6.95604807399374363857025128027188223      
   6.95584379508040433355981787908124294      
   6.95563258338483354950155558523582454      
   6.95541424547920722033392535668079828      
   6.95518858068750012249502378520168284      
   6.95495538050393012837121721062743586      
   6.95471442800019419214399381986973382      
   6.95446549716509408648659049390563516      
   6.95420835223642793754543692560166490      
   6.95394274697127787443884407841558227      
   6.95366842388508141706931269334282323      
   6.95338511345831173598255030415202028      
   6.95309253328675786200749677465697089      
   6.95279038720292609011115142535986035      
   6.95247836433543705808310467782435184      
   6.95215613814124327246276617787849310      
   6.95182336539913911761268579150366922      
   6.95147968509855099949044095298861899      
   6.95112471735478584559432624705745763      
   6.95075806221667703792707563855951806      
   6.95037929841888081643981384421765673      
   6.94998798212216279564747775404489810      
   6.94958364554033827247762667474486356      
   6.94916579551791185014705730241117763      
   6.94873391207142909989653171674947566      
   6.94828744677361239695766262330369254      
   6.94782582118928135160006988572205934      
   6.94734842509804063005078543356729996      
   6.94685461474572873558168916407571794      
   6.94634371094442870752149072901325557      
   6.94581499687895164004098884567438107      
   6.94526771662173322135355527232656844      
   6.94470107218969433964202920346251000      
   6.94411422164586915101853176034272946      
   6.94350627657451452470297551815087988      
   6.94287629959846087104962023853637429      
   6.94222330151512258889774602710428601      
   6.94154623855202796549175818558345253      
   6.94084400940170216113348122579814445      
   6.94011545189480671809288775234304630      
   6.93935933965022019692042050433918149      
   6.93857437871770294005819574924725064      
   6.93775920356892190057350916212999785      
   6.93691237314584487132501281914661256      
   6.93603236677223038294509180751151846      
   6.93511757946936590460306680665659958      
   6.93416631733030304964829000847224011      
   6.93317679230392921502850808148538850      
   6.93214711691433138145609005949635627      
   6.93107529846763510673620305431879604      
   6.92995923281111821830247907243760986      
   6.92879669812341998714869305962527270      
   6.92758534755197088169893947009920057      
   6.92632270206487252213302091332057490      
   6.92500614212360909411460100136168180      
   6.92363289965832401140569769730988898      
   6.92220004867401514658938300531167995      
   6.92070449526972609752443655042611163      
   6.91914296752079228533589531505968176      
   6.91751200393765166580063208566810429      
   6.91580794137219515560596243131138743      
   6.91402690225498836640759799608432917      
   6.91216478007539581023221034540446978      
   6.91021722443471239215092372851469588      
   6.90817962552605385579712061665957370      
   6.90604709495159755540324211458434358      
   6.90381444801043333331818088013697883      
   6.90147618244299710834598150877801606      
   6.89902645637216639606474681228747917      
   6.89645906448954501211470106158911961      
   6.89376741127054976913491654570023863      
   6.89094448353634968469987846848278804      
   6.88798281901526410667680657098820025      
   6.88487447384814087457422215185356428      
   6.88161098592829723693282862466748389      
   6.87818333644943027702129845185924552      
   6.87458190720728443808805209136763174      
   6.87079643508785515399321292380482812      
   6.86681596250093123376702653806581243      
   6.86262878440191095645850794746106436      
   6.85822239018501343747029482694558396      
   6.85358340307335633003040109736904921      
   6.84869751349699697550601939599058991      
   6.84354940983603778426131986793476325      
   6.83812270405090529148651957652974278      
   6.83239985622527961932030269582560547      
   6.82636209261338132663999061361623881      
   6.81998932642654560211931080222290860      
   6.81326007677613963004967233069724395      
   6.80615139110723796604251004601832496      
   6.79863877369066071323909637756009893      
   6.79069612389325046976684071308324168      
   6.78229569071687643545778591943487272      
   6.77340804791984412693961374912388841      
   6.76400209936626096877675466802126470      
   6.75404512142415693353841923953416470      
   6.74350285092710747981758497289101655      
   6.73233962790589227474081495018095416      
   6.72051860038749122373851817417722184      
   6.70800198745351996753771771463683994      
   6.69475140869934806710377491112820892      
   6.68072826178626578222050793102089669      
   6.66589413652470855328333845669671477      
   6.65021123802850568003042805935130661      
   6.63364279142109786403584587458381385      
   6.61615339709151857676947897014636540      
   6.59770931041649324170428183854286856      
   6.57827862963775712686048365600672034      
   6.55783138702962167981950297840947806      
   6.53633955223002330715571512661646745      
   6.51377696578825511045218571052281913      
   6.49011922251340901534964692796481511      
   6.46534354513967219919613944375087637      
   6.43942861173266206949001482983958468      
   6.41235444284567349610435458178855403      
   6.38410225962908850417917342045558229      
   6.35465437176760673579723498805492517      
   6.32399407517852776035403911800474872      
   6.29210555934403766736757448753098166      
   6.25897382115477317591313902592239042      
   6.22458458366222646763882609640227107      
   6.18892421770584286225114245514547790      
   6.15197966789445399906715543526790354      
   6.11373838020764023032626971766808768      
   6.07418823374242909706494040944583894      
   6.03331747648412790430435898786959726      
   5.99111466559280737650217010847421662      
   5.94756861234432035806364522158582402      
   5.90266833230089619505011163098700167      
   5.85640300014907375057921528390541605      
   5.80876190959881674225114155262868508      
   5.75973443751425633896959130749603649      
   5.70931001299317712173948485023361448      
   5.65747808956087684502608358690132455      
   5.60422812155419789436976507083599650      
   5.54954954342046569058981555644909127      
   5.49343175200624476803217973024023610      
   5.43586409144830911091247583780419733      
   5.37683584014776269841147321859958829      
   5.31633619994884807942361797331860808      
   5.25435428682675372075184575522083289      
   5.19087912317611130348341329699526443      
   5.12589963137745331998966870243065180      
   5.05940462843206095789398421781190548      
   4.99138282172359457219685096898313045      
   4.92182280516369493502334998564044269      
   4.85071305674028856237413178660093758      
   4.77804193599612404624295967673719762      
   4.70379768236948555827504972374492387      
   4.62796841390355348536871251695576720      
   4.55054212628641828538816931067044683      
   4.47150669220885514481185962012885229      
   4.39084986104618727298122754066208644      
   4.30855925869731098250036186701650726      
   4.22462238760970470276431064915042051      
   4.13902662699022474605338399742361967      
   4.05175923314572157709871192440586462      
   3.96280733991548105576987251386522389      
   3.87215795919614682738085198545989054      
   3.77979798152876630148211994234762572      
   3.68571417678826074680524884533310054      
   3.58989319488200809781726336850015848      
   3.49232156648783779171889082494915821      
   3.39298570384327981067321473111678118      
   3.29187190155745402418408311907996606      
   3.18896633741312428076546292472928845      
   3.08425507321509397422878212893669446      
   2.97772405563044745985316491521145020      
   2.86935911703021893980204300055881581      
   2.75914597634022909385419261295428178      
   2.64707023989562446585807346437025729      
   2.53311740227821082347048201928946130      
   2.41727284716185758678341333228962451      
   2.29952184813849218838269854401186340      
   2.17984956956055220635865241792609003      
   2.05824106734850294850976267447634372      
   1.93468128980308100163886141622205866      
   1.80915507840496148494203643203440679      
   1.68164716860741800408319976977275995      
   1.55214219061831722116804771966122066      
   1.42062467014053994014861583730467663      
   1.28707902917735078078841849099665321      
   1.15148958673975625385547803118746640      
   1.01384055959347319801059999332618223      
  0.874116062978590823025439288166221377      
  0.732300111321347137163803366435237644      
  0.588376618933165730876832180921403479      
  0.442329400698290611549768200446386906      
  0.294142172750198140933648863162355693      
  0.143798553136887470580508721317952091      
  -8.71793752510224810371833773612149128E-0003
 -0.163423875407853268657769293951154810      
 -0.320335932839097498228231116406380654      
 -0.479470877681276837237749046633673683      
 -0.640845572719807731809884258921330122      
 -0.804476975062301588980631804143510519      
 -0.970382135547604431373024936416806277      
  -1.13857819816618653551909681414379114      
  -1.30908239948594961611409019995539997      
  -1.48191206809425821652929235796315890      
  -1.65708462404342140096835554503355644      
  -1.83461757830815910021532718338941164      
  -2.01452853225129636358618519191446517      
  -2.19683517710028432857405040238718756      
  -2.38155529342768572806140632149563070      
  -2.56870675064471167894275908891970726      
  -2.75830750650189199848943972069148046      
  -2.95037560659483223555430561335473106      
  -3.14492918388474860888564877370209855      
  -3.34198645821651471140467805499284739      
  -3.54156573585532231589987734256445460      
  -3.74368540902204245976678407574140867      
