   6.96056439612021242808744050708650809      
   6.96056439612024352967699183942915450      
   6.96056439612189877694147164347050554      
   6.96056439614162191579813023662078254      
   6.96056439625239883292488055251975936      
   6.96056439665422381575739919920073706      
   6.96056439775841288409172970031870297      
   6.96056440027108812797627428182463090      
   6.96056440526140059587294758006860153      
   6.96056441418962540554152317461765067      
   6.96056442885352210796798139285033943      
   6.96056445120135424932260165986478539      
   6.96056448296614495180164152963563363      
   6.96056452509694175145465881978349145      
   6.96056457699071219780226851900274281      
   6.96056463555440884860946769284931630      
   6.96056469414586494202416128860586860      
   6.96056474145354775040749273183646060      
   6.96056476038014853995398629735267274      
   6.96056472699546044844302374893470351      
   6.96056460962139501212508161266318313      
   6.96056436810678847764689812820962058      
   6.96056395334160497174426440252073258      
   6.96056330704881030108852424392627532      
   6.96056236187749894953591099936956385      
   6.96056104180344135991761154867623725      
   6.96055926282444282864771612494087163      
   6.96055693391959171478303464170202869      
   6.96055395822551939722548165673428805      
   6.96055023437077083842610810289759988      
   6.96054565790228687677663365413246321      
   6.96054012273613854043303601639126838      
   6.96053352256769936961935018253799057      
   6.96052575218357871382524371501908876      
   6.96051670862775191595632537340706883      
   6.96050629218620002696585128774563868      
   6.96049440716685163301767339816052409      
   6.96048096246372229665960463395423333      
   6.96046587190510564813642793603834316      
   6.96044905439498923787457148198914113      
   6.96043043386426386469266496732445279      
   6.96040993905369429637980728097598031      
   6.96038750315410605135857360279490269      
   6.96036306333099788628931928057845430      
   6.96033656016107040671066695039525819      
   6.96030793700724971716826351647386444      
   6.96027713935696501433785169596135681      
   6.96024411414598186242265945003138811      
   6.96020880908723378955478035483465113      
   6.96017117202103725602688531401176728      
   6.96013115029998404242531857006592008      
   6.96008869021880710384263197953479115      
   6.96004373649669702997672633395057392      
   6.95999623181698307409119327812306932      
   6.95994611642680812440614889647003189      
   6.95989332779744687983571994289027166      
   6.95983780034424891085376888099425148      
   6.95977946520379167943849119236842468      
   6.95971825006473914507217163630907566      
   6.95965407903836482168251402692766024      
   6.95958687261898080397152368253534934      
   6.95951654759738665959260430872650133      
   6.95944301708921677245833525977921763      
   6.95936619055199090369669477929147363      
   6.95928597383169857513791049388476902      
   6.95920226922555695392545373835234058      
   6.95911497555580457538041442218946668      
   6.95902398824913082691961428944930324      
   6.95892919941754850662402268023789112      
   6.95883049793539702283320303589241184      
   6.95872776950881857051029762976887024      
   6.95862089673435614979608162186067219      
   6.95850975914219936888784238028599234      
   6.95839423322224042165235095477233174      
   6.95827419242935201635659599742249048      
   6.95814950716571084313311636924481748      
   6.95802004473880642145851236220716073      
   6.95788566929240246262292865088424921      
   6.95774624170911594060826578914540859      
   6.95760161948343953968360414840187519      
   6.95745165656595071857847793320991822      
   6.95729620317184070434093772307713656      
   6.95713510556182693881054321617383875      
   6.95696820578942723852206113272887974      
   6.95679534140866856162634373800685022      
   6.95661634515863310047590384827232146      
   6.95643104460372381948411796882453280      
   6.95623926174560206612922240959132394      
   6.95604081259722834789148938279558526      
   6.95583550672218218795366182682240870      
   6.95562314674095573149742242538872852      
   6.95540352779484068720519008006395795      
   6.95517643698430166649817015714424204      
   6.95494165275284667353006176532938478      
   6.95469894425911773031380811412420351      
   6.95444807067790422755866925151898581      
   6.95418878050348935040973549736621614      
   6.95392081076745877586316045469562471      
   6.95364388625192136328717942794727406      
   6.95335771865084881920137036166790098      
   6.95306200567030317205666298337888540      
   6.95275643011878324837232332799533282      
   6.95244065891845917028180068035686498      
   6.95211434208514919926131924379262501      
   6.95177711167802584560107446907025689      
   6.95142858063394682942135667365134543      
   6.95106834163060447115098618645928117      
   6.95069596583974690589757722756991335      
   6.95031100161569956870773457345783328      
   6.94991297317899993430612407539114800      
   6.94950137917019040577941038738203283      
   6.94907569116905904240433342816897308      
   6.94863535215026509408808938859002456      
   6.94817977480435535535180622221748566      
   6.94770833986764257523130141333809308      
   6.94722039428716250421836112636609388      
   6.94671524924936566287254203942094752      
   6.94619217860084885158956574150984276      
   6.94565041609003514087723647993250884      
   6.94508915365238298215731869509411368      
   6.94450753896744031952303925134631602      
   6.94390467297245656158467531322988174      
   6.94327960731973827719149594505437943      
   6.94263134174826872085717341094006714      
   6.94195882107295262254907938773333171      
   6.94126093225672663805344753802063549      
   6.94053650128649049032996360756980612      
   6.93978428965833071918521064499023215      
   6.93900299082691295268463363638099838      
   6.93819122660233948374203647636283620      
   6.93734754301746816865177089489535934      
   6.93647040603317423559725349041662671      
   6.93555819711844803918697330893295553      
   6.93460920863618242811761197728049921      
   6.93362163844534523817039038044627142      
   6.93259358468499690787213244876660310      
   6.93152304013291603903225469816916999      
   6.93040788591110439290265626933918068      
   6.92924588513663612609555267398172445      
   6.92803467594822533008924044443668665      
   6.92677176400239564819087800459505049      
   6.92545451462695822881601086190323687      
   6.92408014428600464180490106744085875      
   6.92264571196943111852725391898424709      
   6.92114810882696367609526667380780841      
   6.91958404824748539315763359309233639      
   6.91795005462932303584378252307676518      
   6.91624245136863154524788132802022307      
   6.91445734816778773465962262276210055      
   6.91259062690849975682169805294565481      
   6.91063792782423600459282903911843559      
   6.90859463202847686537795649334222280      
   6.90645584536787698929995829844756696      
   6.90421637970033247596206886360788827      
   6.90187073255207403030218085710704068      
   6.89941306598745609102364879893269546      
   6.89683718290682308616588807660939424      
   6.89413650226451738435594032108532066      
   6.89130403124459025975140575621150876      
   6.88833233650833769783438051459978009      
   6.88521351196759344077591598861733428      
   6.88193914456274986142921714007744677      
   6.87850027716471358793735590970082956      
   6.87488736834561485990276145787754632      
   6.87109024941877168732146474064171604      
   6.86709807758641016413022092941709356      
   6.86289928610494771630911841399041386      
   6.85848153080104481774481778510584838      
   6.85383163224693856873779466545961392      
   6.84893551539285247179201283598509966      
   6.84377814454259111891698274567493768      
   6.83834345720427091690288936240708451      
   6.83261429136978131210048143792270426      
   6.82657231481691011635489721604928967      
   6.82019795159658189923827355062979461      
   6.81347030975790303578316797518845467      
   6.80636711236273653876973304738818868      
   6.79886463409591576874521999821108899      
   6.79093764744018947922643145199982043      
   6.78255938376092483154719832922172366      
   6.77370151336266816291419741292982939      
   6.76433415219480323905159028211404081      
   6.75442590123635534106609809376136995      
   6.74394392719454060142504079785520959      
   6.73285409238020486111288827120778631      
   6.72112113266240577814397576701302525      
   6.70870889594628700998519074065101997      
   6.69558063158663957929820795746533976      
   6.68169932728458880419259520917025940      
   6.66702807696541167592730336891989489      
   6.65153046105515933612959422039726367      
   6.63517091273078632472212905962947735      
   6.61791504550370289548510977467458658      
   6.59972991541597946564527345943173019      
   6.58058420484272539651499540665259310      
   6.56044831913614277461137642560651649      
   6.53929440376871420592517321176798572      
   6.51709629568315148741656865885139719      
   6.49382942755661267232211284521947547      
   6.46947070833861807505826592190009689      
   6.44399839682229348227675851003549208      
   6.41739197988164484865517761748302250      
   6.38963206372003662768687058936961610      
   6.36070027837464535118085168620770295      
   6.33057919424668310711967991465299560      
   6.29925224774722759242814341768423178      
   6.26670367213876606417561492172534807      
   6.23291843085624751202388768144248093      
   6.19788215146701623811846396726258204      
   6.16158106163004406108706067418233038      
   6.12400192378507171899362955550635813      
   6.08513197220064426374450241278537552      
   6.04495885185295661998073905512971353      
   6.00347056035139036170525838073121073      
   5.96065539303664369944718557893911095      
   5.91650189254685248304059253698694620      
   5.87099880225960886923914243297169981      
   5.82413502430170800659537791706768684      
   5.77589958146936126813245223348094394      
   5.72628158389698387752365486597210078      
   5.67527019894557993467763354937506699      
   5.62285462498176224243153802111156781      
   5.56902406846423120774891709680023079      
   5.51376772398694289865180191508365482      
   5.45707475692687430365109354429406075      
   5.39893428856188466592886402716908273      
   5.33933538333413334734028824199361092      
   5.27826703785002129264813094579898237      
   5.21571817164696760466224360116424137      
   5.15167761925852447843349347693288128      
   5.08613412361952864487257733674674099      
   5.01907633055233446376073058595620880      
   4.95049278393131742673693985448468304      
   4.88037192211598627723619539052044398      
   4.80870207463828493943682052327916482      
   4.73547145967801430493421372212174340      
   4.66066818201466411482856167417732401      
   4.58428023143097954811342266643270639      
   4.50629548143837629442285179188439242      
   4.42670168839853801005431892843880207      
   4.34548649083535145648574419568880165      
   4.26263740903865129707140828100278507      
   4.17814184482504029478228433962581464      
   4.09198708150036491675868489754986072      
   4.00416028394140143189737170417625501      
   3.91464849878661730441673637141586542      
   3.82343865476625742265169503664295363      
   3.73051756309163618753829574428956181      
   3.63587191792047469076783403650846764      
   3.53948829687043412078510552264705390      
   3.44135316160687897204256686818531833      
   3.34145285845461132138651730892597377      
   3.23977361904159414874802142532401970      
   3.13630156097866975499237757422506026      
   3.03102268854878237963690171088764451      
   2.92392289343304832052531301928383099      
   2.81498795541515824389551944285707540      
   2.70420354313415532634678711423744235      
   2.59155521481060327709798919326146034      
   2.47702841899354099259859125326976566      
   2.36060849530290856402867481286417320      
   2.24228067517859251652051864938293103      
   2.12203008261429121853395298372983160      
   1.99984173489554857415222140270840913      
   1.87570054333522214215150058178344725      
   1.74959131400097922399522713801253564      
   1.62149874843584263968243467203843536      
   1.49140744435757994455834546821514415      
   1.35930189639330612244051885968668427      
   1.22516649675393114592405884878651513      
   1.08898553593176538447367648609992612      
  0.950743203380151089889176395965296652      
  0.810423588185575212828669952967766133      
  0.668010679730556915869686462885936731      
  0.523488368347152662502647422259732930      
  0.376840445961545522624985859133589648      
  0.228050606728181979271191598705461678      
   7.71024476573259757520433462989218418E-0002
  -7.60205307706637970825257041404482222E-0002
 -0.231334923996605137443254803161909589      
 -0.388857422784852999385948291822782156      
 -0.548604812634118459628061063369553100      
 -0.710593973199539285194367389982780161      
 -0.874841877718891248879813594943108266      
  -1.04136559245224310548932357424241244      
  -1.21018227612798219818638927326378714      
  -1.38130917939924766444128861234544763      
  -1.55476364430547793278740839725973115      
  -1.73056310374703181712066109875891297      
  -1.90872508096347971559303100493324819      
  -2.08926718902178571412208909525230524      
  -2.27220713031580872290841652777994372      
  -2.45756269606472206755397979735397473      
  -2.64535176582985274683523154822314105      
  -2.83559230703086623096446798458624753      
  -3.02830237447477741207302534530399520      
  -3.22350010988736995305459804746945386      
  -3.42120374145444314826992617268067199      
  -3.62143158337114101514641499445146371      
  -3.82420203539480632497907963085269022      
