 0.13628526479685E+03
 0.13628526479685E+03
 0.13628526479700E+03
 0.13628526479836E+03
 0.13628526480478E+03
 0.13628526482493E+03
 0.13628526487383E+03
 0.13628526497463E+03
 0.13628526516627E+03
 0.13628526552868E+03
 0.13628526623801E+03
 0.13628526765602E+03
 0.13628527044388E+03
 0.13628527568056E+03
 0.13628528496426E+03
 0.13628530048072E+03
 0.13628532503091E+03
 0.13628536201875E+03
 0.13628541540548E+03
 0.13628548964068E+03
 0.13628558958141E+03
 0.13628572041104E+03
 0.13628588756887E+03
 0.13628609670039E+03
 0.13628635363625E+03
 0.13628666440589E+03
 0.13628703528875E+03
 0.13628747290316E+03
 0.13628798432960E+03
 0.13628857726289E+03
 0.13628926018539E+03
 0.13629004255210E+03
 0.13629093497838E+03
 0.13629194942111E+03
 0.13629309934533E+03
 0.13629439986992E+03
 0.13629586788755E+03
 0.13629752215608E+03
 0.13629938338137E+03
 0.13630147417332E+03
 0.13630381915977E+03
 0.13630644490172E+03
 0.13630937987151E+03
 0.13631265439951E+03
 0.13631630060944E+03
 0.13632035234661E+03
 0.13632484510321E+03
 0.13632981594439E+03
 0.13633530343833E+03
 0.13634134759306E+03
 0.13634798980199E+03
 0.13635527280015E+03
 0.13636324063177E+03
 0.13637193863012E+03
 0.13638141340992E+03
 0.13639171287170E+03
 0.13640288621810E+03
 0.13641498398115E+03
 0.13642805806015E+03
 0.13644216176739E+03
 0.13645734988424E+03
 0.13647367872202E+03
 0.13649120619026E+03
 0.13650999186880E+03
 0.13653009708284E+03
 0.13655158498445E+03
 0.13657452063082E+03
 0.13659897106916E+03
 0.13662500541850E+03
 0.13665269495157E+03
 0.13668211318186E+03
 0.13671333594180E+03
 0.13674644147177E+03
 0.13678151048785E+03
 0.13681862628369E+03
 0.13685787479356E+03
 0.13689934468976E+03
 0.13694312745621E+03
 0.13698931747460E+03
 0.13703801210522E+03
 0.13708931177113E+03
 0.13714332005300E+03
 0.13720014379502E+03
 0.13725989318614E+03
 0.13732268186661E+03
 0.13738862703492E+03
 0.13745784956811E+03
 0.13753047411933E+03
 0.13760662925792E+03
 0.13768644765434E+03
 0.13777006618209E+03
 0.13785762608477E+03
 0.13794927318926E+03
 0.13804515789751E+03
 0.13814543565386E+03
 0.13825026704691E+03
 0.13835981798249E+03
 0.13847426002772E+03
 0.13859377059501E+03
 0.13871853329295E+03
 0.13884873803270E+03
 0.13898458165512E+03
 0.13912626816031E+03
 0.13927400904615E+03
 0.13942802360951E+03
 0.13958853950343E+03
 0.13975579339523E+03
 0.13993003113136E+03
 0.14011150816606E+03
 0.14030049076368E+03
 0.14049725606989E+03
 0.14070209270815E+03
 0.14091530181223E+03
 0.14113719779735E+03
 0.14136810865174E+03
 0.14160837771261E+03
 0.14185836336139E+03
 0.14211844145072E+03
 0.14238900497987E+03
 0.14267046647927E+03
 0.14296325823079E+03
 0.14326783465358E+03
 0.14358467257186E+03
 0.14391427369477E+03
 0.14425716594538E+03
 0.14461390525781E+03
 0.14498507770488E+03
 0.14537130179597E+03
 0.14577322981474E+03
 0.14619155183444E+03
 0.14662699702301E+03
 0.14708033739805E+03
 0.14755239089181E+03
 0.14804402484795E+03
 0.14855615962471E+03
 0.14908977284381E+03
 0.14964590387417E+03
 0.15022565888089E+03
 0.15083021612149E+03
 0.15146083214854E+03
 0.15211884794001E+03
 0.15280569575035E+03
 0.15352290757121E+03
 0.15427212370466E+03
 0.15505510073051E+03
 0.15587372393641E+03
 0.15673001717448E+03
 0.15762615628550E+03
 0.15856448206281E+03
 0.15954751559059E+03
 0.16057797539215E+03
 0.16165879490468E+03
 0.16279314343929E+03
 0.16398444681946E+03
 0.16523641249903E+03
 0.16655305480561E+03
 0.16793872367759E+03
 0.16939813446048E+03
 0.17093640040962E+03
 0.17255906797449E+03
 0.17427214881874E+03
 0.17608216222542E+03
 0.17799616293239E+03
 0.18002178818218E+03
 0.18216727353590E+03
 0.18444148824156E+03
 0.18685394407146E+03
 0.18941480130011E+03
 0.19213484182711E+03
 0.19502542693120E+03
 0.19809841399534E+03
 0.20136602685946E+03
 0.20484067657941E+03
 0.20853471187965E+03
 0.21246009820888E+03
 0.21662802584744E+03
 0.22104842793296E+03
 0.22572945128475E+03
 0.23067687737820E+03
 0.23589355025042E+03
 0.24137887463556E+03
 0.24712842384593E+03
 0.25313375737361E+03
 0.25938247002821E+03
 0.26585850987285E+03
 0.27254273502454E+03
 0.27941366411671E+03
 0.28644832676623E+03
 0.29362313764743E+03
 0.30091469855387E+03
 0.30830047602059E+03
 0.31575931508410E+03
 0.32327178391542E+03
 0.33082036420910E+03
 0.33838950041668E+03
 0.34596555667416E+03
 0.35353669771776E+03
 0.36109272860127E+03
 0.36862491500651E+03
 0.37612579708787E+03
 0.38358901424289E+03
 0.39100914131424E+03
 0.39838154466173E+03
 0.40570225914100E+03
 0.41296787784994E+03
 0.42017546597718E+03
 0.42732248512411E+03
 0.43440673295285E+03
 0.44142629287721E+03
 0.44837949312280E+03
 0.45526487345428E+03
 0.46208115817391E+03
 0.46882723304594E+03
 0.47550212750926E+03
 0.48210499857928E+03
 0.48863511795981E+03
 0.49509186199728E+03
 0.50147470079557E+03
 0.50778319093526E+03
 0.51401696978168E+03
 0.52017574633068E+03
 0.52625929786423E+03
 0.53226746460936E+03
 0.53820014516474E+03
 0.54405729242401E+03
 0.54983891062984E+03
 0.55554505105091E+03
 0.56117580983979E+03
 0.56673132435055E+03
 0.57221177212239E+03
 0.57761736623143E+03
 0.58294835558188E+03
 0.58820502152330E+03
 0.59338767417091E+03
 0.59849665632065E+03
 0.60353233417085E+03
 0.60849510162663E+03
 0.61338537670854E+03
 0.61820359995240E+03
 0.62295023309606E+03
 0.62762575887434E+03
 0.63223067889926E+03
 0.63676551246160E+03
 0.64123079593217E+03
 0.64562708121161E+03
 0.64995493619895E+03
 0.65421494149904E+03
 0.65840769144596E+03
 0.66253379230823E+03
 0.66659386197509E+03
 0.67058852866022E+03
 0.67451843035603E+03
 0.67838421424998E+03
 0.68218653570345E+03
 0.68592605767128E+03
 0.68960344989952E+03
 0.69321938881838E+03
 0.69677455560051E+03
 0.70026963777868E+03
 0.70370532609909E+03
 0.70708231562279E+03
 0.71040130450798E+03
 0.71366299390794E+03
 0.71686808689042E+03
 0.72001728849328E+03
 0.72311130471998E+03
 0.72615084265698E+03
 0.72913660930928E+03
 0.73206931180974E+03
 0.73494965669792E+03
 0.73777834952392E+03
 0.74055609445196E+03
 0.74328359410917E+03
 0.74596154879010E+03
 0.74859065662826E+03
 0.75117161284194E+03
 0.75370510973877E+03
 0.75619183617964E+03
 0.75863247749321E+03
 0.76102771505522E+03
 0.76337822612462E+03
 0.76568468355873E+03
 0.76794775562943E+03
 0.77016810572546E+03
 0.77234639224993E+03
 0.77448326831874E+03
 0.77657938172816E+03
 0.77863537464390E+03
 0.78065188350341E+03
 0.78262953890073E+03
 0.78456896539714E+03
 0.78647078142692E+03
 0.78833559915417E+03
 0.79016402443702E+03
 0.79195665662262E+03
 0.79371408857930E+03
 0.79543690653063E+03
 0.79712568999709E+03
 0.79878101178808E+03
 0.80040343787208E+03
