   305.833180578490118847143771537581802      
   305.833180575208522449485551403157112      
   305.833180532679864089517132468032889      
   305.833180317601823404850585586757375      
   305.833179632578655134427431715670055      
   305.833177969418442227807421185216504      
   305.833174579803515330158584033500492      
   305.833168436153001172847182271770202      
   305.833158097978758591483842957709240      
   305.833141312165118130927949795491404      
   305.833114153098472693993455880257408      
   305.833069624316697240439391283295743      
   305.832995839663005173187624675688238      
   305.832874054758595942138825935513076      
   305.832676856971741268965089198473511      
   305.832366754854887676702307689754068      
   305.831895290162527530053409161631349      
   305.831202679432719612860492662910562      
   305.830217908119562334564617394336706      
   305.828859156710827220132313225815342      
   305.827034429543596423319764039877390      
   305.824642271932771036549596959551310      
   305.821572488512885196874341619427025      
   305.817706806646270346675782010263779      
   305.812919457736549365963551169264579      
   305.807077673268796960542560807639284      
   305.800042110188722431163291018953790      
   305.791667231734111267196844567830263      
   305.781801675643539399901667539804004      
   305.770288642606262937216485435790536      
   305.756966334973905516027569338636407      
   305.741668470156912717687399075533546      
   305.724224885824945722012095383520042      
   305.704462245965914760495501618351821      
   305.682204848841134989600175641995491      
   305.657275530519888376897938454685656      
   305.629496651467600037480086074479081      
   305.598691148822948069469676266013270      
   305.564683633675639103896713133718279      
   305.527301510788472329462589401366245      
   305.486376097689145877742773158185991      
   305.441743720674473063600381021653655      
   305.393246766833307806760702815535707      
   305.340734673404748196634356883153511      
   305.284064838486023418533144270294904      
   305.223103440046962915057249981446164      
   305.157726153240138999696189127748734      
   305.087818758942954613666826570516918      
   305.013277639307087274773235968090991      
   304.934010158653877264408509870978318      
   304.849934930338155264148408917325078      
   304.760981966940601268193155476107400      
   304.667092748118410423192964579220372      
   304.568220140205633690341623464601818      
   304.464328265464101690320065510234221      
   304.355392263061493944456695415732248      
   304.241397974971163068286798741932373      
   304.122341561244964896351396093032203      
   303.998229053185421597217524509545055      
   303.869075853126862792641441972888773      
   303.734906189030187778674369226890959      
   303.595752532316175966866776973990969      
   303.451654986577218871959169002980813      
   303.302660654639583367642718449915515      
   303.148822991002818542478908927361650      
   302.990201145604729975909169216539951      
   302.826859305548923700287530798585085      
   302.658866039144033001219398191215493      
   302.486293647850130433266576364073962      
   302.309217529945116624453889568613136      
   302.127715559046790669269039595221248      
   301.941867481725920246596979674980601      
   301.751754335791728718804095393600846      
   301.557457891565268984659758544844087      
   301.359060118502021283914183847444585      
   301.156642677325599601778178291926191      
   300.950286438607373875068833022638486      
   300.740071029836639215636526843848535      
   300.526074409177473654823470338981319      
   300.308372467141748719959126833235939      
   300.087038656482809524948210026996077      
   299.862143645631934785520531433670310      
   299.633754999506819678325973212581298      
   299.401936883557928368905585950085552      
   299.166749795598295298253627051382242      
   298.928250315432731460205503778199734      
   298.686490879289048650154841802502435      
   298.441519569469459100171826975107887      
   298.193379930247374013336086953204726      
   297.942110793620907843009181782430806      
   297.687746114030273556587635958157074      
   297.430314834493003114704713421468259      
   297.169840753834889051673576787707515      
   296.906342408109841853366045141570301      
   296.639832966189577405865463714885460      
   296.370320126495597207964840639746416      
   296.097806001306061329768783846675596      
   295.822287050852698526767812293610606      
   295.543753991011421258969457157805545      
   295.262191716524632060235518899250694      
   294.977579205265046297977892754520827      
   294.689889457536985963607093875068524      
   294.399089413563786290240018076967934      
   294.105139840988795484218716478506203      
   293.807995258418811346024272903852720      
   293.507603875565935791279732707621394      
   293.203907501047143484477900156014287      
   292.896841384911635821415963031516290      
   292.586334116117589246611987386335582      
   292.272307561391141045137226622977353      
   291.954676732245993740596826327057849      
   291.633349622224505044349195591470790      
   291.308226966702015603217051441745289      
   290.979202318298048318757998840997170      
   290.646161642802378280769982850570176      
   290.308983144756575152143837791864764      
   289.967537328794022091108301442234535      
   289.621686455529497991865511018823709      
   289.271284378250714007180729238806433      
   288.916176444363400004320145752800558      
   288.556199143963871900732342977805661      
   288.191179540152632584328488108444870      
   287.820935500041680190048973091483296      
   287.445274693905325514380752128696106      
   287.063994791589996134473467278718400      
   286.676882597635396944148416876299434      
   286.283714024104709539711826698616392      
   285.884253155175506870522830019052903      
   285.478252295260026960616795507046751      
   285.065450772734123635263502456218461      
   284.645575035329743044982235032062684      
   284.218337345994952023438623137635784      
   283.783435618530759628752339310535796      
   283.340552598743202834052644512388439      
   282.889354621720813075853730119859721      
   282.429491432127888640894925122196494      
   281.960594845432935322494710897530558      
   281.482277786375629589106769220893848      
   280.994133305661009004890949279072854      
   280.495733684963405942361798245539620      
   279.986628759654640480564852611225275      
   279.466344632114147238161658930734943      
   278.934382689040124441349234269388597      
   278.390217545564534778955050257741910      
   277.833295983755561949153814763786664      
   277.263034312647466103196735461981389      
   276.678816940473335286362227301828773      
   276.079994386115794705082631132063002      
   275.465880750024441744356021763895589      
   274.835751210388206949011072170239208      
   274.188839542090532752189883249346443      
   273.524335031340025507732117767484342      
   272.841379418979533236223350515016320      
   272.139063618022428334573524666082324      
   271.416423655578117815168563235765672      
   270.672437095594124919809363250241111      
   269.906018268173450296785916243999431      
   269.116014064740282542712313790266174      
   268.301198317325916724091530380648366      
   267.460266307007156512270989761392888      
   266.591828758241130572835449573319857      
   265.694405695819873434869128336436504      
   264.766418970041813788403195227243133      
   263.806184642870171576274718816306086      
   262.811904695850179462691048001531315      
   261.781658505984073571347036525526399      
   260.713392812481275462159926540661889      
   259.604912401117217958826107664703210      
   258.453868376056478985706338775992061      
   257.257747500996817534231659098263641      
   256.013859948047928164365834658374421      
   254.719327241965025348699530766835882      
   253.371070017468502010564813895264442      
   251.965794965646990587413660020834667      
   250.499983776796563952082396572033386      
   248.969880985844036342844485483332881      
   247.371485862997354047582622907359301      
   245.700544263174289709903279049118723      
   243.952546021747305611564226255927497      
   242.122726798765385800167337946581978      
   240.206076648684160486803640940182814      
   238.197358035162140783834859534716490      
   236.091136508352018317694392998432406      
   233.881825250972017264846861762949839      
   231.563750608082983214323574085183682      
   229.131236738871752259518116419820033      
   226.578728061931492169980183124134502      
   223.900926110208231372481423524900353      
   221.092977522955320617219468166469139      
   218.150692131800148784881514691071745      
   215.070800224772123365405556746119021      
   211.851241057932215141010957803556886      
   208.491480732573136830189514128155561      
   204.992839380662665254872114809318771      
   201.358807998549070023770613061542624      
   197.595332027321097155108447885045356      
   193.711016718017490677464447804216043      
   189.717239615622620669183417413011263      
   185.628108629896390637344994800631211      
   181.460262720774431069367502431641856      
   177.232492687214820372449735841921435      
   172.965207145168863149376867247101416      
   168.679758998105551808482333320405134      
   164.397712153787562384709350043022258      
   160.140094802453771239520031487747943      
   155.926723887393511944082629613827046      
   151.775642891207437205167842559527882      
   147.702717240803369644257145601978650      
   143.721394458213812681602915633136680      
   139.842619260738001754787778094636692      
   136.074887825833122671142872626857163      
   132.424396048125404943227037082609131      
   128.895259774374161312742614973057497      
   125.489772213568953357792978043758852      
   122.208673455314168920732177336278451      
   119.051414526780584811470851210449105      
   116.016403857974593146277535324863706      
   113.101228685465420856726832918349552      
   110.302849377359923746619172875741874      
   107.617763113102120661564843136101084      
   105.042144037396185792631832710204996      
   102.571955146553785041015879737279572      
   100.203041034984088666572947931366565      
   97.9312009865887629530029604123135166      
   95.7522460643503282873664281511216718      
   93.6620430301632606748112607037530871      
   91.6565481178909387227556270293721193      
   89.7318311320259962863361708304537911      
   87.8840927949568022613614010643308375      
   86.1096761105266112574529932277496383      
   84.4050737063638214280890190697918634      
   82.7669313339381078542628517375249271      
   81.1920486777565213834737361491775553      
   79.6773781855044443479257308266574903      
   78.2200218482593310714356473829517168      
   76.8172280406192762800435716807613420      
   75.4663860975590216180058758557223187      
   74.1650212366082864890871884913490087      
   72.9107888737190416570968632624940702      
   71.7014688075568927661235429744817339      
   70.5349591734443124594150182778472662      
   69.4092705507857506733583164736035517      
   68.3225202298273628585411770629037122      
   67.2729265485560274030865216098291075      
   66.2588032821094189548914258412531320      
   65.2785544272578351072211728982275594      
   64.3306691646783632627995674898470090      
   63.4137170046473481226406569557144001      
   62.5263432179745434684312763177420307      
   61.6672643679285326092522539441041351      
   60.8352644429982738819796262928999350      
   60.0291906539742288221145854499516322      
   59.2479500326430456260564317363145921      
   58.4905057499135352882581990202136802      
   57.7558739946932430306924315696865150      
   57.0431209619281126733931139635061164      
   56.3513597597348770788361292988781253      
   55.6797478858448937039749264523135412      
   55.0274846551679182631630216343518448      
   54.3938087616801707316431159466665281      
   53.7779960742286535111986787001462622      
   53.1793575702870011135485654657779023      
   52.5972372981755967388323333085781094      
   52.0310105471724568377623944882886923      
   51.4800821309444425801296061461491543      
   50.9438847571771209044314062312787541      
   50.4218774991188695453804959294196681      
   49.9135442848760499020777614933463915      
   49.4183926584911822523435323119821178      
   48.9359525095147235816883152016539522      
   48.4657746752522411544845636964244241      
   48.0074300859326295534752134024998797      
   47.5605086487881928410859727723867894      
   47.1246181371405559115636639405329880      
   46.6993833476059625919957462627818907      
   46.2844452339537658435051578830765991      
   45.8794600392787888452178806357584247      
   45.4840985600196207148182468110126452      
   45.0980453419489323691781404305802866      
   44.7209980830881360656900566497735790      
   44.3526669268739124698705056377398138      
   43.9927738585885209112997947166369776      
   43.6410521224476819346418584620010239      
   43.2972456847932891717820266243135016      
   42.9611087140749702611910546471838381      
   42.6324050894645019258428960967615452      
   42.3109079368008353523005436591825434      
   41.9963992120971160135664570801794862      
   41.6886692659780783764429549473153869      
   41.3875164534577093584708307773060141      
   41.0927468035519507087242058566531326      
   40.8041736160220484405896295027931213      
   40.5216171667067561502131540654332577      
   40.2449043876139923564022234661282114      
   39.9738685592974508895543867468620640      
   39.7083490343119992991606911832271185      
   39.4481909778722001751327466756328717      
   39.1932451033442665454918099110998267      
   38.9433674396583687435350386371452158      
   38.6984190942979738308130917885878592      
