   305.833180578303937092587233033696728      
   305.833180575022340737581358857491305      
   305.833180532493682552876769675744081      
   305.833180317415642248021071425271682      
   305.833179632392474606900637713383290      
   305.833177969232262644846303297427616      
   305.833174579617336740321065872767848      
   305.833168435966822020982958305832505      
   305.833158097792574077747343296503876      
   305.833141311978921597512104888163340      
   305.833114152912262153984474280879346      
   305.833069624130483273046379416439496      
   305.832995839476813105122300631482303      
   305.832874054572463119816185900747799      
   305.832676856786172093430204043217600      
   305.832366754670399456383968695713298      
   305.831895289979133864899446599822125      
   305.831202679250375418708779265227493      
   305.830217907938184956999844554060489      
   305.828859156530290434754912112239624      
   305.827034429363678173608319186368300      
   305.824642271753123476978205906589790      
   305.821572488332770563166274640376806      
   305.817706806464054827791518513791736      
   305.812919457547613511184109534180416      
   305.807077673061815770432126324429492      
   305.800042109935219998252234528458350      
   305.791667231371384088307579475269897      
   305.781801675038136868662891273013417      
   305.770288641488964882005931255207533      
   305.756966332828601303556934984022075      
   305.741668466036928936849759060834316      
   305.724224878061186936271070437004423      
   305.704462231720170804349166068424059      
   305.682204823440683618464695641649765      
   305.657275486499443869052510032098793      
   305.629496577221520474089944938666610      
   305.598691026756804401531432452367683      
   305.564683437723806202969946333610130      
   305.527301203147112210865070089671495      
   305.486375624593437969496234951638116      
   305.441743007038090935710598922871906      
   305.393245709541686278107123872096865      
   305.340733133049263574200300180020836      
   305.284062629315175764021419448710506      
   305.223100317902549231399924312577671      
   305.157721801236520904621278204767111      
   305.087812770665024793935641634007898      
   305.013269499294171553119574088555094      
   304.933999219945950872117225683600125      
   304.849920383391500770291371003517475      
   304.760962830820208834496549989737453      
   304.667067810237029861438240882485988      
   304.568187937519220735384165573051067      
   304.464287040644748920205579267857296      
   304.355339920847767915509382270722762      
   304.241332034621023972029092462096553      
   304.122259105041226699933877939545166      
   303.998126671040253994063978876629787      
   303.868949583214110403617136393521166      
   303.734751454669346232970134090963227      
   303.595564075012412464406551118909590      
   303.451426795427168752686374040875099      
   303.302385892253789942756135559205010      
   303.148493915922946931890822747002611      
   302.989809031624173080380637835424642      
   302.826394357766234143031506842887921      
   302.658317307491483501033867445375289      
   302.485648937613434430558899557996925      
   302.308463309737291622636992102208675      
   302.126836866774884174988565879519500      
   301.940847828050854226883178805679017      
   301.750575605652382346962822682850024      
   301.556100244056642541422457053500714      
   301.357501884557862809720981297184859      
   301.154860256145330298708217817187659      
   300.948254193192041212090013874366860      
   300.737761180208478788728027522116496      
   300.523456924922513235874427765422038      
   300.305414958928439366534164816832357      
   300.083706264061368007726982056270830      
   299.858398926537916860426397308453238      
   299.629557817342056176160873499193369      
   299.397244294051179443334990405645911      
   299.161515931419505415405678111261867      
   298.922426269104188507831077088257939      
   298.680024583985765608040530984140897      
   298.434355680917832972981840946932670      
   298.185459700941877571887290313822268      
   297.933371947019540696209179979932542      
   297.678122724838884562476889738340485      
   297.419737199377488097574123939641814      
   297.158235259064012112039754290379936      
   296.893631390852347110565855367727018      
   296.625934580137738886642917430807519      
   296.355148183473298622161427172243190      
   296.081269854683386745837164157259749      
   295.804291428807095730852284927597605      
   295.524198848636758442980498207471380      
   295.240972066691426246288671362507902      
   294.954584961073136736803527003017026      
   294.665005256313166218341276495353311      
   294.372194422667714334197465091769816      
   294.076107595049872256996546581948275      
   293.776693475504703529749326516349153      
   293.473894238717422158454681840028246      
   293.167645424688753722966265065129384      
   292.857875818818519963739455733496415      
   292.544507341953065192250929995558283      
   292.227454899648846966010807559764301      
   291.906626341450055213384842674030263      
   291.581922163979548714788374610114263      
   291.253235440155586172404660850680824      
   290.920451620434705003944071050706719      
   290.583448346194786066453568588699790      
   290.242095259053185001133223791791242      
   289.896253764833304099715287745025424      
   289.545776755701558777463341339331848      
   289.190508435516819031945557650618628      
   288.830283991814102300172313792395657      
   288.464929282398861311726234764061293      
   288.094260509660237758796757654696604      
   287.718083891412899199890278520286074      
   287.336195278419577900020681909476159      
   286.948379752903120606032395759311638      
   286.554411158069194429462748971685389      
   286.154051652791036778092139711931886      
   285.747051218746885522923838377970156      
   285.333147047702411459222512947857208      
   284.912063046147535019282058618768110      
   284.483509068080696906654397076108980      
   284.047180485567033838975327364286954      
   283.602757160063194496453965361472853      
   283.149902842281424730844045065531293      
   282.688264258076169502863814931126334      
   282.217470271036432040267510750182270      
   281.737130820069935475180492875440040      
   281.246835934033110344460951912077585      
   280.746154522578250021361201529232468      
   280.234633258817037530520671955555228      
   279.711795224216417555067636448814715      
   279.177138411829683020511415822456404      
   278.630134230921048448390418403343309      
   278.070226197229230805156078833457572      
   277.496827552297106654603392023975480      
   276.909319686293306495022580794892006      
   276.307050150535082935214446921479616      
   275.689330177514705858884696372688652      
   275.055432438073318925277128789908148      
   274.404588305073664015899891500464565      
   273.735985056481096877684045791860857      
   273.048762881333384956841144166051511      
   272.342011278430270235575140489799544      
   271.614765769738022500869369230405438      
   270.866003783877079478955114442724057      
   270.094640544217239598189496571469939      
   269.299524172966126126411878095006480      
   268.479431117519971474722574301093693      
   267.633060413329127916487521412863690      
   266.759028011818232024022925776887282      
   265.855860368795061712818639093077738      
   264.921987657732733715359103349937822      
   263.955736125847343265401919838534408      
   262.955320546786830905777227733877175      
   261.918835393776777114190959062580933      
   260.844245359136111681227508771693625      
   259.729376725291020307725890072227116      
   258.571905366273910390878364116295122      
   257.369347279968210101034799889651325      
   256.119046044033855196964866915324320      
   254.818161781595217867211901764006504      
   253.463658477899587813185146680819420      
   252.052292601518128996829900408947486      
   250.580601141627400037053727718598725      
   249.044891028915029406837280780059102      
   247.441229717219223011987026330696113      
   245.765437832452368700654023965260664      
   244.013086125673837329887585825612342      
   242.179496495241132145276127156752056      
   240.259749318902735497849692533436964      
   238.248698982893599454648049099998082      
   236.141002505479526494914535273222284      
   233.931161795538480803949733180944374      
   231.613581382648654562376657132557674      
   229.182649288507810560967762362447880      
   226.632854345789768819582603609148363      
   223.958911081673479650452580259006343      
   221.155942016572827537744477975958687      
   218.219687300032158130043612231103863      
   215.146752842573852545945175839982576      
   211.934895833972081867736415863976057      
   208.583339671780184619993726717800999      
   205.093103206675857087113329350618203      
   201.467330432767095193098423451377492      
   197.711586645235521859090605820327887      
   193.834093274814235571777014125212189      
   189.845860261714488494191926177681529      
   185.760681755268277737719663956131596      
   181.594962263652838984366339793589167      
   177.367362290606747131962860255460629      
   173.098269792907768042499091327678840      
   168.809132468086567262303163917622522      
   164.521705087385199390566985564417859      
   160.257283510639860762361289358930150      
   156.035997382868039189341435930023325      
   151.876220614259031494084257157995859      
   147.794138604081840553311417232902829      
   143.803489171831959478442254153330710      
   139.915467103153627788124971787841323      
   136.138766332384464573687840320868527      
   132.479733540043639393943523794917663      
   128.942590397772307581690566100435313      
   125.529695587319010734295479019581012      
   122.241822123338095361537647142406719      
   119.078428940572372508747398366125136      
   116.037913036321064055768049079662470      
   113.117837179153945459794599795898639      
   110.315127486748022028741030021278161      
   107.626242956244800877324758184976978      
   105.047315465324809553204276834059461      
   102.574266091490974225478787139838260      
   100.202898183575764203848589573852939      
   97.9289711607850062920516497864165985      
   95.7482587421191949848943146782996325      
   93.6565931837774503553820882999150707      
   91.6498986093465674787345870793001306      
   89.7242156270203862832278333966134169      
   87.8757183182424076929811869785607991      
   86.1007258479322380960395124005657254      
   84.3957092356652778270703239397009809      
   82.7572947917953920091483548081525039      
   81.1822648280069834966256805840758576      
   79.6675562762656983445942071170196926      
   78.2102572752696282109067681748540727      
   76.8076037407143573073863379475799874      
   75.4569740171522575165268027094397116      
   74.1558835028509558656131471956807149      
   72.9019789099749172416502040887244929      
   71.6930321957266800223792189812405839      
   70.5269345706818889590085840052398353      
   69.4016905457612827189093086372418128      
   68.3154119606518376576084963039962186      
   67.2663122723967675527407654538152865      
   66.2527009607772437025448582185646699      
   65.2729782642203152292221381968490664      
   64.3256300129719750152203583319107574      
   63.4092227324172438183350666947390541      
   62.5223990152846188083121144553839056      
   61.6638732140849148063539359003539352      
   60.8324272071127789067246569869601999      
   60.0269064795827410413301518335703096      
   59.2462164315426618026877575504957050      
   58.4893189222391467266480899716668173      
   57.7552289399819369356434016126615435      
   57.0430115942090215381998647053452660      
   56.3517791570980661350506674254655269      
   55.6806883511672771792003318649400618      
   55.0289378237460233228184929520651409      
   54.3957657343497272070368739583111813      
   53.7804474770052916021295548248819825      
   53.1822936309453376556585981297149707      
   52.6006479450776669756475935496404300      
   52.0348854567506790473843098818860107      
   51.4844107987691333007779327739700309      
   50.9486565317297282877957450691155925      
   50.4270815861171294794970347905118218      
   49.9191698907317562520801318240543795      
   49.4244289322183685739417759558424708      
   48.9423886171518130770806100622408837      
   48.4725997874980123489546338444240978      
   48.0146334917378339122617849464440517      
   47.5680796466832139679472067583461410      
   47.1325461550813918624123917139474066      
   46.7076579332396034459145009564249271      
   46.2930560399668408016614583615277594      
   45.8883968663398315414740130723527536      
   45.4933513357273949967903595530397977      
   45.1076041783954128094591319772852336      
   44.7308532454281972069918186455809688      
   44.3628088464264497758454103722717886      
   44.0031931400674505007640337573441036      
   43.6517395477782434173171864196496508      
   43.3081922196866273964954541692752706      
   42.9723055043254062122660622128202353      
   42.6438434648972437383441068306791486      
   42.3225794146621911077197931066157803      
   42.0082954899442388631771195009034161      
   41.7007822263888410513587227050641590      
   41.3998381754802407961324059323131099      
   41.1052695353840987827982767845191129      
   40.8168897966442600106487908179239966      
   40.5345194134023847280669875978583472      
   40.2579854943325834556996952031941587      
   39.9871214976213450467234714970881215      
   39.7217669530244584713863223428066521      
   39.4617671934758992138620324990148616      
   39.2069731041313880149636759252600050      
   38.9572408776452085511970718031722468      
   38.7124317882776602952287908436318081      
   38.4724119712142688496257008196494451      
