   305.833180578490118847143771537581802      
   305.833180575208522449485551403157112      
   305.833180532679864089517132468032889      
   305.833180317601823404850585586757424      
   305.833179632578655134427431715675675      
   305.833177969418442227807421196702466      
   305.833174579803515330158586846392112      
   305.833168436153001172847359221619265      
   305.833158097978758591488331234663750      
   305.833141312165118130988178014008600      
   305.833114153098472694502068134835815      
   305.833069624316697243475479741396116      
   305.832995839663005187076030628796843      
   305.832874054758595993719750480836353      
   305.832676856971741431244168603749070      
   305.832366754854888123606428411570299      
   305.831895290162528640013141666044772      
   305.831202679432719029067109609847578      
   305.830217908119563475990384553674977      
   305.828859156710834367743227737372520      
   305.827034429543634168697472533615263      
   305.824642271932942990239902669891704      
   305.821572488513574031081057053732194      
   305.817706806648735844004568925607662      
   305.812919457744540492229867569542890      
   305.807077673292519425517762390438496      
   305.800042110253850365079795283293433      
   305.791667231900851302750609807616535      
   305.781801676044490986435747378603915      
   305.770288643517486456334120226503569      
   305.756966336941763737712868080435230      
   305.741668474214435109673578398679272      
   305.724224893846158495706002595298916      
   305.704462261225146387192888145256132      
   305.682204876866943944938199097114459      
   305.657275580359972075652758296687145      
   305.629496737511610316698888428760666      
   305.598691293364120703174534867639782      
   305.564683870428888186778235179983327      
   305.527301889621258584863109982929451      
   305.486376690860947232771571475061135      
   305.441744630920055555653042841439622      
   305.393248137662719814615780213928630      
   305.340736702028263458839465397850910      
   305.284067791803203225455947533305905      
   305.223107674165410004305179715488156      
   305.157732137008984938556099125423165      
   305.087827101999486075863252201081658      
   305.013289125139514977482443620032080      
   304.934025783180810793856603188624963      
   304.849955946493015296086810599376849      
   304.761009940994260324868983228849288      
   304.667129603424953612531012356383773      
   304.568268235556688526212117261330510      
   304.464390458875925680318153353326632      
   304.355472006803719975792346544330477      
   304.241499391902623898617420772159042      
   304.122469546508742236718347730262510      
   303.998389380530124091091007290096505      
   303.869275289920119103939776922879128      
   303.735152620005469979274685188948260      
   303.596055092008642429679848409555178      
   303.452024200369808500526663906831767      
   303.303108588277482860894668901700672      
   303.149363408376871755167479981075527      
   302.990849674611196212027079884602966      
   302.827633611709341847534814262515052      
   302.659786006743435711726415383040613      
   302.487381568238614034655552244304252      
   302.310498296659297175887082295226274      
   302.129216869462145684185337175193096      
   301.943620044818499083930567478517264      
   301.753792085695289977597839698388405      
   301.559818206624974383143200361937747      
   301.361784045401127621619125286537395      
   301.159775160071865189625806960744036      
   300.953876552150666526586403356797018      
   300.744172217920610737741593837430052      
   300.530744726337755943684047357929842      
   300.313674824595798870315265754746750      
   300.093041071621944594194394783375512      
   299.868919495460993591797447710056695      
   299.641383277644323100331943068503677      
   299.410502461045403775124633831192860      
   299.176343685119136641949018072916461      
   298.938969939466447143560169558689197      
   298.698440342060282626749938662201233      
   298.454809933296413934942750382074013      
   298.208129496423655909040426555396442      
   297.958445385450847440963075011669890      
   297.705799369833845517519781996065176      
   297.450228501662614641437399577691564      
   297.191764992865677434681153117964567      
   296.930436098229606519506334943832465      
   296.666264019830005332006536514603880      
   296.399265812668791224222651193133751      
   296.129453277516100306391693989836992      
   295.856832902603838891857772486452624      
   295.581405780586201796675988100753197      
   295.303167543313674030745434492055447      
   295.022108278594793554365419556492451      
   294.738212478495799974579364041860992      
   294.451458972769750023700195264544595      
   294.161820833020856174609053113047377      
   293.869265310168017621218589802069696      
   293.573753787926623556668024596266179      
   293.275241707925090849061886120199716      
   292.973678443861918448777003993289028      
   292.669007212699726119265175943804477      
   292.361165021892276052903471039937965      
   292.050082613396060246062206840729125      
   291.735684198446311567268760472888190      
   291.417887422723088617089135900947108      
   291.096603264079411689777564809640628      
   290.771735980032694079515803738000742      
   290.443182598268625033805960389787096      
   290.110833185768225014784261319460799      
   289.774570405164598689478772194385706      
   289.434269283444600248215177081693836      
   289.089797177778524513324829037272077      
   288.741013520009888268674491915346935      
   288.387769289611500300280507170206742      
   288.029907117012666815356496477835395      
   287.667260747961326931797481433758612      
   287.299654770199820117353794061155049      
   286.926904378199470656594887102991192      
   286.548814740987322180595562999613051      
   286.165180973029926718790717260377807      
   285.775787306078603897586037958958767      
   285.380406987314270726897713216306459      
   284.978801485726104467167478542767124      
   284.570720041579243789394066970029843      
   284.155899294892616821555311190600065      
   283.734062192812347520411708098912417      
   283.304917884027338368868397578928000      
   282.868160562217435668733311316430593      
   282.423468791000170427712998071147455      
   281.970504690308290720134571098503756      
   281.508913129299469779837038625073246      
   281.038320566539949006450380825358151      
   280.558334120144139749630093584878150      
   280.068540271959645443129157858092949      
   279.568503775079940120255636048276828      
   279.057766336397702177883701565046159      
   278.535844896764202844163906707304599      
   278.002230709452349111064752551869184      
   277.456386824654195869142841930213107      
   276.897746732410764449075390813939767      
   276.325712639810230658409407863901222      
   275.739652729781696687957280335769542      
   275.138899173135179230768942291463895      
   274.522745552000523686291181989150634      
   273.890444196516721921524561369638649      
   273.241203008497328465390483101423687      
   272.574182502764416718230092231844828      
   271.888491940464038075947299513129594      
   271.183185936197338192802633194756178      
   270.457259894207798283436589567080854      
   269.709645685078450536846122004936942      
   268.939206869068231324357293545640130      
   268.144732843207912560043080447216194      
   267.324933639959914423825277182465848      
   266.478433080239482603978091274764056      
   265.603762013108936280394847063946705      
   264.699350948887377857366325301236900      
   263.763522006991464428319239786104549      
   262.794479908636630657952118029578266      
   261.790302975062683034300247842627904      
   260.748932364056930740303207991627896      
   259.668161520388227514419594056129801      
   258.545624275478060108898654506929122      
   257.378783911313196125307636415131480      
   256.164918426913489606018068312114127      
   254.901108510948373188862523807917414      
   253.584223556130473140464121264778511      
   252.210908415341141509074924622663153      
   250.777570175543487782907716338118243      
   249.280366286077546713905395688756223      
   247.715194062821241955140431887650793      
   246.077683319678230267264980207276106      
   244.363193116258998426199631456811732      
   242.566813751076747923990901568223076      
   240.683376931932432090434542101566323      
   238.707475919634057533693800274219874      
   236.633499008292832236986293098625717      
   234.455679931162656136239727667739016      
   232.168169482744729882692231068957331      
   229.765129715789721845640514161357815      
   227.240858602508225842065543482396862      
   224.589953944341631952737761789836744      
   221.807495212904832168404901326509376      
   218.889280808262338899699200254118511      
   215.832090595682691039369088139489576      
   212.633975708524536238228024014708946      
   209.294572184466630059370906954545453      
   205.815412225111622879525517811777572      
   202.200219225073136405560836580507442      
   198.455153892368685421582319363201334      
   194.588990187874566060208261847309349      
   190.613125000655617771614955161290225      
   186.541707243019759079715991541431091      
   182.391262851664479238603019114328597      
   178.180081486840883579771053027764338      
   173.928216719242346447085380869250827      
   169.656521072497722005841621518561180      
   165.386036096873569747519387440932871      
   161.137308197802400382852600588957188      
   156.929756863692247654675260878178254      
   152.781149135062909197722676144936858      
   148.707209988992483768403099114490116      
   144.721383463943117523369827439176881      
   140.834733833808956968021767266181261      
   137.055976513035285823249620574824294      
   133.391600831922202456810926591944941      
   129.846062594897166127531427443639249      
   126.422018203399339687594935639421823      
   123.120573278951207376705957935230018      
   119.941532133959989862850195505126651      
   116.883633600651516045878611476996775      
   113.944765780769607040831851273101070      
   111.122156820645893286096199995047545      
   108.412537903705908009811315242503729      
   105.812283677455929292346245344916252      
   103.317526905876099134110550749414139      
   100.924253270287955595248265453539605      
   98.6283772670647881391779066542062015      
   96.4258025556799163799912706341640960      
   94.3124690557103475884055380681697473      
   92.2843891202906869271310540374105605      
   90.3376742653883982396344162775985363      
   88.4685547283204775722790940050140733      
   86.6733931471198985719418907820616109      
   84.9486933314479432320373622266389404      
   83.2911053299432953205767943313905621      
   81.6974275738323172878051689140325124      
   80.1646067135463402322150038882378961      
   78.6897355834993086182986857890809964      
   77.2700504581676873313399294992935838      
   75.9029265514222608772712824396007389      
   74.5858732898664405904719452323983503      
   73.3165292507322019934489508276666160      
   72.0926565177986089448887284929508744      
   70.9121350778155175963169571364271734      
   69.7729571321554225391816324254345949      
   68.6732215412362921168007676262713418      
   67.6111282956594465220592757195665252      
   66.5849730618434129418859806099981783      
   65.5931420585765517779585949833208042      
   64.6341071027469329113202849791118024      
   63.7064207881767756203628799240605580      
   62.8087118972551138340361985906323249      
   61.9396811857043953712563125060620295      
   61.0980971639898627555522864094273168      
   60.2827923213761633823708533204277634      
   59.4926593039465605376369667159426774      
   58.7266476414320347503364585788661571      
   57.9837603689779896239264822107024230      
   57.2630508946564867649501726304678678      
   56.5636203055676016548143480170648128      
   55.8846144571205788027152322393320858      
   55.2252215149959226568383132945238712      
   54.5846695196267578800758722939052112      
   53.9622241457996078969448661023099666      
   53.3571866026123850538116370290660393      
   52.7688915903605201190176259751645278      
   52.1967054910466790674678527077710256      
   51.6400245703011439708235906540184578      
   51.0982733947598609353203117221155402      
   50.5709031748422861018937103682557052      
   50.0573904454720745819822333564665653      
   49.5572355465594577358442598494368277      
   49.0699616121974266027655469679891137      
   48.5951128456881190660891099437871550      
   48.1322540658364205807116138183356994      
   47.6809690902622380820229656749962262      
   47.2408600582258305724320297680655441      
   46.8115462340571782539616959218756453      
   46.3926633800864397076512615830994374      
   45.9838627196938782483495081468088154      
   45.5848102271044363167469847756354287      
   45.1951858831418286961797523470906154      
   44.8146829799970553199426189878778902      
   44.4430074529195478318571452977676046      
   44.0798772302787831626187763553177573      
   43.7250216976688533001318273799535369      
   43.3781811123156906057156405640350847      
   43.0391060854458189258548276099183966      
   42.7075570752584792328104367599854276      
   42.3833039479036619884609280171353498      
   42.0661255126039532942627293983735019      
   41.7558091064812529988428222197265096      
   41.4521502016886242877703520409647233      
   41.1549520452640126412429720278328288      
   40.8640252659917415498675434798879379      
   40.5791875882935090252034690261186422      
   40.3002634823139387671004301597810032      
   40.0270838588490765452839728334132478      
   39.7594858002943608395304252024799767      
   39.4973122923282911330236250257653031      
   39.2404119422972084217543084372472883      
