   482.989325854482766625225197452827150      
   482.989325854498234655481154983509087      
   482.989325855059819086560773405629421      
   482.989325860516629894659871621309713      
   482.989325887322284515814506978045712      
   482.989325967435644092579296817523549      
   482.989325968950923145095325137053611      
   482.989323869000587490727211191304239      
   482.989307850192948670155143192496580      
   482.989234838319703637125263250561412      
   482.988991240619911306554443385823107      
   482.988340383513761376571908162486800      
   482.986868773418214896244168734538953      
   482.983944755005546253405161844794329      
   482.978698901874597919429669981851179      
   482.970029030597576315484631836053101      
   482.956627172603876238656200751713041      
   482.937022557309723926332062539205112      
   482.909633640881306270865943858743843      
   482.872822787406502525499533471933910      
   482.824948608072662096544543321378846      
   482.764412594922421515324520395726577      
   482.689698184370796124399898478436740      
   482.599401580038247820607061588488812      
   482.492254511355125824627854631949335      
   482.367139633497294697252842422783696      
   482.223099548712575936666636874453731      
   482.059340516807473784238642810708701      
   481.875231889758009813526946472013435      
   481.670302203446860331000805199495822      
   481.444232725211936078622333524378722      
   481.196849117934027870255904554053958      
   480.928111753956658638412392076169244      
   480.638105102749907809549685804803315      
   480.327026527998373200677162716014943      
   479.995174760992895248625579902956972      
   479.642938265129370116102320327914854      
   479.270783667502457839705131116783504      
   478.879244403787776856122022362634218      
   478.468909700095050201172456799791970      
   478.040413996094945901025952637100104      
   477.594426897723772116105145734561951      
   477.131643732285671423962436820416768      
   476.652776764360889630731897203031178      
   476.158547117227784117705144807564424      
   475.649677429954378565694385660425712      
   475.126885268339890383717903997350481      
   474.590877294769732774657806844294579      
   474.042344191415418083939050894888883      
   473.481956320021819391736693824611010      
   472.910360093344771884156812770744020      
   472.328175025981347196829784883555924      
   471.735991424907632973640456254245408      
   471.134368676263017123816577940860935      
   470.523834081358716842826490189706134      
   469.904882191887031441376618143446229      
   469.277974593323764518114253233907751      
   468.643540086244092882361895246556390      
   468.001975214199306485271214158618933      
   467.353645089409261867141241648829112      
   466.698884469583231243136683165807574      
   466.037999037118401184593440002535754      
   465.371266858132354296426933047310158      
   464.698939937589560046577715190014504      
   464.021245892086314387353529146286368      
   463.338389666807256243863114760084881      
   462.650555284385239569590349558874171      
   461.957907596298625881787885460487373      
   461.260594016088219631168715513782672      
   460.558746214389902559672801251241294      
   459.852481759318028126999927064034595      
   459.141905690400737966479813589261476      
   458.427112013672504299221028134762206      
   457.708185110237189724453974843776271      
   456.985201053028518755525841666572690      
   456.258228825651780807280201674967494      
   455.527331442541752013647656516587300      
   454.792566969016229300634562155521914      
   454.053989441187066030973300364856997      
   453.311649688210024088722902019071522      
   452.565596059213444372892061662017552      
   451.815875056168640474681661046880257      
   451.062531879427155584070805793436643      
   450.305610888123250109627068057851967      
   449.545155983951581335020952737036958      
   448.781210918032365195877204490233484      
   448.013819531011931529410938399124418      
   447.243025926411224124879180964955287      
   446.468874591333128407104624019114643      
   445.691410457086603650643562796394906      
   444.910678911605343216892413993555109      
   444.126725776200532189679015816818303      
   443.339597237379563023512584839086741      
   442.549339747266539226266159875461574      
   441.755999895564616394814700200907032      
   440.959624254814268430931487987158089      
   440.160259185810992772650238760050335      
   439.357950655454143429145126548912351      
   438.552744018712584234826438524551248      
   437.744683795354647454993447693626315      
   436.933813428092168957146660740775863      
   436.120175040128931463593634413130473      
   435.303809193241611427355690602052964      
   434.484754606529568949860020126981445      
   433.663047912169775713398713843831610      
   432.838723397661979423072313627956178      
   432.011812764414216464342987706724762      
   431.182344830637699938739576077268248      
   430.350345269718264132638189561906990      
   429.515836379091308772612857552458270      
   428.678836862719136466350742301030174      
   427.839361484399183595824449118733045      
   426.997420846284963231435658780977153      
   426.153021202995507040109570699040729      
   425.306164197486042413373541586774857      
   424.456846483528479886113607509598972      
   423.605059685157375611137243135888983      
   422.750790077851584318200451681927912      
   421.894018164687133060373181635000125      
   421.034718846137309680077222239360941      
   420.172860784886539849812090817078402      
   419.308406333977331753802670943460118      
   418.441311219609397440000639209529693      
   417.571524471709650438845796673482142      
   416.698987860293920379339325850059386      
   415.823636005560191916145045972679029      
   414.945395722350512886567456624657196      
   414.064186087557199220180756217228814      
   413.179917962518235401352115856354817      
   412.292493717332287661375693192942664      
   411.401806948730948406450450839321051      
   410.507742238811884375765622763318351      
   409.610174561368946318709304190267192      
   408.708969321682999886433834868929483      
   407.803981540627235426569155680384709      
   406.895055813098057502248089954661756      
   405.982025782553192283318840742815409      
   405.064713468270174351986136996929672      
   404.142929125267777390401454634148491      
   403.216470613404162769305527377202680      
   402.285122745824362243934853928252028      
   401.348656770114446858223486200024179      
   400.406829941092114723688805809285917      
   399.459384566300560979687444156205008      
   398.506047367658110318740236217235600      
   397.546528808183314375531113142084552      
   396.580522448519957123354416356356980      
   395.607703496397295383864379605010997      
   394.627728540127391444720587853617155      
   393.640233958679077080015311572328912      
   392.644835318010233561189213251644157      
   391.641125899551472183304313040805818      
   390.628675382101864636352013476419937      
   389.607029086786757135289795052578771      
   388.575705759175149619775712679675932      
   387.534196364698351291468861872583804      
   386.481962697964329627530132990289879      
   385.418435162318191078898189351243345      
   384.343011223665628130385471489027339      
   383.255053330952996107958212692137575      
   382.153886762450091266772221039112216      
   381.038797487779499700462268213969372      
   379.909029682365939823841746588451227      
   378.763783471082806627998790989637617      
   377.602212130068059546930276179156323      
   376.423419481008341439964008936956722      
   375.226457714955310178295870232210400      
   374.010324196434928609537318406379338      
   372.773958908799153019914868846882286      
   371.516242351437747477195577617030706      
   370.235993053312424736429449324807787      
   368.931966011956938277865470514710081      
   367.602850987318622641734581591950698      
   366.247272688279349644359103752066374      
   364.863791399893491588716392259880128      
   363.450904831526244043494115567413132      
   362.007053762268322314915388566861536      
   360.530627821938074812460013441887042      
   359.019977013232038087806411256352551      
   357.473427205746883003793670095788942      
   355.889301557330098767392593873210989      
   354.265949466618863581936310633484561      
   352.601785552410702045392438522797308      
   350.895339835246881661463380942631299      
   349.145323554703116131033588975899664      
   347.350712265537730775737550696044228      
   345.510849857853835681045583454567136      
   343.625578814561830138223363131442414      
   341.695397621944267018795629875596361      
   339.721649539869580492146019774744579      
   337.706745885075006898376390410861890      
   335.654418834366822570728064454869871      
   333.569998783320971712077406859840308      
   331.460737071275538020626503785229406      
   329.336081734238728382787357728775562      
   327.207987169247790889930645405212782      
   325.091153596355076947403586293568338      
   323.003189370399182626519859682320722      
   320.964655846275786133181371347289055      
   318.998939399951761980038876636659766      
   317.132000094060483900709703207752184      
   315.391809775724105941326477520805774      
   313.807679735864167470128146936682312      
   312.409380443625994160662496479813006      
   311.226293282009630207698372256225863      
   310.285849604385727974405172021412948      
   309.613274477223176857824143056905776      
   309.230277047537871695977942834234463      
   309.154494559621367850762061109053299      
   309.399073536949259938841012529483940      
   309.972505643395657739795430496801013      
   310.878703688566816702190417194516224      
   312.117280306857250544098687818007446      
   313.683978696750428533245447756569068      
   315.571202842158515422933262870790738      
   317.768592820447154073572154606957073      
   320.263606807954113293496929868288925      
   323.042073668998649072557666596616036      
   326.088696117080665913613351514208724      
   329.387489560565003810786630677230145      
   332.922154568637983924535734471753373      
   336.676380386354472960399236179316366      
   340.634084536752787222482567216606411      
   344.779596822231152699091524951146456      
   349.097794487623988854847666107743433      
   353.574193129192316419106025156662761      
   358.195007184490483222696650028833110      
   362.947180882390568030668577654447328      
   367.818399818879419717056623998085736      
   372.797085971236025499236137976042499      
   377.872380585410371373936607197938821      
   383.034118840108606539503244901273090      
   388.272799328559934630214579675741302      
   393.579550207318732696677258901610739      
   398.946092916286980482242105856193228      
   404.364705129393863456568869674735538      
   409.828185062507346601689309019706823      
   415.329816031878862201568877352342116      
   420.863332170283756248041488560060150      
   426.422887647571422109094920929063009      
   432.003023596242472272622995276050482      
   437.598641992242102186704664973223667      
   443.204978682952038119522760088919909      
   448.817578499299703624850946943512335      
   454.432272617610928866524955815493217      
   460.045158420801099814184962285735452      
   465.652579796399341020848670483969220      
   471.251109515675415675759404214078165      
   476.837533215770664335430005866970383      
   482.408835158549663022037764244705776      
   487.962184063425214918912377945015551      
   493.494921117621551277001626633537062      
   499.004548681057588114450387230638745      
   504.488720494968269726751179812418410      
   509.945231436478569656082304211762881      
   515.372009053069228592717222330789000      
   520.767106601022052354429431289195295      
   526.128694813028535873977204228728727      
   531.455056039741750785875421519630340      
   536.744577263182651897983410999216046      
   541.995745568973274580984662407797934      
   547.207142674459046004627351111424643      
   552.377439910960521417207824863217190      
   557.505393739720520501061237789374633      
   562.589842578224461284322570648301302      
   567.629702155940314635086921908881652      
   572.623962384700041079473381383168957      
   577.571684426202835014056250193850540      
   582.471997177689761219825532893421704      
   587.324094629606171688170818226530802      
   592.127233153166678197735137775737585      
   596.880729210786315345456182530554626      
   601.583956937713763741207889639360207      
   606.236344838050734389658077306642789      
   610.837377153459760891043901542028995      
   615.386586633242097029179681772714580      
   619.883557120617221638394979017028637      
   624.327918430018874311808334306026405      
   628.719347990396676550819095829913817      
   633.057565543362306167004637827868663      
   637.342334522610558645467052962134661      
   641.573458210527700858732169383779688      
   645.750780316420751119439216486330234      
   649.874181462178654909586420391387888      
   653.943579251434521447091682828180079      
   657.958926484886866763034760397591237      
   661.920209281177923570081008592535424      
   665.827446445076538292373221607199160      
   669.680687957246761046397118171578958      
   673.480013840110209724867473438289334      
   677.225532506769595858504540523310394      
   680.917380149342778593672291340246026      
   684.555719355934351853983626319897710      
   688.140737775294264908814103828943590      
   691.672647489480973317170418129153959      
   695.151683307134782954278329403634008      
   698.578102365742058654397175123638594      
   701.952182627927160356265009791143890      
   705.274221945591062482237559363583664      
   708.544537430022880036474826077777499      
