   91.9024000948784202170827437330254962      
   91.9024000948756103372976966772670622      
   91.9024000947781154036684974976715420      
   91.9024000938787693816519556764387073      
   91.9024000896844288202614939875229761      
   91.9024000766383934661720813746144124      
   91.9024000450117361781511921293932561      
   91.9023999762874426450817762210642691      
   91.9023998183483734430955954603704009      
   91.9023994036952322239763319402028784      
   91.9023982669257104840615160887671261      
   91.9023953407678438232547173040307954      
   91.9023885526131038315961078004048834      
   91.9023743796605350216401967434047134      
   91.9023474336077587961026834919592249      
   91.9023001355332698057996026223034090      
   91.9022225182823040503174642226094332      
   91.9021021680122724954849516520845977      
   91.9019242954390139426018177515373416      
   91.9016719132376910538489072303180922      
   91.9013260886950446928396077193474996      
   91.9008662385721286326859953907932134      
   91.9002704346496500284213153822596088      
   91.8995156923062062267199469874481265      
   91.8985782199432079302610020334630103      
   91.8974336134947124360270910334788570      
   91.8960569869266839051627071155733159      
   91.8944230364421898233887599508335154      
   91.8925060420669899344464804129594061      
   91.8902798150760678897504857863799370      
   91.8877176034883088934688292685108123      
   91.8847919697722213717424506244236503      
   91.8814746554523514095093712922719876      
   91.8777364466132774242107304733515001      
   91.8735470525383475603197738025031867      
   91.8688750072767322070526612311010122      
   91.8636876011466316260929985304417470      
   91.8579508315567903645684694299050280      
   91.8516294584269039273645847804643345      
   91.8446869638431241089208349849026916      
   91.8370856664934371549676424672298268      
   91.8287868048037175612943273503912919      
   91.8197506530270816439757191296003504      
   91.8099366531366467150463356650886788      
   91.7993035564736238199931672175143269      
   91.7878095691637587446396565504166440      
   91.7754124959273722592334432915507838      
   91.7620698771773894467959730748957696      
   91.7477391153475562009745566671033026      
   91.7323775868695438578149412184353526      
   91.7159427374793291961977109341604606      
   91.6983921584619343746106300938606453      
   91.6796836432798148795985773009287922      
   91.6597752236901360533261736620444193      
   91.6386251854160871147559343039097905      
   91.6161920643714088131687344991688403      
   91.5924346238688813311115212995677538      
   91.5673118145732490902813514257771597      
   91.5407827180269789715585940942569758      
   91.5128064771852888179615479308137202      
   91.4833422124315123358425418845537874      
   91.4523489289740332432130035669141696      
   91.4197854139620867060836386796562395      
   91.3856101275680289998053360930931733      
   91.3497810892766813807829023989463442      
   91.3122557573620284013246445427609346      
   91.2729909105780712932975125730468612      
   91.2319425242414306529856212984358051      
   91.1890656497643236054914976747409500      
   91.1443142953683930625103955441012761      
   91.0976413043445520558177252386075672      
   91.0489982416742179610630068472119519      
   90.9983352836174115785433157953645528      
   90.9456011055312346717495839153010852      
   90.8907427746689806626976488654106416      
   90.8337056572243211494083498352513851      
   90.7744333097881347408599566026025201      
   90.7128673930958446616905235139995206      
   90.6489475813282439310710849753171002      
   90.5826114794657141556980775807552142      
   90.5137945429543869302688177889611572      
   90.4424299949130542712014638826662317      
   90.3684487368229000835409685043437469      
   90.2917792899743861915718538591091823      
   90.2123477161680938793372539457106483      
   90.1300775483568192416090185242651717      
   90.0448897128762810516776203365942059      
   89.9567024814155257678411210515381347      
   89.8654313835154943696974051086320533      
   89.7709891012987045061010834734774108      
   89.6732854335181148304273633416792900      
   89.5722271733820827255421680299017312      
   89.4677181829172229162403471859444852      
   89.3596591079399354714318421304756640      
   89.2479474174988462689215200428759339      
   89.1324772381600303303390501650988147      
   89.0131393375710554920337491669437943      
   88.8898209518671586456081780350423320      
   88.7624057351580005732419753799782173      
   88.6307736024515538069843487009367232      
   88.4948007754546392077929932373617878      
   88.3543593913283964368872503596664161      
   88.2093175082620238170677982588566593      
   88.0595389601452382811033899308137929      
   87.9048833568926559135541870478762832      
   87.7452057118435999544505459636481740      
   87.5803561949023622705282200010147887      
   87.4101803274919386626684396420849834      
   87.2345186326457838401530066090337695      
   87.0532061457373091315677739766809203      
   86.8660725408931889550054983843317204      
   86.6729421359505976425422904345649091      
   86.4736329720741029016970121319669419      
   86.2679571580116401004151615327744878      
   86.0557204553629805136695766009512982      
   85.8367217916863545602845176441558672      
   85.6107534839375494560675038500807104      
   85.3776002733420665255432704128635066      
   85.1370396852972332515093228853413208      
   84.8888412194126187451424331299449805      
   84.6327660040017793307902001251632623      
   84.3685671302091845169981334134863221      
   84.0959882522848127371130983619470665      
   83.8147638024425405556589835900327702      
   83.5246186204504215561414385768624761      
   83.2252671010293185056617823891083160      
   82.9164133100281216328518964996626040      
   82.5977497385669006460546863685370887      
   82.2689576466244675259494298723294010      
   81.9297058967713696143422500392685542      
   81.5796508018104878411505515935059052      
   81.2184352482034819208378876757355465      
   80.8456881116654430302899245506109888      
   80.4610240205600757960827810770011656      
   80.0640423252293543429466769426978149      
   79.6543266197457258452362063241557788      
   79.2314437969516332503843730752933897      
   78.7949437860653972874370497645626667      
   78.3443581070005778462022266816090088      
   77.8791999880581184627325657218774542      
   77.3989631222385282824004028843133512      
   76.9031206025310446253151277012260444      
   76.3911248912487764057881109170930824      
   75.8624066505985789265890875359025653      
   75.3163739766436292058952264794846664      
   74.7524118376299787179174540683405271      
   74.1698813180737414802572221177883504      
   73.5681194188748306950337268881494342      
   72.9464385336819117029485451875660251      
   72.3041260086972395076283390201486656      
   71.6404445816690161994123489707579222      
   70.9546321790700643447683229430706308      
   70.2459033438221391741899634109752280      
   69.5134498057788407429054823174165549      
   68.7564427904996578034615265544414685      
   67.9740352671365845671677122472525079      
   67.1653662856987366559184513194416183      
   66.3295654972497957276188324714957523      
   65.4657593318075260190340683575374336      
   64.5730811177014029161914850719920855      
   63.6506797056798941912419681749432416      
   62.6977348812566036008510853735449167      
   61.7134759555567268706589515987116864      
   60.6972002327560823874476985955539109      
   59.6483009879228579933864277941477073      
   58.5663001759876139594632828633037593      
   57.4508856505467616509495268795027937      
   56.3019560545367967537048302959296985      
   55.1196736424304213948147575022147324      
   53.9045212799451167087390335881903840      
   52.6573681700866888370921229795359141      
   51.3795362870212851931212814203676778      
   50.0728713148139460435273451130234305      
   48.7398091672614073256857882659634908      
   47.3834297203142438770605095185828779      
   46.0075044782107838997771008146060316      
   44.6165044629873556230899747641201789      
   43.2155873069931255124008807631782700      
   41.8105313437893917327397699882422529      
   40.4076196651549773649920935968361130      
   39.0134769632860551120150149658361974      
   37.6348545085934967245829450267528845      
   36.2783898293873542896264717472738491      
   34.9503543929221550886091561403694502      
   33.6564226374583576501134021071943315      
   32.4014822495003546591000418062080354      
   31.1895056786009028957165465274695181      
   30.0234906589421927525996664974133602      
   28.9054657530633659021931957927612581      
   27.8365511616581556803652993055794411      
   26.8170589734006466947466216123668099      
   25.8466160749219929242566316401758351      
   24.9242946251511187626492767446665314      
   24.0487398148679230224522753504041842      
   23.2182854470361495230988949020748416      
   22.4310541776384475371792288607887942      
   21.6850409177577654032757282861662419      
   20.9781789808937311376672525724524958      
   20.3083914900616506168372257899919566      
   19.6736290943764587198885652169777403      
   19.0718975390017271192683206771673000      
   18.5012760050448985177995722214641330      
   17.9599288582033424846590457176596171      
   17.4461125731341247472760496831776767      
   16.9581785033921514162155873611187450      
   16.4945731333897988362313946313089438      
   16.0538364245601296419664945417860989      
   15.6345988315020452869206653897451924      
   15.2355775249204212981559357694822211      
   14.8555721904500629368478460432897208      
   14.4934604272113030359866520972138754      
   14.1481932264765547254183694999894445      
   13.8187904386391214886983661830061539      
   13.5043363021471173008069630068048006      
   13.2039752317665054632728364514296818      
   12.9169077890255872626749686372497482      
   12.6423868246677158045335782024377656      
   12.3797139054707520980329023801811439      
   12.1282358723344462571412377089089942      
   11.8873417791329972796000084935296923      
   11.6564598689750457067877285792764295      
   11.4350548662149927018865076013210488      
   11.2226254031898034005250200659733556      
   11.0187016783246958191892843189365896      
   10.8228432171378755386903684743950005      
   10.6346368737817698256393071591734098      
   10.4536948792515245963627522560804946      
   10.2796531635167940859420735667985041      
   10.1121696536295997653789074533089791      
   9.95092276845304275393663502885508464      
   9.79561012632036932721878614287478706      
   9.64594706722306316368801795730413533      
   9.50166564749200859761588202602208114      
   9.36251338529235620620896039593658024      
   9.22825226528936751104742951717363970      
   9.09865781808789527006493111867235790      
   8.97351818926953359109174698656063721      
   8.85263335189775680484694694274597004      
   8.73581429678436934117754478989065474      
   8.62288236178066527904056918672173723      
   8.51366856420977880074759136989993037      
   8.40801297004222272249159172776275412      
   8.30576415655990535604162277084951041      
   8.20677865182655270606544234767657881      
   8.11092045289158208723338972122777157      
   8.01806057692865169247180636901578470      
   7.92807663697736921520966288190401160      
   7.84085242247997701492049336788515623      
   7.75627755093559962517056804635150162      
   7.67424710989846925818946413284867248      
   7.59466135395941187319368503105994416      
   7.51742537016504857160084046943054863      
   7.44244883916507559230396776238654971      
   7.36964574166851886283956244772766772      
   7.29893412558733568930403087858030005      
   7.23023588245335203512269462977142664      
   7.16347652718347251989709433693500905      
   7.09858498186654166912685474927235475      
   7.03549342438120564192081625749655006      
   6.97413708472319471999778835572503590      
   6.91445408496308764701919225701833251      
   6.85638529556088353457132305875703912      
   6.79987417124204341683265398080259568      
   6.74486663604153727124281213684809032      
   6.69131093752175731039846362042068023      
   6.63915753830753560646382603998887421      
   6.58835899710280630259434310270311078      
   6.53886986408908784332981243449722952      
   6.49064658118792186103065003055329805      
   6.44364738689676070633494218887953787      
   6.39783222710408980581587540948618303      
   6.35316267507479599439045572200609538      
   6.30960184499908781587249636359866056      
   6.26711432594677631031721794868700886      
   6.22566610510313219169001937836928152      
   6.18522450531351931130769683849750425      
   6.14575811969372097605230564327201459      
   6.10723675489563277361530396420612622      
   6.06963137221260779139310104189220884      
   6.03291403727406789347618120649262672      
   5.99705786734321300637633885577982835      
   5.96203698537617131046023247879454896      
   5.92782647539433223846673765496722749      
   5.89440233706201245578811630965778849      
   5.86174144869221494646302070250533890      
   5.82982152688508942331211527932978102      
   5.79862108946246731418202082122782477      
   5.76811942272077914870206327628984338      
   5.73829654755163679494884275898374273      
   5.70913318831085818015472643088393804      
   5.68061074310565976603992435975167929      
   5.65271125614093968314713887749775762      
   5.62541738987640312522264912979582534      
   5.59871240059635919893304589341847734      
   5.57258011371639128129153128010860716      
   5.54700490010021710936738431533342402      
   5.52197165475446360098113018792722376      
   5.49746577563501214607010639237216079      
   5.47347314373746436140595428402527192      
   5.44998010342310482223842574201313681      
