   91.9024000954186098051982755948291852      
   91.9024000954157999254187997248733201      
   91.9024000953183049918287565234925636      
   91.9024000944189589698065997008635439      
   91.9024000902246183962721118107958539      
   91.9024000771785825126478429642029194      
   91.9024000455519185186102188452792309      
   91.9023999768275853313569552432053075      
   91.9023998188883745646422515360351228      
   91.9023994042348768956707558334129213      
   91.9023982674646564884687846706718955      
   91.9023953413056547072798115067870294      
   91.9023885531493149985491976552405810      
   91.9023743801951092185657176464105857      
   91.9023474341429642010326151309124761      
   91.9023001360864844633759131645704866      
   91.9022225189347586325290010396070557      
   91.9021021690780297367923438127900462      
   91.9019242979562514611791445921314964      
   91.9016719202156396070211576680970867      
   91.9013261079317929707295390771775436      
   91.9008662884302938907635444428366818      
   91.9002705549214569348133021038414655      
   91.8995159632288650885322497265950365      
   91.8985787934436059016625322272297480      
   91.8974347617436072400647514580905388      
   91.8960591743289593310217829020970761      
   91.8944270219153678620340209873300792      
   91.8925130190051088775455359491447025      
   91.8902915968037255130510432333990996      
   91.8877368618980624059430277699838548      
   91.8848225345526915996277827326331061      
   91.8815218807802255395713673170519991      
   91.8778076513910109437697095215705542      
   91.8736520393199943973594581802847104      
   91.8690266639897536203128383980621167      
   91.8639025886185422864294042440578527      
   91.8582503735074770718153246874573848      
   91.8520401656573826825801437156026915      
   91.8452418227453637487788114518092790      
   91.8378250676106323763672958918699176      
   91.8297596680221802175036473331101278      
   91.8210156355851726777434703222249249      
   91.8115634371929635746762764551661154      
   91.8013742123456761480910101851763209      
   91.7904199899046009145757988544675268      
   91.7786738983234451722476141352133659      
   91.7661103640592214746286692699267601      
   91.7527052936262539267251520653504544      
   91.7384362355822386441383169127300410      
   91.7232825195694564820862397080448094      
   91.7072253703420431516421838197297150      
   91.6902479954872507271292271543909996      
   91.6723356402059679790044463210177150      
   91.6534756437261485546380951323908103      
   91.6336574152878471400872707183887529      
   91.6128724363369835712186928112535662      
   91.5911142142391788740406535398375523      
   91.5683782184922425878201137086264174      
   91.5446617966272625640053696157597191      
   91.5199640718989883133795973567903459      
   91.4942858248356114530750766129893254      
   91.4676293609429159699557266745442957      
   91.4399983667482425441471505222103944      
   91.4113977562593524097004212018459545      
   91.3818335098926026668562089478532787      
   91.3513125080028230711762945581205904      
   91.3198423608420925957788783011593780      
   91.2874312363362737830746106215789283      
   91.2540876877684525477408800998397466      
   91.2198204824241160266255666691702270      
   91.1846384325489307136612044680233356      
   91.1485502298277665259524504656548131      
   91.1115642842115300843789828603620029      
   91.0736885678680915202610829061244908      
   91.0349304652552713971941001855918158      
   90.9952966294492518750041218485753148      
   90.9547928449666880798404396744326761      
   90.9134238982555619503870266191346502      
   90.8711934555474277884878722784104268      
   90.8281039469826716408637714380795084      
   90.7841564590861417460313706629032290      
   90.7393506350434699930592461580365980      
   90.6936845795022022654676652068281105      
   90.6471547742638511404737619131208191      
   90.5997559967659933731497788366593314      
   90.5514812478083672005149025362018123      
   90.5023216822917357709947898016460114      
   90.4522665492979180175974335906834727      
   90.4013031340067299384419104019206470      
   90.3494167049265489792361293009710586      
   90.2965904707826105921671027446180486      
   90.2428055308298635173006174227669281      
   90.1880408355876124832292977920877360      
   90.1322731576757924620531321648819002      
   90.0754770427974901021473967804818908      
   90.0176247932020688704834765149932578      
   89.9586864231841077115050202954491500      
   89.8986296399181761817191871256496631      
   89.8374198073676760702043822568458894      
   89.7750199219150685410631016644820787      
   89.7113905849815124858206380429120910      
   89.6464899721388155586073681488414626      
   89.5802738020957949574147251982141569      
   89.5126953113410680612804484992856709      
   89.4437052207940543319590640623805187      
   89.3732516986508167485371528622782797      
   89.3012803228663283710240917833127115      
   89.2277340465818203301891061288752689      
   89.1525531636445107753773323727848873      
   89.0756752399256499520764384067557343      
   88.9970350904262794586447106100316866      
   88.9165646838522674475663773613674826      
   88.8341931954829445255684623760549197      
   88.7498467905916099888752850225460213      
   88.6634486547765288123046363223313190      
   88.5749188998529318796298523888093419      
   88.4841744959701343356621755845638810      
   88.3911291341302240902077941026307316      
   88.2956932148951404555014568631410764      
   88.1977736996922742971896778541314905      
   88.0972739905269967560795551213624040      
   87.9940938402035728513664303672587064      
   87.8881292312255258185872875423823118      
   87.7792722334215861162861475781750817      
   87.6674108491837663255334091358984367      
   87.5524288761199106471228332488871071      
   87.4342057391091910189647437034626425      
   87.3126162834195777217594212440150558      
   87.1875306351619354848780855285970800      
   87.0588139440859242130207420352192296      
   86.9263261889416432159212421109788787      
   86.7899219774721288633793266599441089      
   86.6494502308193707359479884268366689      
   86.5047539317254970780533479854453071      
   86.3556698620812827526366987077072521      
   86.2020282868563109334307289862681052      
   86.0436525780462421544819492941800047      
   85.8803589308418998976450989056082126      
   85.7119559257899303501222926208662932      
   85.5382441471771326786710441411486464      
   85.3590157480626936210035059824017701      
   85.1740539426916519290259241129980959      
   84.9831325704436550469973115603538928      
   84.7860155153459141930224163376741580      
   84.5824560940174139454011374077673729      
   84.3721964067680960190817104863819120      
   84.1549670130037133077800248390001138      
   83.9304856551060749194419541725605565      
   83.6984568619515111351713779158403228      
   83.4585710601045633532872013433925971      
   83.2105035900921055183112758273823958      
   82.9539139012664642817942965950353419      
   82.6884443972033486391891850380043071      
   82.4137193845719976715960618620661310      
   82.1293438945150115958765837458315499      
   81.8349023508264244770476212322311841      
   81.5299573555509371214345813594572765      
   81.2140480707937240689273114358356773      
   80.8866887028685370213911728398701457      
   80.5473668960641766477234201275935044      
   80.1955418441307001248332395612465619      
   79.8306424609682849674117644792163890      
   79.4520653347363925016647743835357567      
   79.0591726230299906252037089853439055      
   78.6512896902618652061639416125804930      
   78.2277029945798344494958129587735453      
   77.7876573908853981702886657863521853      
   77.3303538315095712676788576411205351      
   76.8549464651173606820477884295728098      
   76.3605409465588244292592072951578211      
   75.8461909229157815246201574675680637      
   75.3108964489747731556157451513652103      
   74.7536016236815823682470652848321470      
   74.1731932917797481925800149554740104      
   73.5684996087795990696091775060751179      
   72.9382901643152906935152275824342248      
   72.2812768538992924475773581542209410      
   71.5961163360920286873483193196886384      
   70.8814144437756817276185714854198033      
   70.1357331955573589956919404923008993      
   69.3576007671753347638329244097103717      
   68.5455260866961221900441519568797120      
   67.6980169171559079122341814272962618      
   66.8136051942840907192392363631746758      
   65.8908790210299143972590325819152946      
   64.9285207014643127127616509549201977      
   63.9253548230420165228916489869248316      
   62.8804076188902685801807649285001980      
   61.7929690327367549231110463524874282      
   60.6626702175724829853340069749939020      
   59.4895644611512040835165393968477985      
   58.2742126760024353033231830144691242      
   57.0177690397068635589205684449548907      
   55.7220604465452495405533530621191247      
   54.3896530791973060753720338594062743      
   53.0238981780879833508411887739284940      
   51.6289475588674232751025835231051856      
   50.2097324242984011821782000293220507      
   48.7718795941155258980887607432585794      
   47.3216971834228899781387663950684695      
   45.8658271714618507249266235081542718      
   44.4112472894676094693497232310647327      
   42.9649594813015430614167974124917924      
   41.5337867819998064873208453003190834      
   40.1241623921719505212167171096704729      
   38.7419470026389086063073194607481198      
   37.3922879665577693341491093070645793      
   36.0795276720755012680148254008275915      
   34.8071622494091811050920202632544570      
   33.5778456209129270468680542305116059      
   32.3934312665530904286182259095497393      
   31.2550417630282236582569022610337808      
   30.1631544565889305064108671183740962      
   29.1176956418549099540300189104134475      
   28.1181350142254204417500968377462763      
   27.1635758138376326537113992707255131      
   26.2528368919353114090530918096421059      
   25.3845248362365712787664678619880219      
   24.5570959816302792024857808311178523      
   23.7689083113216001044461574512601602      
   23.0182636310441035464455500005365101      
   22.3034418552654423349593638670932310      
   21.6227274935689790971239086689049919      
   20.9744303305760635090788579550065501      
   20.3569007351124944396272310765057738      
   19.7685408742069743544524001038021875      
   19.2078124238912784583343048560823903      
   18.6732416411277516634736603055512398      
   18.1634222780189974331774575656153972      
   17.6770168469299087132543015653149201      
   17.2127565268385046694025997277890832      
   16.7694402290933962800265677672778413      
   16.3459329734187580266408421003920854      
   15.9411636801920772641263737615495321      
   15.5541225448181968318920450518187963      
   15.1838585383769602592028669692841842      
   14.8294764045217518261715882099709863      
   14.4901338202657845485592343509319514      
   14.1650384834842278549882003992552882      
   13.8534452910648969364494259661678039      
   13.5546535563979187322156545843703081      
   13.2680044008166098401586228514644757      
   12.9928781393802477730998442210214468      
   12.7286918857697654502558357215355851      
   12.4748972313676718299022815765946360      
   12.2309780837859101574768820643332238      
   11.9964486010760103636297608330745026      
   11.7708512489679641263734897631552943      
   11.5537550016249128101217655688010566      
   11.3447536450873242148826547520597364      
   11.1434641852512642554151622297587144      
   10.9495253500918176214065601926757893      
   10.7625962144030615134451703537042535      
   10.5823549024084805443714960110212546      
   10.4084973766526449758095804453270452      
   10.2407363124701160769469105916049147      
   10.0788000391910746674210818522975069      
   9.92243157794470594883270882890332955      
   9.77138770572133902433951099467246660      
   9.62543812346042514304916265567418582      
   9.48436465023581329633352494647535984      
   9.34796048498639648302490470558634772      
   9.21602951452009061200417413892013948      
   9.08838567979442349110396068077979549      
   8.96485236309417374872026943707440463      
   8.84526183073923124192825267939647340      
   8.72945471177130513385014796857157552      
   8.61727950720584470699202554944985265      
   8.50859213052924419919001523576601110      
   8.40325550190713491750605176782807439      
   8.30113908698120074310840714256280666      
   8.20211861083800596622717938155126844      
   8.10607564752973431751600027255547913      
   8.01289731269590281545925409951416634      
   7.92247595563831712965101215294825143      
   7.83470886749629328438144745408913866      
   7.74949802081251090584818097954553697      
   7.66674981050124033351706638898429406      
   7.58637481782919479980472567890036486      
   7.50828759220696805779612131767600563      
   7.43240643780466632538198087524326017      
   7.35865321915469917512853294164465579      
   7.28695317944358080009589449262238917      
   7.21723476260473637542665775643440368      
   7.14942945331925427760159833157850728      
   7.08347162204481383165275433653933912      
   7.01929838257409753388196716835151224      
   6.95684945223103672632299148987818152      
   6.89606702697436822876962761772895066      
   6.83689565875069926825085859512125482      
   6.77928214133416036270996168045368323      
   6.72317540230997713611048131490321833      
   6.66852640266335940663217605002451842      
   6.61528803866825170812579663683640637      
   6.56341505232120067399734741060077273      
   6.51286394512481042274286429929216577      
   6.46359289653933162397139357380387138      
   6.41556168722906473289141607742443024      
   6.36873162686514281149200573916461443      
