   482.989325854482766625225197452827150      
   482.989325854498234655481154983509087      
   482.989325855059819086560773405629421      
   482.989325860516629894659871621309713      
   482.989325887322284515814506978046057      
   482.989325967435644092579296817533163      
   482.989325968950923145095325145508524      
   482.989323869000587490727212550144906      
   482.989307850192948670155212917746619      
   482.989234838319703637126870634640921      
   482.988991240619911306575137904244992      
   482.988340383513761376743928114708692      
   482.986868773418214897264822726450294      
   482.983944755005546258049029762066798      
   482.978698901874597936506742299001512      
   482.970029030597576368283510591112850      
   482.956627172603876380128042333720459      
   482.937022557309724262758807858497274      
   482.909633640881306994998505839068387      
   482.872822787406503963067665649251243      
   482.824948608072664796926976937963994      
   482.764412594922422091763130380484215      
   482.689698184374934853034830656078645      
   482.599401580038262399668854779386073      
   482.492254511355186052722463444939199      
   482.367139633497517514330210448971207      
   482.223099548713323142847372578709167      
   482.059340516809769101850542213953819      
   481.875231889764527509679519809520847      
   481.670302203464103162354485620054267      
   481.444232725254727852955458315219920      
   481.196849118034247296228314760210704      
   480.928111754179333313956113194136803      
   480.638105103221466235357545653267538      
   480.327026528954100248457853849995633      
   479.995174762853505255756110807061786      
   479.642938268620111792491582433893933      
   479.270783673832254040326467090310258      
   478.879244414910480025845344958635582      
   478.468909719079805058215274434445390      
   478.040414027637690971023230330699831      
   477.594426948836845037648109477772346      
   477.131643813207052175955465449054397      
   476.652776889728580364111612917294360      
   476.158547307567946271762877925723986      
   475.649677713533964931089675986722535      
   475.126885683435468996384477112654556      
   474.590877892403977298136646881475703      
   474.042345038611293540969655132707024      
   473.481957503621959859191841327203842      
   472.910361724439980479778991144346981      
   472.328177244987817879084915528955747      
   471.735994407327495394422941048914497      
   471.134372639157496049716459525409632      
   470.523839290557720002463451133765991      
   469.904888969953468329097244279452588      
   469.277983328285847023009717070444482      
   468.643551241104008565394067133795427      
   468.001989337222571256291993965981595      
   467.353662825195093706371408594965707      
   466.698906570914053764606960659734807      
   466.038026380930059038797213964281437      
   465.371300449850169680824662070161986      
   464.698980929205866703762353834379402      
   464.021295606433595897510283602455689      
   463.338449602238674044256842075777590      
   462.650627134551206404758507355072430      
   461.957993267260891407928138528347758      
   461.260695644154565594907458852452958      
   460.558866184661375951471547745094918      
   459.852622724944957918133786719124715      
   459.142070592538356031470053842154639      
   458.427304102131545967293058922722278      
   457.708407964825401159448800004917762      
   456.985458605573749846977683767914368      
   456.258525382704461296302225776959674      
   455.527671708753302058456928001584387      
   454.792956071181746992761022726496327      
   454.054432952951836418159250587528975      
   453.312153655430367740298674013003266      
   452.566167025958793052229744495392965      
   451.816520091379101756317940385971037      
   451.063258604205337274064285392020282      
   450.306427503668463278275322879378432      
   449.546071300107474662264976928608267      
   448.782234382468971897964636487293635      
   448.014961259017124847805578729992644      
   447.244296731323480564892268833201303      
   446.470286015548770421037179114184114      
   445.692974803734283411244926228874964      
   444.912409276852648255936632644476969      
   444.128636082174804972504972171021836      
   443.341702265721166203080397738237184      
   442.551655173337550474280086185988198      
   441.758542323276498073575987469819753      
   440.962411252168168791098042905782262      
   440.163309321307796791637215529678331      
   439.361283535000368999274707559305081      
   438.556380323412455592149279784741261      
   437.748645321278217354472761506886630      
   436.938123122241100937547447705516123      
   436.124857042216782615626230142738174      
   435.308888880400831691045915135784647      
   434.490258631369408723808406685018409      
   433.669004247250890480241515294287628      
   432.845161379792697645782786554781961      
   432.018763139677244083862214080293283      
   431.189839801579447351390522503828164      
   430.358418543436661921991020856407253      
   429.524523216318912969596763628668265      
   428.688174127706100605328860757030893      
   427.849387699378786324847320340403610      
   427.008176244621369321777002206977665      
   426.164547783844426966297113448951869      
   425.318505785524021715770539989892268      
   424.470048788956454835969424942983445      
   423.619170362539116150845846025095088      
   422.765858793617017793996069174205587      
   421.910096666855375600453467701749282      
   421.051861023404523223608973133472142      
   420.191122745433264856225709311355228      
   419.327846483842783308060387243815739      
   418.461990334050638173655282852806840      
   417.593505779903227871809061343992104      
   416.722337130000167294690907644416101      
   415.848421630453157662789412312155482      
   414.971688819927052687976331855641349      
   414.092060580450025551470900095812077      
   413.209450702303687976312322305486151      
   412.323764559667349706817486586996230      
   411.434898913893236710313533930746469      
   410.542741558840272398463626956841525      
   409.647170859035866047600406045727815      
   408.748055710655384922928009519831496      
   407.845254762002086230703822703321487      
   406.938616381525860923074377901075904      
   406.027978104384255053023047113959535      
   405.113166035411687859432543588279913      
   404.193994647505257312074532527695594      
   403.270266172708145289356746768951544      
   402.341770072098397171061445306949627      
   401.408282287494619557338649167327499      
   400.469564931302127894691306851294116      
   399.525365557964813267146469896271179      
   398.575416300930135353674728183058176      
   397.619433101717237640595532295418216      
   396.657115341513647789365435182114371      
   395.688144267396410469369147594393240      
   394.712182742746840832207826566035311      
   393.728873785110081650259116920688205      
   392.737839713978367215691331951477078      
   391.738680948987963120444381859873498      
   390.730974645147673485879001609694694      
   389.714273499616370423334408689192333      
   388.688104532826940210042389190605590      
   387.651967026447677481329203740727947      
   386.605331255022644523863808129812088      
   385.547636676411649261822658846083404      
   384.478290003999357675921814275943786      
   383.396663180899662929707025143164889      
   382.302091493152772996835093160402932      
   381.193870956004506554247518920941734      
   380.071256169870201380663559818174266      
   378.933458009738720294687946194885949      
   377.779640531449754289092767220280552      
   376.608918641349095082633076502278260      
   375.420355411619487795542929954671809      
   374.212959145840764820420226702777712      
   372.985680512423464864229934971237234      
   371.737410359383570409577933546520018      
   370.466976941274647384824727728908108      
   369.173143993170272743083224325382198      
   367.854608933594093759352642345570287      
   366.510002224950563312535986464845577      
   365.137887592487565368665824218878580      
   363.736763427436482810753384962003932      
   362.305067078846716008151504576184371      
   360.841179870077029717852773044050730      
   359.343437282557588771824602823619078      
   357.810142565923002386936091913902045      
   356.239586424001354838110952225396682      
   354.630073194560454754883469478751318      
   352.979957040204917054601662223937401      
   351.287688555777684967107995672241897      
   349.551876111939709311251470750391112      
   347.771364255124259664831534147398570      
   345.945331649145689510156863372715732      
   344.073414980978032085068572338492996      
   342.155859074201598624216166282049871      
   340.193698393065833131829347981330160      
   338.188970957421534228795940792576762      
   336.144967429175659636443700033520156      
   334.066499921857985192515257879139426      
   331.960221858700003607842208863797182      
   329.834906287753042745945878081869711      
   327.701761885994789056162810873855619      
   325.574685698905145200624704975012607      
   323.470450225046781909242885319985166      
   321.408780193227438820934116052067716      
   319.412270742621212607042453097736900      
   317.506176135476117746046782991687150      
   315.717916906986059742775614921981071      
   314.076454632509845929007584746102416      
   312.611460531031495240752429520669698      
   311.352357451462360983099658034142784      
   310.327475823611945064259695802534452      
   309.562409012023362226484188071955225      
   309.080023048682329332264858810619514      
   308.899182250359673468772666093211730      
   309.034393794387493581428734984058394      
   309.495570992467843297282438064627860      
   310.288039323736411754433454919407767      
   311.412753977141256437868124101641620      
   312.866683359237285177170645525154637      
   314.643306420543243299642393673524817      
   316.733170723578465473074350766157671      
   319.124468643428690850698781068473839      
   321.803596108514279743475460205521637      
   324.755667022675841120365733762182956      
   327.964970362429852953734080089627125      
   331.415360709292079551141964448872255      
   335.090582176617790975482513686597516      
   338.974527141003644809432004503663188      
   343.051437073907383778271993454584336      
   347.306052348963434394578017666209429      
   351.723718994286248528558283906519302      
   356.290456725534049355060091362239116      
   360.993001129965056931682435080214847      
   365.818821068826948378623174125323385      
   370.756119711805874413862586174843268      
   375.793821599416772181647492682499167      
   380.921550208002298925129691552323533      
   386.129599560741554921800590634606509      
   391.408902043526510803980532055932855      
   396.750992675673092408150807997292832      
   402.147972815240666299466363416270702      
   407.592474587637297874150538055745136      
   413.077625257224260686235304367277439      
   418.597012552908006748544695005766235      
   424.144653713927733027979035307885888      
   429.714961955924131567505931690982186      
   435.302719652971546547646976185828836      
   440.903051055157623562690998563651788      
   446.511396690567674000514854836888378      
   452.123490376576269497528607334568041      
   457.735338250335332699855820086048645      
   463.343198978363454292701227643884649      
   468.943565421594559773624390040382212      
   474.533148265962422301660924789508152      
   480.108861210570652961385119090066660      
   485.667806909883411825091166035174869      
   491.207263932469635623218662075181178      
   496.724675841485597075739239524631470      
   502.217640255364387770619639601264910      
   507.683899607720470825861095423651468      
   513.121331460625388875665763769819564      
   518.527940957837392904940825475331863      
   523.901853963686575640699572714935427      
   529.241309265135538106297047337575631      
   534.544652765131946246307715167249992      
   539.810332173450012523954865376036868      
   545.036891048517265132697938045013809      
   550.222964357376649205149457683161004      
   555.367274041204308317531253209418429      
   560.468625008314439046786712172326879      
   565.525900614153646464192216755464159      
   570.538059718834093721763436149660811      
   575.504133389677827084285213407992876      
   580.423221622341877440129461283640932      
   585.294490545007657422250337218129939      
   590.117169425814660805078568349541986      
   594.890548745948152220155172158064506      
   599.613977163328790819518464228034959      
   604.286859650019187428813397628328338      
   608.908654511986873498382593265550161      
   613.478874004903994898332977299651992      
   617.997078757678139430346813512226507      
   622.462877485474317523786979059429561      
   626.875926377295638333865140836964610      
   631.235925551718192697365838424474846      
   635.542618647661405144226894848278040      
   639.795790365154962160191959182207062      
   643.995266148837756082596441979107723      
   648.140909048327529964397458282411278      
   652.232619674838253667387920948065712      
   656.270334502439912877582044260610146      
   660.254023627300445768673978951498787      
   664.183690977538873227007606512219659      
   668.059371530789855515164214930046279      
   671.881131133364363894040994468040783      
   675.649064866829741478253562700422877      
   679.363295513038738245132516609167625      
   683.023973281424331077730021777203846      
   686.631273738793687854646463249796057      
   690.185397334839793071801401967303410      
   693.686567818313984212612702965757586      
   697.135031775732254401255156182261380      
   700.531057054184627236129436824465158      
   703.874931821815832372469465517997229      
   707.166963979964239594492098014043372      
