 0.13628526479576E+03
 0.13628526479576E+03
 0.13628526479591E+03
 0.13628526479727E+03
 0.13628526480368E+03
 0.13628526482384E+03
 0.13628526487274E+03
 0.13628526497353E+03
 0.13628526516517E+03
 0.13628526552759E+03
 0.13628526623692E+03
 0.13628526765493E+03
 0.13628527044280E+03
 0.13628527567948E+03
 0.13628528496318E+03
 0.13628530047963E+03
 0.13628532502973E+03
 0.13628536201720E+03
 0.13628541540259E+03
 0.13628548963359E+03
 0.13628558956254E+03
 0.13628572036223E+03
 0.13628588745014E+03
 0.13628609642989E+03
 0.13628635305695E+03
 0.13628666323303E+03
 0.13628703303102E+03
 0.13628746874943E+03
 0.13628797699237E+03
 0.13628856476895E+03
 0.13628923960402E+03
 0.13629000965168E+03
 0.13629088380238E+03
 0.13629187177563E+03
 0.13629298419123E+03
 0.13629423261374E+03
 0.13629562956681E+03
 0.13629718851582E+03
 0.13629892381917E+03
 0.13630085064991E+03
 0.13630298489103E+03
 0.13630534300821E+03
 0.13630794190489E+03
 0.13631079876456E+03
 0.13631393088525E+03
 0.13631735551129E+03
 0.13632108966669E+03
 0.13632514999437E+03
 0.13632955260471E+03
 0.13633431293656E+03
 0.13633944563286E+03
 0.13634496443293E+03
 0.13635088208252E+03
 0.13635721026244E+03
 0.13636395953602E+03
 0.13637113931538E+03
 0.13637875784586E+03
 0.13638682220813E+03
 0.13639533833680E+03
 0.13640431105446E+03
 0.13641374411984E+03
 0.13642364028882E+03
 0.13643400139305E+03
 0.13644482839851E+03
 0.13645612152943E+03
 0.13646788034528E+03
 0.13648010384921E+03
 0.13649279059590E+03
 0.13650593880305E+03
 0.13651954646473E+03
 0.13653361146602E+03
 0.13654813169788E+03
 0.13656310517143E+03
 0.13657853013099E+03
 0.13659440516531E+03
 0.13661072931603E+03
 0.13662750218357E+03
 0.13664472402995E+03
 0.13666239587764E+03
 0.13668051960453E+03
 0.13669909803615E+03
 0.13671813503292E+03
 0.13673763557326E+03
 0.13675760583429E+03
 0.13677805326614E+03
 0.13679898666526E+03
 0.13682041624165E+03
 0.13684235368517E+03
 0.13686481222568E+03
 0.13688780669242E+03
 0.13691135357041E+03
 0.13693547105161E+03
 0.13696017908821E+03
 0.13698549944282E+03
 0.13701145572785E+03
 0.13703807346458E+03
 0.13706538011345E+03
 0.13709340513005E+03
 0.13712217999996E+03
 0.13715173828834E+03
 0.13718211567831E+03
 0.13721335001957E+03
 0.13724548136381E+03
 0.13727855202615E+03
 0.13731260661761E+03
 0.13734769209887E+03
 0.13738385783533E+03
 0.13742115565044E+03
 0.13745963987853E+03
 0.13749936742127E+03
 0.13754039782686E+03
 0.13758279334101E+03
 0.13762661898782E+03
 0.13767194264861E+03
 0.13771883514088E+03
 0.13776737031341E+03
 0.13781762513067E+03
 0.13786967978209E+03
 0.13792361786070E+03
 0.13797952626446E+03
 0.13803749559244E+03
 0.13809762014505E+03
 0.13815999809075E+03
 0.13822473162926E+03
 0.13829192715147E+03
 0.13836169543851E+03
 0.13843415187200E+03
 0.13850941662726E+03
 0.13858761493361E+03
 0.13866887728507E+03
 0.13875333975231E+03
 0.13884114427050E+03
 0.13893243890091E+03
 0.13902737824763E+03
 0.13912612377181E+03
 0.13922884422747E+03
 0.13933571607139E+03
 0.13944692390030E+03
 0.13956266101937E+03
 0.13968312995433E+03
 0.13980854300829E+03
 0.13993912298036E+03
 0.14007510377770E+03
 0.14021673126160E+03
 0.14036426397560E+03
 0.14051797413122E+03
 0.14067814851438E+03
 0.14084508958962E+03
 0.14101911662911E+03
 0.14120056700683E+03
 0.14138979759134E+03
 0.14158718613694E+03
 0.14179313317741E+03
 0.14200806368374E+03
 0.14223242888261E+03
 0.14246670885996E+03
 0.14271141468782E+03
 0.14296709116176E+03
 0.14323431966290E+03
 0.14351372146432E+03
 0.14380596123321E+03
 0.14411175086625E+03
 0.14443185413270E+03
 0.14476709119061E+03
 0.14511834412170E+03
 0.14548656277690E+03
 0.14587277117074E+03
 0.14627807523742E+03
 0.14670367045848E+03
 0.14715085108997E+03
 0.14762102019406E+03
 0.14811570055996E+03
 0.14863654705953E+03
 0.14918536048598E+03
 0.14976410228181E+03
 0.15037491178837E+03
 0.15102012347407E+03
 0.15170228820542E+03
 0.15242419428504E+03
 0.15318889162849E+03
 0.15399971685171E+03
 0.15486032058516E+03
 0.15577469529440E+03
 0.15674720442709E+03
 0.15778261103922E+03
 0.15888610580344E+03
 0.16006333188169E+03
 0.16132040569659E+03
 0.16266393029653E+03
 0.16410099904164E+03
 0.16563918697559E+03
 0.16728652290382E+03
 0.16905144266003E+03
 0.17094272602994E+03
 0.17296938688260E+03
 0.17514055596167E+03
 0.17746532642714E+03
 0.17995257430094E+03
 0.18261075914945E+03
 0.18544770447231E+03
 0.18847039119624E+03
 0.19168472073487E+03
 0.19509531742009E+03
 0.19870534189149E+03
 0.20251639037325E+03
 0.20652820286497E+03
 0.21073886854523E+03
 0.21514467794702E+03
 0.21974023783418E+03
 0.22451861307438E+03
 0.22947152530660E+03
 0.23458959397693E+03
 0.23986260169866E+03
 0.24527976499766E+03
 0.25082999705417E+03
 0.25650213765817E+03
 0.26228515781114E+03
 0.26816831800808E+03
 0.27414129248667E+03
 0.28019425196178E+03
 0.28631791849577E+03
 0.29250359048403E+03
 0.29874314779680E+03
 0.30502904227588E+03
 0.31135427471088E+03
 0.31771236752887E+03
 0.32409732878696E+03
 0.33050361965009E+03
 0.33692611652478E+03
 0.34336007739579E+03
 0.34980110815835E+03
 0.35624513111863E+03
 0.36268835728137E+03
 0.36912725776558E+03
 0.37555854194131E+03
 0.38197913410787E+03
 0.38838615516639E+03
 0.39477690388894E+03
 0.40114884153826E+03
 0.40749957989796E+03
 0.41382686555755E+03
 0.42012857097371E+03
 0.42640268388349E+03
 0.43264729938760E+03
 0.43886061162878E+03
 0.44504090716711E+03
 0.45118655863542E+03
 0.45729601980900E+03
 0.46336782071253E+03
 0.46940056331169E+03
 0.47539291762979E+03
 0.48134361849755E+03
 0.48725146300000E+03
 0.49311530735112E+03
 0.49893406445306E+03
 0.50470670216549E+03
 0.51043224110292E+03
 0.51610975320694E+03
 0.52173835978029E+03
 0.52731723025285E+03
 0.53284558126212E+03
 0.53832267480833E+03
 0.54374781749226E+03
 0.54912035936380E+03
 0.55443969313962E+03
 0.55970525328477E+03
 0.56491651480970E+03
 0.57007299272034E+03
 0.57517424115456E+03
 0.58021985274495E+03
 0.58520945740299E+03
 0.59014272199272E+03
 0.59501934950737E+03
 0.59983907827878E+03
 0.60460168051216E+03
 0.60930696421406E+03
 0.61395476843916E+03
 0.61854496554926E+03
 0.62307745932827E+03
 0.62755218455055E+03
 0.63196910616384E+03
 0.63632821836019E+03
 0.64062954410836E+03
 0.64487313407572E+03
 0.64905906616843E+03
 0.65318744446745E+03
 0.65725839866162E+03
 0.66127208313544E+03
 0.66522867626149E+03
 0.66912837953517E+03
 0.67297141683905E+03
 0.67675803364797E+03
 0.68048849625171E+03
 0.68416309091398E+03
 0.68778212312339E+03
 0.69134591685390E+03
 0.69485481368347E+03
 0.69830917211764E+03
 0.70170936677603E+03
 0.70505578765266E+03
