   6.96056439612021242808744050769511274      
   6.96056439612024352967699185698217708      
   6.96056439612189877694147176379391866      
   6.96056439614162191579813069501685134      
   6.96056439625239883292488181907485726      
   6.96056439665422381575740205666836964      
   6.96056439775841288409173530774499489      
   6.96056440027108812797628421703261255      
   6.96056440526140059587296372410686819      
   6.96056441418962540554154530096064802      
   6.96056442885352210796798401721697856      
   6.96056445120135424932239011643398125      
   6.96056448296614495180021027468127707      
   6.96056452509694175144798438436867443      
   6.96056457699071219777712000413250658      
   6.96056463555440884852863624857438938      
   6.96056469414586494179544071132993082      
   6.96056474145354774982458099719455606      
   6.96056476038014853857233469621353568      
   6.96056472699546044945089370935112840      
   6.96056460962139501725412590741341627      
   6.96056436810678850042329196906837128      
   6.96056395334160506152585607363024067      
   6.96056330704881061975117025139634835      
   6.96056236187749998020887242606740391      
   6.96056104180344442874511363670219747      
   6.96055926282445131387496855395472580      
   6.96055693391961366552252481482148903      
   6.96055395822557287254374296041708172      
   6.96055023437089421719211948650752658      
   6.96054565790255781617212549472243543      
   6.96054012273670733343604948611969305      
   6.96053352256884534067648358152261634      
   6.96052575218580217470551439740799359      
   6.96051670863191925298101094221754382      
   6.96050629219376586390212814141967078      
   6.96049440718018984301204831052802469      
   6.96048096248660702022149360582670152      
   6.96046587194339446922541868610607795      
   6.96044905445757329148368702731952472      
   6.96043043396436385836861794752874996      
   6.96040993921059715930324559376195006      
   6.96038750339545404804697888085688482      
   6.96036306369576041116635206672125931      
   6.96033656070334813983923385051358174      
   6.96030793780108120516052137889439586      
   6.96027714050232686998130553971465304      
   6.96024411577619551755199049450135887      
   6.96020881137801398994770564217806685      
   6.96017117520144018058029702179354831      
   6.96013115466553623362864884739357032      
   6.96008869614711991991502195897463835      
   6.96004374446589616557539628323299033      
   6.95999624242730795718680161091121441      
   6.95994613042576295969338897580716453      
   6.95989334610891347937504017599032868      
   6.95983782410200169840231130365239074      
   6.95977949578988926208406735336719322      
   6.95971828914349039991302213140496957      
   6.95965412864230752389461434917504329      
   6.95958693515455701869226010969170670      
   6.95951662593987866648309113566157963      
   6.95944311464665676494909363713505218      
   6.95936631134511057159761599976297695      
   6.95928612258332816500964033718049848      
   6.95920245146038997751396472179512790      
   6.95911519771149676978709152164062884      
   6.95902425779982093055512924229451048      
   6.95892952501091286567143572819213179      
   6.95883088954454520647508905529615567      
   6.95872823860039363751635810342690025      
   6.95862145645427822556127624828537817      
   6.95851042452073000638602087870843621      
   6.95839502140004440007732685610466330      
   6.95827512290647570446784639896709677      
   6.95815060207551170949247064874528038      
   6.95802132914894474933757312674649979      
   6.95788717153529148992789634013674662      
   6.95774799374432964540180994898236200      
   6.95760365729478456750031758300572368      
   6.95745402059585980467563823783360487      
   6.95729893879661362585553961834066410      
   6.95713826361044401539301390456815706      
   6.95697184310946514484520887913203895      
   6.95679952148372813303962938293131321      
   6.95662113877991714684445159758168207      
   6.95643653060107733816877096985428771      
   6.95624552778164066153558025930575502      
   6.95604795602959551964603501596739011      
   6.95584363553870387357475791219191240      
   6.95563238057266486473543062907131114      
   6.95541399901300028218003086747495175      
   6.95518829188614936807666942201593130      
   6.95495505284401340492766503276986585      
   6.95471406763508005979405237853347259      
   6.95446511352323317536563422888541023      
   6.95420795869084030990606430588890627      
   6.95394236159684631997185154232534005      
   6.95366807031350649955646185770949825      
   6.95338482182931483534638908173204326      
   6.95309234130014130454669153618606440      
   6.95279034130024357936968821017003691      
   6.95247852099716172386965796463681534      
   6.95215656532030113223169047501977714      
   6.95182414409473679256274125565789896      
   6.95148091108813535069018772649261003      
   6.95112650308525816651448604136784905      
   6.95076053887453926081280149090288022      
   6.95038261818561717176925173033014758      
   6.94999232063037802625208095152910570      
   6.94958920454043433448396006316227725      
   6.94917280578229633957156788534965165      
   6.94874263652933547398885072417266691      
   6.94829818392260085445526534717607049      
   6.94783890875896700956646219048283356      
   6.94736424404425344600314457524816977      
   6.94687359353514253803709585523409030      
   6.94636633008801328175385755869193255      
   6.94584179433314156842230326478632537      
   6.94529929255105243607299945249013132      
   6.94473809519063531036071360822674790      
   6.94415743487712487280387273795797876      
   6.94355650448071523572477543112434597      
   6.94293445513937832122278296607260074      
   6.94229039395203628681315447353099770      
   6.94162338182214044711758756734718091      
   6.94093243110418128072513043657735166      
   6.94021650299455368423590079059979164      
   6.93947450490118371463583904302504121      
   6.93870528789761014963645025493772426      
   6.93790764349842269707205994634727951      
   6.93708030077664159510521402781802468      
   6.93622192304211706685015540191042591      
   6.93533110456964849107574258746183367      
   6.93440636681375984671380477797173015      
   6.93344615460551472505856531445480531      
   6.93244883229983718989156177279270382      
   6.93141267937054259608371090295422545      
   6.93033588600794405472590624263977577      
   6.92921654830962625200827111416426364      
   6.92805266319172930330279271979593666      
   6.92684212311396657287860550973566056      
   6.92558271026783900334460187945906275      
   6.92427209100434327433748925282952316      
   6.92290780879454409267982905019749142      
   6.92148727789474368530736214494708018      
   6.92000777599616990376856457384384278      
   6.91846643654989572146299916366691944      
   6.91686024065237236917848422002444329      
   6.91518600826711665763909721188344269      
   6.91344038900008428914272121758862944      
   6.91161985190903708645823188734779794      
   6.90972067597208362082681700205693735      
   6.90773893736586369262759168287754373      
   6.90567049848394744242550101618400072      
   6.90351099435458801170641293672700466      
   6.90125581961403169983355069587876966      
   6.89890011306481476180059137941689142      
   6.89643874240317724468819359879470841      
   6.89386628685330937718082333542982741      
   6.89117701945555100930516832211630744      
   6.88836488740212232351930814554448767      
   6.88542349105758450567513033338473931      
   6.88234606211139297984253496198100398      
   6.87912543874634351407258031770029734      
   6.87575404073174784196722257231457178      
   6.87222384137367824495796845914990694      
   6.86852633778403049888290602302292736      
   6.86465251951186365433282288672697098      
   6.86059283444095278198366319363770341      
   6.85633715210759669375937679176243722      
   6.85187472539277418843863321062183397      
   6.84719414875882477312031001882089345      
   6.84228331440146888384118549082304646      
   6.83712936516971143365705410124037966      
   6.83171864666940743147072113481945662      
   6.82603665348124667201741814194376027      
   6.82006797663219690068638840367308278      
   6.81379624682711741044650100821991223      
   6.80720407727277471786890291235660157      
   6.80027300572458210539854140272686397      
   6.79298343643352194809392212876622929      
   6.78531458387545979486927997980750464      
   6.77724441996108142544775628203409653      
   6.76874962626139871790862316283036089      
   6.75980555502599982154311502243804603      
   6.75038620074180437442408049171067019      
   6.74046418608940861674101489218751301      
   6.73001076935314597060673729874321660      
   6.71899587179910064780855778303102561      
   6.70738813777822317545068385053849323      
   6.69515502149985333310126780485958608      
   6.68226291389579662791623386069746159      
   6.66867730401900348179720066968912787      
   6.65436297852713688436436764492940406      
   6.63928425159217724126132365608938999      
   6.62340522237445700196675192339553780      
   6.60669004484601958619267104441751381      
   6.58910319874746540283823292332480663      
   6.57060974388649855876431985480048714      
   6.55117554796980703187604627215307192      
   6.53076746664260166321287482757972413      
   6.50935347878610533521861461704674062      
   6.48690277399652208339505006928308455      
   6.46338577939671283530246830088814249      
   6.43877418225288563835276699497010973      
   6.41304090083438881080619790048433619      
   6.38616005728312026023517995373948526      
   6.35810694307454969635192471120380563      
   6.32885798511994620337871729052297546      
   6.29839071227865354914761895590441258      
   6.26668372121404870119072133389424582      
   6.23371663880375768830694150209427156      
   6.19947007876672725256589231226870016      
   6.16392559092496372166104297271870041      
   6.12706560478075422616871995778379865      
   6.08887336579224976178549968583331042      
   6.04933286793329512587750645848832917      
   6.00842878392285757920525404617318715      
   5.96614639475414156852802235017991732      
   5.92247152066930492796258804234575526      
   5.87739045447235825774699362875967539      
   5.83088989861591977583540096707792157      
   5.78295690615721334326715732683567139      
   5.73357882720665585195332926298189858      
   5.68274325915266245096331140474322351      
   5.63043800224538956960450506299017387      
   5.57665101960493761888394938124916746      
   5.52137040163837382350622278637706577      
   5.46458433439132149495116923548219333      
   5.40628107165300732229556914019525308      
   5.34644891044187519791111709937482278      
   5.28507616946372301840948227610294565      
   5.22215117034657005752384506491260688      
   5.15766222113364993231249422750018732      
   5.09159760205566343049941182688285581      
   5.02394555316740801744404663314745540      
   4.95469426336947174962125821012927151      
   4.88383186135660698204531486294270982      
   4.81134640738853180317451235951962745      
   4.73722588640344742159120475041210204      
   4.66145820201474228949112456437458011      
   4.58403117139131654151148064587736811      
   4.50493252087740168784336826973729240      
   4.42414988222718397895836230681678410      
   4.34167078944212516703893482958304904      
   4.25748267607498924579678463071127507      
   4.17157287295094145542307875259666109      
   4.08392860632006626106033010911095507      
   3.99453699626294442829086510698952879      
   3.90338505543914186102236956711202292      
   3.81045968804835257119848088655044927      
   3.71574768903973015563459275446616815      
   3.61923574349314283350199297925732214      
   3.52091042615646059713300323552623232      
   3.42075820115170957486620598280066635      
   3.31876542179462672560879133664666794      
   3.21491833052209963267626587357106966      
   3.10920305891916855815127127848615599      
   3.00160562782795635783980252553556882      
   2.89211194753262788739974903912613526      
   2.78070781799410621343385401364977502      
   2.66737892916050120161396648931084444      
   2.55211086129854558811606591961197021      
   2.43488908538788435779127863394929404      
   2.31569896353731634463557455059828782      
   2.19452574942990775042106591703046865      
   2.07135458880138473033480829312966583      
   1.94617051993203667942375230175115924      
   1.81895847415799678739264767450567515      
   1.68970327639857701848825806214181551      
   1.55838964569181526651977313566300872      
   1.42500219575128622167326339781344997      
   1.28952543550800914808683079811906799      
   1.15194376967981545586273413077185877      
   1.01224149933206673064974617401466719      
  0.870402822448344774366239543386947085      
  0.726411834495017738851012652377180904      
  0.580252528992795539083481347051430859      
  0.431908798084523972624668913619004080      
  0.281364433100154565246306514249353976      
  0.128603125122931446563802365913911309      
  -2.63915344494913125406806383847589127E-0002
 -0.183636053347423194825118306179270244      
 -0.343147037875343879553403538283490620      
 -0.504941192360253166186315068277740336      
 -0.669035318607393528043526393185653377      
 -0.835446315359120271391452743290538196      
  -1.00419117776154023449148416207932169      
  -1.17528699683119104659955052119076210      
  -1.34875095893248975908958574006971775      
  -1.52460034525843721522257675544106975      
  -1.70285253131949382716251705918599849      
  -1.88352498643207354888008179617936969      
  -2.06663527322227841319957071405039200      
  -2.25220104712597078044019378904621721      
  -2.44024005590155683867225424288051248      
  -2.63077013914812863957225643720838924      
  -2.82380922782398972448341178919821980      
  -3.01937534377932508909910757603687502      
