   305.833180578490118847143771537581802      
   305.833180575208522449485551403157112      
   305.833180532679864089517132468029980      
   305.833180317601823404850585308981454      
   305.833179632578655134427122576794175      
   305.833177969418442227772495603800553      
   305.833174579803515329098489981371800      
   305.833168436153001158754861960334401      
   305.833158097978758483688693644239028      
   305.833141312165117569290280929639670      
   305.833114153098470387640985704215510      
   305.833069624316693762933614477964388      
   305.832995839662953581154212433371009      
   305.832874054758072892596433170417809      
   305.832676856967810960669019330090652      
   305.832366754831740525334558758366017      
   305.831895290051020287180452676221157      
   305.831202678978489049533186706737052      
   305.830217906513333540886193203898060      
   305.828859151675510088718310206178731      
   305.827034415309602779290026538727159      
   305.824642235140150853391229664489244      
   305.821572400542964048767338439670127      
   305.817706610209473054486359469411218      
   305.812919044747940097919078146140575      
   305.807076850164962646757701786477954      
   305.800040545926032079193556760349486      
   305.791664382810339773727745043770624      
   305.781796681651950256024245574212796      
   305.770280185107141387810396611243775      
   305.756952451884780288118668480170661      
   305.741646317443738821961592344215471      
   305.724190438035674641387590055319710      
   305.704409927080169160717063276767650      
   305.682127085028263647890141269228096      
   305.657162205152342193727924571469513      
   305.629334508354288140763509487841789      
   305.598463036102866028427553387325002      
   305.564367676496064761135984538202227      
   305.526870162642762324523010889255721      
   305.485795074356004599090414760805866      
   305.440970813240960025697335378082430      
   305.392230531575090505807390608624421      
   305.339412997343701565743049126844522      
   305.282363380937062015454240202961118      
   305.220933951490449965551608698448576      
   305.154984674469146943576144102638055      
   305.084383704349815461850009161139122      
   305.009007769702048207965454001892655      
   304.928742449730480738039959880683034      
   304.843482344377790731681056368440715      
   304.753131140927360850782853909460738      
   304.657601582588093375513247407315269      
   304.556815344947107684618888891137895      
   304.450702827276559113226640935518697      
   304.339202866880184440970408423915026      
   304.222262383888299847453885601962504      
   304.099835965392961208524844502803028      
   303.971885396094357397290250611503151      
   303.838379145702864177846131079415339      
   303.699291816807656245813117257697651      
   303.554603565730113273516089622318182      
   303.404299498112035741289867370154859      
   303.248369050247805688587789551252530      
   303.086805359754767152562397384669728      
   302.919604627658452836736612976913193      
   302.746765485182292762002768248450974      
   302.568288358239088665045712257241621      
   302.384174844318628013212730367196361      
   302.194427095572370305019573254629186      
   301.999047220986108192991865635259621      
   301.798036692273326028703401936173297      
   301.591395774356623050290681461569573      
   301.379122977100087348233857928161536      
   301.161214510761626378189084865865835      
   300.937663778617730231109777458863034      
   300.708460867700383968165463387387394      
   300.473592073313717416288633982564301      
   300.233039441211371399851404313679899      
   299.986780322998816508714275040656710      
   299.734786952396658771543189736639758      
   299.477026025330808034122297780194130      
   299.213458286034891412961949644177329      
   298.944038164701325345211461318721644      
   298.668713388137793644249443809729998      
   298.387424621472497647220609860462059      
   298.100105102464054759729277031968006      
   297.806680281308833757589774916142307      
   297.507067578273768287349118598632778      
   297.201175798778674722261150417146335      
   296.888904978823969973009315030157006      
   296.570145984523089566799217174703841      
   296.244780171732239012896395817395036      
   295.912679020419138911670401198357119      
   295.573703735342462527258539649776121      
   295.227704893235402408557363049251394      
   294.874522005157222267138077364370672      
   294.513983171519654435795568031642996      
   294.145904608795577156649894580587992      
   293.770090331841891397580493185099588      
   293.386331543116062512150693921312929      
   292.994406063444151347115456907078550      
   292.594077954227401191604544826115535      
   292.185097045388542919506727603863702      
   291.767198342746316554880564339557495      
   291.340100976907200082957877050087132      
   290.903508023293692732959870998686353      
   290.457105918991973729224408487743564      
   290.000563203805549647434202191236753      
   289.533529662402245709204938906977722      
   289.055636539979555184583065785576907      
   288.566494099950781399099049434538024      
   288.065691944757961071695115611289878      
   287.552797154877579472599703823844281      
   287.027353537553876188621087947050256      
   286.488880221199592973725578405094609      
   285.936870964699140950131840680433952      
   285.370791721332602465264183822612107      
   284.790080260719595337094989870243229      
   284.194143591082864996659619609524998      
   283.582357158560785542321429184421830      
   282.954062467529863723858372672407793      
   282.308565302713099511413474183160110      
   281.645133449102510426863366538951449      
   280.962994985615688388250152634908574      
   280.261334824806259650254343430162627      
   279.539293222073733775592681073814032      
   278.795962180232133777778189642547360      
   278.030382643025210161425695369783063      
   277.241541368863956712075542570281934      
   276.428367138416626693684214115207639      
   275.589727167519282724080702068334150      
   274.724422832328040961063393362815739      
   273.831185659360648924810073738752612      
   272.908672103153955825276319757989379      
   271.955458451961263664756005085821349      
   270.970035281105460796570128398908323      
   269.950803021823434697338212096555330      
   268.896063102720246637031058762341543      
   267.804012819132236209069083113683466      
   266.672737639970508511284844272835952      
   265.500203646276019926869578355421827      
   264.284248904204731414425285620283680      
   263.022575340548401178675746438311684      
   261.712738967369034948289658270628766      
   260.352140530236249860066192047930230      
   258.938016224556828769881603103352550      
   257.467426808764824188424267950180253      
   255.937248373574382428044754542838456      
   254.344162155342893238759370986076434      
   252.684646215913748388250268637164456      
   250.954966861098859975926936816723520      
   249.151173626437331405435675548688582      
   247.269095934383805877855028174666831      
   245.304345211639505871016962399500386      
   243.252321159894007166558988138978978      
   241.108222887058494637327930863060593      
   238.867085049033824010644395849069116      
   236.523801759464478603634919394987731      
   234.073189265359164786916207140517242      
   231.510060272835610888329963881060513      
   228.829324513935326766770065228949089      
   226.026121436707379085674420083295172      
   223.095980266613294686137717289502808      
   220.035025817142041472360665453033555      
   216.840212569731283545545954760364197      
   213.509608690384727779841220391143762      
   210.042691926807093893840626857399614      
   206.440692226011662053337628129309140      
   202.706917991168929547433033317136683      
   198.847082171187235166489123266149790      
   194.869571938008928292261434264094249      
   190.785637162801560796555212366282469      
   186.609450797027980822668167465096884      
   182.357975304830860819044161037350951      
   178.050658085763771438553729250502679      
   173.708872833414341845131716908107788      
   169.355195679360899314362899416123150      
   165.012534108642920144821211301719863      
   160.703216848686607884112128471468726      
   156.448137981970199848417991142084915      
   152.266040156484486740238196441531911      
   148.173010338633248191620237831669085      
   144.182204426249771972979334017306041      
   140.303796493682635998357456431573814      
   136.545109885331680860689467009089301      
   132.910884666556906757886978415247689      
   129.403620963920663648987289404988695      
   126.023958717658127288905927304732427      
   122.771046533465757374276501243198281      
   119.642885105600581060655977530808613      
   116.636626341149072113252096537462607      
   113.748822253259134930296268581180849      
   110.975627360400839326037139721437527      
   108.312955979191123946331263550635899      
   105.756602223921130937769910642460019      
   103.302328120562265724538861590257753      
   100.945926699189449466652000169408197      
   98.6832666796702577972241951390435381      
   96.5103211991349866992141950478287862      
   94.4231866909408357829322816522228861      
   92.4180939273187589150259693586360628      
   90.4914131162199234371803407926940347      
   88.6396565627964562045167383095360435      
   86.8594777305956708827719650056722650      
   85.1476692641794992626631242258087986      
   83.5011599751036277751612864922880799      
   81.9170113039684567988731596241637652      
   80.3924133415675987091925216854560612      
   78.9246807428797567887970758861362769      
   77.5112485324773126852924819179127296      
   76.1496681824335510447505356288969907      
   74.8376031512628357106348093373114876      
   73.5728251693153925114520056173128307      
   72.3532095992440812599044128768132820      
   71.1767321929749908107369099166212109      
   70.0414645463822347603424850775650548      
   68.9455704830062653052368879140309066      
   67.8873021169595322604209286680484293      
   66.8649959610296458296822931167546235      
   65.8770697793575236129275848675757591      
   64.9220179452385193212550646201505603      
   63.9984089470682155111831424351200952      
   63.1048816890518645718102225460647260      
   62.2401416361876470705691713043402078      
   61.4029582713210961722709007022900904      
   60.5921614959392188255910335271124218      
   59.8066389717594742544547302215873256      
   59.0453331012135610197542494921322575      
   58.3072378340552779963410987209147909      
   57.5913972348817719955075981072724971      
   56.8969013055057567856331876508955810      
   56.2228848797117875830487596441380812      
   55.5685247008484788817140697890748041      
   54.9330373560650719696910898000156050      
   54.3156770820098182185663475869310920      
   53.7157339509633011144402247966588814      
   53.1325319755572295832920420164178192      
   52.5654271200081744008710917897854687      
   52.0138057978016567047733464352103254      
   51.4770831818148730904107082890346393      
   50.9547017505603170745670890866326474      
   50.4461297484734045937241534896432313      
   49.9508599640162077338259413031440603      
   49.4684082994271264237206511170726724      
   48.9983126533504651661487934188348556      
   48.5401317976550210649167742319493180      
   48.0934441674560595223304937120040846      
   47.6578470020375025710534635006531382      
   47.2329552420480988277588859762205621      
   46.8184006918525274403466822556027099      
   46.4138311695200241443489980289669778      
   46.0189096172744776734403814194801261      
   45.6333134792651848932205005541066763      
   45.2567337285274173389087760484115224      
   44.8888744893093958525084653827706115      
   44.5294521727098733576257873575968172      
   44.1781949452800952791582769960676071      
   43.8348421527430145068263588655146375      
   43.4991437435700405778794930338179193      
   43.1708597925255911359440480186823921      
   42.8497599897681892359668783355689120      
   42.5356231847285238018367534002451752      
   42.2282369614641456778773371353018133      
   41.9273972063723268961256027446144779      
   41.6329077386933893912406704136837889      
   41.3445799272218741192341794212237744      
   41.0622323541148955486027334232649385      
   40.7856904647711820798594263294476090      
   40.5147862720318318307071589865627918      
   40.2493580545605987059672717109565480      
   39.9892500695343340047077268243971594      
   39.7343122893444417839884729728869068      
   39.4844001467328477323020581122029837      
   39.2393742953854566539867511545796062      
   38.9991003847416129587849902393552581      
   38.7634488337890602184196650860131905      
   38.5322946398109155599027909754500116      
   38.3055171611943268540508461004577017      
   38.0829999572752796383319253861586798      
   37.8646305916547399997697973404281869      
   37.6503004762173912228481217359859807      
   37.4399047000941591620983430544244712      
   37.2333418892252154040374374176805838      
   37.0305140541397891683460340402003896      
   36.8313264508300159781509834085727006      
   36.6356874571454937975591623985652053      
   36.4435084405754904696420485502514414      
   36.2547036433504782389805247185506248      
   36.0691900621455167124771297921510742      
   35.8868873481105393085435385690628093      
   35.7077176981677106367128854393160422      
   35.5316057562918046773070709034552551      
   35.3584785225460737597442084276698826      
   35.1882652583113903155864541028894669      
   35.0208974038857611945424507991382777      
   34.8563084953963590690954483961955122      
   34.6944340871871237447663773411453425      
   34.5352116736479124731472735166702991      
   34.3785806203465339815647787804217234      
