   299.98752335222969     
   299.98752332266378     
   299.98752299140858     
   299.98752154990456     
   299.98751754758587     
   299.98750891620546     
   299.98749300242076     
   299.98746655357513     
   299.98742558822113     
   299.98736500139216     
   299.98727772778261     
   299.98715339445170     
   299.98697658348516     
   299.98672496732058     
   299.98636761098021     
   299.98586366528679     
   299.98516155954019     
   299.98419869419178     
   299.98290155390907     
   299.98118612337129     
   299.97895848967494     
   299.97611552119218     
   299.97254555203301     
   299.96812902020361     
   299.96273904416245     
   299.95624192522018     
   299.94849760353907     
   299.93936008467023     
   299.92867786142892     
   299.91629436046190     
   299.90204844212923     
   299.88577496752481     
   299.86730544684320     
   299.84646877834552     
   299.82309207022899     
   299.79700155094139     
   299.76802353959488     
   299.73598547315788     
   299.70071696731975     
   299.66205088715873     
   299.61982441119670     
   299.57388006710528     
   299.52406671942083     
   299.47024049201718     
   299.41226561547126     
   299.35001517737157     
   299.28337178194323     
   299.21222809672491     
   299.13648729325735     
   299.05606337857256     
   298.97088141154501     
   298.88087762194027     
   298.78599941575533     
   298.68620529107648     
   298.58146466019332     
   298.47175758881053     
   298.35707445931109     
   298.23741556849262     
   298.11279066199677     
   297.98321842442283     
   297.84872591924915     
   297.70934799917933     
   297.56512669023971     
   297.41611054753253     
   297.26235400922326     
   297.10391673411340     
   296.94086294454445     
   296.77326076671386     
   296.60118158095969     
   296.42469939557770     
   296.24389021051030     
   296.05883143196354     
   295.86960128614595     
   295.67627825955805     
   295.47894057871542     
   295.27766569130915     
   295.07252979898857     
   294.86360740865791     
   294.65097089672679     
   294.43469013315314     
   294.21483209744821     
   293.99146054170797     
   293.76463568437060     
   293.53441390900798     
   293.30084270683091     
   293.06397894779911     
   292.82386179068743     
   292.58052983505519     
   292.33401672297396     
   292.08435096729312     
   291.83155581383238     
   291.57564908749021     
   291.31664306838314     
   291.05454438375443     
   290.78935389679606     
   290.52106657852431     
   290.24967149206117     
   289.97515156989601     
   289.69748370413754     
   289.41663854571749     
   289.13258050881473     
   288.84526761761282     
   288.55465114097399     
   288.26067620909578     
   287.96328133323505     
   287.66239805120784     
   287.35795120041627     
   287.04985873853786     
   286.73803149462452     
   286.42237320999703     
   286.10278030036773     
   285.77914175593764     
   285.45133896905946     
   285.11924556125814     
   284.78272702194329     
   284.44164121855459     
   284.09583715988435     
   283.74515538691452     
   283.38942728004696     
   283.02847547682211     
   282.66211283376532     
   282.29014252832877     
   281.91235773386239     
   281.52854098136561     
   281.13846411428824     
   280.74188672680793     
   280.33855763855081     
   279.92821263339943     
   279.51057404677243     
   279.08535209610358     
   278.65224210217389     
   278.21092470202365     
   277.76106368438565     
   277.30230687487267     
   276.83428688346618     
   276.35661601897414     
   275.86888688086327     
   275.37067228220820     
   274.86150936730428     
   274.34095752394126     
   273.80850536354848     
   273.26363432038096     
   272.70579103276447     
   272.13441070996936     
   271.54887552407689     
   270.94855012832272     
   270.33275890358362     
   269.70079051150805     
   269.05189640131283     
   268.38528151518256     
   267.70010830538325     
   266.99549321746116     
   266.27049851782846     
   265.52413212352701     
   264.75534388306966     
   263.96302105126750     
   263.14598250119786     
   262.30297607608338     
   261.43267322064526     
   260.53366047159972     
   259.60443933934994     
   258.64341468802093     
   257.64888995560159     
   256.61906317651216     
   255.55201697534136     
   254.44571228581415     
   253.29797863256113     
   252.10651118615621     
   250.86886095779323     
   249.58239283818838     
   248.24441342082167     
   246.85197486386554     
   245.40198815824274     
   243.89120375893089     
   242.31619888360211     
   240.67339324969950     
   238.95904761013625     
   237.16928983474014     
   235.30012882981322     
   233.34749061938632     
   231.30725139353186     
   229.17530180352287     
   226.94760420527825     
   224.62028093423638     
   222.18970865360367     
   219.65263500551086     
   217.00631909048641     
   214.24866270139088     
   211.37839111136483     
   208.39520305035830     
   205.29995486144927     
   202.09481518113549     
   198.78341963132084     
   195.37097371207182     
   191.86435004684665     
   188.27207826472517     
   184.60432227231971     
   180.87274802415763     
   177.09031033798831     
   173.27083311378757     
   169.42931071672052     
   165.58060794264571     
   161.73966470668896     
   157.92095422719069     
   154.13815993389792     
   150.40387524541308     
   146.72940752169112     
   143.12457765060989     
   139.59775053792970     
   136.15574215089842     
   132.80391724824577     
   129.54628013969185     
   126.38558287640326     
   123.32347526183538     
   120.36066519142203     
   117.49694593658549     
   114.73151926510019     
   112.06297851420607     
   109.48947108824497     
   107.00877476548725     
   104.61840629256496     
   102.31567317016685     
   100.09775145036780     
   97.961729245118917     
   95.904651123279166     
   93.923549973929624     
   92.015478683111141     
   90.177530291379057     
   88.406855749838215     
   86.700675714845246     
   85.056290458785753     
   83.471087696391450     
   81.942544083187386     
   80.468237134620992     
   79.045833360881005     
   77.673095248428098     
   76.347897534467535     
   75.068165830591539     
   73.831958685415998     
   72.637408985963603     
   71.482734798033690     
   70.366237494196440     
   69.286298909126970     
   68.241376220482621     
   67.230000659382014     
   66.250773068711950     
   65.302360896922437     
   64.383496318295315     
   63.492971196329485     
   62.629635017138618     
   61.792392645597317     
   60.980200832966680     
   60.192066032819660     
   59.427040953776668     
   58.684223566317833     
   57.962754088176162     
   57.261812583042236     
   56.580617000827118     
   55.918422061288389     
   55.274515878402106     
   54.648219759878202     
   54.038885292272376     
   53.445893404551583     
   52.868652929591171     
   52.306598740840855     
   51.759190851613802     
   51.225912893313904     
   50.706271115393378     
   50.199792782655933     
   49.706025911856806     
   49.224537492318198     
   48.754913015156660     
   48.296755203971550     
   47.849683579927124     
   47.413333273136487     
   46.987354495995405     
   46.571411604789780     
   46.165182672378805     
   45.768358699426720     
   45.380642940300810     
   45.001750437908846     
   44.631407498230828     
   44.269350972576611     
   43.915327969998685     
   43.569095311763206     
   43.230419121431233     
   42.899074287059356     
   42.574844271829541     
   42.257520510388176     
   41.946902194119446     
   41.642795910472003     
   41.345015269504039     
   41.053380623546502     
   40.767718788086739     
   40.487862802375822     
   40.213651535751467     
   39.944929591149361     
   39.681546942890371     
   39.423358807360316     
   39.170225324461541     
