-0.10482791611405E+11
-0.65517447571279E+09
-0.12941718038771E+09
-0.40948404732054E+08
-0.16772466578261E+08
-0.80885737742639E+07
-0.43660106670373E+07
-0.25592752958623E+07
-0.15977429679185E+07
-0.10482791613772E+07
-0.71598877233751E+06
-0.50553586122532E+06
-0.36703167327312E+06
-0.27287566687856E+06
-0.20706748854930E+06
-0.15995470545984E+06
-0.12551084769120E+06
-0.99858933304407E+05
-0.80438234519462E+05
-0.65517442497709E+05
-0.53901359213218E+05
-0.44749288869907E+05
-0.37459801208927E+05
-0.31595976168149E+05
-0.26835927997010E+05
-0.22939457329886E+05
-0.19725195612049E+05
-0.17054698730027E+05
-0.14821219501259E+05
-0.12941678579011E+05
-0.11350852681316E+05
-0.99971201675654E+04
-0.88393137803261E+04
-0.78443694687675E+04
-0.69855537119608E+04
-0.62411154242181E+04
-0.55932523970329E+04
-0.50273128090962E+04
-0.45311738741056E+04
-0.40947550201860E+04
-0.37096340011308E+04
-0.33687423158803E+04
-0.30661221420899E+04
-0.27967312843887E+04
-0.25562858263197E+04
-0.23411325591625E+04
-0.21481450560704E+04
-0.19746386206571E+04
-0.18183003769828E+04
-0.16771315642309E+04
-0.15493997139387E+04
-0.14335988645188E+04
-0.13284163398425E+04
-0.12327049103306E+04
-0.11454593847860E+04
-0.10657968631086E+04
-0.99294002464656E+03
-0.92620294242375E+03
-0.86497900608446E+03
-0.80873061094426E+03
-0.75698033078796E+03
-0.70930334092321E+03
-0.66532089779321E+03
-0.62469471395253E+03
-0.58712209385605E+03
-0.55233171782177E+03
-0.52007997960377E+03
-0.49014779796839E+03
-0.46233783507964E+03
-0.43647206483082E+03
-0.41238964288133E+03
-0.38994503737325E+03
-0.36900638535614E+03
-0.34945404504052E+03
-0.33117931829504E+03
-0.31408332143104E+03
-0.29807598539398E+03
-0.28307516909199E+03
-0.26900587181348E+03
-0.25579953258155E+03
-0.24339340591206E+03
-0.23173000482875E+03
-0.22075660317999E+03
-0.21042479032375E+03
-0.20069007212963E+03
-0.19151151300602E+03
-0.18285141431902E+03
-0.17467502513821E+03
-0.16695028173922E+03
-0.15964757272018E+03
-0.15273952696482E+03
-0.14620082201010E+03
-0.14000801065867E+03
-0.13413936392701E+03
-0.12857472863712E+03
-0.12329539814951E+03
-0.11828399490315E+03
-0.11352436357984E+03
-0.10900147383201E+03
-0.10470133163346E+03
-0.10061089841163E+03
-0.96718017211644E+02
-0.93011345216584E+02
-0.89480292022408E+02
-0.86114963129314E+02
-0.82906108163454E+02
-0.79845073392001E+02
-0.76923758137117E+02
-0.74134574743599E+02
-0.71470411776139E+02
-0.68924600160625E+02
-0.66490882002671E+02
-0.64163381867113E+02
-0.61936580292302E+02
-0.59805289340542E+02
-0.57764630032855E+02
-0.55810011495308E+02
-0.53937111666113E+02
-0.52141859451391E+02
-0.50420418206366E+02
-0.48769170417702E+02
-0.47184703510604E+02
-0.45663796681804E+02
-0.44203408668783E+02
-0.42800666400687E+02
-0.41452854437255E+02
-0.40157405158778E+02
-0.38911889627994E+02
-0.37714009089005E+02
-0.36561587043745E+02
-0.35452561866660E+02
-0.34384979920525E+02
-0.33356989125763E+02
-0.32366832965542E+02
-0.31412844877278E+02
-0.30493443016975E+02
-0.29607125360563E+02
-0.28752465121283E+02
-0.27928106460673E+02
-0.27132760474147E+02
-0.26365201424905E+02
-0.25624263216743E+02
-0.24908836088461E+02
-0.24217863507269E+02
-0.23550339255981E+02
-0.22905304696652E+02
-0.22281846200402E+02
-0.21679092730286E+02
-0.21096213568865E+02
-0.20532416180056E+02
-0.19986944197946E+02
-0.19459075531228E+02
-0.18948120578362E+02
-0.18453420545824E+02
-0.17974345862366E+02
-0.17510294682770E+02
-0.17060691476971E+02
-0.16624985698073E+02
-0.16202650523656E+02
-0.15793181668146E+02
-0.15396096259265E+02
-0.15010931777164E+02
-0.14637245050374E+02
-0.14274611306688E+02
-0.13922623274311E+02
-0.13580890333443E+02
-0.13249037710640E+02
-0.12926705719075E+02
-0.12613549038415E+02
-0.12309236034043E+02
-0.12013448113054E+02
-0.11725879116605E+02
-0.11446234746023E+02
-0.11174232022234E+02
-0.10909598776821E+02
-0.10652073175085E+02
-0.10401403269019E+02
-0.10157346581271E+02
-0.99196697189309E+01
-0.96881480167624E+01
-0.94625652095275E+01
-0.92427131336451E+01
-0.90283914577707E+01
-0.88194074380272E+01
-0.86155757010896E+01
-0.84167180466531E+01
-0.82226632698025E+01
-0.80332469970677E+01
-0.78483115286543E+01
-0.76677056809374E+01
-0.74912846236891E+01
-0.73189097020225E+01
-0.71504482364126E+01
-0.69857732984170E+01
-0.68247634585908E+01
-0.66673025091313E+01
-0.65132791710684E+01
-0.63625867962363E+01
-0.62151230774843E+01
-0.60707897778571E+01
-0.59294924903000E+01
-0.57911404399076E+01
-0.56556463173381E+01
-0.55229261456382E+01
-0.53928991751747E+01
-0.52654877903935E+01
-0.51406174248014E+01
-0.50182164752296E+01
-0.48982162109690E+01
-0.47805506753654E+01
-0.46651565794238E+01
-0.45519731887939E+01
-0.44409422056071E+01
-0.43320076478762E+01
-0.42251157284490E+01
-0.41202147355554E+01
-0.40172549168138E+01
-0.39161883678952E+01
-0.38169689265426E+01
-0.37195520728315E+01
-0.36238948357457E+01
-0.35299557061951E+01
-0.34376945561829E+01
-0.33470725641328E+01
-0.32580521458432E+01
-0.31705968908390E+01
-0.30846715036028E+01
-0.30002417493535E+01
-0.29172744039780E+01
-0.28357372077848E+01
-0.27555988226394E+01
-0.26768287922301E+01
-0.25993975051436E+01
-0.25232761605185E+01
-0.24484367359845E+01
-0.23748519576774E+01
-0.23024952721714E+01
-0.22313408201064E+01
-0.21613634114086E+01
-0.20925385018941E+01
-0.20248421711833E+01
-0.19582511018153E+01
-0.18927425594311E+01
-0.18282943739490E+01
-0.17648849216662E+01
-0.17024931082087E+01
-0.16410983522571E+01
-0.15806805699952E+01
-0.15212201602376E+01
-0.14626979901859E+01
-0.14050953817645E+01
-0.13483940985046E+01
-0.12925763329459E+01
-0.12376246945210E+01
-0.11835221978839E+01
-0.11302522516768E+01
-0.10777986476969E+01
-0.10261455504476E+01
-0.97527748704768E+00
-0.92517933749078E+00
-0.87583632522486E+00
-0.82723400805460E+00
-0.77935826932842E+00
-0.73219530941405E+00
-0.68573163744937E+00
-0.63995406334415E+00
-0.59484969003764E+00
-0.55040590599141E+00
-0.50661037790776E+00
-0.46345104367040E+00
-0.42091610549653E+00
-0.37899402328684E+00
-0.33767350817755E+00
-0.29694351627383E+00
-0.25679324257004E+00
-0.21721211503787E+00
-0.17818978889173E+00
-0.13971614100617E+00
-0.10178126449961E+00
-0.64375463462689E-01
-0.27489247837258E-01
 0.88866715627936E-02
 0.44761387895932E-01
 0.80143803005848E-01
 0.11504263200028E+00
 0.14946640771073E+00
 0.18342348503156E+00
 0.21692204513925E+00
 0.24997009960240E+00
 0.28257549437851E+00
 0.31474591370934E+00
 0.34648888390923E+00
 0.37781177705454E+00
 0.40872181457788E+00
 0.43922607076634E+00
 0.46933147617204E+00
 0.49904482092782E+00
 0.52837275798359E+00
 0.55732180625795E+00
 0.58589835370365E+00
