   6.91360382032448847522976250442333937      
   6.91360382032448897452856100055816334      
   6.91360382032452743201328781372420908      
   6.91360382032516444341181800519020272      
   6.91360382032990751712095170087932903      
   6.91360382035170981779289183517685794      
   6.91360382042467998402730538169324792      
   6.91360382061958405575439060570407917      
   6.91360382105548862151324081793703512      
   6.91360382188595357241993936568020257      
   6.91360382321898980233957787651102115      
   6.91360382491702757163918226955292965      
   6.91360382622650346137851101161188939      
   6.91360382520635179010020573172112596      
   6.91360381795271752348995249642577523      
   6.91360379764466427413835204610242831      
   6.91360375345691122412699443473294150      
   6.91360366939923818084277157843629276      
   6.91360352314906522207201656938279934      
   6.91360328494558975419943185163944840      
   6.91360291661224928683777998567925848      
   6.91360237076968761358098953146082588      
   6.91360159029346574147159165419466272      
   6.91360050805957564608986271170370275      
   6.91359904700542719286906915250037350      
   6.91359712051624242861899793904179925      
   6.91359463312667669880342534211897930      
   6.91359148150841163248301953955380440      
   6.91358755569733785140646388893393328      
   6.91358274050013238970997632434591088      
   6.91357691701259281009730824861459441      
   6.91356996417885222393104846453384750      
   6.91356176032313105502411945123379665      
   6.91355218459239764863837216520204506      
   6.91354111825831993094542565661341273      
   6.91352844583880251270479662769658879      
   6.91351405601226812637230916941875750      
   6.91349784231021066656798309750087749      
   6.91347970358531889932489841856177491      
   6.91345954426189002461986196017399958      
   6.91343727438367051500967403446840342      
   6.91341280947979903498464669216166224      
   6.91338607027378729798875757722511458      
   6.91335698226236243337091175538858291      
   6.91332547519178135226347024911876252      
   6.91329148245855556844835808989951737      
   6.91325494045985035777697242150521174      
   6.91321578791645874462645159246461753      
   6.91317396518860985995001120664263647      
   6.91312941360181092696940788385772816      
   6.91308207478057296054156623421355956      
   6.91303189009248847864586302621467972      
   6.91297879999414476568667993118501145      
   6.91292274355962990182431958099998827      
   6.91286365799788405406430971437808552      
   6.91280147823550842218913776596563199      
   6.91273613655243202201614469184673418      
   6.91266756226873031291555925753959325      
   6.91259568147918229381067398831173146      
   6.91252041683212780048162113804345537      
   6.91244168734735890209354124743951046      
   6.91235940826869752342512382850006679      
   6.91227349094556885981290066875466446      
   6.91218384273826153339621878174172153      
   6.91209036694197851884869599137865330      
   6.91199296272306190964233850082008034      
   6.91189152506461007610733184535155432      
   6.91178594471409201615149223474643955      
   6.91167610813088305729035739081143601      
   6.91156189742868055260957405608969355      
   6.91144319030760621563045218214811289      
   6.91131985997588286786662135831387777      
   6.91119177505527934518713671980546481      
   6.91105879946804533843164383932849494      
   6.91092079230541623576975914091214123      
   6.91077760767225838285859926365225431      
   6.91062909450644481583259689465867641      
   6.91047509637640352797475517537020277      
   6.91031545124939100624475235657920326      
   6.91014999123389559501929309997579008      
   6.90997854229735284745625788277471408      
   6.90980092394580590510130536695917743      
   6.90961694887976709674754101222547433      
   6.90942642261566008084495536674538051      
   6.90922914308960658014005751749580251      
   6.90902490021729563796025805204142298      
   6.90881347543168692081203240318133233      
   6.90859464118762304880143974318915058      
   6.90836816044107729302793259357182446      
   6.90813378608262426285292982002365069      
   6.90789126033598199399945672285624686      
   6.90764031415479446148509932875568144      
   6.90738066656532313991033775721421784      
   6.90711202398345798551585698601250193      
   6.90683407951349320808544658242913225      
   6.90654651218527261188506483047346482      
   6.90624898611271161278406027960841204      
   6.90594114973667215351591527358989020      
   6.90562263494916396921918980578742041      
   6.90529305620988053172348746701108298      
   6.90495200956883733780640761585262252      
   6.90459907175199434283938570758374334      
   6.90423379913433168473885047327579363      
   6.90385572659413101010177682131551144      
   6.90346436643957763884936342472118005      
   6.90305920733930431819811260625823634      
   6.90263971313216400509687426014205087      
   6.90220532138543541263377521028284056      
   6.90175544213008845999281673343742942      
   6.90128945655004213753558949028459619      
   6.90080671601224136522936485676969312      
   6.90030653949901240742183745542707944      
   6.89978821279475556981835268327415759      
   6.89925098705731255635707905138142368      
   6.89869407637690301261154912834997530      
   6.89811665630577149801366377464526146      
   6.89751786252355855027004508699124430      
   6.89689678796442995673526416144893909      
   6.89625248106028623719583300973028183      
   6.89558394406550919266397361228878636      
   6.89489013028923808843173336839643685      
   6.89416994151631930660161495275218531      
   6.89342222634815667845848996656691624      
   6.89264577634696974979405097919478547      
   6.89183932475291460231696096079341043      
   6.89100154190785605824648343589887253      
   6.89013103395418568127469209354117793      
   6.88922633785642887766409182211475998      
   6.88828591971037479190276716530235927      
   6.88730816959395832928198878456820577      
   6.88629139899451305043809441869066126      
   6.88523383646545742262933605363075309      
   6.88413362270163027887861203707367789      
   6.88298880767028013129693371487216523      
   6.88179734441532019344002805206422436      
   6.88055708517701146659974485185419213      
   6.87926577556232197404633883444358921      
   6.87792104958550887862940979149616151      
   6.87652042272030602213738118107677420      
   6.87506128802813480383819850580587285      
   6.87354090687348949012267998667721739      
   6.87195640422362801381947157298897642      
   6.87030475997146453274910486980280842      
   6.86858280253984691723063401451322247      
   6.86678720003700283958158615742632501      
   6.86491445038162576198345631663477708      
   6.86296087446863647982896808829313269      
   6.86092260523193259048099603950900595      
   6.85879557683085937790933511475375680      
   6.85657551476950449640239266199828314      
   6.85425792377333269634908081055355084      
   6.85183807545905419362295123814884716      
   6.84931099565478081700027236272417307      
   6.84667145013388133003264695484168996      
   6.84391393044049513395856990485107308      
   6.84103263740919397622073494733394585      
   6.83802146586947586730450336235901803      
   6.83487398643635067094548301090250078      
   6.83158342736044698456119358076466142      
   6.82814265453878839936470776907691654      
   6.82454415155807443760959619177840172      
   6.82077999701229327586460784867399259      
   6.81684184192051165020498027964765787      
   6.81272088612120942627291397344219938      
   6.80840785266249864071176882895877613      
   6.80389295966354016081509913903997421      
   6.79916589659052050576209431644035650      
   6.79421579155047821039760562853858192      
   6.78903118489348703852660711421504251      
   6.78359999698798263870942958806644713      
   6.77790949984594671198850760019844223      
   6.77194628484859076934862129538824179      
   6.76569623390124918581376797618330676      
   6.75914448964143412432116428409404603      
   6.75227542820067545462569579353368075      
   6.74507263414345610853901519980948919      
   6.73751887971873067761570741454507307      
   6.72959610827178900431292652204920290      
   6.72128542383857039393504664255742727      
   6.71256708944910471168533794149870716      
   6.70342053528449754861957142097696198      
   6.69382437528928618285844793432872274      
   6.68375644505492026759803544104307913      
   6.67319384422973656539760456530583674      
   6.66211300337781433451480315587342209      
   6.65048976635963923309733868298483884      
   6.63829948737084514509487628373983796      
   6.62551714692661428840619417537774435      
   6.61211747733737345490611587016896544      
   6.59807509914158316370987490398930982      
   6.58336465447152386722016727074998490      
   6.56796093989744251200590693656574950      
   6.55183901995392022343188158224931267      
   6.53497431862071317671436372220474179      
   6.51734267823446438605683511009492555      
   6.49892038533368369894948431674538324      
   6.47968416606885889924305146678305103      
   6.45961114123980460371902807635781460      
   6.43867877177452846741760693494333455      
   6.41686479165704593668236350203754286      
   6.39414714077317541815853145064830546      
   6.37050392039607042992934868540755229      
   6.34591336837775221108217659495197064      
   6.32035386117782046106306471874928241      
   6.29380394167546761572652132970687832      
   6.26624236428987918489333092469943249      
   6.23764815279630448557434700605118286      
   6.20800066048273826052447666030595664      
   6.17727962618714300654881207554851638      
   6.14546522348518657044868898756820741      
   6.11253809510685181147547464347246491      
   6.07847937586647464121704221781369521      
   6.04327070193253509956078735787384548      
   6.00689420851452176064553792966856200      
   5.96933251716532005503815161093403684      
   5.93056871543218166241411077491999513      
   5.89058633038988340270017725180020796      
   5.84936929840687936047093720805546166      
   5.80690193195782199564742381035765998      
   5.76316888601801683019150807793584463      
   5.71815512374701345715987858798414335      
   5.67184588343880913011859009901519355      
   5.62422664662064401765231823971737303      
   5.57528310766499794991142518100988343      
   5.52500114555057146487315574496039750      
   5.47336679771677016868913247015228441      
   5.42036623587261129440771238262909663      
   5.36598574381213989539016522501038463      
   5.31021169731716427697722369453124386      
   5.25303054587447082601256439429133187      
   5.19442879614286760144928256717751195      
   5.13439299704906087187040268087368101      
   5.07290972628756626967866096458021307      
   5.00996557820384639026511226904166183      
   4.94554715311824432710654965465594326      
   4.87964104741223377042750874060863962      
   4.81223384485182772877522352589002304      
   4.74331210875399845092585170411309703      
   4.67286237500704262251994796836785041      
   4.60087114574849995604409570872334887      
   4.52732488374171048433143455464998924      
   4.45221000736748324198366944718565042      
   4.37551288612511305307469919616691764      
   4.29721983656086302978181183056542672      
   4.21731711867104887447130741125744423      
   4.13579093268486220966939405829319683      
   4.05262741616289665641456367356682458      
   3.96781264140909710827681554493307526      
   3.88133261314984513272401750874616745      
   3.79317326649115011869013327530336160      
   3.70332046503923127152261947995785922      
   3.61175999928197366295603831644810609      
   3.51847758508383071859612369275262834      
   3.42345886240498946815376401428012501      
   3.32668939412190653751179476146028420      
   3.22815466498129803174775947798368075      
   3.12784008067917363072831564651863064      
   3.02573096706095204189481727613547322      
   2.92181256938405557076506636164091427      
   2.81607005168840099612462056969067566      
   2.70848849623556011972359890077165791      
   2.59905290302468330590070205141876048      
   2.48774818936397956449455576164118240      
   2.37455918950483656033524579794146922      
   2.25947065432884859877333522193976815      
   2.14246725106717017353593870233679847      
   2.02353356309889206065561086701615391      
   1.90265408972949045463339199167170913      
   1.77981324606463817914276171860614285      
   1.65499536289788782192503105480949393      
   1.52818468658596783913261735306090850      
   1.39936537899256013231147054253534794      
   1.26852151747396125334686075098648551      
   1.13563709482100536779149542912286304      
   1.00069601927677617711018727578762956      
  0.863682114568932784367371144440798780      
  0.724579119901314020335499837107434404      
  0.583370690049138507990421820238360163      
  0.440040395392342914427894050148031788      
  0.294571721986633706051955538092923413      
  0.146948071672797539438916150268929425      
  -2.84723786135952828048798077404740293E-0003
 -0.154830972942871423829216200146113993      
 -0.309019983822709491024630386706092933      
 -0.465431204564345096982511545279730225      
 -0.624081652878340926502176580517476942      
 -0.784988430036943515031330354167198034      
 -0.948168720711758963165159396449465754      
  -1.11363979281165588254981441100062570      
  -1.28141899737233832952984314283719895      
  -1.45152376838271071174308241715435170      
  -1.62397162262352034270026938796547931      
  -1.79878015952181282301635437846832177      
  -1.97596706098036775501123097142803378      
  -2.15555009120779338184514684995637981      
  -2.33754709656121939202090546748662166      
  -2.52197600536885055552307445970641139      
  -2.70885482774998557980643307656999335      
  -2.89820165546602776267568850733471632      
  -3.09003466170852931054283119966153951      
