 0.51730137839107E-07
 0.41037041474119E-08
 0.92109491738233E-09
 0.28254878551129E-09
 0.33998818536220E-09
 0.12581896919645E-09
 0.18457292381490E-09
 0.36880446898807E-10
-0.38864510387694E-12
 0.36436527466969E-10
-0.64556632825403E-11
 0.27538541150506E-10
 0.25905778904806E-10
 0.57652738524519E-11
 0.80342031669173E-11
 0.30939309176226E-11
 0.11720765989375E-10
 0.61145039410807E-11
 0.10313823204282E-11
 0.50941430445827E-11
 0.10794644520688E-10
 0.24284452604375E-10
 0.61474035910341E-10
 0.16322582244850E-09
 0.39892275896846E-09
 0.92353537558957E-09
 0.20173676092185E-08
 0.41801040264112E-08
 0.82468752039979E-08
 0.15551287919526E-07
 0.28158327293798E-07
 0.49125070280099E-07
 0.82863513001235E-07
 0.13553188632813E-06
 0.21550968033648E-06
 0.33394679839985E-06
 0.50534669585557E-06
 0.74839749873608E-06
 0.10848876010879E-05
 0.15475266510075E-05
 0.21667312058352E-05
 0.29843446080950E-05
 0.40514327230950E-05
 0.54280307243073E-05
 0.71818017320112E-05
 0.93885935468916E-05
 0.12134867922819E-04
 0.15520073134979E-04
 0.19658459109880E-04
 0.24673856657373E-04
 0.30706943772569E-04
 0.37910590090699E-04
 0.46449936619534E-04
 0.56506284283917E-04
 0.68277657902147E-04
 0.81975804764120E-04
 0.97828284205807E-04
 0.11607809090633E-03
 0.13698356703908E-03
 0.16081820491032E-03
 0.18787036939838E-03
 0.21844289780059E-03
 0.25285261546378E-03
 0.29142975107465E-03
 0.33451725121184E-03
 0.38247005623451E-03
 0.43565423923855E-03
 0.49444614190698E-03
 0.55923141760459E-03
 0.63040402000633E-03
 0.70836520799557E-03
 0.79352246740410E-03
 0.88628841476829E-03
 0.98707984085919E-03
 0.10963164843226E-02
 0.12144200079039E-02
 0.13418131528800E-02
 0.14789186400664E-02
 0.16261581960870E-02
 0.17839515814093E-02
 0.19527158495372E-02
 0.21328644409939E-02
 0.23248067693168E-02
 0.25289473287854E-02
 0.27456851386529E-02
 0.29754133405463E-02
 0.32185187365870E-02
 0.34753813391224E-02
 0.37463739968656E-02
 0.40318626559286E-02
 0.43322063361055E-02
 0.46477556494104E-02
 0.49788555357043E-02
 0.53258434176136E-02
 0.56890486608868E-02
 0.60687940990877E-02
 0.64653975492276E-02
 0.68791697666485E-02
 0.73104170536465E-02
 0.77594396257559E-02
 0.82265345766587E-02
 0.87119934831688E-02
 0.92161061879584E-02
 0.97391589598090E-02
 0.10281436975618E-01
 0.10843222919055E-01
 0.11424801316434E-01
 0.12026457320162E-01
 0.12648478625915E-01
 0.13291151442197E-01
 0.13954770362104E-01
 0.14639633309961E-01
 0.15346036112249E-01
 0.16074293378520E-01
 0.16824717916429E-01
 0.17597636435394E-01
 0.18393375109829E-01
 0.19212289639808E-01
 0.20054722892040E-01
 0.20921052287224E-01
 0.21811650985297E-01
 0.22726921141272E-01
 0.23667272643289E-01
 0.24633133266613E-01
 0.25624948666121E-01
 0.26643184661913E-01
 0.27688320137742E-01
 0.28760869718440E-01
 0.29861350337722E-01
 0.30990322242713E-01
 0.32148348430927E-01
 0.33336036445277E-01
 0.34554004626216E-01
 0.35802903314762E-01
 0.37083410157525E-01
 0.38396228972337E-01
 0.39742094504077E-01
 0.41121771622266E-01
 0.42536046580890E-01
 0.43985751640582E-01
 0.45471736934833E-01
 0.46994887732193E-01
 0.48556120414143E-01
 0.50156383924622E-01
 0.51796657611347E-01
 0.53477946298766E-01
 0.55201291357034E-01
 0.56967762161837E-01
 0.58778448742627E-01
 0.60634475828314E-01
 0.62536986290043E-01
 0.64487146922740E-01
 0.66486143780440E-01
 0.68535174426436E-01
 0.70635445648522E-01
 0.72788170344024E-01
 0.74994556666348E-01
 0.77255804163171E-01
 0.79573093308339E-01
 0.81947572778062E-01
 0.84380352992589E-01
 0.86872481599823E-01
 0.89424935957422E-01
 0.92038602078926E-01
 0.94714245465872E-01
 0.97452491329524E-01
 0.10025378997249E+00
 0.10311838600464E+00
 0.10604627820241E+00
 0.10903717157558E+00
 0.11209043159411E+00
 0.11520501707080E+00
 0.11837942964606E+00
 0.12161163319551E+00
 0.12489897887933E+00
 0.12823812608866E+00
 0.13162495074335E+00
 0.13505445759669E+00
 0.13852070153028E+00
 0.14201669756498E+00
 0.14553436320414E+00
 0.14906448199334E+00
 0.15259669396348E+00
 0.15611953873546E+00
 0.15962056441471E+00
 0.16308648388444E+00
 0.16650342803122E+00
 0.16985727188079E+00
 0.17313403485328E+00
 0.17632036589402E+00
 0.17940407410291E+00
 0.18237465804956E+00
 0.18522378873975E+00
 0.18794565742585E+00
 0.19053717046106E+00
 0.19299789917259E+00
 0.19532983717682E+00
 0.19753696724797E+00
 0.19962472033989E+00
 0.20159938968561E+00
 0.20346760691594E+00
 0.20523586745651E+00
 0.20691025523186E+00
 0.20849622165931E+00
 0.20999852462922E+00
 0.21142123726100E+00
 0.21276781748134E+00
 0.21404120931758E+00
 0.21524395393281E+00
 0.21637829570139E+00
 0.21744627462863E+00
 0.21844980502752E+00
 0.21939073219567E+00
 0.22027087493769E+00
 0.22109205173546E+00
 0.22185609670488E+00
 0.22256486573865E+00
 0.22322023630898E+00
 0.22382410261547E+00
 0.22437836855571E+00
 0.22488493891205E+00
 0.22534571027080E+00
 0.22576256191940E+00
 0.22613734755063E+00
 0.22647188808412E+00
 0.22676796542612E+00
 0.22702731686925E+00
 0.22725163081827E+00
 0.22744254375605E+00
 0.22760163785299E+00
 0.22773043916487E+00
 0.22783041668855E+00
 0.22790298205890E+00
 0.22794948990110E+00
 0.22797123822990E+00
 0.22796946907160E+00
 0.22794536998887E+00
 0.22790007528823E+00
 0.22783466750475E+00
 0.22775017905882E+00
 0.22764759394881E+00
 0.22752784962148E+00
 0.22739183863650E+00
 0.22724041051390E+00
 0.22707437352504E+00
 0.22689449651243E+00
 0.22670151055071E+00
 0.22649611070573E+00
 0.22627895763696E+00
 0.22605067926400E+00
 0.22581187224589E+00
 0.22556310352894E+00
 0.22530491174791E+00
 0.22503780862695E+00
 0.22476228028498E+00
 0.22447878847915E+00
 0.22418777189258E+00
 0.22388964719100E+00
 0.22358481017272E+00
 0.22327363679342E+00
 0.22295648418225E+00
 0.22263369161347E+00
 0.22230558139151E+00
 0.22197245965228E+00
 0.22163461725377E+00
 0.22129233050245E+00
 0.22094586195582E+00
 0.22059546107746E+00
 0.22024136492103E+00
 0.21988379870752E+00
 0.21952297649050E+00
 0.21915910168333E+00
 0.21879236761637E+00
 0.21842295806166E+00
 0.21805104767163E+00
 0.21767680248590E+00
 0.21730038036759E+00
 0.21692193138617E+00
 0.21654159821812E+00
 0.21615951655469E+00
 0.21577581540353E+00
 0.21539061746283E+00
 0.21500403944780E+00
 0.21461619233630E+00
 0.21422718170845E+00
 0.21383710802398E+00
 0.21344606681951E+00
 0.21305414902216E+00
 0.21266144113941E+00
 0.21226802549406E+00
 0.21187398044504E+00
 0.21147938054727E+00
 0.21108429677662E+00
 0.21068879671569E+00
 0.21029294467619E+00
 0.20989680189467E+00
 0.20950042669666E+00
 0.20910387460857E+00
 0.20870719850418E+00
 0.20831044875878E+00
