 0.35771879723305E+03
 0.35771879943262E+03
 0.35771880966032E+03
 0.35771883864269E+03
 0.35771890220821E+03
 0.35771902147129E+03
 0.35771922361998E+03
 0.35771954108619E+03
 0.35772001327375E+03
 0.35772068386700E+03
 0.35772160453358E+03
 0.35772282333216E+03
 0.35772439395449E+03
 0.35772636411081E+03
 0.35772878010918E+03
 0.35773167556427E+03
 0.35773505243527E+03
 0.35773888836905E+03
 0.35774323663371E+03
 0.35774802643452E+03
 0.35775324734296E+03
 0.35775879997594E+03
 0.35776453848310E+03
 0.35777054625707E+03
 0.35777657344821E+03
 0.35778260078317E+03
 0.35778830134451E+03
 0.35779349033318E+03
 0.35779798743624E+03
 0.35780162749010E+03
 0.35780364933526E+03
 0.35780422487451E+03
 0.35780276275138E+03
 0.35779834968236E+03
 0.35779104618614E+03
 0.35778002517979E+03
 0.35776535712506E+03
 0.35774468273843E+03
 0.35771912229948E+03
 0.35768692581509E+03
 0.35764806735536E+03
 0.35760097372047E+03
 0.35754532687167E+03
 0.35748088145720E+03
 0.35740660732150E+03
 0.35732098430842E+03
 0.35722405716604E+03
 0.35711550325182E+03
 0.35699323663912E+03
 0.35685814753333E+03
 0.35670738797306E+03
 0.35654183491954E+03
 0.35636259514847E+03
 0.35616615969284E+03
 0.35595222474393E+03
 0.35572074504226E+03
 0.35547022857706E+03
 0.35520284830095E+03
 0.35491551450837E+03
 0.35460818656925E+03
 0.35428161644072E+03
 0.35393411116723E+03
 0.35356592223906E+03
 0.35317548719144E+03
 0.35276340707933E+03
 0.35232785169796E+03
 0.35186929961405E+03
 0.35138833329566E+03
 0.35088387937808E+03
 0.35035253089645E+03
 0.34979691166130E+03
 0.34922024105087E+03
 0.34861810866954E+03
 0.34798116499783E+03
 0.34732263172427E+03
 0.34662947328283E+03
 0.34591785612805E+03
 0.34517502485007E+03
 0.34439340873888E+03
 0.34358262457815E+03
 0.34274833893637E+03
 0.34187808850702E+03
 0.34097340734493E+03
 0.34003663976090E+03
 0.33906281237783E+03
 0.33805361916624E+03
 0.33699656747817E+03
 0.33590603766228E+03
 0.33477094505913E+03
 0.33360088093450E+03
 0.33237245736787E+03
 0.33111179998416E+03
 0.32978334526059E+03
 0.32841447882712E+03
 0.32698787277075E+03
 0.32551605310763E+03
 0.32396857405289E+03
 0.32237653519926E+03
 0.32069968153409E+03
 0.31897303129709E+03
 0.31714835804421E+03
 0.31523397300175E+03
 0.31326249004593E+03
 0.31119693771995E+03
 0.30901621392379E+03
 0.30675924271083E+03
 0.30436300726421E+03
 0.30185791384644E+03
 0.29921817459013E+03
 0.29643994225873E+03
 0.29348032964767E+03
 0.29035314412639E+03
 0.28705723039804E+03
 0.28352298522706E+03
 0.27975271074926E+03
 0.27569267167924E+03
 0.27136110372019E+03
 0.26664562229719E+03
 0.26145246986155E+03
 0.25571558891942E+03
 0.24936623753391E+03
 0.24195262812016E+03
 0.23343038744063E+03
 0.22328498764343E+03
 0.21128716521733E+03
 0.19766842702587E+03
 0.18366748444515E+03
 0.17033901912948E+03
 0.15853505667199E+03
 0.14826702434243E+03
 0.13921607482423E+03
 0.13138277691567E+03
 0.12443912284597E+03
 0.11822393613001E+03
 0.11262326043792E+03
 0.10748259898483E+03
 0.10284110058947E+03
 0.98481569397207E+02
 0.94483933005306E+02
 0.90744820949497E+02
 0.87229167406887E+02
 0.83900091494069E+02
 0.80813700036255E+02
 0.77854304743729E+02
 0.75072221819445E+02
 0.72436162380037E+02
 0.69924229899877E+02
 0.67533786088369E+02
 0.65233059453745E+02
 0.63069908564433E+02
 0.61010774575089E+02
 0.59033083027283E+02
 0.57154647281592E+02
 0.55343094034359E+02
 0.53613097890290E+02
 0.51954791762339E+02
 0.50376391917792E+02
 0.48857115441350E+02
 0.47414024108677E+02
 0.46021259213084E+02
 0.44684239381988E+02
 0.43405875505795E+02
 0.42176418686055E+02
 0.40987675739224E+02
 0.39857601609619E+02
 0.38767896967781E+02
 0.37716657578473E+02
 0.36716965790999E+02
 0.35753318465540E+02
 0.34826035256156E+02
 0.33933062053510E+02
 0.33060529440102E+02
 0.32233870804708E+02
 0.31439198635856E+02
 0.30666241156492E+02
 0.29925291600011E+02
 0.29207460968979E+02
 0.28520315292296E+02
 0.27855645636294E+02
 0.27213836566862E+02
 0.26593840250353E+02
 0.25994608812853E+02
 0.25418341296980E+02
 0.24865559618694E+02
 0.24318435499438E+02
 0.23799167231176E+02
 0.23295398288912E+02
 0.22809254881793E+02
 0.22336503190790E+02
 0.21880736420496E+02
 0.21440719652191E+02
 0.21011842934976E+02
 0.20596193298118E+02
 0.20194409445684E+02
 0.19802366806941E+02
 0.19422448666532E+02
 0.19057810127947E+02
 0.18700506376196E+02
 0.18354820211278E+02
 0.18020021025384E+02
