   305.833180578490118847143771537581802      
   305.833180575208522449485551403157112      
   305.833180532679864089517132468032889      
   305.833180317601823404850585586757424      
   305.833179632578655134427431715605023      
   305.833177969418442227807421095383785      
   305.833174579803515330158568013532532      
   305.833168436153001172846389525368754      
   305.833158097978758591467180950201752      
   305.833141312165118130735752491531910      
   305.833114153098472692560251266056223      
   305.833069624316697232729963184099595      
   305.832995839663005140904765606958621      
   305.832874054758595830994010533133481      
   305.832676856971740941134529051539005      
   305.832366754854886817494752856369026      
   305.831895290162529059455830269911768      
   305.831202679432718444652397598419208      
   305.830217908119554391765618836900916      
   305.828859156710782430066164995196423      
   305.827034429543381436803498485329669      
   305.824642271931873298473899231152929      
   305.821572488509564419639806269459823      
   305.817706806635223923588824042372728      
   305.812919457703084193577327903483479      
   305.807077673175469559137928177465409      
   305.800042109946932315035739283807575      
   305.791667231147587784719305170661732      
   305.781801674302360442799732270081936      
   305.770288639698293289721466090705861      
   305.756966328964725752918965571454279      
   305.741668458268962100958892369060858      
   305.724224863221480366381490695710494      
   305.704462204515502046772488196353798      
   305.682204775304084763839173074124216      
   305.657275403959848635895657598114096      
   305.629496439650395976256015829511961      
   305.598690803321704125620851035771155      
   305.564683083357561755067355724070755      
   305.527300653315771603779733332132827      
   305.486374788625982300409271281473886      
   305.441741759754699988017143019972969      
   305.393243880912168865430702483564096      
   305.340730495591821904618789069784481      
   305.284058882939260464159059907017538      
   305.223095071897460621873089133351303      
   305.157714553117848024399161751595741      
   305.087802881581682619545499285432899      
   305.013256165727080100955771911805111      
   304.933981435485304128702667369691181      
   304.849896923868526549971044393768036      
   304.760932183846619951338186897980700      
   304.667028147936161295879149212432598      
   304.568137062199918349697218941432160      
   304.464222329866245034662551319658440      
   304.355258267628959708436234338323557      
   304.241229782761217578793126152558646      
   304.122131979594907667606922401917962      
   303.997969703950074094129520027799261      
   303.868757034309617485819486447775324      
   303.734516727966359021967857688203051      
   303.595279630667514974362112498885948      
   303.451084057411062372176762244640201      
   303.301975151927312334620024554986305      
   303.148004231921206797049818522904371      
   302.989228125977201083324332576397524      
   302.825708508915343936239579606680565      
   302.657511239800146584622060065640795      
   302.484705708337190653487261769561977      
   302.307364193421209354701258723685128      
   302.125561236866141233801271275829375      
   301.939373036725354686309643442280289      
   301.748876861599785226799830239317457      
   301.554150488218765781459738100117423      
   301.355271664819052077747438068611192      
   301.152317600165782934170746691114187      
   300.945364479170545035826344107185781      
   300.734487007397421953685121636592770      
   300.519757982186560178635910643163194      
   300.301247891897175523748434943444594      
   300.079024543566675349355705520495120      
   299.853152713541806185915106590442185      
   299.623693825758924319635194109484081      
   299.390705652951816573439085619779267      
   299.154242045853824536301429630530517      
   298.914352678773280641210893509111686      
   298.671082823544979514447243468677699      
   298.424473131125207132784293968806762      
   298.174559447455102206152065906659846      
   297.921372629618715214269853680315351      
   297.664938379997749554234901921505752      
   297.405277104116997588146597671818001      
   297.142403772406086961660081087618788      
   296.876327794601486026779158781755642      
   296.607052909209047151250094684332063      
   296.334577068051303774348316562861788      
   296.058892313058060811061814291041064      
   295.779984700205709788540312101746140      
   295.497834197593439394230398732487420      
   295.212414594751923264744004068783099      
   294.923693393326813905551892877385620      
   294.631631736150274885743761384405082      
   294.336184306374294669638670785241486      
   294.037299194920760045606811397962519      
   293.734917811137602181751616738908882      
   293.428974805212741242838507827202056      
   293.119397959339876761868946063487435      
   292.806107987138250905110483518094250      
   292.489018386816265910844830652279974      
   292.168035517959646334269782147700440      
   291.843058238694623824926553405509161      
   291.513977697480618479892682668265146      
   291.180677276056551378635739838768100      
   290.843032510162449287436197877519204      
   290.500910564925404897111759598505201      
   290.154170192515337680720692991205460      
   289.802661662491478515051540566234524      
   289.446226137422264370339461399456773      
   289.084695529677035216289863708315235      
   288.717892413482173753919106501114621      
   288.345629404342903136256264090266440      
   287.967708862038791293751609091117705      
   287.583922693333302037257275561902767      
   287.194051587490558933012023133591123      
   286.797865066025651551292855472739037      
   286.395120408169058411272119789483737      
   285.985562767221453715560452976640923      
   285.568924016165800997311734619598275      
   285.144922667690776742928379260039853      
   284.713262908452777633131485619504913      
   284.273633945062563062523595928123803      
   283.825709568247790935169756017410262      
   283.369146804190556166508306126022036      
   282.903585660710064048752581522485541      
   282.428647827441411085378475361593834      
   281.943935836850172027913778490568912      
   281.449032050315560442628447967262829      
   280.943497151957584741437087341439048      
   280.426869673972546253410987355369941      
   279.898663911473690015942880260119407      
   279.358368929798446457088167165706990      
   278.805446835036712789029632364926040      
   278.239331269206070607409768721224859      
   277.659425751846078786712250616777352      
   277.065101256718084191302645261421246      
   276.455694776782321218222610068507952      
   275.830506549842989098464721246919570      
   275.188798004944474381347410629053933      
   274.529789106187524115300314599054700      
   273.852655213742394541427938264088514      
   273.156524404826907443637813254022790      
   272.440474140579964390607413215577923      
   271.703527331910935800229513053409345      
   270.944648802190799346893396283710490      
   270.162741036240333996444116556830624      
   269.356639503910009698516259070313922      
   268.525107886074542868884205605184589      
   267.666832724257459542926657459277974      
   266.780417631706488183125232831413731      
   265.864377200857765117292234936311482      
   264.917129688436669296896848415545236      
   263.936990766545535410117703267484285      
   262.922165058126724820726309759651052      
   261.870738198073286209376370480100074      
   260.780666880398665896563750037350574      
   259.649771398960959798469655710560058      
   258.475723287209094673757972547628345      
   257.256036191108949255194696429940852      
   255.988054187167199749538658938804049      
   254.668940929007089726623271113179222      
   253.295667336463262820298229678091583      
   251.865000865031420939862417446165054      
   250.373493927587226158215403887634891      
   248.817473840545276440164664555344426      
   247.193033751490847146563134617746146      
   245.496026842595711705694672499291166      
   243.722062637237912527522574576994561      
   241.866508429677609422036039063182614      
   239.924497286745012737093484445617765      
   237.890944828461178470058223959294774      
   235.760574618516822627487992266843224      
   233.527963396484821499825100873987998      
   231.187593216109137540214113487465902      
   228.733943345661641770690992563189458      
   226.161584035343507412019983991233150      
   223.465321271292781023174110179822975      
   220.640367400157425097507533324158585      
   217.682549591748465773778249400687640      
   214.588559299247161545817965358634806      
   211.356234837582374434137569506841700      
   207.984883062638130754569552337421011      
   204.475606467637034581661573326347948      
   200.831645078627101391779954302551242      
   197.058675156231901319651709762740904      
   193.165054203747433246789011229878826      
   189.161961315569948268650238797559087      
   185.063385228129910696723967834399976      
   180.885956768381975920258615010572807      
   176.648579686124552016057941874315903      
   172.371883099380658608048541049686416      
   168.077527408931649679186358193198960      
   163.787436055936775942601265534937823      
   159.523005619539459480882969932432775      
   155.304387347489958649638067521336532      
   151.149895215845326117520981261350776      
   147.075578714380752660682467688852397      
   143.094975663137699783247619826524643      
   139.219033348650676091440880406721391      
   135.456169521507774341455818855280683      
   131.812442713546389116357502153005285      
   128.291787788335033524721522381144588      
   124.896290466555902641047375599036443      
   121.626472506748644574900463861112710      
   118.481566457432259384047543413145448      
   115.459771902264168219695392613832173      
   112.558481767420238401399926352278591      
   109.774479843854157370522015852143215      
   107.104107814669259236918894126726304      
   104.543402694862248124585609534234751      
   102.088210857913234858309365088205519      
   99.7342778554460861700267539135336922      
   97.4773204299820972773959573109566999      
   95.3130815863570566236162843289354422      
   93.2373733581561684803809097858258202      
   91.2461080329101764411356713254709236      
   89.3353212259380194269272505652245258      
   87.5011876140764815572974153745656562      
   85.7400312569369780190927307202909021      
   84.0483313907975384837953410710674203      
   82.4227253276234608316089425874702300      
   80.8600082043210863910494778880224295      
   79.3571313044341215218404274377278511      
   77.9111978877061689795490710377616984      
   76.5194598907039160243201536588618559      
   75.1793118929827034650566793043356560      
   73.8882856575415668648383488413894321      
   72.6440441009160232232931626029934955      
   71.4443753658021010581800116560201964      
   70.2871864912800323531786790975791478      
   69.1704973966930357270938653707871413      
   68.0924348386692732440832030444015122      
   67.0512268295482015212898334480830376      
   66.0451968868298838201813192584528566      
   65.0727586951027777549430382951597237      
   64.1324109817307248119578445872344222      
   63.2227327083979966319188561081912682      
   62.3423784285937617833882065217837936      
   61.4900737757734200744911088246239624      
   60.6646115031452358427334715425555983      
   59.8648474567400073956768083498046370      
   59.0896970089707006154855486753698629      
   58.3381313508771028339947883699978670      
   57.6091745321531185431609377676135738      
   56.9019002404445802514119076857435169      
   56.2154288874808772536203273876990396      
   55.5489249712324277641577988115857599      
   54.9015945726433446635979403342415643      
   54.2726828695788513977799660776525889      
   53.6614720386536129811810523389942120      
   53.0672790138908482821339125636242507      
   52.4894536651191726851872584079410154      
   51.9273768243783979240156587701522738      
   51.3804587095236909398909915662876141      
   50.8481370660374992902783576146021155      
   50.3298759673770582120957313246236010      
   49.8251640420888313336133034967963002      
   49.3335134235253793743324808738711361      
   48.8544582586388972774019072896257993      
   48.3875537840607830923176988732780072      
   47.9323747839817769018774083129298006      
   47.4885150755515147720439790639697854      
   47.0555861509965851917293435315796799      
   46.6332163761651644975187433447591604      
   46.2210501446253579612345534959481310      
   45.8187469426391024763460949576126164      
   45.4259807668968822044249610308647537      
   45.0424391981397620322766478117544213      
   44.6678228439942316827584668879052585      
   44.3018446504996198221149970300482976      
   43.9442293006225188144492968975818365      
   43.5947126386276138302422003271832141      
   43.2530411094716989865429693693626943      
   42.9189712767511833119818756325319837      
   42.5922693201589925805126757388688540      
   42.2727105944865303204951197537347501      
   41.9600791696985752831488414369191433      
   41.6541674539964800391005896815621338      
   41.3547757844176622814209720283985079      
   41.0617120756686260936259405109886476      
   40.7747914579431318195611665745710927      
   40.4938359732204180168331189096382466      
   40.2186742406191824687823013770942843      
   39.9491411763348449758333838901839990      
   39.6850777064502708930135870588445246      
   39.4263305084776126503207256791705676      
   39.1727517604593806329015532510860890      
   38.9241988882964396732775924470371211      
   38.6805343596909923295656760800155204      
   38.4416254614928085147341659961216449      
   38.2073440876664791372241743617711434      
