   91.9024000948784202170827437330254962      
   91.9024000948756103372976966772670622      
   91.9024000947781154036684974976726514      
   91.9024000938787693816519559027310877      
   91.9024000896844288202618514146067603      
   91.9024000766383934662216935046340666      
   91.9024000450117361798632288800836896      
   91.9023999762874426698006216962653849      
   91.9023998183483736425658474099102317      
   91.9023994036952332957400506457109694      
   91.9023982669257148309657161151658508      
   91.9023953407678596910061867032126246      
   91.9023885526131461484304586531930583      
   91.9023743796610149627087369576168736      
   91.9023474336116981092188612888651328      
   91.9023001355581953280126765447623350      
   91.9022225184095990150341756333073059      
   91.9021021685560458749364336752216650      
   91.9019242974373372059223960051102302      
   91.9016719196994227588920982921335501      
   91.9013261074184267580758214390108558      
   91.9008662879181141905973163650852930      
   91.9002705544082321833588747520933558      
   91.8995159627102651936188271347626784      
   91.8985787929017998099468166236748075      
   91.8974347611531829301779433808977714      
   91.8960591736213935285827448471437775      
   91.8944270209144045263083600654657204      
   91.8925130173617755795214645078834381      
   91.8902915938302813389723846870191887      
   91.8877368562897253624214357799060001      
   91.8848225239549896486263280031436718      
   91.8815218611125265576066764443321190      
   91.8778076158340477621636841033953059      
   91.8736519768502685047319853997556920      
   91.8690265573180291914680434119287524      
   91.8639024113699589369394690896290918      
   91.8582500864455044236732914847926394      
   91.8520397117542202472089865099162236      
   91.8452411208466429539189836503024945      
   91.8378240044767160688889795312242456      
   91.8297580884699355627630427641159812      
   91.8210133304677663704147998221637996      
   91.8115601289833108540191927975511470      
   91.8013695379909522587582253478296690      
   91.7904134807535642517868643530541404      
   91.7786649568585676661692149580737127      
   91.7660982372237054870529645000893476      
   91.7526890424772136371168569570365878      
   91.7384147011244770610561016345735093      
   91.7232542846423661042224160519224602      
   91.7071887173197519107190116838424739      
   91.6902008524102275226915972985379215      
   91.6722755561275070808683334056469250      
   91.6533996985404230022827629698715650      
   91.6335621811433871661587797411571859      
   91.6127539091509191702196777995689334      
   91.5909677456050048234100656426290596      
   91.5681984434278353821788629711610788      
   91.5444425573941398274166409454587506      
   91.5196983377831730283599006001478159      
   91.4939656083557875281408301898471499      
   91.4672456305747144910881027274753180      
   91.4395409563082409231108903792711129      
   91.4108552714644820348565520483151711      
   91.3811932320442958026370296594902984      
   91.3505602954286949343949244579897030      
   91.3189625478861039203139488698973248      
   91.2864065307733773382725352172156362      
   91.2528990667144315537602643382217622      
   91.2184470867281321269876775842944393      
   91.1830574605489846528322628428130356      
   91.1467368304024884726109649712536214      
   91.1094914493588821962202727425263215      
   91.0713270255757984691072092623152455      
   91.0322485723557796863179136894714036      
   90.9922602643019870493305512173425120      
   90.9513653016479259833373366732044431      
   90.9095657811106022557102384599321559      
   90.8668625745576423765558810176141543      
   90.8232552162934423523508410606322902      
   90.7787417952337799119696591441434920      
   90.7333188558828023210881142069673772      
   90.6869813053318446303590555168365907      
   90.6397223308250957655013617246790124      
   90.5915333198456410776554814424419417      
   90.5424037897925880782752892589012568      
   90.4923213197280829490398538308971449      
   90.4412714943168754860415583349774639      
   90.3892378467787059839800878725608284      
   90.3362018016286126194957254130762923      
   90.2821426358294751651502381179285114      
   90.2270374343547071219217538839574740      
   90.1708610516617807998627964983156550      
   90.1135860796429114007243663023137333      
   90.0551828123989834764212667953375261      
   89.9956191974734074790883615320577781      
   89.9348608243281456180907338610097490      
   89.8728708891002494309190157070995306      
   89.8096101702191362264639939055245386      
   89.7450369880414587652929785700936649      
   89.6791071910661988511329893596555171      
   89.6117741252390929226097461724261090      
   89.5429885807558147900997835011160838      
   89.4726987676322289537771237180220212      
   89.4008503043838786350561776364047106      
   89.3273861835192093939155893140482058      
   89.2522466918495143755337696993777941      
   89.1753693731759436371291494372963806      
   89.0966890232122882110888084386993494      
   89.0161376657907710445891973483713794      
   88.9336443393659493363698529226513858      
   88.8491352509981436968997043013975993      
   88.7625336047911797930965829608936769      
   88.6737595151752961175474814419487941      
   88.5827299059646442838983562576212032      
   88.4893586235542638212482391467457249      
   88.3935561261362611005308845268284662      
   88.2952294401873568892752769487474101      
   88.1942821712063082621310093366945048      
   88.0906143525566583931059097315352704      
   87.9841221356817631811710302774399150      
   87.8746980525699519054353704732700294      
   87.7622304392986067513643597811228507      
   87.6466036717712090108125514075466543      
   87.5276977245043241332642011664487373      
   87.4053882457487609983633551752926610      
   87.2795461138166907247663864985957841      
   87.1500375679943083016421227425192259      
   87.0167236247534093201490519551431356      
   86.8794602651580735761662664781439035      
   86.7380977728273296417736203514134411      
   86.5924808879445782054881159056986739      
   86.4424483196901757734817217447534814      
   86.2878323517976613978224920860772590      
   86.1284588548905593231214331957813502      
   85.9641467237887229607405146712889277      
   85.7947074933548140616114822874660539      
   85.6199451100561424374817470153955976      
   85.4396555688268950572807138455593562      
   85.2536261288950995118965173905259811      
   85.0616354169045231944163767703300177      
   84.8634523052009064873402761513700227      
   84.6588359466936680633526356645137886      
   84.4475347890151879791356854947054363      
   84.2292862408405929364864349563179117      
   84.0038157896692911866612587398573494      
   83.7708366134623614547572906338360117      
   83.5300484738093195589830544529624690      
   83.2811371736773369978464559998362434      
   83.0237736240892495154627753094129999      
   82.7576128319009122660170846927347030      
   82.4822930716601414556715347837139461      
   82.1974347242692407192429637060657586      
   81.9026391082416948249631778897266733      
   81.5974874468621569778498681496202984      
   81.2815393213687774690895435189738758      
   80.9543315083937771539110006587620504      
   80.6153763338851196996141761085463819      
   80.2641601617218426660789306030145153      
   79.9001416231884033622563634654663856      
   79.5227500445570661832333382933805961      
   79.1313833529993619059944134476963134      
   78.7254063774917212597203775983258570      
   78.3041481158735893347032351906186407      
   77.8669004987362715787934926326821614      
   77.4129154329129246550435311677385308      
   76.9414026017185409983972720625280807      
   76.4515278697180187848106726037448729      
   75.9424101177262932453979388882956586      
   75.4131195286606715295924815509399372      
   74.8626756917837007742154524808683914      
   74.2900457579812726229298623770052398      
   73.6941432802863748843885872118206442      
   73.0738275761056688109619886851170898      
   72.4279038295425614122521920235889255      
   71.7551246156897914124748202555522823      
   71.0541926177873052791745063110764388      
   70.3237652566129119399010327861647644      
   69.5624622544987327091223122382396077      
   68.7688757034402642626243366338594976      
   67.9415840263255572904574052706755521      
   67.0791713500962679466115582698716955      
   66.1802509463268035098965919820692489      
   65.2434972861433712362569510215563999      
   64.2676830675207622710285430769711657      
   63.2517284512484394815192177645785263      
   62.1947530755056013222021624828617524      
   61.0961434374768048947063159783296243      
   59.9556251096890288947032336641183997      
   58.7733437204468121365246858640997210      
   57.5499487517549910667700596809155935      
   56.2866790791933297549485155758645673      
   54.9854435622405670203656034847126471      
   53.6488872119494734518048408734768166      
   52.2804387539296775589844277565396552      
   50.8843261154777722900926493400176966      
   49.4655564539055879765870294102494477      
   48.0298473843091897019262148785834604      
   46.5835139060466895904740644838151679      
   45.1333045937363233919498573716674039      
   43.6862045197189025109129476693551506      
   42.2492112074791371718021639305916569      
   40.8291055955795949015720561062315739      
   39.4322371913947544469751230596729725      
   38.0643422602844515471543299205299895      
   36.7304068904740494002067085588199740      
   35.4345835398436532425582819652588069      
   34.1801591511971442557569682581498668      
   32.9695703102473171197334512703877824      
   31.8044543597931880225607214196529012      
   30.6857274738207505970650325569276022      
   29.6136766224471931095271753870053933      
   28.5880577409346855842968502915434718      
   27.6081928431813348160343530596454944      
   26.6730602436937849135669860427022048      
   25.7813761390746251682529046077833160      
   24.9316653322581646559146763446409134      
   24.1223212444281326213070460951472871      
   23.3516554202815578188000047189523676      
   22.6179375448326053754289654688244848      
   21.9194273669146996168379659853992330      
   21.2543993145467857328416069385470301      
   20.6211612200537868615227066807037380      
   20.0180680163422958298581372504409432      
   19.4435314827094402534523048765052579      
   18.8960269257534611969935630669248798      
   18.3740971802281416049964626661205932      
   17.8763546881684853962543983797387573      
   17.4014820471919762886624267342216692      
   16.9482315001456896420912032806796887      
   16.5154234865135147406089767352981031      
   16.1019446662335587328095141358877480      
   15.7067454632886004245179921606996028      
   15.3288372476766493955814215270484607      
   14.9672896748094934607078143085081781      
   14.6212275661165198314535594107395561      
   14.2898279526287412167895481789506283      
   13.9723171687478247149763730262522684      
   13.6679679842128789609234057981113280      
   13.3760967957704398021758899260209743      
   13.0960609813567912774731919703354636      
   12.8272563492770831225579016641837049      
   12.5691147473863141023312489593330519      
   12.3211017467836311397494670357367081      
   12.0827144826699348899513015783750145      
   11.8534796623622820629677145117160867      
   11.6329516385136403905987846000425701      
   11.4207106238008540086621333498415891      
   11.2163610309852426901332758999742349      
   11.0195299022490051285960291799085210      
   10.8298654883380404338652423185869680      
   10.6470358243268912862156171809408786      
   10.4707275309897930572422875920251759      
   10.3006445930937344229831145556415196      
   10.1365072600527280052961484497564080      
   9.97805104760650888701255638428148134      
   9.82502573856835763848756994176839323      
   9.67719453070295361379179645526633927      
   9.53433319098447999391285516226340657      
   9.39622926659468392853744967615694512      
   9.26268139568402804983467583670063613      
   9.13349860585224248299697574628231899      
   9.00849971188149327757104414683559763      
   8.88751269917749721086384216564097112      
   8.77037422164287720007890591129200925      
   8.65692904229306493555731592279249526      
   8.54702959824266819820534814949178247      
   8.44053553170381962766535287630880919      
   8.33731330736432663943706609399388648      
   8.23723574464660698607738774313557799      
   8.14018177097330930633156332641734249      
   8.04603598726008955982549634661706029      
   7.95468839580874456559978910437571159      
   7.86603408453847511912100981074504071      
   7.77997295783503735068178894283210542      
   7.69640947100626876961045357818870074      
   7.61525237714533761531759861841521708      
   7.53641451575758705247037445725408538      
   7.45981257565970500295180261858483732      
   7.38536690870575954497911627345892299      
   7.31300133028541837000081710835490433      
   7.24264293731711735830505356588175596      
   7.17422195455501440452148174109965381      
   7.10767155672283279339169632407716255      
   7.04292773345234694166334650067696827      
   6.97992914249187042591503219782359831      
   6.91861697825730053980923026680339299      
   6.85893484910797319991302878778813771      
   6.80082865525267164546950068713152493      
   6.74424648273874559180837198772339994      
   6.68913849488617017507100389597779871      
   6.63545683501397708145332413537493176      
   6.58315553327404930191051870179615811      
   6.53219041619706044939990192779410779      
   6.48251902474426354301146317186269143      
   6.43410053520967457127519034391696670      
   6.38689568424071813787616266926681730      
   6.34086669688480030617037029715376520      
   6.29597722232571658259311456907083982      
