   91.9024000948784202170827437330254962      
   91.9024000948756103372976966772670622      
   91.9024000947781154036684974976726514      
   91.9024000938787693816519559027309398      
   91.9024000896844288202618514097980121      
   91.9024000766383934662216892305701761      
   91.9024000450117361798626774264667468      
   91.9023999762874426697793728424204425      
   91.9023998183483736422005077402565137      
   91.9023994036952332921721183890360481      
   91.9023982669257148078808988173244564      
   91.9023953407678595813411760539557915      
   91.9023885526131457375918738592041631      
   91.9023743796610136836265914600740763      
   91.9023474336116946444750159703615008      
   91.9023001355581970402875881036331113      
   91.9022225184095980655021956000235805      
   91.9021021685559990398732850323472949      
   91.9019242974370571412521126641008866      
   91.9016719196980204304942390022126486      
   91.9013261074123969385970925716542235      
   91.9008662878953835749165347186998764      
   91.9002705543318132355800826410343712      
   91.8995159624778469327928815360280174      
   91.8985787922546165185377569656760754      
   91.8974347594863868362296469421447200      
   91.8960591696164598717301908730928039      
   91.8944270118697783729424888640093460      
   91.8925129980398533202874499165608127      
   91.8902915545669432137465152096086533      
   91.8877367800284179028256812415368364      
   91.8848223817735826341644170357185323      
   91.8815216057117531288813817790788553      
   91.8778071723559187398719685213439526      
   91.8736512302984661085045608363719542      
   91.8690253357646964309451439697135818      
   91.8639004640589069019340393378488934      
   91.8582470558441118825478336939254838      
   91.8520350985677224895609480941480969      
   91.8452342409904810410938769505111711      
   91.8378139370062233845244603816697178      
   91.8297436134899061820290890998621976      
   91.8209928560893589525337849745676555      
   91.8115316064558438350942560324145479      
   91.8013303642161374197968184967030011      
   91.7903603874786182460031153310082452      
   91.7785938859516539073467752849849876      
   91.7660042015438669175279881095027919      
   91.7525659627552382770367696098030473      
   91.7382552621456890261668985402276651      
   91.7230497280809764315792407513364452      
   91.7069286497282761634698430731118899      
   91.6898730384532146298459608768121559      
   91.6718656696525439643134957818502796      
   91.6528910979924525792611999255000902      
   91.6329356468841497253664625890178052      
   91.6119873733399759404112504890305307      
   91.5900360096191060022755929963424562      
   91.5670728836099529102702621331282419      
   91.5430908200708204995352442141184248      
   91.5180840244386540427486479532791200      
   91.4920479520522881966031678040304508      
   91.4649791646464602003379157326982428      
   91.4368751764493792214603889897646303      
   91.4077342923891984954016336700101457      
   91.3775554396983141014459745420661754      
   91.3463379961067897734708486601409539      
   91.3140816151365898759212150711993629      
   91.2807860513546035563627503231200660      
   91.2464509866599816591202875141228732      
   91.2110758583158378743490693218042473      
   91.1746596914177554949152818986424577      
   91.1372009355473395590540075503384373      
   91.0986973067156901484160164421564585      
   91.0591456362756867414361794890549580      
   91.0185417259880126490518526655960971      
   90.9768802095834310865342954956540260      
   90.9341544235335562657823381400714273      
   90.8903562842634349298233187765339598      
   90.8454761737819100096971705610546958      
   90.7995028344763872168040491484313540      
   90.7524232677641214308062339510034971      
   90.7042226422128120740724525912826165      
   90.6548842067340289544710629349382644      
   90.6043892182919011956969128669946982      
   90.5527168646647996489098131831652433      
   90.4998442028070513324286828321286745      
   90.4457460959053480972109756483683230      
   90.3903951647328291138226431751181799      
   90.3337617308182460092532879586629699      
   90.2758137667216772066415782204653048      
   90.2165168597581982429333901620822814      
   90.1558341710464666049459940210486621      
   90.0937263987377507983380788080781446      
   90.0301517503065394614071282741271893      
   89.9650659008125716300641491076694828      
   89.8984219458365482594418875352561789      
   89.8301703889171214432701400098786444      
   89.7602591070354663943653114916266047      
   89.6886333141505187331692307808548523      
   89.6152355256285323297796973369152519      
   89.5400055326643344134883449752668323      
   89.4628803667349828102202315604282337      
   89.3837942291198062657797718189250268      
   89.3026784650057680027715813867864433      
   89.2194615461563104386196203074258963      
   89.1340689966443357731255959420899724      
   89.0464233762363007702685957959099944      
   88.9564441078734529772176987856266241      
   88.8640475695622174589589060566765443      
   88.7691469825451476515256287742695391      
   88.6716522122073897553512454767777054      
   88.5714698350291721293818600499936086      
   88.4685031115840902174897397247661246      
   88.3626516325423494675307519723552404      
   88.2538114412017220003789667167238392      
   88.1418749588540098599272345642378293      
   88.0267306929346235091183103921626390      
   87.9082631204854918683338464890645683      
   87.7863528527064855340386871083993515      
   87.6608760518854617567702156894853929      
   87.5317046855551249167568952043444919      
   87.3987060695921695410135074229378999      
   87.2617428696626812601828646300360250      
   87.1206728067234947746386533994496018      
   86.9753486113054897272949879253462943      
   86.8256175557692125117720878091197707      
   86.6713215849112959241333287806729136      
   86.5122966525534071836412254190704590      
   86.3483729370545300764196087968747811      
   86.1793740821864710708849193548831264      
   86.0051173146712779612756012165165687      
   85.8254129338598918979794237487825378      
   85.6400639830274341419908049931058135      
   85.4488659624494721450491410902928350      
   85.2516065104431322943619316299603475      
   85.0480647155503511435762595558329043      
   84.8380110902980115828482731415759933      
   84.6212068695598428369346451753744688      
   84.3974038031539468923261019254478660      
   84.1663430314953462047269668661829000      
   83.9277553923353099982756858931686349      
   83.6813601544847086730722088513105187      
   83.4268647163728255988899666053230916      
   83.1639639706824903031342146175442811      
   82.8923394220166077135779954333515838      
   82.6116587535002442993780856525864973      
   82.3215745907099132377625798310800402      
   82.0217240702817617856595935056112019      
   81.7117278615223637985948390551016715      
   81.3911890375074699185860564867037306      
   81.0596922179694820533920791491209135      
   80.7168024891557519851977304324960930      
   80.3620643089121891595938975419728691      
   79.9950001343697468102510458102682522      
   79.6151094849422478651150716149851207      
   79.2218672672186769347083322800730015      
   78.8147224412850717184102929870380992      
   78.3930968984342272312841095792091643      
   77.9563835289617426356847993739068470      
   77.5039449072197550133991576456717426      
   77.0351114077689884026815903527576115      
   76.5491801724764359426665231253055599      
   76.0454128732311744565627717032661626      
   75.5230341964537907902173537182471920      
   74.9812308344975802454219808485440549      
   74.4191493557292527845290205984251334      
   73.8358956508783020058169738449618521      
   73.2305337106435380482098736046379063      
   72.6020853004548637241884002255740309      
   71.9495297403181031784821356979599817      
   71.2718049238657541901710122850421890      
   70.5678092373438319589909137619600076      
   69.8364041870277486445690319748041413      
   69.0764192679062154579531528895417218      
   68.2866585870554742998941614070231099      
   67.4659100646358850514874835586713245      
   66.6129574178105970983029745778195417      
   65.7265966421190592399728040028679589      
   64.8056572519822325234655286717907146      
   63.8490261172960514639566217179110722      
   62.8556841366908798427647498422752379      
   61.8247414029076029456594905874324565      
   60.7554880179835110645801209940474957      
   59.6474485708417482365445721435384253      
   58.5004480698021259050479281086791254      
   57.3146838657166669867992742277695378      
   56.0908049261223364359585496291892241      
   54.8299939295915953779817050702260909      
   53.5340496146086672964619463577880438      
   52.2054585580120239166821527721138609      
   50.8474559277323517496989680964876272      
   49.4640564586428138502653981371156048      
   48.0600512235637957354499424049892732      
   46.6409594877680848572912354834257560      
   45.2129283980819360182085433630530101      
   43.7825808570480681402547590296297090      
   42.3568153607782506923006616631293251      
   40.9425776713022673997316057477160868      
   39.5466152631015863419405904455429425      
   38.1752466193484813252503330426085486      
   36.8341625298110849055488326379017508      
   35.5282773660509656686247605249391014      
   34.2616385300062938738469198493385710      
   33.0373944573751271908753043117069404      
   31.8578142581144017905525146234740848      
   30.7243470996571557031461489404106442      
   29.6377100279643539314365161199471201      
   28.5979893623111058979889996339382492      
   27.6047473081027123926493407050928484      
   26.6571253382697234570187594532097977      
   25.7539392506630696555797129231363791      
   24.8937630617847974904724607813274547      
   24.0750009777812161643793008556060728      
   23.2959467049204993709941634525767925      
   22.5548323368614246452928096700548395      
   21.8498664040954595115885173956702563      
   21.1792639870481597220789824778338525      
   20.5412690807643386697624333308685628      
   19.9341713365153642141341710240917834      
   19.3563178971946539846259881317840974      
   18.8061212759611790245315334759040598      
   18.2820644940620156895206247432733479      
   17.7827035593136517795360590773140503      
   17.3066685396442777614257133882338125      
   16.8526630029808246144924556511418636      
   16.4194626323603592079270672771488749      
   16.0059130680682412153814940544157909      
   15.6109273336513189376603370841632423      
   15.2334829440469888768885621250796685      
   14.8726187665083904560595596955546855      
   14.5274317420229834502877975765230409      
   14.1970738751959261381101142436775484      
   13.8807489294541393775476995952248432      
   13.5777093765689597042692566431449958      
   13.2872533966620094961130617336771710      
   13.0087220674490017471140402435737938      
   12.7414966027124217515115545294808917      
   12.4849957950950185257973445364695741      
   12.2386735616796149264910788973805465      
   12.0020166833107980520848065337179373      
   11.7745426242989018325407209495567924      
   11.5557975409585480905733268225459525      
   11.3453543550357964672893303634102232      
   11.1428110408837562982728304197770019      
   10.9477889646812170921113956810746185      
   10.7599313271656100218299219797477571      
   10.5789017720780706583561912535283087      
   10.4043830319240322678733059969937218      
   10.2360757208453497925603295708805786      
   10.0736971488388874219602192735023926      
   9.91698024871619720558051076968281959      
   9.76567261791029313216506978837976632      
   9.61953557225625874611700128656298742      
   9.47834325950374731901684096122789401      
   9.34188187512924807230724026563036024      
   9.20994893171400685531371985884409053      
   9.08235252520598217078315413179040385      
   8.95891072176135974331816124077729933      
   8.83945091597439064774853555281268968      
   8.72380931501218244637123900871264208      
   8.61183035575120884054006743433732613      
   8.50336628275827081145639908370232850      
   8.39827661736719940549936187665170783      
   8.29642779257160517653344377312038433      
   8.19769272278410663089284486102502378      
   8.10195044236332657242101126274371707      
   8.00908572886786234348261401584730698      
   7.91898883379769781873308718050054399      
   7.83155513390220260753300763484662585      
   7.74668485911092427213714906649906114      
   7.66428281768854685297390560819785411      
   7.58425816711855011338676778645096869      
   7.50652415339747157312368202886741748      
   7.43099790773832080209817843075666014      
   7.35760023783719402056044833476649487      
   7.28625542406472353577997107892301083      
   7.21689105710892757180922201394382637      
   7.14943784398675168631396670480825346      
   7.08382946342851412327589546719785493      
   7.02000241210710380190386818226004406      
   6.95789585097932667724626384854969212      
   6.89745148900628195492685649144943486      
   6.83861344467704212716309700063386699      
   6.78132812785044602513486513762931777      
   6.72554413443251002382934888400253086      
   6.67121213213277044926989823120392036      
   6.61828476558088077763285962367236851      
   6.56671656321493534634100139397511699      
   6.51646384361361471043895382365493309      
   6.46748463453128107785804530913339307      
   6.41973859382361330084416635680445149      
   6.37318693134749465528011576360493526      
   6.32779233873225942324428056309357716      
   6.28351892480337153570386530038973272      
   6.24033214920161929220182433568086487      
   6.19819876055850845869590578145733193      
   6.15708674140184217107550755839161928      
   6.11696525457023793576630492566587561      
   6.07780458871405339205899911919038332      
