 0.46876166101596E-11
 0.70643452368791E-11
 0.69901899853580E-11
 0.80964684077446E-11
 0.76184418183434E-11
 0.51203866455416E-11
 0.69459194317894E-11
 0.69541941644405E-11
 0.70804660587343E-11
 0.69719937133281E-11
 0.66191084787748E-11
 0.85310985966175E-11
 0.62566621483407E-11
 0.79451827310956E-11
 0.73432712437363E-11
 0.66207251381559E-11
 0.12099284599536E-10
 0.88829911679705E-11
 0.15970554755453E-10
 0.24614511701297E-10
 0.49421588641922E-10
 0.12037268989668E-09
 0.29709073116417E-09
 0.70665958313570E-09
 0.15841990490473E-08
 0.33950547180198E-08
 0.69189474187856E-08
 0.13478758680973E-07
 0.25177436329670E-07
 0.45244020580165E-07
 0.78457345918945E-07
 0.13166972476541E-06
 0.21436608497357E-06
 0.33943809540739E-06
 0.52388738064859E-06
 0.78971076356056E-06
 0.11751435265410E-05
 0.16631090491823E-05
 0.23847477037890E-05
 0.33582086909867E-05
 0.46014320309793E-05
 0.61935035219761E-05
 0.82344932194853E-05
 0.10843091127568E-04
 0.14137598231799E-04
 0.18229860300152E-04
 0.23237239245491E-04
 0.29289741212448E-04
 0.36590020136275E-04
 0.45341732908718E-04
 0.55771415250606E-04
 0.68074547480879E-04
 0.82464230903218E-04
 0.99247270698636E-04
 0.11869101100822E-03
 0.14109516989825E-03
 0.16677811305767E-03
 0.19607657365441E-03
 0.22934534610538E-03
 0.26695680919468E-03
 0.30930039747000E-03
 0.35678190381692E-03
 0.40982279850376E-03
 0.46885933508701E-03
 0.53434170149013E-03
 0.60673311949065E-03
 0.68650874669338E-03
 0.77415474274619E-03
 0.87016730314028E-03
 0.97505142795646E-03
 0.10893205982007E-02
 0.12134895771216E-02
 0.13480973276152E-02
 0.14936668092865E-02
 0.16507307290902E-02
 0.18198283920069E-02
 0.20015025268529E-02
 0.21963009692789E-02
 0.24047723642425E-02
 0.26274628148258E-02
 0.28649233984122E-02
 0.31177022096430E-02
 0.33863503090724E-02
 0.36714228620839E-02
 0.39734789416566E-02
 0.42930783377914E-02
 0.46307841983580E-02
 0.49871630782760E-02
 0.53627712088884E-02
 0.57582625495652E-02
 0.61739486629898E-02
 0.66107301952978E-02
 0.70692116018491E-02
 0.75498524086960E-02
 0.80533768164500E-02
 0.85801900982773E-02
 0.91311098748400E-02
 0.97066857711585E-02
 0.10307703730411E-01
 0.10934980034282E-01
 0.11588987106195E-01
 0.12270835261855E-01
 0.12980989276404E-01
 0.13720347830526E-01
 0.14489729575847E-01
 0.15289842595785E-01
 0.16121564226306E-01
 0.16986202051367E-01
 0.17884268440086E-01
 0.18817517704405E-01
 0.19785845983712E-01
 0.20791431711635E-01
 0.21834315436163E-01
 0.22917464188018E-01
 0.24039330419444E-01
 0.25204917507528E-01
 0.26411041082710E-01
 0.27663965648818E-01
 0.28960559733418E-01
 0.30306138095348E-01
 0.31698720790733E-01
 0.33142889194955E-01
 0.34639307558713E-01
 0.36190094258274E-01
 0.37795670045931E-01
 0.39459024045582E-01
 0.41180840820929E-01
 0.42965519161654E-01
 0.44811162191314E-01
 0.46724409855170E-01
 0.48703899617150E-01
 0.50752853146526E-01
 0.52874298339679E-01
 0.55069150955242E-01
 0.57340774652924E-01
 0.59689366630752E-01
 0.62119256308240E-01
 0.64630185818702E-01
 0.67224236763225E-01
 0.69906941785224E-01
 0.72677124107202E-01
 0.75535897013158E-01
 0.78487115788176E-01
 0.81533036235020E-01
 0.84670975438898E-01
 0.87903302019502E-01
 0.91229979838362E-01
 0.94651468112566E-01
 0.98166671321685E-01
 0.10177304625937E+00
 0.10546814135108E+00
 0.10924935761599E+00
 0.11311256167518E+00
 0.11705277442868E+00
 0.12105883450648E+00
 0.12512501770683E+00
 0.12923717592579E+00
 0.13337969340352E+00
 0.13753732575594E+00
 0.14168768135137E+00
 0.14580478629903E+00
 0.14985928527937E+00
 0.15381474604813E+00
 0.15763257037939E+00
 0.16125885692262E+00
 0.16464113961860E+00
 0.16771477203934E+00
 0.17041002767064E+00
 0.17264582570094E+00
 0.17433685126900E+00
 0.17538333124085E+00
 0.17568059469995E+00
 0.17511633967567E+00
 0.17355874254538E+00
 0.17087233640830E+00
 0.16690040654935E+00
 0.16147013963840E+00
 0.15439347431422E+00
 0.14547263649045E+00
 0.13451734724702E+00
 0.12138245477339E+00
 0.10601462159784E+00
 0.88514683727416E-01
 0.69199764868730E-01
 0.48662823208973E-01
 0.27756555822018E-01
 0.75388844553452E-02
-0.10839838845723E-01
-0.26309437923634E-01
-0.38041946808112E-01
-0.45587017566346E-01
-0.48930060317882E-01
-0.48481684683373E-01
-0.44969986539765E-01
-0.39294647820337E-01
-0.32379492246539E-01
-0.25044748060967E-01
-0.17917430397502E-01
-0.11421437752336E-01
-0.57784268767165E-02
-0.10600865817692E-02
 0.27720796690710E-02
 0.58127527086833E-02
 0.81873307436146E-02
 0.10020336761545E-01
 0.11427689274137E-01
 0.12506529069744E-01
 0.13336454165522E-01
 0.13981325470473E-01
 0.14488442933874E-01
 0.14892315507720E-01
 0.15219161598451E-01
 0.15487322573139E-01
 0.15710211208535E-01
 0.15897090401408E-01
 0.16054474917115E-01
 0.16187255057682E-01
 0.16299150473484E-01
 0.16392989751647E-01
 0.16471090932306E-01
 0.16535328060425E-01
 0.16587411656480E-01
 0.16628725217681E-01
 0.16660432057145E-01
 0.16683803854808E-01
 0.16699972551213E-01
 0.16709912305376E-01
 0.16714470447281E-01
 0.16714516824746E-01
 0.16710867029525E-01
 0.16704222637655E-01
 0.16695034012161E-01
 0.16683821817179E-01
 0.16671415165098E-01
 0.16657941212897E-01
 0.16643943910975E-01
 0.16629699048236E-01
 0.16615531833703E-01
 0.16601706533424E-01
 0.16588421331755E-01
 0.16575873578812E-01
 0.16564191301037E-01
 0.16553611844670E-01
 0.16544088055959E-01
 0.16535795796973E-01
 0.16528757996101E-01
 0.16523063256172E-01
 0.16518709074098E-01
 0.16515694550617E-01
 0.16514060269086E-01
 0.16513781068163E-01
 0.16514853864586E-01
 0.16517206247828E-01
 0.16520892300658E-01
 0.16525832907944E-01
 0.16531857855297E-01
 0.16539158471871E-01
 0.16547598230273E-01
 0.16557075208023E-01
 0.16567498556616E-01
 0.16578833378525E-01
 0.16591087161269E-01
 0.16604242137183E-01
 0.16618208942544E-01
 0.16632921724624E-01
 0.16648259833499E-01
 0.16664177185132E-01
 0.16680653120227E-01
 0.16697726268275E-01
 0.16715193333475E-01
 0.16733131709105E-01
 0.16751396212964E-01
 0.16769997973346E-01
 0.16788868574044E-01
 0.16807972201295E-01
 0.16827248642981E-01
 0.16846703152459E-01
 0.16866282406333E-01
 0.16885906155543E-01
 0.16905618397652E-01
 0.16925296256416E-01
 0.16944974770360E-01
 0.16964599152954E-01
 0.16984146043497E-01
 0.17003580221614E-01
 0.17022923224012E-01
 0.17042091192589E-01
 0.17061115186775E-01
 0.17079937550458E-01
 0.17098545807056E-01
 0.17116946268723E-01
 0.17135096034124E-01
 0.17152991644010E-01
 0.17170639400274E-01
 0.17188006313022E-01
 0.17205075039342E-01
 0.17221850938064E-01
 0.17238334906292E-01
 0.17254492726936E-01
 0.17270338396791E-01
