   91.9024000948784202170827437330254962      
   91.9024000948756103372976966772670622      
   91.9024000947781154036684974976726514      
   91.9024000938787693816519559027265518      
   91.9024000896844288202618513522298645      
   91.9024000766383934662216569444897351      
   91.9024000450117361798597061510588608      
   91.9023999762874426696910535559148472      
   91.9023998183483736409647843856640916      
   91.9023994036952332819682653322738776      
   91.9023982669257147504511192727916228      
   91.9023953407678593387757827973619409      
   91.9023885526131449145885630369612945      
   91.9023743796610113061355255840820077      
   91.9023474336116882668835334017386480      
   91.9023001355581902643044886797666333      
   91.9022225184095430111768917712338874      
   91.9021021685556452414487894538463198      
   91.9019242974351872098562698015079731      
   91.9016719196896504400877116432868131      
   91.9013261073799062432811518455053296      
   91.9008662877838609517860253098168188      
   91.9002705539878533338759852196919093      
   91.8995159615117853312808642979563411      
   91.8985787897557836557360118516642803      
   91.8974347534768867279864729460275453      
   91.8960591560698564165359827177502100      
   91.8944269830471606887801232778374238      
   91.8925129398092018614870674297176922      
   91.8902914422764836578403726924144787      
   91.8877365724060627074151694816807488      
   91.8848220122287622461442681294032229      
   91.8815209703291480313188706173973207      
   91.8778061137983737661111950530197932      
   91.8736495167833684381671146409887063      
   91.8690226342472227154445670632570272      
   91.8638963067485456460068436257300808      
   91.8582407991976608001271527287067646      
   91.8520258739413336820542267640820305      
   91.8452208961928533133522680153119206      
   91.8377949680729737538205300048399170      
   91.8297170860890678583591306821339015      
   91.8209563160725076300775021519377446      
   91.8114819791760208075108760870557097      
   91.8012638423521378264066701639213676      
   91.7902722985332144430955795291329955      
   91.7784785802900346791222292860243373      
   91.7658548837081578315990678494929632      
   91.7523745488677551762407697226148485      
   91.7380121852360341955140844268100082      
   91.7227437809483284050944623382825243      
   91.7065467873320354708215346450174060      
   91.6894001778455100622284594019805037      
   91.6712844809456935388349353230788034      
   91.6521817870890261526585566136207738      
   91.6320757307641579973650203010635700      
   91.6109514487280794130502920690920292      
   91.5887955159246252429026442693587017      
   91.5655958610191751824093350074079073      
   91.5413416637843222698974303325388957      
   91.5160232358916652552720811675504610      
   91.4896318881476255510008352755039589      
   91.4621597858717705350261796446211376      
   91.4335997948134443557812162535183263      
   91.4039453201188998512280161424649604      
   91.3731901393490482961295801988759975      
   91.3413282331610632536497454665285771      
   91.3083536135490317690403535681258490      
   91.2742601529447878417034376824147859      
   91.2390414149756345079678408714364453      
   91.2026904872772076366629013442486049      
   91.1651998195895740254157273392994195      
   91.1265610660704767971731017224800375      
   91.0867649340166294409050015176172822      
   91.0458010380981132313318947661811744      
   91.0036577632960008672904022714272426      
   90.9603221322172112297454539668489728      
   90.9157796830610350593613416042829423      
   90.8700143533936814383864278963001216      
   90.8230083724517062187796306587070868      
   90.7747421628268319224238912590952044      
   90.7251942436942520996730483806919076      
   90.6743411477964456238268946408981459      
   90.6221573363969567291394246369157827      
   90.5686151324132586904975560284100192      
   90.5136846507843384693592806138285699      
   90.4573337379784028669614258022585867      
   90.3995279135504555432963873957951711      
   90.3402303252028915654687725945904960      
   90.2794016915176013423204753227242476      
   90.2170002538515042041003512904949891      
   90.1529817422946364838814993588723871      
   90.0872993340266327415496415673963094      
   90.0199036161335166906593699772796101      
   89.9507425590136703737889308924922567      
   89.8797614651688447125877584129622024      
   89.8069029218291722730035164145043509      
   89.7321067853385188613830413051445431      
   89.6553101428905818457031658231260312      
   89.5764472677047874505637977140057282      
   89.4954495772025392751084548464591656      
   89.4122456049204167570359081251066485      
   89.3267609524701210182005266518131730      
   89.2389181571178991235067748944618337      
   89.1486368138514982276318489222812783      
   89.0558333652917136158303304277817696      
   88.9604211313818174907373339062925508      
   88.8623101528947256186775662782086588      
   88.7614071657505826291129277986132602      
   88.6576156194437783757554094733929648      
   88.5508354779398489046109279252074821      
   88.4409630528099261610499192583048950      
   88.3278911398836017786127847143138385      
   88.2115088040739792431740010096201806      
   88.0917011105288936220839727191774974      
   87.9683492477810903379770808578693976      
   87.8413303894653975914406564099295691      
   87.7105172752677419702326514925444671      
   87.5757783426523023586883773886137873      
   87.4369775772679018675783679925037696      
   87.2939740802024645017390289487565250      
   87.1466222572560844469580784768632213      
   86.9947712029153753144173018499970901      
   86.8382649808210800499796308011407616      
   86.6769418989950496962423360635822483      
   86.5106348162836502529737510652210945      
   86.3391703480339407964350303314531963      
   86.1623690404548097285995071536295185      
   85.9800449680364905293131079924388586      
   85.7920051834025925816945974939752564      
   85.5980498952100125140047269343224090      
   85.3979716533237626850218671444274912      
   85.1915554192251063866166859107603457      
   84.9785778368043437695453789004924687      
   84.7588069823482893704232252231394208      
   84.5320020522317753275605900817357966      
   84.2979129249953693030142986730314656      
   84.0562792177718116274627278672282133      
   83.8068307060530165858689264114983204      
   83.5492857360399693970540173077619360      
   83.2833514023312023340307465243424868      
   83.0087227985444199405052057583154030      
   82.7250822294979274452518368821351929      
   82.4320986766142077328595142502072045      
   82.1294269407442443727768175867992705      
   81.8167071635315141210239719536863343      
   81.4935638292909026831743400445837995      
   81.1596049472642515854698475429223076      
   80.8144211691402243477967265914226605      
   80.4575850028881710582249096639261630      
   80.0886496015873775978941084348671815      
   79.7071478230093168280815725645699713      
   79.3125912919188297190375790844571696      
   78.9044690607161847218835610347486267      
   78.4822467256818155852442275681719969      
   78.0453645688843825459448812018527668      
   77.5932371321339086995271901547708304      
   77.1252512223346396626308193538622144      
   76.6407653312951560823514333887501421      
   76.1391075330949932896523318645490900      
   75.6195745780248593848336463784473310      
   75.0814308590065747629170309280557215      
   74.5239068418461475593850916760574878      
   73.9461983230768825798932219402534513      
   73.3474655460240022116556826298551514      
   72.7268326442210417582429445901520020      
   72.0833874339178303115960329866772414      
   71.4161818646634727612867510737866678      
   70.7242329584069463503610897469585646      
   70.0065245387753714829145370402611558      
   69.2620104004113816474972396555447642      
   68.4896188145494833848452260054023061      
   67.6882581664599545834720300434251755      
   66.8568257850740642885455504286453395      
   65.9942185538122018221391908571511658      
   65.0993483860117404274324237279023374      
   64.1711586032717277989217886193378654      
   63.2086483888905026464339329368524049      
   62.2109036668932563750641763599390430      
   61.1771276872726066114068583843659066      
   60.1066868187200390422455177852763378      
   58.9991602404049546792669727779779526      
   57.8543982418615563565266028719874089      
   56.6725890161202575476004769569925532      
   55.4543320190283607883747468601496128      
   54.2007164871164768275581484597374141      
   52.9134009709602661664794285564693631      
   51.5946887137974853454690604717761481      
   50.2475912630585433352854185111212296      
   48.8758713093889450173247851233467183      
   47.4840547005080999367489700769374304      
   46.0773985870355785285697659188472681      
   44.6618126299207797037825677709767239      
   43.2437230409996789940857104822306970      
   41.8298881174698712645590168622727276      
   40.4271724099548737532120297528268693      
   39.0423039657529663806017238071166973      
   37.6816327700044478275613885796201262      
   36.3509182191052909028422340289226467      
   35.0551638083403868875980110823712963      
   33.7985107073228051979701092450316440      
   32.5841931483469240260559383711211987      
   31.4145493180106722460022013489095862      
   30.2910769419221577775285050596008296      
   29.2145193127919255147858517007417772      
   28.1849702829661755191456917373306136      
   27.2019833203547386024524298937362384      
   26.2646794897082296684517185566764721      
   25.3718461625026989958946987025396250      
   24.5220247603968289747276921635571967      
   23.7135853057028645829392742426563225      
   22.9447881218904814018983503309058478      
   22.2138338591506560997768990475317372      
   21.5189025561319169056812061535416968      
   20.8581844001875830814860558926516022      
   20.2299021109051693810742278601247870      
   19.6323276918170670906623131460782876      
   19.0637939267156252362649460919305304      
   18.5227021933543331345811400807591062      
   18.0075271259168929912858461138126962      
   17.5168189248536631261940966601023677      
   17.0492038383067079067950318959006762      
   16.6033835352112833411524348689052806      
   16.1781333697233581519176105566967229      
   15.7722999623477272684525254294063356      
   15.3847983892439625048805237318160246      
   15.0146090593831051779905447293108555      
   14.6607745174074079220497406309913134      
   14.3223959510748489727629733935443999      
   13.9986300419374972179950104214361884      
   13.6886855622406825019314608759431919      
   13.3918202614198812815144581168866067      
   13.1073377968184386932395990693215537      
   12.8345848047840819442273289154684791      
   12.5729481366516447575291752834480167      
   12.3218522353010654973787620078656486      
   12.0807566732399263818848104063074132      
   11.8491538172534857548246037642248615      
   11.6265666481790988498980238792715377      
   11.4125467486109065862852286128577347      
   11.2066723960421725171038427390286667      
   11.0085467733060195428399331102058284      
   10.8177963179408341504529742015724675      
   10.6340691959322483467012275481232420      
   10.4570338852120553520669928382886430      
   10.2863777946428657078725922674897580      
   10.1218060703552538037491541464466544      
   9.96304042020189747720584697551984679      
   9.80981805305502079703217784513064399      
   9.66189067191258070346647799292485931      
   9.51902356607368661114108226432963666      
   9.38099473089410825509096965860828349      
   9.24759408002618836614672922074661042      
   9.11862269534665780011887645159656306      
   8.99389212491435204071351782281987178      
   8.87322377047290409408710060599349266      
   8.75644823581084522919528146017263412      
   8.64340480898695373187399065520543040      
   8.53394092524410405688570077896953878      
   8.42791167797432144828268949103772201      
   8.32517936914780470984529319546696162      
   8.22561308395775525715607824782384932      
   8.12908831026580084741137592590899272      
   8.03548653694821033290843722640693039      
   7.94469495045210460796162139111908115      
   7.85660606744587064056373869380720965      
   7.77111747071262982611104760463164738      
   7.68813152137708267446653720333794816      
   7.60755507907758254356617970228779758      
   7.52929926282205170106449788626224349      
   7.45327922434423387354481631144746568      
   7.37941392124443398267146321726793715      
   7.30762591995387327859971265808191117      
   7.23784120772168551060831287513256714      
   7.16998900448524322321628996613222401      
   7.10400159405267811333160862916340757      
   7.03981418122084854451853062384487995      
   6.97736471971239738087823882957074334      
   6.91659379020035240543504513548505565      
   6.85744446118161115811959442087547772      
   6.79986216360591197866542321293938100      
   6.74379457561347286941241691440077150      
   6.68919151398827658857854059571883555      
   6.63600482495465256008915353141467430      
   6.58418829385309466479212646796273419      
   6.53369754400186448184309678177986443      
   6.48448995501232284421016468951904471      
   6.43652457598843061284200395994601420      
   6.38976205157226981641711518931518456      
   6.34416454691921333419093923214653774      
   6.29969567380646825643280051764516868      
   6.25632042925297555915299900431904023      
   6.21400513150954946442558966667823206      
   6.17271735990897779801809801751769152      
   6.13242589800662318511297218355079877      
   6.09310068306730109187236163166988092      
   6.05471275280291314041056314433003931      
   6.01723419842041115101227514697922847      
   5.98063811897832200931661577643368728      
   5.94489857781295233549432416368588260      
