   6.91360382032448847522976250442333937      
   6.91360382032448897452856100055816334      
   6.91360382032452743201328781372420908      
   6.91360382032516444341181800519020195      
   6.91360382032990751712095170087932903      
   6.91360382035170981779289183518754685      
   6.91360382042467998402730538437977536      
   6.91360382061958405575439078435523746      
   6.91360382105548862151324568539219505      
   6.91360382188595357242001010640447226      
   6.91360382321898980234022702413883670      
   6.91360382491702757164339349508419139      
   6.91360382622650346139940779495431203      
   6.91360382520635179018415138373382672      
   6.91360381795271752377467331081352290      
   6.91360379764466427498036691938036583      
   6.91360375345691122400370478945761404      
   6.91360366939923818104320053967776980      
   6.91360352314906522628741989634921407      
   6.91360328494558976089050231459028430      
   6.91360291661224932240007732511628280      
   6.91360237076968777718353640002119005      
   6.91360159029346640511363118872128161      
   6.91360050805957805672318389751823108      
   6.91359904700543513656020163402843444      
   6.91359712051626643824885806171336781      
   6.91359463312674388753119876625828704      
   6.91359148150858712356118821685596315      
   6.91358755569776866059212797979859434      
   6.91358274050113241932293319980287922      
   6.91357691701479945594711452721639493      
   6.91356996418350226994331276015067777      
   6.91356176033252744471377321793816601      
   6.91355218461067084603422893528198649      
   6.91354111829262935864965424168692297      
   6.91352844590117635253550680776460066      
   6.91351405612234481557196649177958288      
   6.91349784249922374050751683804581145      
   6.91347970390175930224957231578588811      
   6.91345954477938719807446847798814608      
   6.91343727521175570335442585212839805      
   6.91341281077835197081798761317365507      
   6.91338607227211938355823854053294894      
   6.91335698528405730566554107901433822      
   6.91332547968659363136432409232263100      
   6.91329148904286351636521068350258424      
   6.91325494996736142767916652420401464      
   6.91321580146108316232603959324238635      
   6.91317398424163716924448801559953366      
   6.91312944008575287640825920139597151      
   6.91308211119831187251944247253583517      
   6.91303193961937438624791586399084443      
   6.91297886667762456653671741750833769      
   6.91292283249584838561392101746243669      
   6.91286377555217058519592137777918655      
   6.91280163229829534262669755325320241      
   6.91273633683440184050947244357445197      
   6.91266782062471296013903230045425333      
   6.91259601233257949766245587164792077      
   6.91252083757590449438044575306684942      
   6.91244221884729781869159247422766877      
   6.91236007541524035844478304111442234      
   6.91227432326947230465519101792602101      
   6.91218487509416481295631280564312938      
   6.91209164026385119794183333344165381      
   6.91199452485559202392680877548373419      
   6.91189343167407570261307585715538564      
   6.91178826028252447019047820159549767      
   6.91167890703677411595387611480716646      
   6.91156526511734050838443985257720085      
   6.91144722455435957355781742394967909      
   6.91132467224447147622521877157494076      
   6.91119749195400089944691274840755604      
   6.91106556430603209031246010841533742      
   6.91092876675035203681939723356385228      
   6.91078697351166069837093193210506806      
   6.91064005551411054790065688377670320      
   6.91048788028437432139929535732379623      
   6.91033031182702226499647465164312826      
   6.91016721047425007996186934349526417      
   6.90999843271062004876818457831787149      
   6.90982383096248925607234811666723309      
   6.90964325336184308472433682292000270      
   6.90945654347721981196395892837479826      
   6.90926354002481927748666094831507241      
   6.90906407653762547334330466494584321      
   6.90885798101341092372150267960300847      
   6.90864507552056468776957442990893442      
   6.90842517579430602145578128288740837      
   6.90819809077582054755824133037772477      
   6.90796362212218195205809934379460188      
   6.90772156371102229305689900776247778      
   6.90747170109227226735668468389439067      
   6.90721381091697105911820419987403264      
   6.90694766033807808572486879809195742      
   6.90667300638671915212842196601438187      
   6.90638959522887171316161065857999645      
   6.90609716152982075223482786484107011      
   6.90579542769536008628421640823173785      
   6.90548410311627430853645430912074819      
   6.90516288332542962721846763752340145      
   6.90483144919462994481850334287265707      
   6.90448946605959979482182875335188864      
   6.90413658272409776578753282192677643      
   6.90377243055131314981652916464637803      
   6.90339662247153392986309905441370408      
   6.90300875200549102675337914520472911      
   6.90260839204477637901664604505803991      
   6.90219509371514846532352304822635878      
   6.90176838529073478727825361080719531      
   6.90132777108575577333430387762382522      
   6.90087272981399753262256527041239747      
   6.90040271340687250844391087393402367      
   6.89991714579851163844179791105175274      
   6.89941542134279678971916299072480297      
   6.89889690279180084439302168844587724      
   6.89836092085676548165878549816923410      
   6.89780677147069757456782066681850891      
   6.89723371418292118891880329886645554      
   6.89664097084295321566901881177698188      
   6.89602772341436105566849954967436772      
   6.89539311164549096129822509961369815      
   6.89473623145207512226248426507676644      
   6.89405613255235885620009887225225559      
   6.89335181586112977413188162094715608      
   6.89262223167427828872757354081823608      
   6.89186627618226876228013490405357668      
   6.89108278994094286025771723139393845      
   6.89027055378930584360483853376007964      
   6.88942828720507123754100374188025612      
   6.88855464367861573297798334204011641      
   6.88764820887965343248357048763935228      
   6.88670749592779096983819978096993616      
   6.88573094256764665275316987494870738      
   6.88471690707028058203675607819747075      
   6.88366366352303838908647393250825686      
   6.88256939847057072504304940224966307      
   6.88143220575155170281564392948654356      
   6.88025008155022847011029839757348286      
   6.87902091956123813349541764213624250      
   6.87774250554919932331325249117196451      
   6.87641251080096714519481790175224899      
   6.87502848738633611223856266286081969      
   6.87358786048682129498903097053834980      
   6.87208792172457042717349566520849828      
   6.87052582239936573892514779854104158      
   6.86889856464664648002865706229705323      
   6.86720299382015508678451430386456887      
   6.86543578969430106931243923785067122      
   6.86359345643758290046939120506682686      
   6.86167231361981056142029492553675838      
   6.85966848397221303463250421229563989      
   6.85757788289868474181908053419474946      
   6.85539620627040128120383097549650197      
   6.85311891677708165827030542820620746      
   6.85074123089431803158337646822031373      
   6.84825810251798228275795700603717121      
   6.84566420866577313870597214840419203      
   6.84295393097480326881120636974967597      
   6.84012133855456094568374805176381387      
   6.83716016755324146239566750763111604      
   6.83406380081532149649782501370261611      
   6.83082524514312618216125143597804730      
   6.82743710798846893796276853451765150      
   6.82389157116057147225467232634196685      
   6.82018036449041758080689137328310612      
   6.81629473605256435031075095879488165      
   6.81222542178036133588750890366482633      
   6.80796261187825874100323093283108627      
   6.80349591709865696409727072358011381      
   6.79881433133428672550567193204107009      
   6.79390619313837488952265212176063942      
   6.78875914421239102612585731506572037      
   6.78336009033790516463764277774000158      
   6.77769515344455410077222988777738179      
   6.77174963053642951773507591617861697      
   6.76550794674877239198167515890735267      
   6.75895361115530716553022208747995999      
   6.75206917339267998985373839630763122      
   6.74483618131147880746219356552956952      
   6.73723514476038164217180629590277011      
   6.72924550305469763678807976977788244      
   6.72084560210675155986275681737095706      
   6.71201268032514038884402861383202637      
   6.70272286963722288904004242571057329      
   6.69295121334825891957278303272822517      
   6.68267170207378424226461317341010129      
   6.67185733462139065337247168640529630      
   6.66048020807160339118944074613471426      
   6.64851162775331608308377425036297079      
   6.63592225383395102862383459962331324      
   6.62268227212218956846438579103580492      
   6.60876158548711367206009824022145236      
   6.59413002509522351536506608052311877      
   6.57875756540097333251952206652655775      
   6.56261453531759053050316502453509271      
   6.54567180999097242642555028607314768      
   6.52790097287266067795273956087054768      
   6.50927443713104071777747525687448046      
   6.48976552111667923796725874776351505      
   6.46934847886120632774678491992444294      
   6.44799848203864398467648659344363677      
   6.42569158014406937588516571156691313      
   6.40240462087295101514942413696582147      
   6.37811519627477868823325119258650533      
   6.35280155780624320793606695020681019      
   6.32644256053884048354779436394259033      
   6.29901762215586653064645600723250284      
   6.27050668981919352944053746428269874      
   6.24089022719098857770601156608442625      
   6.21014920593182261463521656344510553      
   6.17826510308228996174828121407301154      
   6.14521989740807830904283527754582883      
   6.11099606315539264843622340118771749      
   6.07557655979806852300249459126502931      
   6.03894481468477000707143573685041284      
   6.00108470189196042344740833059685277      
   5.96198051565940539714686839561431500      
   5.92161694049022930757022616518827229      
   5.87997901884005235390959776533643713      
   5.83705211749883173172357982225992109      
   5.79282189387893953335622492710668921      
   5.74727426227720728939785759157516963      
   5.70039536144694235698773296673159289      
   5.65217152419858004245418451000808234      
   5.60258924819117108487770471755762715      
   5.55163516910187314310318296939981267      
   5.49929603607893739131500183421342911      
   5.44555868891021509994148533350529641      
   5.39041003785263997259352548823153353      
   5.33383704501185641362589460291149827      
   5.27582670783000696110865204962081557      
   5.21636604419626458049739500112227824      
   5.15544207927803349368323118073465602      
   5.09304183373343412487769728093305101      
   5.02915231328582049729360215511525677      
   4.96376049944514075203830913741827999      
   4.89685334138537128578545225335401564      
   4.82841774858506323533822379130990657      
   4.75844058463412038125506668312614660      
   4.68690866145140002033396467465303397      
   4.61380873441268434184112052253516867      
   4.53912749797759131685241802834166650      
   4.46285158182829099306782660176874321      
   4.38496754749873596181942837659997332      
   4.30546188544582846447400420320150435      
   4.22432101245125019842702098245996846      
   4.14153126932194052107630484916178990      
   4.05707891890907029780041952978981440      
   3.97095014440122996637635312516751034      
   3.88313104777972608752548953803018058      
   3.79360764850937221940129643424255095      
   3.70236588240782881068319098186504827      
   3.60939160065281359772584433782642098      
   3.51467056895467633214562156384562344      
   3.41818846678329252385467508256486825      
   3.31993088681019781485639870707500583      
   3.21988333434844105570905375755307169      
   3.11803122694182190788189941574162912      
   3.01435989398218674190009194364763529      
   2.90885457644067016761886647530408219      
   2.80150042662691075945507813141014769      
   2.69228250801604296842663383911090009      
   2.58118579511925250066340351171285269      
   2.46819517340193131952548627129190910      
   2.35329543922749244277897405218245118      
   2.23647129984352128909323323732759255      
   2.11770737340717190939672595131909045      
   1.99698818901905120321597008019070332      
   1.87429818679469190261922616532336496      
   1.74962171794608506776040616554662241      
   1.62294304489753767323185592461142583      
   1.49424634139845636566455375162678374      
   1.36351569267866947594821587587987366      
   1.23073509557739878453848484501874238      
   1.09588845871775340449628036023526083      
  0.958959602690334921676883470259717623      
  0.819932260216105656816750326793048180      
  0.678790076360707605417323827234835213      
  0.535516608705370611891580273089198036      
  0.390095327580116696738584392140847052      
  0.242509616250297664268201773564347163      
   9.27427711432102075969838980970322653E-0002
  -5.92219979358087948916777420229159995E-0002
 -0.213401567585844919036821459272467898      
 -0.369812900571668955440027666469526247      
 -0.528473045621795443341278334581244951      
 -0.689399137167737473472321734254082312      
 -0.852608395136857668161309883814502208      
  -1.01811812470651626899092908744167236      
  -1.18594571607808341885250019406906326      
  -1.35610864423937350635126306661640614      
  -1.52862446872015932153798314384772031      
  -1.70351083337748222288755399082441412      
  -1.88078546614117250448912733112051247      
  -2.06046617877767670101348501156834532      
  -2.24257086668189512205304505679330031      
  -2.42711750860399760897309767628446662      
  -2.61412416643512828505589478059288441      
  -2.80360898497788814359584207809292122      
