 0.13628526479685E+03
 0.13628526479685E+03
 0.13628526479700E+03
 0.13628526479836E+03
 0.13628526480478E+03
 0.13628526482493E+03
 0.13628526487383E+03
 0.13628526497463E+03
 0.13628526516627E+03
 0.13628526552868E+03
 0.13628526623801E+03
 0.13628526765602E+03
 0.13628527044388E+03
 0.13628527568056E+03
 0.13628528496426E+03
 0.13628530048070E+03
 0.13628532503080E+03
 0.13628536201827E+03
 0.13628541540366E+03
 0.13628548963468E+03
 0.13628558956373E+03
 0.13628572036374E+03
 0.13628588745257E+03
 0.13628609643476E+03
 0.13628635306773E+03
 0.13628666325714E+03
 0.13628703308341E+03
 0.13628746885863E+03
 0.13628797721011E+03
 0.13628856518497E+03
 0.13628924036804E+03
 0.13629001100467E+03
 0.13629088611991E+03
 0.13629187562624E+03
 0.13629299041306E+03
 0.13629424241296E+03
 0.13629564464141E+03
 0.13629721120861E+03
 0.13629895730350E+03
 0.13630089915204E+03
 0.13630305395239E+03
 0.13630543979108E+03
 0.13630807554450E+03
 0.13631098077038E+03
 0.13631417560658E+03
 0.13631768061033E+03
 0.13632151671213E+03
 0.13632570507128E+03
 0.13633026699213E+03
 0.13633522384353E+03
 0.13634059699322E+03
 0.13634640775869E+03
 0.13635267737511E+03
 0.13635942698081E+03
 0.13636667762040E+03
 0.13637445026472E+03
 0.13638276584709E+03
 0.13639164531471E+03
 0.13640110969405E+03
 0.13641118016832E+03
 0.13642187816659E+03
 0.13643322546171E+03
 0.13644524427630E+03
 0.13645795739507E+03
 0.13647138828132E+03
 0.13648556119786E+03
 0.13650050132851E+03
 0.13651623490170E+03
 0.13653278931267E+03
 0.13655019324423E+03
 0.13656847678662E+03
 0.13658767155258E+03
 0.13660781079016E+03
 0.13662892949051E+03
 0.13665106449298E+03
 0.13667425458283E+03
 0.13669854058888E+03
 0.13672396547161E+03
 0.13675057440955E+03
 0.13677841488086E+03
 0.13680753673311E+03
 0.13683799226590E+03
 0.13686983629793E+03
 0.13690312623481E+03
 0.13693792212943E+03
 0.13697428674626E+03
 0.13701228562128E+03
 0.13705198712283E+03
 0.13709346250173E+03
 0.13713678596571E+03
 0.13718203474216E+03
 0.13722928913078E+03
 0.13727863257154E+03
 0.13733015170946E+03
 0.13738393645352E+03
 0.13744008007633E+03
 0.13749867930658E+03
 0.13755983438959E+03
 0.13762364918079E+03
 0.13769023125450E+03
 0.13775969201830E+03
 0.13783214679853E+03
 0.13790771503066E+03
 0.13798652030241E+03
 0.13806869063284E+03
 0.13815435848512E+03
 0.13824366100520E+03
 0.13833674028559E+03
 0.13843374350240E+03
 0.13853482296398E+03
 0.13864013662563E+03
 0.13874984830347E+03
 0.13886412767043E+03
 0.13898315077709E+03
 0.13910710048250E+03
 0.13923616650427E+03
 0.13937054574520E+03
 0.13951044324259E+03
 0.13965607176378E+03
 0.13980765294517E+03
 0.13996541734496E+03
 0.14012960522696E+03
 0.14030046695591E+03
 0.14047826353652E+03
 0.14066326748770E+03
 0.14085576337392E+03
 0.14105604837454E+03
 0.14126443360688E+03
 0.14148124423255E+03
 0.14170682107623E+03
 0.14194152115106E+03
 0.14218571905115E+03
 0.14243980785619E+03
 0.14270420037620E+03
 0.14297933072109E+03
 0.14326565542547E+03
 0.14356365540472E+03
 0.14387383726032E+03
 0.14419673547584E+03
 0.14453291433653E+03
 0.14488296968259E+03
 0.14524753164472E+03
 0.14562726741393E+03
 0.14602288368620E+03
 0.14643512950059E+03
 0.14686480011539E+03
 0.14731274031027E+03
 0.14777984835388E+03
 0.14826708019098E+03
 0.14877545463409E+03
 0.14930605789299E+03
 0.14986004982716E+03
 0.15043867007988E+03
 0.15104324471527E+03
 0.15167519384508E+03
 0.15233604008906E+03
 0.15302741708487E+03
 0.15375108061885E+03
 0.15450891869259E+03
 0.15530296399824E+03
 0.15613540717108E+03
 0.15700861191440E+03
 0.15792513018395E+03
 0.15888772082727E+03
 0.15989936808866E+03
 0.16096330291848E+03
 0.16208302620979E+03
 0.16326233279555E+03
 0.16450533799757E+03
 0.16581650620771E+03
 0.16720068005962E+03
 0.16866311151549E+03
 0.17020949275550E+03
 0.17184598672746E+03
 0.17357925632895E+03
 0.17541648791116E+03
 0.17736541915324E+03
 0.17943433782358E+03
 0.18163208661153E+03
 0.18396804143408E+03
 0.18645206692742E+03
 0.18909444182792E+03
 0.19190574489152E+03
 0.19489669265651E+03
 0.19807792599765E+03
 0.20145973537740E+03
 0.20505172544851E+03
 0.20886242364237E+03
 0.21289885617904E+03
 0.21716609292807E+03
 0.22166683104584E+03
 0.22640104408229E+03
 0.23136573502471E+03
 0.23655486469431E+03
 0.24195945121937E+03
 0.24756786175151E+03
 0.25336625661099E+03
 0.25933914265446E+03
 0.26546997505373E+03
 0.27174174557287E+03
 0.27813750896113E+03
 0.28464081314791E+03
 0.29123602392841E+03
 0.29790853441195E+03
 0.30464488688006E+03
 0.31143281299659E+03
 0.31826121585808E+03
 0.32512011556883E+03
 0.33200056678720E+03
 0.33889456641108E+03
 0.34579495834490E+03
 0.35269533829221E+03
 0.35958996888571E+03
 0.36647369622162E+03
 0.37334188064215E+03
 0.38019033330322E+03
 0.38701526185966E+03
 0.39381322262462E+03
 0.40058107905231E+03
 0.40731596707805E+03
 0.41401526516724E+03
 0.42067656750953E+03
 0.42729766138090E+03
 0.43387650869164E+03
 0.44041122812113E+03
 0.44690008181664E+03
 0.45334146140431E+03
 0.45973387877356E+03
 0.46607595412616E+03
 0.47236640919019E+03
 0.47860405987861E+03
 0.48478780845545E+03
 0.49091663881151E+03
 0.49698961087266E+03
 0.50300585642784E+03
 0.50896457447053E+03
 0.51486502752589E+03
 0.52070653879633E+03
 0.52648848880378E+03
 0.53221031298869E+03
 0.53787149850519E+03
 0.54347158296208E+03
 0.54901015130262E+03
 0.55448683534064E+03
 0.55990130973975E+03
 0.56525329225755E+03
 0.57054254217461E+03
 0.57576885815516E+03
 0.58093207543575E+03
 0.58603206785702E+03
 0.59106874378761E+03
 0.59604204725371E+03
 0.60095195357603E+03
 0.60579847197778E+03
 0.61058164119076E+03
 0.61530153196882E+03
 0.61995824159283E+03
 0.62455189796008E+03
 0.62908265380782E+03
 0.63355068935853E+03
 0.63795620961303E+03
 0.64229944384328E+03
 0.64658064479335E+03
 0.65080008742863E+03
 0.65495806917405E+03
 0.65905490746644E+03
 0.66309093974051E+03
 0.66706652263862E+03
 0.67098203136577E+03
 0.67483785812364E+03
 0.67863441197728E+03
 0.68237211778098E+03
 0.68605141587361E+03
 0.68967276011061E+03
 0.69323661877915E+03
 0.69674347241902E+03
 0.70019381381005E+03
 0.70358814716040E+03
 0.70692698732598E+03
 0.71021085908641E+03
 0.71344029657964E+03
 0.71661584253842E+03
 0.71973804777636E+03
 0.72280747029987E+03
 0.72582467507507E+03
 0.72879023303371E+03
 0.73170472069987E+03
 0.73456871971479E+03
 0.73738281604951E+03
 0.74014759948849E+03
 0.74286366330419E+03
 0.74553160364435E+03
 0.74815201896550E+03
 0.75072550967913E+03
 0.75325267758046E+03
 0.75573412556278E+03
 0.75817045699126E+03
 0.76056227548461E+03
 0.76291018436187E+03
 0.76521478639372E+03
