   6.91360382032448847522976250442333937      
   6.91360382032448897452856100055816334      
   6.91360382032452743201328781372420908      
   6.91360382032516444341181800519020657      
   6.91360382032990751712095170087850011      
   6.91360382035170981779289183444108799      
   6.91360382042467998402730528186218160      
   6.91360382061958405575438644669202181      
   6.91360382105548862151316238257427681      
   6.91360382188595357241909304697103693      
   6.91360382321898980233350868130149524      
   6.91360382491702757160719634781829121      
   6.91360382622650346124561683316200760      
   6.91360382520635178964206814808338023      
   6.91360381795271752212495305461823969      
   6.91360379764466427490459479400329269      
   6.91360375345691122283285362808942163      
   6.91360366939923817121463873123203983      
   6.91360352314906516354197160173464357      
   6.91360328494558945466870392639885671      
   6.91360291661224796475203463719745638      
   6.91360237076968247961421695205163100      
   6.91360159029344791167546174752383603      
   6.91360050805951950488583000878894650      
   6.91359904700526506554671704065904734      
   6.91359712051580881330827727559049071      
   6.91359463312559366763819094702424855      
   6.91359148150586732375960472702193460      
   6.91358755569168100406230964311277130      
   6.91358274048816534420878384504074156      
   6.91357691698839117878396442931861399      
   6.91356996413186972077425611146589081      
   6.91356176023526146002030894301236150      
   6.91355218443356176124263045861516206      
   6.91354111798002352293046728361013473      
   6.91352844536497201973494223695891252      
   6.91351405522651493821287781978182222      
   6.91349784103850371172355717660097029      
   6.91347970157285978307076607122716109      
   6.91345954114278717460760693745309774      
   6.91343726964180104537388302955418025      
   6.91341280239902783345229631360559627      
   6.91338605987549143752835951326021704      
   6.91335696722797555134706449695647751      
   6.91332545376784626095494995307858690      
   6.91329145234153518835456281032726524      
   6.91325489863763071865208813506951116      
   6.91321573055721863283842901711752155      
   6.91317388739730614824436413069133771      
   6.91312930920703833928109515479038522      
   6.91308193608531779582780387378261799      
   6.91303170752462032605416381611043888      
   6.91297856179416117308684081842274173      
   6.91292243536767205883787185068569440      
   6.91286326239929127778648094531128713      
   6.91280097424861725173828405860793328      
   6.91273549905437879569546663522534070      
   6.91266676135513580915916341281778135      
   6.91259468175360484028174464301682086      
   6.91251917662148284323055343984273908      
   6.91244015783938607823170487870292325      
   6.91235753256810177648817037061933401      
   6.91227120304543485257034486022321120      
   6.91218106640377192248237806725392592      
   6.91208701450384998974661704453194567      
   6.91198893377787339473983129904076862      
   6.91188670508053537390516903935018291      
   6.91178020353968209717442639333020868      
   6.91166929840585714876468928491883361      
   6.91155385289576115459232607213297978      
   6.91143372402402390216428268568341050      
   6.91130876242490449980527613493123996      
   6.91117881215687472138965593100212069      
   6.91104371049020859604410007700699848      
   6.91090328767333414087798434168107823      
   6.91075736668057411877809423927991986      
   6.91060576293051707211793607100830194      
   6.91044828398695321053629142148693388      
   6.91028472922976811270113636649874951      
   6.91011488950212593209470684834163844      
   6.90993854673509307908306499948746965      
   6.90975547352933291385574640856596368      
   6.90956543272674277515043506154031578      
   6.90936817692889048223184664646412752      
   6.90916344801824519002081363538189872      
   6.90895097662682155371608922709342658      
   6.90873048158483519263516147272704037      
   6.90850166933008239219474222363675381      
   6.90826423331278296877571158643237496      
   6.90801785332405386448531060928841403      
   6.90776219480545523560331016685905534      
   6.90749690815988585136174192036769115      
   6.90722162800104659790528552846913817      
   6.90693597237583525625391459661324774      
   6.90663954197913297714889861255539584      
   6.90633191925922934411278751156187621      
   6.90601266749099881690769785026390249      
   6.90568132990999243552540289599010136      
   6.90533742873947547445613753958431423      
   6.90498046415958152196793074618843549      
   6.90460991324509532204305177084267818      
   6.90422522890619231952455236731054900      
   6.90382583873451581618668432758783541      
   6.90341114362108127306170575647357470      
   6.90298051659149114278915711766330864      
   6.90253330192122473522385719461584029      
   6.90206881314331459013023217115840233      
   6.90158633176816603619170868083072429      
   6.90108510583636270490147966316621443      
   6.90056434864725330433594835898066520      
   6.90002323676786675620456221812090950      
   6.89946090801694237850243169215247129      
   6.89887646041758883319682331092453488      
   6.89826894999802445491744568849055580      
   6.89763738821683865225550125704507981      
   6.89698074071077847117516886948350428      
   6.89629792509630251619734438408357847      
   6.89558780774817807186832756775090214      
   6.89484920222918185101879366142370839      
   6.89408086696638608407890780686415606      
   6.89328150147428227672765735221473057      
   6.89244974509582565504358671465144538      
   6.89158417232733376434288083393298427      
   6.89068329165797447627265297661806052      
   6.88974554041213439009174792021556405      
   6.88876928322348151283386138790512073      
   6.88775280658044600925216149015181827      
   6.88669431671279917103772975552709885      
   6.88559193478909203461896475184270468      
   6.88444369230522733580885528425073097      
   6.88324752813071467452907720952847762      
   6.88200128226703240326783909722047786      
   6.88070269218408973977626264234424565      
   6.87934938719171363937133785329664812      
   6.87793888275152886972450107838875990      
   6.87646857505322465541779045347772254      
   6.87493573566067920412673032701858636      
   6.87333750474927946368937166574975562      
   6.87167088305735275009516634628576165      
   6.86993272735386160333085514814998732      
   6.86811974074192433121915908293812166      
   6.86622846729634331952787079519908349      
   6.86425528104389050009343590778540875      
   6.86219637934030359356386428048383861      
   6.86004777298603104599198845698920745      
   6.85780527678876380147288027070522186      
   6.85546449941704585236345426340231369      
   6.85302083231885077389004927232252391      
   6.85046943931907016135949434371722444      
   6.84780524350201753752384985540103424      
   6.84502291625287112198220399440425801      
   6.84211686269327583473444848316785829      
   6.83908120911573424043310155720693538      
   6.83590978766887683156965899105141086      
   6.83259612257088281808785962259052410      
   6.82913341182729564876116186389776333      
   6.82551451299758251924096287296776565      
   6.82173192490361155920486102319809025      
   6.81777776933696647506189786230511339      
   6.81364377403068512252899358775945573      
   6.80932125085700567708573004170244133      
   6.80480107758672152168680656735658800      
   6.80007367743444464616070886334092201      
   6.79512899763501212992748366113590260      
   6.78995648924667538732443722629593503      
   6.78454508557664676183448122955240906      
   6.77888318212767549903611926937988735      
   6.77295861541076156639801571172229302      
   6.76675864450646866775218040973061774      
   6.76026993288800581413461853318723890      
   6.75347853225373712318136416538090202      
   6.74636987050003550260160752115810386      
   6.73892873977914113917518409498779866      
   6.73113929286038614682206570315554698      
   6.72298504114831119068679559983221481      
   6.71444886446628063505680287563591009      
   6.70551301832512049005266118144322843      
   6.69615916135366654887109598946154188      
   6.68636838786076131822573402503908002      
   6.67612126392241404971029045566565772      
   6.66539788779501065237803486408429935      
   6.65417795039981176149891392839895287      
   6.64244081118860935641813655371244635      
   6.63016557969791417569307528001076243      
   6.61733120436316451001527543436746781      
   6.60391656073032148373894653894351930      
   6.58990053615577805562839734188862462      
   6.57526209912410454682077303256772584      
   6.55998035681502183192549656732479747      
   6.54403458040371100038603461386088379      
   6.52740420344236665443960683301942155      
   6.51006878611899315728169073694340192      
   6.49200795110928455030479156974632164      
   6.47320129823499591106484108031832006      
   6.45362830433308815641279787984180054      
   6.43326822893979144997661082022546814      
   6.41210003963836975482879280954804915      
   6.39010236888254353126679364448457268      
   6.36725350778891058945057883022449563      
   6.34353144184638375952367731664888483      
   6.31891392160371919220727974453681015      
   6.29337856006393351388298943964965447      
   6.26690294606401523271185265425415753      
   6.23946476193863058813406980557202780      
   6.21104189565917508101414547200092577      
   6.18161254209054623263881505981234045      
   6.15115528579736827832765350225809506      
   6.11964916541014854324415289234299446      
   6.08707371867896977312955341827161879      
   6.05340900979481235920741963130745705      
   6.01863564063693232801513458281141948      
   5.98273474835919142656870580200077865      
   5.94568799285456856217690431957008933      
   5.90747753567478720211835359350428786      
   5.86808601312348605832954928324952565      
   5.82749650584446465412849336935577601      
   5.78569250567741745571748702570465935      
   5.74265788155639637619358216447138849      
   5.69837684565827548558865319070426997      
   5.65283392014508753449737750909552968      
   5.60601390506353684626183459322979108      
   5.55790184786592210804459252337843021      
   5.50848301485283867600012931206914438      
   5.45774286445334126341541411015975108      
   5.40566702235204608968158267774518542      
   5.35224125866337885607571268391161397      
   5.29745146690536774515767643959932481      
   5.24128364481824837778763798294848023      
   5.18372387679432343490901950048313338      
   5.12475831779054241506677682178882911      
   5.06437317889284313744292521973526662      
   5.00255471406593861566641991681029144      
   4.93928920814605849113717619260158994      
   4.87456296597934281669965943850423455      
   4.80836230257306464642390047898115984      
   4.74067353418987362897902121052118449      
   4.67148297026218887909641491579770448      
   4.60077690608151403496918516778601261      
   4.52854161618996997669843062204223978      
   4.45476334839232235722153171437674623      
   4.37942831833486677899882569906594677      
   4.30252270460164498764978829857918003      
   4.22403264425493154821005680328858633      
   4.14394422885047048306112769565385486      
   4.06224350076817220502527270393137143      
   3.97891644992959269862172349033040436      
   3.89394901079897671539809220997604567      
   3.80732705969380606515546018635828821      
   3.71903641232915334606535497121039489      
   3.62906282159759074505338749729026838      
   3.53739197556411327970487854261705998      
   3.44400949564553273517773494521802562      
   3.34890093496319032486210769314708539      
   3.25205177685473519378160283624211018      
   3.15344743352083327299850246978898442      
   3.05307324481407150517951649805870808      
   2.95091447712939974736082029495763621      
   2.84695632241290569427723875401060835      
   2.74118389725108810334745883607393479      
   2.63358224210152835055142855320029817      
   2.52413632049441801342115896111202370      
   2.41283101845652777350887791206031115      
   2.29965114385430368323552777114736614      
   2.18458142592585026239897712840572238      
   2.06760651474069741492726494745409004      
   1.94871098089183525414655339150049237      
   1.82787931500703198182340184935164215      
   1.70509592745838492644706769362294578      
   1.58034514810026469026964340768526424      
   1.45361122600145374311054352136447301      
   1.32487832921480012273456836574228410      
   1.19413054458795646911739087869751947      
   1.06135187761682416938593146964441421      
  0.926526252279263976816942137954845282      
  0.789637510960469840161246764289488874      
  0.650669414341487169883194771485084120      
  0.509605641307914483405964301812817343      
  0.366429788943285757104199313188386381      
  0.221125372449131179972271415002463797      
   7.36758251467757265091026119032312494E-0002
  -7.59355015302902396761161549797353389E-0002
 -0.227725338029227472416698093963719298      
 -0.381710496665097948094536170604271947      
 -0.537907871593881499812401255324761539      
 -0.696334438754959350619380555874539170      
 -0.857007255832856801404564829640802730      
  -1.01994346219351847882183760641746960      
  -1.18516027881151094654856867925837382      
  -1.35267500821652837639758457241481746      
  -1.52250503439036953236623081212720340      
  -1.69466782266547132342101418399546176      
  -1.86918091966374538999990155801756677      
  -2.04606195318442237876704797938024139      
  -2.22532863207657676147283697941051568      
  -2.40699874614967832972209437495932871      
  -2.59109016606331363999270081318162126      
  -2.77762084319135948913985030087990397      
  -2.96660880950249015251720967746143501      
  -3.15807217744680472381301592102661477      
  -3.35202913980415201082986993817019307      
