 0.13628526479685E+03
 0.13628526479685E+03
 0.13628526479700E+03
 0.13628526479836E+03
 0.13628526480478E+03
 0.13628526482493E+03
 0.13628526487383E+03
 0.13628526497463E+03
 0.13628526516627E+03
 0.13628526552868E+03
 0.13628526623801E+03
 0.13628526765602E+03
 0.13628527044388E+03
 0.13628527568056E+03
 0.13628528496426E+03
 0.13628530048070E+03
 0.13628532503080E+03
 0.13628536201827E+03
 0.13628541540366E+03
 0.13628548963467E+03
 0.13628558956368E+03
 0.13628572036360E+03
 0.13628588745216E+03
 0.13628609643366E+03
 0.13628635306503E+03
 0.13628666325094E+03
 0.13628703307004E+03
 0.13628746883134E+03
 0.13628797715707E+03
 0.13628856508634E+03
 0.13628924019182E+03
 0.13629001070097E+03
 0.13629088561344E+03
 0.13629187480647E+03
 0.13629298912193E+03
 0.13629424042962E+03
 0.13629564166386E+03
 0.13629720683179E+03
 0.13629895099381E+03
 0.13630089021787E+03
 0.13630304151076E+03
 0.13630542273014E+03
 0.13630805248196E+03
 0.13631095000780E+03
 0.13631413506719E+03
 0.13631762783301E+03
 0.13632144872545E+03
 0.13632561837652E+03
 0.13633015748821E+03
 0.13633508675946E+03
 0.13634042681760E+03
 0.13634619816663E+03
 0.13635242115276E+03
 0.13635911594791E+03
 0.13636630255106E+03
 0.13637400080680E+03
 0.13638223044049E+03
 0.13639101110884E+03
 0.13640036246486E+03
 0.13641030423515E+03
 0.13642085630909E+03
 0.13643203883721E+03
 0.13644387233782E+03
 0.13645637781019E+03
 0.13646957685228E+03
 0.13648349178289E+03
 0.13649814576475E+03
 0.13651356292976E+03
 0.13652976850298E+03
 0.13654678892534E+03
 0.13656465197541E+03
 0.13658338688656E+03
 0.13660302446174E+03
 0.13662359718336E+03
 0.13664513932031E+03
 0.13666768702761E+03
 0.13669127844572E+03
 0.13671595379046E+03
 0.13674175544075E+03
 0.13676872802061E+03
 0.13679691847528E+03
 0.13682637614461E+03
 0.13685715284007E+03
 0.13688930290865E+03
 0.13692288329396E+03
 0.13695795360043E+03
 0.13699457615219E+03
 0.13703281605362E+03
 0.13707274123811E+03
 0.13711442253931E+03
 0.13715793375292E+03
 0.13720335168640E+03
 0.13725075622386E+03
 0.13730023038814E+03
 0.13735186039572E+03
 0.13740573574964E+03
 0.13746194932871E+03
 0.13752059744225E+03
 0.13758177991788E+03
 0.13764560020485E+03
 0.13771216547650E+03
 0.13778158671688E+03
 0.13785397888626E+03
 0.13792946098156E+03
 0.13800815627607E+03
 0.13809019234535E+03
 0.13817570127954E+03
 0.13826481993710E+03
 0.13835769007351E+03
 0.13845445839765E+03
 0.13855527700530E+03
 0.13866030364788E+03
 0.13876970169884E+03
 0.13888364060960E+03
 0.13900229637481E+03
 0.13912585150855E+03
 0.13925449545229E+03
 0.13938842531074E+03
 0.13952784573685E+03
 0.13967296960055E+03
 0.13982401848694E+03
 0.13998122303699E+03
 0.14014482361152E+03
 0.14031507067477E+03
 0.14049222563366E+03
 0.14067656117989E+03
 0.14086836221602E+03
 0.14106792668974E+03
 0.14127556590544E+03
 0.14149160606946E+03
 0.14171638865431E+03
 0.14195027171603E+03
 0.14219363086992E+03
 0.14244686052585E+03
 0.14271037491987E+03
 0.14298460969904E+03
 0.14327002336822E+03
 0.14356709903999E+03
 0.14387634570871E+03
 0.14419830046721E+03
 0.14453353060820E+03
 0.14488263549841E+03
 0.14524624914249E+03
 0.14562504303952E+03
 0.14601972864034E+03
 0.14643106056556E+03
 0.14685984014319E+03
 0.14730691895218E+03
 0.14777320287879E+03
 0.14825965655446E+03
 0.14876730837459E+03
 0.14929725533494E+03
 0.14985066942787E+03
 0.15042880371088E+03
 0.15103299942489E+03
 0.15166469369683E+03
 0.15232542811663E+03
 0.15301685768647E+03
 0.15374076192901E+03
 0.15449905567068E+03
 0.15529380141409E+03
 0.15612722341861E+03
 0.15700172260606E+03
 0.15791989290044E+03
 0.15888453970319E+03
 0.15989869941342E+03
 0.16096566092477E+03
 0.16208898945025E+03
 0.16327255107544E+03
 0.16452053999421E+03
 0.16583750725450E+03
 0.16722839031316E+03
 0.16869854438616E+03
 0.17025377311970E+03
 0.17190035873112E+03
 0.17364508984898E+03
 0.17549528355285E+03
 0.17745881123084E+03
 0.17954409186538E+03
 0.18176009291128E+03
 0.18411630166335E+03
 0.18662267001343E+03
 0.18928953056106E+03
 0.19212746751499E+03
 0.19514713779272E+03
 0.19835904525765E+03
 0.20177324087104E+03
 0.20539898189781E+03
 0.20924432322654E+03
 0.21331569303698E+03
 0.21761745538510E+03
 0.22215150441335E+03
 0.22691696551256E+03
 0.23190999494349E+03
 0.23712376544185E+03
 0.24254863036997E+03
 0.24817245695340E+03
 0.25398110278598E+03
 0.25995897851802E+03
 0.26608963640237E+03
 0.27235633172995E+03
 0.27874250813413E+03
 0.28523218716646E+03
 0.29181025250921E+03
 0.29846262659482E+03
 0.30517636467902E+03
 0.31193967851853E+03
 0.31874190797265E+03
 0.32557345997585E+03
 0.33242572716422E+03
 0.33929099694281E+03
 0.34616235935956E+03
 0.35303361924377E+03
 0.35989921261622E+03
 0.36675413039517E+03
 0.37359385300403E+03
 0.38041429072889E+03
 0.38721173237103E+03
 0.39398280050990E+03
 0.40072441240666E+03
 0.40743374741026E+03
 0.41410821836707E+03
 0.42074544644658E+03
 0.42734323942614E+03
 0.43389957369894E+03
 0.44041257902559E+03
 0.44688052361183E+03
 0.45330180158125E+03
 0.45967492467471E+03
 0.46599851019428E+03
 0.47227127519437E+03
 0.47849202777244E+03
 0.48465966130281E+03
 0.49077314937006E+03
 0.49683154040993E+03
 0.50283395290184E+03
 0.50877957179842E+03
 0.51466764513728E+03
 0.52049748057501E+03
 0.52626844254463E+03
 0.53197994946393E+03
 0.53763147163451E+03
 0.54322252944946E+03
 0.54875269016148E+03
 0.55422156727708E+03
 0.55962881754287E+03
 0.56497414118260E+03
 0.57025727917719E+03
 0.57547801086309E+03
 0.58063615496394E+03
 0.58573156660339E+03
 0.59076413697692E+03
 0.59573379115875E+03
 0.60064048818654E+03
 0.60548421937004E+03
 0.61026500712609E+03
 0.61498290426306E+03
 0.61963799254283E+03
 0.62423038332568E+03
 0.62876021322667E+03
 0.63322764754018E+03
 0.63763287521634E+03
 0.64197611098658E+03
 0.64625759302814E+03
 0.65047758200577E+03
 0.65463636157462E+03
 0.65873423553522E+03
 0.66277152831895E+03
 0.66674858367353E+03
 0.67066576445785E+03
 0.67452345069463E+03
 0.67832204012186E+03
 0.68206194620413E+03
 0.68574359787253E+03
 0.68936743903930E+03
 0.69293392748449E+03
 0.69644353399317E+03
 0.69989674178012E+03
 0.70329404595039E+03
 0.70663595249241E+03
 0.70992297778681E+03
 0.71315564795002E+03
 0.71633449771423E+03
 0.71946007047746E+03
 0.72253291724632E+03
 0.72555359587768E+03
 0.72852267092994E+03
 0.73144071268264E+03
 0.73430829674227E+03
 0.73712600336988E+03
 0.73989441700486E+03
 0.74261412581135E+03
 0.74528572097709E+03
 0.74790979637806E+03
 0.75048694802275E+03
 0.75301777362085E+03
 0.75550287205469E+03
 0.75794284307166E+03
 0.76033828678218E+03
 0.76268980330243E+03
