   478.80608573557492     
   478.80608573599255     
   478.80608574689603     
   478.80608582453607     
   478.80608611588764     
   478.80608686869988     
   478.80608823322490     
   478.80608849273875     
   478.80607609548593     
   478.80600820257922     
   478.80577172830726     
   478.80513155732490     
   478.80367802410933     
   478.80078697852991     
   478.79560142771976     
   478.78703736928702     
   478.77381101108995     
   478.75448141103936     
   478.72750171670111     
   478.69127268235911     
   478.64419371245987     
   478.58470813678070     
   478.51134099572499     
   478.42272872966515     
   478.31764099451772     
   478.19499530026224     
   478.05386548785845     
   477.89348506670717     
   477.71324643398390     
   477.51269688659829     
   477.29153219294653     
   477.04958836085950     
   476.78683211948561     
   476.50335052049149     
   476.19933996038668     
   475.87509493213037     
   475.53099664144435     
   475.16750170414656     
   474.78513107957554     
   474.38445929789418     
   473.96610415392911     
   473.53071689517412     
   473.07897303747700     
   472.61156377744140     
   472.12918816350100     
   471.63254591649826     
   471.12233107166270     
   470.59922627843196     
   470.06389790847237     
   469.51699185458904     
   468.95913002191992     
   468.39090749814937     
   467.81289033891829     
   467.22561394240114     
   466.62958195348386     
   466.02526564554751     
   465.41310377264779     
   464.79350274337696     
   464.16683720526407     
   463.53345085503025     
   462.89365754185212     
   462.24774250519204     
   461.59596384344366     
   460.93855402337493     
   460.27572156072108     
   459.60765265325563     
   458.93451294356436     
   458.25644918181263     
   457.57359094172119     
   456.88605226587799     
   456.19393324204475     
   455.49732155155345     
   454.79629389444142     
   454.09091734477312     
   453.38125065056670     
   452.66734535334768     
   451.94924691234155     
   451.22699564347448     
   450.50062759822168     
   449.77017535909300     
   449.03566870014890     
   448.29713521749744     
   447.55460079162361     
   446.80809005094414     
   446.05762669249140     
   445.30323378870304     
   444.54493034789959     
   443.78274544294959     
   443.01669805072271     
   442.24681015836893     
   441.47310359786650     
   440.69559998189214     
   439.91432062209839     
   439.12928642437771     
   438.34051771639685     
   437.54803407621614     
   436.75185416488108     
   435.95199546440432     
   435.14847407360395     
   434.34130452111839     
   433.53049944063895     
   432.71606933632256     
   431.89802209425972     
   431.07636317278849     
   430.25109511015557     
   429.42221699308982     
   428.58972452377390     
   427.75360959545588     
   426.91385996874368     
   426.07045908739246     
   425.22338575701798     
   424.37261380946745     
   423.51811200959554     
   422.65984348100488     
   421.79776558112115     
   420.93183000561055     
   420.06198176455320     
   419.18815935793367     
   418.31029438851527     
   417.42831132711598     
   416.54212720357236     
   415.65165124369082     
   414.75678486122439     
   413.85742099153543     
   412.95344406960635     
   412.04472899191865     
   411.13114216608255     
   410.21253999366377     
   409.28876872727682     
   408.35966402742196     
   407.42505205302325     
   406.48474671747806     
   405.53855134486963     
   404.58625496474565     
   403.62763697726342     
   402.66246336950837     
   401.69048482252168     
   400.71144016308443     
   399.72505197858862     
   398.73100683150767     
   397.72905510269442     
   396.71882555211823     
   395.69999010510719     
   394.67219263432827     
   393.63505416922931     
   392.58817994371339     
   391.53115385473257     
   390.46353945136502     
   389.38487781167424     
   388.29468842919812     
   387.19246489114056     
   386.07768010035653     
   384.94977857714002     
   383.80817927113947     
   382.65227330818959     
   381.48142310394314     
   380.29496246774335     
   379.09219441949296     
   377.87239186198678     
   376.63479709384376     
   375.37861826601215     
   374.10303304814761     
   372.80718855018245     
   371.49019824489358     
   370.15114975228136     
   368.78909980716458     
   367.40308309054734     
   365.99211211854777     
   364.55518614279163     
   363.09129601722685     
   361.59943793696510     
   360.07862287003820     
   358.52786104723481     
   356.94630225352552     
   355.33309411563505     
   353.68751691433732     
   352.00900384495651     
   350.29718302796186     
   348.55194194297320     
   346.77349546980741     
   344.96247616425279     
   343.12002947010888     
   341.24794063655708     
   339.34877229180518     
   337.42601901719820     
   335.48428992264553     
   333.52949610183748     
   331.56905864485651     
   329.61211323892911     
   327.66970039395460     
   325.75493631951235     
   323.88312494899191     
   322.07179678550426     
   320.34064976324936     
   318.71135850437156     
   317.20724300645105     
   315.85277555797632     
   314.67295287991169     
   313.69255189213743     
   312.93512819134952     
   312.42289575775982     
   312.17499692058459     
   312.20748703046405     
   312.53274513686983     
   313.15923708942137     
   314.09147616307695     
   315.33018640121867     
   316.87260736410150     
   318.71292064221211     
   320.84269711575331     
   323.25142616415349     
   325.92698576717521     
   328.85608809459245     
   332.02468631653852     
   335.41831354141647     
   339.02237128909024     
   342.82231706790390     
   346.80399690553560     
   350.95354998371869     
   355.25765051419660     
   359.70355959496032     
   364.27912979259258     
   368.97286071113700     
   373.77387884559442     
   378.67193927886603     
   383.65740658295681     
   388.72124262073874     
   393.85497170308321     
   399.05064334934275     
   404.30083589172455     
   409.59857776609761     
   414.93736143719775     
   420.31108844546782     
   425.71407277772005     
   431.14095652574895     
   436.58673999022386     
   442.04674706601872     
   447.51653741682196     
   452.99208447315192     
   458.46947262088673     
   463.94506843104273     
   469.41547226312048     
   474.87747015107738     
   480.32805736259110     
   485.76439668096901     
   491.18382528528122     
   496.58383602467990     
   501.96206342602477     
   507.31628625601826     
   512.64441153416453     
   517.94446754240175     
   523.21459957988429     
   528.45305877557485     
   533.65820480478965     
   538.82848868064684     
   543.96246028381643     
   549.05875216279594     
   554.11608597291831     
   559.13325868185734     
   564.10914640047235     
   569.04269607666913     
   573.93292755748723     
   578.77892416388579     
   583.57983430399838     
   588.33486732750316     
   593.04329352790955     
   597.70443666537574     
   602.31767800610191     
   606.88244830681992     
   611.39823075378513     
   615.86455636751316     
   620.28100340558069     
   624.64719415940965     
   628.96279516215566     
   633.22751438634748     
   637.44110144845592     
   641.60334321652761     
   645.71406448993946     
   649.77312621196018     
   653.78042505894575     
   657.73589020305121     
   661.63948285644688     
   665.49119648526914     
   669.29105401536685     
   673.03910615021562     
   676.73543266502850     
   680.38013889037450     
   683.97335523136530     
   687.51523792931187     
   691.00596528271910     
   694.44573826390354     
   697.83477953366901     
   701.17333194487446     
   704.46165768334413     
   707.70003753775268     
   710.88876996298222     
   714.02817041993285     
   717.11856963323180     
   720.16031422948106     
   723.15376423238376     
