-0.31955298108572E-10
-0.19014081170396E-10
-0.23804715032154E-10
-0.64622933605116E-11
-0.87919389999214E-11
-0.86044487942412E-11
-0.83431199231197E-11
-0.57264712668182E-12
-0.41623035045303E-11
-0.69722739288565E-11
-0.40055392398146E-11
-0.44738154836766E-11
-0.39803719315044E-11
-0.28419329608093E-11
-0.24998834918970E-11
-0.36499029106679E-11
-0.19449153301225E-11
-0.24412286711767E-11
-0.34278960904826E-11
-0.29452927266099E-11
-0.64940273390178E-12
-0.21117129656427E-11
-0.21586925759133E-11
-0.19446638106930E-11
-0.27491383687928E-11
-0.78252787964977E-12
-0.24587961003700E-11
-0.76486353169229E-12
-0.19156653308939E-11
-0.13450673077392E-11
-0.12796209991424E-11
-0.56491129790545E-12
-0.24665995317273E-11
-0.96347628387578E-12
-0.17950987167333E-11
-0.12440842457130E-11
-0.15187149404891E-11
-0.15368666200292E-11
-0.66595195922136E-12
-0.15713252034887E-11
-0.13006514755032E-11
-0.16641333863264E-11
-0.15769900269887E-11
-0.12099829689132E-11
-0.91400736962363E-12
-0.90274983095256E-12
-0.78977559566585E-12
-0.70796112730246E-12
-0.66639140682411E-12
-0.13236181301133E-12
-0.72762807305491E-12
-0.87728107460350E-12
-0.41911450349146E-12
-0.41940122283745E-12
-0.95450229945066E-12
-0.10989461698822E-11
-0.14496184128604E-11
-0.46176820309452E-12
-0.67554832068657E-12
-0.10536276314246E-11
-0.69212195507107E-12
-0.97784587921493E-12
-0.81518701741952E-12
-0.64652951935273E-12
-0.55788400114205E-12
-0.73097863950495E-12
-0.50962413880485E-12
-0.10453412350258E-11
-0.55429798578902E-12
-0.85736246528921E-13
-0.12658043875434E-11
-0.18640111032774E-12
-0.67131523904356E-12
-0.70013641240488E-12
-0.10595150524587E-11
-0.55963615669950E-12
-0.38891543395921E-12
-0.84720891886910E-12
-0.43656100763518E-12
-0.76190632252855E-12
-0.69401582987516E-12
-0.94817584888721E-12
-0.69728440835705E-12
-0.58373388069015E-12
-0.40398350572880E-12
-0.59615795877113E-12
-0.59519871505423E-12
-0.47910705600633E-12
-0.44045968174375E-12
-0.69017924344656E-12
-0.76219028230233E-12
-0.55183720753182E-12
-0.44583818728247E-12
-0.43832338679033E-12
-0.47384403322744E-12
-0.64989905602487E-12
-0.26068918887294E-12
-0.53111797385906E-12
-0.33336592835173E-12
-0.46306865990950E-12
-0.26478606505947E-12
-0.85057048420247E-12
-0.69137656951067E-12
-0.50290284380255E-12
-0.40593664113126E-12
-0.40352720031903E-12
-0.29392412152963E-12
-0.59800616667556E-12
-0.46055395160103E-12
-0.21890885567861E-12
-0.48501054960626E-12
-0.34376366241709E-12
-0.62239879984289E-12
-0.23953407081599E-12
-0.25903789416707E-12
-0.20848752315430E-12
-0.28842526796699E-12
-0.53429523017063E-12
-0.18099596598624E-12
-0.24737723409597E-12
-0.36377061361258E-12
-0.29991505452186E-12
-0.37977910331474E-12
-0.44073891923843E-12
-0.25985009208431E-12
-0.48093686317068E-12
-0.28248304744561E-12
-0.37488309497956E-12
-0.25219596468769E-12
-0.35712603063483E-12
-0.40284157164217E-12
-0.46777361358770E-12
-0.47894720635485E-12
-0.43888445821526E-12
-0.29308365906123E-13
-0.54977808012496E-12
-0.21187898735295E-12
-0.96666694679906E-13
-0.21750629120615E-12
-0.27801464557221E-12
-0.32245065678692E-12
-0.26336021211854E-12
-0.33213915169283E-12
-0.15927548232767E-12
-0.15308162424906E-12
-0.40105640802305E-12
-0.17844161974850E-12
-0.29484305215863E-12
-0.22300472886707E-12
-0.33784263671965E-12
-0.43541168203726E-12
-0.27424636314479E-12
-0.30476653075715E-12
-0.23040523131644E-12
-0.24539768992865E-12
-0.45399869286490E-12
-0.44830101841480E-12
-0.45055890655499E-12
-0.30404434499354E-12
-0.56005746552567E-12
-0.16788288988388E-12
-0.31396098911743E-12
-0.28031251669089E-12
-0.19377809585862E-12
-0.93761306490619E-14
-0.15106060966470E-12
-0.43579788172608E-12
-0.18531202829560E-12
-0.27075542433187E-12
-0.23972086045284E-12
-0.23788496540866E-12
-0.16378096933409E-12
-0.27348596015947E-12
-0.24588456859557E-12
-0.34420540545144E-12
-0.38009002259583E-12
-0.26588770389603E-12
-0.39147794723770E-12
-0.17481874292816E-12
-0.27672064976529E-12
-0.24879163577955E-12
-0.38028426186936E-12
-0.25001768343476E-12
-0.26536779408929E-12
-0.28985335301708E-12
-0.24321728515038E-12
-0.23627707471283E-12
-0.21272761035747E-12
-0.29777037052206E-12
-0.24130464734464E-12
-0.37031852079664E-12
-0.38527297991592E-12
-0.37154646705753E-12
-0.29739610348261E-12
-0.25680888723738E-12
-0.17333813625573E-12
-0.32333769410601E-12
-0.31642777975242E-12
-0.15925365951085E-12
-0.27577376745800E-12
-0.15753693133121E-12
-0.22165309293012E-12
-0.17654153958204E-12
-0.22533554591135E-12
-0.33501883452229E-12
-0.64701740329281E-13
-0.15046243750823E-12
-0.90762942753523E-13
-0.21382453676244E-12
-0.16276735626645E-12
-0.31481787051120E-12
-0.29620269274115E-12
-0.24020914748201E-12
-0.29713253406926E-12
-0.10518262233435E-12
-0.18257040169423E-12
 0.82014838955449E-13
-0.19321138372720E-12
-0.24057053117635E-12
-0.15475482947191E-12
-0.87331280530119E-13
-0.17917342069628E-12
-0.21020964129330E-12
-0.21102101700068E-12
-0.49304889938172E-13
-0.22242873502965E-12
-0.11126890849168E-12
-0.22647417610614E-12
-0.16993888118225E-12
-0.83286165421538E-13
-0.37567987660432E-13
-0.22179424627126E-12
-0.19833751119701E-12
-0.74450378886532E-13
-0.16693078971935E-12
-0.10902858201972E-12
-0.90654355150517E-13
-0.27788314658926E-12
-0.17575554037403E-12
-0.25760567104860E-12
-0.13283323672131E-12
-0.35421065645165E-13
-0.56145540860072E-13
-0.18227492703938E-12
-0.11990673491171E-12
-0.18766334109292E-12
-0.11369734608566E-12
-0.12677432118380E-12
-0.13732195014318E-12
-0.66533829587754E-13
-0.10662554790744E-12
-0.14314476433404E-12
-0.61319363907088E-13
-0.88073103624380E-13
-0.55645649613001E-13
-0.94126201884237E-13
-0.10635114871240E-12
-0.86312270272814E-13
-0.69782901263252E-13
-0.58092302239310E-13
-0.15723963266031E-13
-0.33501121714971E-13
-0.38442773399361E-13
-0.40513320170374E-13
-0.27484075843500E-13
-0.56475840233086E-13
-0.59920163443844E-13
-0.51752099817675E-13
-0.18785297915474E-13
-0.47279711573199E-13
-0.54869877194249E-13
-0.24578316221712E-13
-0.24650806690381E-13
-0.31495828715751E-13
-0.30098583399972E-13
-0.17916888442105E-13
-0.20754249284111E-13
-0.13131236656122E-13
-0.20124904720617E-13
-0.29878958047355E-14
-0.17970991912966E-14
 0.77879520439659E-15
 0.57388627655303E-14
 0.79303082942372E-14
 0.12364689330999E-13
 0.11526737006445E-13
 0.23950204502755E-13
 0.24721111265140E-13
 0.28751042062879E-13
 0.26579518290611E-13
 0.43069238818739E-13
 0.47323514034068E-13
 0.58007270307253E-13
 0.50787257666191E-13
 0.57401085920942E-13
 0.51590871926840E-13
 0.48360963529546E-13
 0.63041896426706E-13
 0.72556485615148E-13
 0.86743296820388E-13
