   6.91360382032448847522976250442333937      
   6.91360382032448897452856100055816334      
   6.91360382032452743201328781372420908      
   6.91360382032516444341181800519020195      
   6.91360382032990751712095170087933519      
   6.91360382035170981779289183518755764      
   6.91360382042467998402730538438689051      
   6.91360382061958405575439078533578001      
   6.91360382105548862151324573233778284      
   6.91360382188595357242001117438054510      
   6.91360382321898980234024112478550671      
   6.91360382491702757164351706322883808      
   6.91360382622650346140019690418540484      
   6.91360382520635179018807874447952150      
   6.91360381795271752379068078882407519      
   6.91360379764466427503583148383592841      
   6.91360375345691122417181266269953708      
   6.91360366939923818149891080266703696      
   6.91360352314906522741207647180729674      
   6.91360328494558978760543681228485254      
   6.91360291661224946093248429213366000      
   6.91360237076968777774772072067401868      
   6.91360159029346640802891662667930462      
   6.91360050805957806994133623501534013      
   6.91359904700543518995043666863484430      
   6.91359712051626663289406669837546227      
   6.91359463312674453522436275874777677      
   6.91359148150858910967833813367591912      
   6.91358755569777431970992241770251713      
   6.91358274050114751059705661666417630      
   6.91357691701483735813724553759618630      
   6.91356996418359241806543757054837702      
   6.91356176033273148272552351793686564      
   6.91355218461111220554624555726010505      
   6.91354111829354527795830426686947878      
   6.91352844590300605948180318710232891      
   6.91351405612587409238891855593776007      
   6.91349784250581478370946535781434889      
   6.91347970391370612588438590876736178      
   6.91345954480045125201643280477125944      
   6.91343727524795432733790114871519939      
   6.91341281083909422488108123834312852      
   6.91338607237181002619776375781888586      
   6.91335698544432065574968954254438282      
   6.91332547993930489159994397387647537      
   6.91329148943421623307026207460822472      
   6.91325495056324594667597000282474031      
   6.91321580235410253492013354021475667      
   6.91317398556014344134705969434105609      
   6.91312944200534823178330064113594472      
   6.91308211395632467353839715718967797      
   6.91303194353289013235473031300411471      
   6.91297887216572395943962128672040024      
   6.91292284010678044512142312247104833      
   6.91286378599626457605175199193648690      
   6.91280164648749157799114817888038388      
   6.91273635592935807451504162322530165      
   6.91266784610490912933554911166649426      
   6.91259604602279781703636116524737672      
   6.91252088175828403832720981049179649      
   6.91244227633871797407417289621905787      
   6.91236014965512826590428713376602048      
   6.91227441847409984363804935183700767      
   6.91218499635445151052886630982347393      
   6.91209179370602384174655307336227133      
   6.91199471780997604056283320022942081      
   6.91189367286411598305403066951566196      
   6.91178856003546464206557570723850166      
   6.91167927751736603613149256859837186      
   6.91156572058593773093791397663313833      
   6.91144778165075684715024452938801714      
   6.91132535029873471273275143194458553      
   6.91119831332553295908397885437602081      
   6.91106655475208304097718023914319889      
   6.91092995582500305758599682716799656      
   6.91078839499638345814255174982959757      
   6.91064174788090275925270729810693433      
   6.91048988719225148959323670329573013      
   6.91033268265276458062331443811501191      
   6.91017000087807599127834905244932069      
   6.91000170523729040583619272642342541      
   6.90982765567882795210236470086493329      
   6.90964770853082522650096860306644849      
   6.90946171626937561641873510328495433      
   6.90926952726687325530539510408984110      
   6.90907098549914348086773970082447637      
   6.90886593023136937960420167853941372      
   6.90865419566264153865946763953462162      
   6.90843561055994736830276300562850563      
   6.90820999783701457248204115955402955      
   6.90797717410318166003644701512992553      
   6.90773694920723760306940613728318453      
   6.90748912572811967357118878158177087      
   6.90723349844375316605854660082043727      
   6.90696985377354900046870077501626986      
   6.90669796918523312143392339026843386      
   6.90641761251032802049889850689231497      
   6.90612854133578414093921083343389583      
   6.90583050229185577818586843878121589      
   6.90552323033348899546994953095823720      
   6.90520644796032488746771697079268109      
   6.90487986442653756785983582596049917      
   6.90454317493679828509178168029275109      
   6.90419605968975204745392880385826960      
   6.90383818301599628751325203814535483      
   6.90346919243654965182043000823101695      
   6.90308871773187760821778392963685606      
   6.90269636979012068880751696799356077      
   6.90229173952391473193578316678715319      
   6.90187439682905483171270508355660912      
   6.90144388952928710238834502556648616      
   6.90099974186015790711447556159205889      
   6.90054145328907507344655288388030865      
   6.90006849737452420270775404405204985      
   6.89958032031625890297600761404298548      
   6.89907633910691530961949475265661308      
   6.89855594062601536041762961306460771      
   6.89801847981600454492126337345153311      
   6.89746327749439885936947007193922689      
   6.89688961983235816053918216032145606      
   6.89629675538116682832822345813762517      
   6.89568389368134453766740233421176909      
   6.89505020307739809549012040514042355      
   6.89439480913954662136593302002845733      
   6.89371679160641771379450451864536597      
   6.89301518313300451788100864664054419      
   6.89228896579404568649897777305892918      
   6.89153706951688918015990620335930212      
   6.89075836886638018885015847091878404      
   6.88995168032957920197043369772929688      
   6.88911575941092648194346041542059145      
   6.88824929778105325225893580889709735      
   6.88735091928849107637952314591960539      
   6.88641917758348107954693743948443539      
   6.88545255131118165337041285523007693      
   6.88444944118183665748508620865615564      
   6.88340816562376952477911767288041314      
   6.88232695607805388902738660911534329      
   6.88120395282912669193599638758633126      
   6.88003720052050626410373477014523730      
   6.87882464225624676450805529820499628      
   6.87756411460596658423526690087754168      
   6.87625334224190138350812791264655702      
   6.87488993099785197819944257013835646      
   6.87347136167926543530481833511714276      
   6.87199498388305833867476422426427375      
   6.87045800773896638607513598819882944      
   6.86885749598275162058362434280445338      
   6.86719035669363037380660266685890569      
   6.86545333319021853468893871447386331      
   6.86364299540586820984366244989685419      
   6.86175572938174550573073036225517725      
   6.85978772602430983800179499231226231      
   6.85773497095658796276859589765771824      
   6.85559323032886539410334039097125638      
   6.85335803833139165132806584876848315      
   6.85102468350057066157904399875463177      
   6.84858819262228774774666984771583621      
   6.84604331484183458977697254628096411      
   6.84338450421432489288746063526845048      
   6.84060590078108410771757516855347168      
   6.83770131051496820562748409471924188      
   6.83466418353808889552390408752651290      
   6.83148759124134671773393605368445507      
   6.82816420095278720525972395818725686      
   6.82468624924356780137833529041099443      
   6.82104551428155456754549775283129181      
   6.81723328425616119097362848692630403      
   6.81324032474890884420950648238933668      
   6.80905684427836590356805397225897230      
   6.80467245668372739049307414869832724      
   6.80007614211184722483397360970121258      
   6.79525620398050655565470509371428421      
   6.79020022629066882059439534038961009      
   6.78489502645464460869479474751705494      
   6.77932660667991486090368439268277064      
   6.77348010639297494161377320563152606      
   6.76733974810380649040302341264792063      
   6.76088878800086049538161863964490522      
   6.75410946513882558596496653996097269      
   6.74698295195015081510143494994139078      
   6.73948930897736808580314591181808501      
   6.73160744462451593681379632687243382      
   6.72331508277484807337170810994177648      
   6.71458874145696706935587018491254207      
   6.70540372548538862691067636304414917      
   6.69573413619471809310340287802285892      
   6.68555290530347184178078453855839762      
   6.67483185271880526071258506145905572      
   6.66354177412199547269969667316914063      
   6.65165256467191076307636312390854923      
   6.63913337031989204301830728249725235      
   6.62595277637178042589851547344529238      
   6.61207902505662010081028813806011255      
   6.59748025225686798145140286562885360      
   6.58212473712307049724078361519178704      
   6.56598114985356664859830511812241625      
   6.54901877950052994917950626647625772      
   6.53120773239065623883623171073238480      
   6.51251908529050811745233993923578084      
   6.49292498861180006352129190182532829      
   6.47239871155858418503276156944050505      
   6.45091464014845791662733547819870721      
   6.42844823733606076823386442100764952      
   6.40497597737660827837449630365423554      
   6.38047524779806256709819835924244321      
   6.35492428525401806780899575581590771      
   6.32830208657573432145460352948164962      
   6.30058834592469017594237577506583310      
   6.27176340204225250602841121785447211      
   6.24180820085975868453560388579945347      
   6.21070426430890216401374633977971827      
   6.17843366690044168661428711886939031      
   6.14497901425061125054349008642530088      
   6.11032342032368798040032311756474431      
   6.07445048475229428812988474404931729      
   6.03734426529085116323025431611818068      
   5.99898924850764021680252777238313228      
   5.95937031754750257688337889081375071      
   5.91847271862132488291984339227820157      
   5.87628202586409646537024960973111466      
   5.83278410649075598581678856710662396      
   5.78796508668364050494790755117597598      
   5.74181131807675519640792554215079807      
   5.69430934594779323832219090607465146      
   5.64544587995729949011626598076661855      
   5.59520776608423476875948241148549550      
   5.54358196137367055977509763985489831      
   5.49055551060842798114294839823333600      
   5.43611552517519490931619843754558057      
   5.38024916418356416917625318411938985      
   5.32294361739327744686061843064073795      
   5.26418609005884216880468493516274860      
   5.20396378931613510496852836385359465      
   5.14226391226788030660969684138716300      
   5.07907363546091238188226391391754446      
   5.01438010543029226649237569734256878      
   4.94817043056972278910894487310428870      
   4.88043167389422095507243933573742210      
   4.81115084663329088781886295299695393      
   4.74031490289088565036143656275410455      
   4.66791073462879433816097013835379083      
   4.59392516746059251316694154776962923      
   4.51834495702736564376737004025458489      
   4.44115678574815692248190389311903897      
   4.36234725999541733796007628252138765      
   4.28190290771140786450552540740152941      
   4.19981017630123669708470991182581414      
   4.11605543081952978977128261939814168      
   4.03062495237848316550428561033271452      
   3.94350493683746537233594135597510741      
   3.85468149364693209351044013815790785      
   3.76414064485592866318135445413773453      
   3.67186832428209481704640264210040706      
   3.57785037682938386298964542773500829      
   3.48207255792877859588119208795959030      
   3.38452053300284219397406882180428258      
   3.28517987713728995563917006304602300      
   3.18403607473448890308605368875128873      
   3.08107451932776509882965892098626092      
   2.97628051335062056622838838592608354      
   2.86963926805192258490033342520410416      
   2.76113590343171159683406960944332582      
   2.65075544820791599363602525320238071      
   2.53848283980870068886933325898457553      
   2.42430292445054682262019816236254801      
   2.30820045719196612937069744900101114      
   2.19016010203522760922427559144681258      
   2.07016643205518451160851059859210175      
   1.94820392954476628009668409132344775      
   1.82425698616985431843554706712049293      
   1.69830990314730166412519962711379001      
   1.57034689143523133895097031616713404      
   1.44035207194485250398391574834784454      
   1.30830947573152172584119623829039518      
   1.17420304423502888271714186689720216      
   1.03801662950236631534733995686486430      
  0.899733994423006057569835669385670033      
  0.759338812975656340174180338963118532      
  0.616814670464885744348224518794452685      
  0.472145063784707707980629392370740783      
  0.325313401657986470196785902790578040      
  0.176303004910946496132938839171663935      
   2.50971067136996570150786336531187869E-0002
 -0.128321147143780261874511291330357196      
 -0.283968697992538426749311939059668228      
 -0.441862574029842545469130457806484187      
 -0.602019890046122333467883544712443832      
 -0.764457847159421854213709703790687876      
 -0.929193732552991020925462872819209284      
  -1.09624491922074295559566997033849267      
  -1.26562886568557315181625996358323169      
  -1.43736311574699285912863357644147493      
  -1.61146529822039608294362207525615342      
  -1.78795312666108540203155920096913335      
  -1.96684439912477956874845040968772329      
  -2.14815699788663061240316113521819728      
  -2.33190888919620172814034022856668115      
  -2.51811812302130794724116805246724338      
  -2.70680283277394184654468328154886393      
