   6.9605646042765610     
   6.9605646042765876     
   6.9605646042782423     
   6.9605646042979643     
   6.9605646044086908     
   6.9605646048102674     
   6.9605646059143451     
   6.9605646084269432     
   6.9605646134179144     
   6.9605646223456548     
   6.9605646370099601     
   6.9605646593575008     
   6.9605646911222916     
   6.9605647332525145     
   6.9605647851463237     
   6.9605648437114596     
   6.9605649023039975     
   6.9605649496117818     
   6.9605649685389164     
   6.9605649351515551     
   6.9605648177768940     
   6.9605645762627057     
   6.9605641614977856     
   6.9605635151992455     
   6.9605625700289391     
   6.9605612499516001     
   6.9605594709720773     
   6.9605571420592547     
   6.9605541663609305     
   6.9605504424984233     
   6.9605458660179149     
   6.9605403308242630     
   6.9605337306087405     
   6.9605259601438734     
   6.9605169164488245     
   6.9605064997735751     
   6.9604946143786526     
   6.9604811690695039     
   6.9604660775653242     
   6.9604492586155633     
   6.9604306359296189     
   6.9604101379562513     
   6.9603876974923633     
   6.9603632511940052     
   6.9603367389749282     
   6.9603081033550378     
   6.9602772887699587     
   6.9602442408329903     
   6.9602089056456817     
   6.9601712290740165     
   6.9601311560967893     
   6.9600886301655871     
   6.9600435926341753     
   6.9599959822098212     
   6.9599457345071114     
   6.9598927816125888     
   6.9598370517379315     
   6.9597784688846591     
   6.9597169526349401     
   6.9596524178927623     
   6.9595847747453767     
   6.9595139283182865     
   6.9594397786771003     
   6.9593622207448123     
   6.9592811442565354     
   6.9591964337083967     
   6.9591079683379373     
   6.9590156220911030     
   6.9589192635870418     
   6.9588187561240273     
   6.9587139575976957     
   6.9586047204972274     
   6.9584908918220263     
   6.9583723130067394     
   6.9582488198453607     
   6.9581202423464887     
   6.9579864046170012     
   6.9578471246952365     
   6.9577022143440086     
   6.9575514788674386     
   6.9573947168354069     
   6.9572317198097711     
   6.9570622720794670     
   6.9568861502928963     
   6.9567031230852070     
   6.9565129383115245     
   6.9563153706008194     
   6.9561101512034726     
   6.9558970125280606     
   6.9556756767086902     
   6.9554458550752560     
   6.9552072475365039     
   6.9549595419599131     
   6.9547024135598905     
   6.9544355241844684     
   6.9541585215608350     
   6.9538710386083009     
   6.9535726925332586     
   6.9532630842099588     
   6.9529417970917784     
   6.9526083966006267     
   6.9522624288425305     
   6.9519034190775741     
   6.9515308722802809     
   6.9511442711701399     
   6.9507430743692717     
   6.9503267164010794     
   6.9498946057482840     
   6.9494461238341101     
   6.9489806236933163     
   6.9484974284657719     
   6.9479958300076081     
   6.9474750874598481     
   6.9469344253904906     
   6.9463730319700581     
   6.9457900588006138     
   6.9451846165525186     
   6.9445557747525886     
   6.9439025590939609     
   6.9432239496634711     
   6.9425188791370438     
   6.9417862291416910     
   6.9410248296292512     
   6.9402334554720975     
   6.9394108229106015     
   6.9385555878244780     
   6.9376663430213625     
   6.9367416141455847     
   6.9357798566968505     
   6.9347794530596722     
   6.9337387104294388     
   6.9326558535570966     
   6.9315290214697658     
   6.9303562638551668     
   6.9291355412788533     
   6.9278647130121405     
   6.9265415343259678     
   6.9251636524797870     
   6.9237285942731797     
   6.9222337646372978     
   6.9206764952511035     
   6.9190539169028922     
   6.9173630435119531     
   6.9156007463464890     
   6.9137637407769681     
   6.9118485803019469     
   6.9098516428523462     
   6.9077691301031923     
   6.9055970527032269     
   6.9033312187075291     
   6.9009672205292878     
   6.8985004374752767     
   6.8959260038255668     
   6.8932388092316499     
   6.8904334790600803     
   6.8875043612001079     
   6.8844455097058797     
   6.8812506752173253     
   6.8779132751566268     
   6.8744263889403845     
   6.8707827253111695     
   6.8669746194579053     
   6.8629939940291624     
   6.8588323498661481     
   6.8544807431364507     
   6.8499297576666995     
   6.8451694770126181     
   6.8401894738701836     
   6.8349787745006969     
   6.8295258399025203     
   6.8238185461416592     
   6.8178440940645819     
   6.8115892129917919     
   6.8050398295589769     
   6.7981812573480198     
   6.7909981224091958     
   6.7834743772810251     
   6.7755932799020488     
   6.7673374166634233     
   6.7586887124599917     
   6.7496284546787830     
   6.7401373271614959     
   6.7301954623337767     
   6.7197825028754421     
   6.7088776574320859     
   6.6974597940818104     
   6.6855075220005542     
   6.6729992909804556     
   6.6599134856831999     
   6.6462285080564998     
   6.6319228845075475     
   6.6169753320796421     
   6.6013648223351957     
   6.5850706321449364     
   6.5680723647922603     
   6.5503499765331350     
   6.5318837594344181     
   6.5126543298536124     
   6.4926426151493164     
   6.4718298151449778     
   6.4501974033872767     
   6.4277270768553896     
   6.4044007582171059     
   6.3802005904193280     
   6.3551089338241873     
   6.3291083612209977     
   6.3021816731691782     
   6.2743118986236057     
   6.2454823016933911     
   6.2156763799860251     
   6.1848778749699242     
   6.1530707572287167     
   6.1202392249982198     
   6.0863676962869766     
   6.0514407952054823     
   6.0154433486804617     
   5.9783603316064964     
   5.9401769154185935     
   5.9008784048766190     
   5.8604502383652211     
   5.8188779671228179     
   5.7761472438768289     
   5.7322438067664976     
   5.6871534661776559     
   5.6408620919909556     
   5.5933556016730055     
   5.5446199489683181     
   5.4946411141595703     
   5.4434050950459270     
   5.3908978985792011     
   5.3371055332974455     
   5.2820140009269227     
   5.2256092933383140     
   5.1678773836212368     
   5.1088042225027088     
   5.0483757350289737     
   4.9865778131250149     
   4.9233963174796829     
   4.8588170617171862     
   4.7928258276798914     
   4.7254083495787658     
   4.6565503148441518     
   4.5862373621913184     
   4.5144550791490632     
   4.4411890012890787     
   4.3664246091141621     
   4.2901473275630755     
   4.2123425241826897     
   4.1329955079950604     
   4.0520915282299512     
   3.9696157735529303     
   3.8855533709284433     
   3.7998893844684680     
   3.7126088152217211     
   3.6236965999207591     
   3.5331376107066985     
   3.4409166541730976     
   3.3470184709302071     
   3.2514277352098073     
   3.1541290541854550     
   3.0551069674425264     
   2.9543459470668765     
   2.8518303966837859     
   2.7475446514171997     
   2.6414729773972825     
   2.5335995716557731     
   2.4239085617104812     
   2.3123840053489997     
   2.1990098903584872     
   2.0837701343868136     
   1.9666485844844364     
   1.8476290172835039     
   1.7266951386050573     
   1.6038305834410898     
   1.4790189156659228     
   1.3522436276869012     
   1.2234881403488007     
   1.0927358033916983     
  0.95996989472092809     
  0.82517362076502110     
  0.68833011588461812     
  0.54942244272075336     
  0.40843359171491167     
  0.26534648141295381     
  0.12014395824321977     
  -2.7191203693701649E-002
 -0.17667630266198353     
 -0.32832870885643500     
 -0.48216586550651580     
 -0.63820528748146887     
 -0.79646456267619503     
 -0.95696135122388304     
  -1.1197133859818491     
  -1.2847384719840318     
  -1.4520544875399086     
  -1.6216793829898142     
  -1.7936311813572829     
  -1.9679279783769306     
  -2.1445879425802925     
  -2.3236293152874561     
