-0.69628868653328E-10
-0.32619961270545E-10
-0.15645132711558E-10
-0.14139167231092E-10
-0.13144020303868E-10
-0.93989874876714E-11
-0.13222605619402E-10
-0.11556151499632E-11
-0.54260305386932E-11
-0.66523366218905E-11
-0.32536346692184E-11
-0.62656335137707E-11
-0.61636495810317E-11
-0.39770891109139E-11
-0.33925517233129E-11
-0.36908264494235E-11
-0.52749051659878E-11
-0.35422488316931E-11
-0.11313525083375E-11
-0.39537263731296E-11
-0.40740514917649E-11
-0.38862168614825E-11
-0.15035337802566E-11
-0.22138536215082E-11
-0.22761108956028E-11
 0.42217243496169E-12
 0.78293955706315E-11
 0.29420736932031E-10
 0.78577946728448E-10
 0.18797730372640E-09
 0.41597733043640E-09
 0.85556362838211E-09
 0.16701909061855E-08
 0.31145950460273E-08
 0.55841892790607E-08
 0.96608685340654E-08
 0.16194355342175E-07
 0.26378537722322E-07
 0.41863859313147E-07
 0.64874235343059E-07
 0.98361395188905E-07
 0.14616509084890E-06
 0.21320048321492E-06
 0.30786291579603E-06
 0.43267600110607E-06
 0.59765371197178E-06
 0.81877540401370E-06
 0.11120438613302E-05
 0.14896655553593E-05
 0.19726837976908E-05
 0.25781872289359E-05
 0.33361338336212E-05
 0.42744062972881E-05
 0.54336410332591E-05
 0.68524735736681E-05
 0.85742528771345E-05
 0.10650588373496E-04
 0.13131650774972E-04
 0.16077338729653E-04
 0.19556746128149E-04
 0.23646329015562E-04
 0.28428732291187E-04
 0.33986726826143E-04
 0.40412726633312E-04
 0.47812320271117E-04
 0.56292431396460E-04
 0.65968718173289E-04
 0.76964042990062E-04
 0.89408415636865E-04
 0.10343892200053E-03
 0.11919960335642E-03
 0.13684129844711E-03
 0.15652140933978E-03
 0.17840386029247E-03
 0.20265857426624E-03
 0.22946133201038E-03
 0.25899354353757E-03
 0.29144161394285E-03
 0.32699788935310E-03
 0.36585739606835E-03
 0.40822071732712E-03
 0.45429229040551E-03
 0.50427977831505E-03
 0.55839403454332E-03
 0.61684825483277E-03
 0.67985854215398E-03
 0.74764290825689E-03
 0.82042140944223E-03
 0.89841553364702E-03
 0.98184809496421E-03
 0.10709431801251E-02
 0.11659254231458E-02
 0.12670202840152E-02
 0.13744529102482E-02
 0.14884493443922E-02
 0.16092361080965E-02
 0.17370392046448E-02
 0.18720866001211E-02
 0.20146026769775E-02
 0.21648113924247E-02
 0.23229601269821E-02
 0.24892545421959E-02
 0.26639240428780E-02
 0.28471967980386E-02
 0.30393128444494E-02
 0.32405054277151E-02
 0.34510086442104E-02
 0.36710445421192E-02
 0.39008508409188E-02
 0.41406561358073E-02
 0.43907124128992E-02
 0.46512525032126E-02
 0.49225446681542E-02
 0.52048452042731E-02
 0.54984080948646E-02
 0.58034728857093E-02
 0.61202923340516E-02
 0.64491598388579E-02
 0.67903703793210E-02
 0.71441873943108E-02
 0.75109293852426E-02
 0.78908400227462E-02
 0.82843036231113E-02
 0.86915809090894E-02
 0.91130185714390E-02
 0.95489228644561E-02
 0.99997454120115E-02
 0.10465640672228E-01
 0.10947263733814E-01
 0.11444707593615E-01
 0.11958582496707E-01
 0.12489179117510E-01
 0.13036898516079E-01
 0.13602310323817E-01
 0.14185654089511E-01
 0.14787489410354E-01
 0.15408375945942E-01
 0.16048627065204E-01
 0.16708892111423E-01
 0.17389545201365E-01
 0.18091128724272E-01
 0.18814233110834E-01
 0.19559311421509E-01
 0.20326902839368E-01
 0.21117626160917E-01
 0.21931992141701E-01
 0.22770526195819E-01
 0.23633860199193E-01
 0.24522418438392E-01
 0.25436873244547E-01
 0.26377612235695E-01
 0.27345196402013E-01
 0.28340079912111E-01
 0.29362741579542E-01
 0.30413631964787E-01
 0.31493010886078E-01
 0.32601190391012E-01
 0.33738397717116E-01
 0.34904833962742E-01
 0.36100460828483E-01
 0.37325244502733E-01
 0.38578934565413E-01
 0.39861064670263E-01
 0.41171050008543E-01
 0.42508072979642E-01
 0.43871030768374E-01
 0.45258512141734E-01
 0.46668781577491E-01
 0.48099632449801E-01
 0.49548440288719E-01
 0.51012115673706E-01
 0.52486818173045E-01
 0.53968085017109E-01
 0.55450607382558E-01
 0.56928297032035E-01
 0.58394141991346E-01
 0.59839971715677E-01
 0.61256406722339E-01
 0.62632791353972E-01
 0.63957238503961E-01
 0.65216401012086E-01
 0.66395537070085E-01
 0.67478614434226E-01
 0.68448349469111E-01
 0.69286779811870E-01
 0.69975300028971E-01
 0.70495299366962E-01
 0.70829021841525E-01
 0.70960298385022E-01
 0.70875706533974E-01
 0.70565558179855E-01
 0.70024519321099E-01
 0.69252986042851E-01
 0.68257383740310E-01
 0.67050857626100E-01
 0.65653231243224E-01
 0.64090471173895E-01
 0.62394033532894E-01
 0.60599161777401E-01
 0.58743028618477E-01
 0.56861530099610E-01
 0.54987204892509E-01
 0.53149030946588E-01
 0.51368784832849E-01
 0.49660871344404E-01
 0.48034546446020E-01
 0.46493063978966E-01
 0.45036169358366E-01
 0.43660801440602E-01
 0.42362377161995E-01
 0.41135535327192E-01
 0.39974811159602E-01
 0.38874990893686E-01
 0.37831156678497E-01
 0.36838994002535E-01
 0.35894657917347E-01
 0.34994758741369E-01
 0.34136324260413E-01
 0.33316753464228E-01
 0.32533720016798E-01
 0.31785135679184E-01
 0.31069094041540E-01
 0.30383874725588E-01
 0.29727891626620E-01
 0.29099644835677E-01
 0.28497716465810E-01
 0.27920792322976E-01
 0.27367636642312E-01
 0.26837073861166E-01
 0.26327974217165E-01
 0.25839286526582E-01
 0.25370011811527E-01
 0.24919207590690E-01
 0.24485965732757E-01
 0.24069437637337E-01
 0.23668819711967E-01
 0.23283355491493E-01
 0.22912330255172E-01
 0.22555053955264E-01
 0.22210894076800E-01
 0.21879245402823E-01
 0.21559528025365E-01
 0.21251200969673E-01
 0.20953756438266E-01
 0.20666710532197E-01
 0.20389600459353E-01
 0.20121993539237E-01
 0.19863481087742E-01
 0.19613672880465E-01
 0.19372198126281E-01
 0.19138707127321E-01
 0.18912869662900E-01
 0.18694366335688E-01
 0.18482898600484E-01
 0.18278180576371E-01
 0.18079940875220E-01
 0.17887919907601E-01
 0.17701870044638E-01
 0.17521557363472E-01
 0.17346756719912E-01
 0.17177253400263E-01
 0.17012842792572E-01
 0.16853329782034E-01
 0.16698525188649E-01
 0.16548249825585E-01
 0.16402333605466E-01
 0.16260612680885E-01
 0.16122928529225E-01
 0.15989128120575E-01
 0.15859068188658E-01
 0.15732610088144E-01
 0.15609620218539E-01
 0.15489971218640E-01
 0.15373537982090E-01
 0.15260203355587E-01
 0.15149854248290E-01
 0.15042380209295E-01
 0.14937676902507E-01
 0.14835643173926E-01
 0.14736181868770E-01
 0.14639199573572E-01
 0.14544606309033E-01
 0.14452314772942E-01
 0.14362242451564E-01
 0.14274309106367E-01
 0.14188436989534E-01
 0.14104552216260E-01
 0.14022582510507E-01
 0.13942459455580E-01
 0.13864116586990E-01
 0.13787489873377E-01
 0.13712517642468E-01
 0.13639140749955E-01
 0.13567302196649E-01
 0.13496945773624E-01
 0.13428020289913E-01
 0.13360474003832E-01
 0.13294257027284E-01
 0.13229323168661E-01
 0.13165625951929E-01
