   6.91360382032105060219110298214517828      
   6.91360382032105110148990120050159411      
   6.91360382032108955897461395071538087      
   6.91360382032172657037300039129441259      
   6.91360382032646964407827706415172739      
   6.91360382034827194454909996337542360      
   6.91360382042124210775840530959599055      
   6.91360382061614616007291978567932631      
   6.91360382105205065483227301578661209      
   6.91360382188251542740234038510511435      
   6.91360382321555130734206333160315114      
   6.91360382491358848530899775359430613      
   6.91360382622306345639782600270687983      
   6.91360382520291047042227122819147377      
   6.91360381794927827036831316264626475      
   6.91360379764123045676038145020852205      
   6.91360375345348257139867602992937415      
   6.91360366939581437449104285121327286      
   6.91360352314564596474738945541423161      
   6.91360328494217470068691301169252354      
   6.91360291660884335766128092278570730      
   6.91360237076628495352937563358500149      
   6.91360159029007204813442678447494370      
   6.91360050805619318368733853353861826      
   6.91359904700207550631114940455360342      
   6.91359712051292114080373274996939462      
   6.91359463312339042317710833328207060      
   6.91359148150525355686376130739241435      
   6.91358755569446115063653573886636188      
   6.91358274049785723001572654953249858      
   6.91357691701156960253512598539517823      
   6.91356996418034788188401159911596271      
   6.91356176032951326909048933250981082      
   6.91355218460793308570718335593696797      
   6.91354111829042526223650673919249226      
   6.91352844589998575991585148223446938      
   6.91351405612301486862187286190896829      
   6.91349784250326088934628866072442437      
   6.91347970391169070065166636715850870      
   6.91345954479938177167970487929260727      
   6.91343727524849699452367485849558948      
   6.91341281084234395371306921471400047      
   6.91338607237949198166952731709582962      
   6.91335698545910007713982475775982324      
   6.91332547996524013214995572216959449      
   6.91329148947736661560947183263059061      
   6.91325495063247745067252894229058100      
   6.91321580246220207914761445055013967      
   6.91317398572528837153921258281193413      
   6.91312944225295363079615376153373467      
   6.91308211432149348402518236744670955      
   6.91303194406351053696330862666637058      
   6.91297887292629747267069968394206893      
   6.91292284118326865959384019017689576      
   6.91286378750200111746016245400784028      
   6.91280164857039846929516432934807210      
   6.91273635878071806198751220192009338      
   6.91266784996978999896021027979851405      
   6.91259605121257404432493398175706221      
   6.91252088866524581276821524683580457      
   6.91244228545343230950249921823206736      
   6.91236016160046634093008414146194312      
   6.91227443399063690863336262248700193      
   6.91218501636204773022034036478145755      
   6.91209181930214938170231036005488371      
   6.91199475036245759877640690397675660      
   6.91189371399678937628159298047708799      
   6.91178861168918798261841728433071438      
   6.91167934199908324248011814572866539      
   6.91156580062326569475609458643029719      
   6.91144788045325961570365186274886004      
   6.91132547162465834823894961097463634      
   6.91119846155534925512520669496698012      
   6.91106673496931099101760772202840911      
   6.91093017390319513189293377272799420      
   6.91078865769436176837988407303399827      
   6.91064206294716253656714526631664732      
   6.91049026347525292541612854655916350      
   6.91033313022088169762611502208935572      
   6.91017053114873916155888440766268566      
   6.91000233110963321204576901115509400      
   6.90982839167947461545029866385163288      
   6.90964857097014392902260234825294457      
   6.90946272340703272827737935324101732      
   6.90927069948421779566049763605036097      
   6.90907234548190888490734573971488432      
   6.90886750316082747505537075196296219      
   6.90865600941874840970621742328845416      
   6.90843769592546771906396623656873476      
   6.90821238871989770609123998545284722      
   6.90797990777724460360143838984911461      
   6.90774006655331742191257926849206654      
   6.90749267148424940641393246457770303      
   6.90723752145836652273717870389964694      
   6.90697440728467653002770838989888986      
   6.90670311106409181569033019274926553      
   6.90642340561470732465843985290850647      
   6.90613505378162344884118757512764437      
   6.90583780777882264919086265795649053      
   6.90553140844996907706765314396445355      
   6.90521558453162786138449206526019072      
   6.90489005185512724374716354858716889      
   6.90455451253149300021633901795855940      
   6.90420865406298569694758732332146204      
   6.90385214850144432675322456215320242      
   6.90348465145945066904291947182495279      
   6.90310580114523907647832268005147112      
   6.90271521733825572465286856797153630      
   6.90231250033754896705488265408780497      
   6.90189722986398964176124249067335535      
   6.90146896385375578939205231166201866      
   6.90102723730526157389007431061836858      
   6.90057156099689670998683380802405275      
   6.90010142016392256062148103052695430      
   6.89961627314671425080184672968969065      
   6.89911554993803154006168330050576267      
   6.89859865072471056739159346980099530      
   6.89806494430737727608039686262984593      
   6.89751376640293231863922517191630200      
   6.89694441786089519755362688617604797      
   6.89635616357024925216828755801616221      
   6.89574822947875676138231357917196625      
   6.89511980134973851412469650275210406      
   6.89447002254812910867953369190470037      
   6.89379799192315873794037521606624418      
   6.89310276151513914620632505865424650      
   6.89238333414248294800210604800861575      
   6.89163866098844110206847988358400355      
   6.89086763889301671209514131772538597      
   6.89006910772579118453035050942450793      
   6.88924184736617706527386324257842438      
   6.88838457464003969026437074309673194      
   6.88749594029640501025645736108398656      
   6.88657452535588542215705119415888750      
   6.88561883770889874761998117960727046      
   6.88462730820491121675678182530768479      
   6.88359828672294322052526560052636421      
   6.88253003801524555684334489668548746      
   6.88142073705700030567011869427500622      
   6.88026846439452574339357757274354315      
   6.87907120118275038685907423232347425      
   6.87782682379653918921145243398765157      
   6.87653309812662147711385355045649482      
   6.87518767362808301229122245827034668      
   6.87378807697240230402217767128787183      
   6.87233170513638517565209056255066023      
   6.87081581831018256931822237471178032      
   6.86923753207277503614028840564391949      
   6.86759380931138776498542465267109902      
   6.86588145134336198184615527782713671      
   6.86409708856059547950066902524670219      
   6.86223717065247817231782351666434362      
   6.86029795565582106358794774137166306      
   6.85827549855055885739581124010981437      
   6.85616563975683023899441619166413188      
   6.85396399084635199332933312880783357      
   6.85166592131015868617563843011469908      
   6.84926654331155844235181091475832501      
   6.84676069564081088724392392088127246      
   6.84414292642070972749099413905949387      
   6.84140747430615625994870448206496341      
   6.83854824923747084892866195756857878      
   6.83555880993485902812609722011821142      
   6.83243234180600272497154456360688377      
   6.82916163197563684130136240783577948      
   6.82573904262243102032769159860168397      
   6.82215648309877355300267300557816158      
   6.81840537868599121054568726004953328      
   6.81447663864994401987073382107513636      
   6.81036062094389917032259973284349141      
   6.80604709521773430770666593910784453      
   6.80152520319217905533593753786162070      
   6.79678341665654279264890936263255265      
   6.79180949246325905147812869142145731      
   6.78659042671524305643727790594380749      
   6.78111240455431106490229028490903080      
   6.77536075005870836339439019304431055      
   6.76931987564101793196116006012223784      
   6.76297322593319706209371721797172493      
   6.75630322745114098051034375875090788      
   6.74929123607017202782839344213500123      
   6.74191748840874167112207463385363514      
   6.73416105826496702111120586174982482      
   6.72599981934852329895618520392652560      
   6.71741041928499939382511607601137993      
   6.70836826504409744589312068904040351      
   6.69884752757149177871632684463114836      
   6.68882116633338380361539247917433856      
   6.67826098094379708200738916713752131      
   6.66713769162964903898040300529344471      
   6.65542105219739546547587896984679849      
   6.64308000108956076324969618253193491      
   6.63008284182672145280270141920850766      
   6.61639746066402879498113714637133799      
   6.60199156633186401763928263626262921      
   6.58683294682559432197489726176210394      
   6.57088972752146291681619399494718119      
   6.55413061621538507960353048095817349      
   6.53652511966677886135875867915341510      
   6.51804371648268855468818314023583748      
   6.49865797973640884401270284549751647      
   6.47834064175160282864310153130054053      
   6.45706560712387266060892236705458954      
   6.43480792076516084841314359365305663      
   6.41154370384801825211695683390443506      
   6.38725007538609424089774176658753738      
   6.36190504731517236247755245001112344      
   6.33548746368367011288672491283366938      
   6.30797691210697023402091644037261101      
   6.27935366705244623403955629986690018      
   6.24959864192485580633556859736453676      
   6.21869335174405353985903682873286137      
   6.18661988287301473832702239549854092      
   6.15336086642262778461801972158895236      
   6.11889945197449440561773272286881401      
   6.08321928193562620551928131184954840      
   6.04630446186309411818332623257748115      
   6.00813953002421960257996512809976500      
   5.96870942360197212667687972087924478      
   5.92799944483734151162811360270256122      
   5.88599522519054528595550609412025462      
   5.84268269006010332705406540887623057      
   5.79804802416988660590140012780537905      
   5.75207763772182266761184210963580502      
   5.70475813480676373626392757172021775      
   5.65607628299096083498344331607849375      
   5.60601898588479940328331574567532509      
   5.55457325717834473681841942173560685      
   5.50172619733599447865297825037724768      
   5.44746497228751715681130594235614819      
   5.39177679444130957818564962205640547      
   5.33464890544219315041656507092249979      
   5.27606856087313055939825320552917445      
   5.21602301678759851835123654397360065      
   5.15449951760290623300965861583777643      
   5.09148528552052898392864850726175444      
   5.02696751112400617931354011149886864      
   4.96093334527490728340123225074243199      
   4.89336989187699942453311868420991828      
   4.82426420138134452334725845464832124      
   4.75360326561071268288208382805322777      
   4.68137401271498512699028853439070732      
   4.60756330306166485068058353158728341      
   4.53215792557409218204241946931334326      
   4.45514459456567709093587502487848878      
   4.37650994698570220632491472284016225      
   4.29624054005963908075695182317584232      
   4.21432284925368275785036047315592113      
   4.13074326647756503026346980867631339      
   4.04548809855757694839174498301905066      
   3.95854356599336564535840806743324229      
   3.86989580182011096128849662421932821      
   3.77953085067625518486938548275292293      
   3.68743466800360021814564253814901778      
   3.59359311944307655105669501952904573      
   3.49799198025065186182343113468755704      
   3.40061693487426559292165996554356308      
   3.30145357660190765455143902296296046      
   3.20048740730286359732936927182325577      
   3.09770383720737087701639914736432380      
   2.99308818479200408600082218799230098      
   2.88662567666382081005166354990369073      
   2.77830144754667276188467330024804109      
   2.66810054026254673247572719135066878      
   2.55600790578609844705220109328133825      
   2.44200840329600951227769534329191825      
   2.32608680029349100428657487170263596      
   2.20822777271280999071654340428527111      
   2.08841590506953225956493327198853373      
   1.96663569062220170601360493553874919      
   1.84287153155928894818602736680193662      
   1.71710773918842488372714381287756284      
   1.58932853414526005726168701020391760      
   1.45951804661506646262516576602074323      
   1.32766031656061025515046100964021110      
   1.19373929395051686125698460918955329      
   1.05773883902013449107362012964394787      
  0.919642722507802357444148550233689158      
  0.779434625914041386131464157370622984      
  0.637098141760635232342559069991949776      
  0.492616773854054999115446983339330731      
  0.345973937550195682067912037446419859      
  0.197152960024180629236227989108732086      
   4.61370805376385584610193444832622579E-0002
 -0.107090549285932270995865183953209558      
 -0.262546865193697732061110453765962375      
 -0.420248890026366589019329971028348774      
 -0.580213733447367686240561019733800093      
 -0.742458591668490215953077679020474544      
 -0.907000747179627554941707601047746101      
  -1.07385756847276059042168258711962489      
  -1.24304650977252378950419092712132970      
  -1.41458511076480047115551656225542529      
  -1.58849099632708697190390157718828969      
  -1.76478187625990739266302460410643039      
  -1.94347554501873409332647157454040096      
  -2.12458988144929743014413547702526817      
  -2.30814284852199308819784727420282855      
  -2.49415249306840062944858741649041584      
  -2.68263694552232407658758414063751485      
