   6.96056439612021242808744050734663729      
   6.96056439612024352967699184692151117      
   6.96056439612189877694147169476205054      
   6.96056439614162191579813043177669438      
   6.96056439625239883292488109106915054      
   6.96056439665422381575740041275226381      
   6.96056439775841288409173207899083758      
   6.96056440027108812797627849425846431      
   6.96056440526140059587295452708948935      
   6.96056441418962540554153483745754020      
   6.96056442885352210796801021573604674      
   6.96056445120135424932273705305308672      
   6.96056448296614495180238196754741606      
   6.96056452509694175145817161311158534      
   6.96056457699071219781623480983081751      
   6.96056463555440884865695224694034819      
   6.96056469414586494216566192891509291      
   6.96056474145354775078498904068163730      
   6.96056476038014854087161042509706090      
   6.96056472699546046448836094290191762      
   6.96056460962139501463294943032085509      
   6.96056436810678848909935622834784442      
   6.96056395334160501826498784748141664      
   6.96056330704881047151787149113817585      
   6.96056236187749951919610833489945538      
   6.96056104180344311425198232873061541      
   6.96055926282444784822383029403205548      
   6.96055693391960515517864848265830156      
   6.96055395822555328699697761627882135      
   6.96055023437085175121429995805991147      
   6.96054565790247067956697268052383247      
   6.96054012273653749729026744477763529      
   6.96053352256852995554584502630590789      
   6.96052575218524287833339128618532404      
   6.96051670863097057902943615374757329      
   6.96050629219222566583273461151168203      
   6.96049440717779731356836758694347673      
   6.96048096248305780360723432122156181      
   6.96046587193838784139798365554988663      
   6.96044905445091374963800303826834685      
   6.96043043395614904776643832690534201      
   6.96040993920153619559743775872323435      
   6.96038750338737528169301550648593783      
   6.96036306369238579940115138346657961      
   6.96033656071143288415539096711076500      
   6.96030793783204233219673670769539515      
   6.96027714057451310146963230663747075      
   6.96024411591798306141345462930722698      
   6.96020881163194868771620608398728834      
   6.96017117562968554711024540719556696      
   6.96013115535692880647062203925306339      
   6.96008869722617776878799189471195724      
   6.96004374610417226855206850249837256      
   6.95999624485752703740692126318335216      
   6.95994613395922698502189506510854736      
   6.95989335115670677605300140286463115      
   6.95983783120056970047031632009721773      
   6.95977950563160471745293140852864421      
   6.95971830262266818024614988462593109      
   6.95965414687114261240866574506930588      
   6.95958695953709183986605482720176668      
   6.95951665822173581812785332615831814      
   6.95944315697206519769716416233287055      
   6.95936636635525069060732653647917050      
   6.95928619347951492071196003368572978      
   6.95920254210593002692227058035510292      
   6.95911531273804716172749608162213758      
   6.95902440272545474798077423019685288      
   6.95892970637042111078986163422891723      
   6.95883111503239512430900661766531909      
   6.95872851722670023825769124061648520      
   6.95862179871405462150793461832979924      
   6.95851084257654975860787284056281472      
   6.95839552927817128376024055666811081      
   6.95827573670635651378649588171332206      
   6.95815134019242293041694790246000740      
   6.95802221250945058465815903594658018      
   6.95788822384500813621959781496213080      
   6.95774924174735985461074608539639493      
   6.95760513104404211336236701547585837      
   6.95745575373338434899579380600598064      
   6.95730096884268547908615411791945168      
   6.95714063226039024312493592945892008      
   6.95697459653677930733882501719986469      
   6.95680271064775104826734076141587185      
   6.95662481973671362598222518923245523      
   6.95644076481544554758823514155294856      
   6.95625038243838007420612005751331625      
   6.95605350434194697256894493348008457      
   6.95584995705160775563639191236850051      
   6.95563956145871588945885493340998172      
   6.95542213235806324262416097754169244      
   6.95519747796283880116341883433230572      
   6.95496539936911458649836827763838433      
   6.95472569001058037310570699248354254      
   6.95447813505098099530834770531654544      
   6.95422251076850898503138920453550098      
   6.95395858388562036205247470982761423      
   6.95368611086918307586755954291148081      
   6.95340483720204810417631416768249949      
   6.95311449660268318015982491738919468      
   6.95281481022083172498908862656377875      
   6.95250548577503788450736625441973553      
   6.95218621666831628642579593308372242      
   6.95185668106882090239021668184239087      
   6.95151654089525335238916831719679263      
   6.95116544083049009731331656624961105      
   6.95080300723590848709032342773985283      
   6.95042884701869598504158640286504945      
   6.95004254649070642225573125778541160      
   6.94964367012636522833774005349897805      
   6.94923175927606854285080750130162340      
   6.94880633085297168590616114163845164      
   6.94836687587737968242851193949418547      
   6.94791285807458059188128466944188683      
   6.94744371227778676111963467503612762      
   6.94695884286559416816846120767902932      
   6.94645762207651280751956449445609179      
   6.94593938814247674168497927349393286      
   6.94540344344219686080429697013515008      
   6.94484905296393617583650223016591560      
   6.94427544155818889986088321845095818      
   6.94368179224058389685446644466498222      
   6.94306724390017448417718661970624489      
   6.94243088878065120314178469543178210      
   6.94177177006603555675759303633318975      
   6.94108887932159726143700834925057894      
   6.94038115355369244062046310497350258      
   6.93964747233210577235743842950074320      
   6.93888665483636473511184973864409320      
   6.93809745643019637114526671884533556      
   6.93727856530383426816740479483675178      
   6.93642859874096680525968730281751899      
   6.93554609942803682319324954837754742      
   6.93462953121410565278496494290347438      
   6.93367727487256413128992434755911318      
   6.93268762343507293796873790087921806      
   6.93165877745917694148400844373289592      
   6.93058883969416653386563788160040127      
   6.92947580983840573770803293733415586      
   6.92831757835789435925615783422556721      
   6.92711192054512350512190704571297670      
   6.92585648974630864407890959216785065      
   6.92454881038886136301472956676337779      
   6.92318627038663373021277543951984903      
   6.92176611322032462400003147310604052      
   6.92028542909834594817818722903174959      
   6.91874114590798848394725713219553594      
   6.91713001944385890247249967182507408      
   6.91544862274730611249052869411657106      
   6.91369333477868281098819555269011230      
   6.91186032834352908223015255788552237      
   6.90994555697291223255332903338581281      
   6.90794474085450131340107203691244260      
   6.90585335244732973261820227779000196      
   6.90366659914331070704484476189864114      
   6.90137940628857285251895314836120124      
   6.89898639848740408775813355079016926      
   6.89648187918912576079611010800821594      
   6.89385980862898374618309351366536614      
   6.89111378007142389604240927853276400      
   6.88823699448529973372385264522933987      
   6.88522223254090954857197169894526606      
   6.88206182506239085310855176023887963      
   6.87874762004308710030173736329645241      
   6.87527094846772245250888045692504707      
   6.87162258596732260438567286475444197      
   6.86779271233322809628394571774656369      
   6.86377086750868688421409183285177612      
   6.85954590391016662365011941818598793      
   6.85510593597843587221936776091107189      
   6.85043828520236850951840630464027097      
   6.84552942168378206650150882439725767      
   6.84036490256765629617608593395873769      
   6.83492930514910870380476894209257041      
   6.82920615968285156312638386109302966      
   6.82317787519792317559635132674244246      
   6.81682566679567559174117951293470313      
   6.81012947974267863197681890415376629      
   6.80306791561603225353329182097465121      
   6.79561815964477431987746225833801788      
   6.78775591506405622419844858344827017      
   6.77945534533176727104845054161349634      
   6.77068903053316851737596499497848462      
   6.76142794245599982601408562957629483      
   6.75164144536513798702023675035606659      
   6.74129732766553121998421193947917581      
   6.73036187519412428404560156928849769      
   6.71879998856292034406676002386345273      
   6.70657535604003608851907859274784201      
   6.69365067565522375567847251863694181      
   6.67998793848002776670731162458992670      
   6.66554875392868212181232728259292434      
   6.65029471509081776928678151776803752      
   6.63418777847610541364917469565214519      
   6.61719063863319442153122138940787355      
   6.59926707121810405234383776160735596      
   6.58038222035117576830044888499666397      
   6.56050281527047401068953490057073108      
   6.53959730333409520233711244029445859      
   6.51763591060855537667627135960746620      
   6.49459062583676309877209047170875151      
   6.47043514436953922885518976471301966      
   6.44514476079630618977235642263915231      
   6.41869627705452175212888154707238779      
   6.39106787872619620772206965161191511      
   6.36223902965076325474907551858206347      
   6.33219037109483464051981499732689964      
   6.30090362858666156244818602104154186      
   6.26836152446648102563739097551560174      
   6.23454769404382680066304025182690991      
   6.19944660289114441814652565442260914      
   6.16304346775292668564253263739137234      
   6.12532417655951498451195321563709511      
   6.08627521151564499341942166755620314      
   6.04588357477713002213163377738409878      
   6.00413671763018290002249364767557065      
   5.96102247422368479566411255605104982      
   5.91652900002155918584495102814252983      
   5.87064471559066035535961804910766960      
   5.82335825571048952150597888413142854      
   5.77465842324706417305101899107670222      
   5.72453414907814944030083441804093187      
   5.67297445560489464514373476493769793      
   5.61996842535582964278483659322941505      
   5.56550517329757437203940203518742796      
   5.50957382295273783821759558418119342      
   5.45216348560200567788764668817980941      
   5.39326324247696806914923066904226624      
   5.33286212937515973347289629050874112      
   5.27094912369296194417263587808455513      
   5.20751313320797132871161127865799753      
   5.14254298669713986486698480854710413      
   5.07602742595352786668410364195644097      
   5.00795509913474203132942800019829562      
   4.93831455520268187048012413868650615      
   4.86709423911343740002176588746996505      
   4.79428248824669891884282250603420697      
   4.71986752912490933403702097463199001      
   4.64383747490901550818458031373734563      
   4.56618032337046531932676919794391977      
   4.48688395532034425287428892853816873      
   4.40593613340714692195181677730266363      
   4.32332450121774972134456192359526611      
   4.23903658266094951075766213515609229      
   4.15305978157220707169438209349416326      
   4.06538138153143139932143196865814616      
   3.97598854584122827022100528595212106      
   3.88486831763836686014529011419481155      
   3.79200762011547868710979993590599319      
   3.69739325688380250316640044102325609      
   3.60101191237680871997521812459713313      
   3.50285015234936778728052091162106409      
   3.40289442441478725742511424985671971      
   3.30113105865929781874351005691627227      
   3.19754626827175883075051816569291396      
   3.09212615021587460209398888069201791      
   2.98485668593218522815489706146028301      
   2.87572374205224355715149670535982270      
   2.76471307112788165762987298630255041      
   2.65181031238505472457802006751409679      
   2.53700099247033436826043824626987776      
   2.42027052621655874213089462496943148      
   2.30160421739483974328440864417214615      
   2.18098725948819417077695797406984480      
   2.05840473644945180765236792657031639      
   1.93384162345559753096833477686007670      
   1.80728278766539738525221564681991105      
   1.67871298897214287202206024589547874      
   1.54811688074718352850001799485139492      
   1.41547901055731965563975872306934852      
   1.28078382093094645549859157076910487      
   1.14401565004969186605513612739672354      
   1.00515873247168636623399466662337360      
  0.864197199833408295364866832924876657      
  0.721115081545483850603359164862176621      
  0.575896305477893192906716463413430282      
  0.428524698636318990169437827623376835      
  0.278983987828186463916237618504618911      
  0.127257800320447207176374726824739260      
  -2.66703355140391731438301372584368844E-0002
 -0.182816989558827217070888121483030264      
 -0.341198829324220182088838539694110175      
 -0.501832619331602879191880749759538642      
 -0.664735220502321768019572356200702241      
 -0.829923589558869972554646319967441333      
 -0.997414778434431767003420070011857314      
  -1.16722593369390589836158543575467521      
  -1.33937429595869981237628432854539056      
  -1.51387719934606097554399643347994136      
  -1.69075207091537729945448406403398257      
  -1.87001643012144793460751671806612726      
  -2.05168788827883706875001973841444651      
  -2.23578414803380364685174457465284379      
  -2.42232300284366454276962553029651958      
  -2.61132233646501003481814714013941125      
  -2.80280012244983604231910376286907294      
  -2.99677442365027995074247865594280337      
  -3.19326339173038618362009369422935246      
  -3.39228526668324710360137978060518488      
