   6.91360382032448847522976250442333937      
   6.91360382032448897452856100055816334      
   6.91360382032452743201328781372420908      
   6.91360382032516444341181800519019964      
   6.91360382032990751712095170087933057      
   6.91360382035170981779289183518537441      
   6.91360382042467998402730538369800540      
   6.91360382061958405575439073087548013      
   6.91360382105548862151324403202195335      
   6.91360382188595357241998357056512680      
   6.91360382321898980233996334415010001      
   6.91360382491702757164156802348376471      
   6.91360382622650346138984779950995929      
   6.91360382520635179014396835364273384      
   6.91360381795271752363304873792630466      
   6.91360379764466427454771127770423812      
   6.91360375345691122282778057556836818      
   6.91360366939923818095445163857988296      
   6.91360352314906522290263581566289443      
   6.91360328494558975930226073683393319      
   6.91360291661224931337707603126099190      
   6.91360237076968773309033121774756442      
   6.91360159029346621616768515198225436      
   6.91360050805957733518945941997558568      
   6.91359904700543264758425089077063999      
   6.91359712051625859273652911634369101      
   6.91359463312672106746161495907626833      
   6.91359148150852535541866553513471172      
   6.91358755569761194094114741214654698      
   6.91358274050075732678870036473248873      
   6.91357691701394791345396297852568892      
   6.91356996418165967263820824907042585      
   6.91356176032871095125995946953404912      
   6.91355218460307546845241648674467261      
   6.91354111827805656558466690090950952      
   6.91352844587414020803116303649917236      
   6.91351405607371324217093828416594699      
   6.91349784241420644722819512187007374      
   6.91347970375699846158084609666868676      
   6.91345954453884147170590395848131110      
   6.91343727482099228832234582395816076      
   6.91341281015677440394035938035606563      
   6.91338607130256133596342254908710498      
   6.91335698379906364521577070468331567      
   6.91332547745059130491266833271338251      
   6.91329148572929493843964083698451323      
   6.91325494512971538863723354745151746      
   6.91321579449661070641223298514228123      
   6.91317397434638727669172896697018596      
   6.91312942619940292148977261461617973      
   6.91308209193710756744979414677147237      
   6.91303191319532825576315621363005028      
   6.91297883078479052853470672278001828      
   6.91292278424210872560363230726275206      
   6.91286371128215374350006690296141128      
   6.91280154744894978581575193070553097      
   6.91273622575223719146839477985622560      
   6.91266767636943341789253998055914643      
   6.91259582639657144763957658234219587      
   6.91252059964475441758295334292037979      
   6.91244191647689264524739399470900087      
   6.91235969368030808831430637641968088      
   6.91227384436952317119942358754358747      
   6.91218427791386321546971645643759422      
   6.91209089988490970053789651628837509      
   6.91199361201721560976838657681564918      
   6.91189231217928005640620875813224454      
   6.91178689434749845293213553123817731      
   6.91167724858078441537517324085737439      
   6.91156326099077306604157912870964233      
   6.91144481370245662309112801205176287      
   6.91132178480482158326482164431489422      
   6.91119404828577001889504430941483900      
   6.91106147394901538419195718189583529      
   6.91092392731261135127848560535908691      
   6.91078126948405378797899652931634457      
   6.91063335701035494586217656663516854      
   6.91048004170606209875504616374259683      
   6.91032117045231477716356519031340784      
   6.91015658496980729368342050263269898      
   6.90998612156672242665776378568224035      
   6.90980961084939348730507183391605323      
   6.90962687740835235738449128495184646      
   6.90943773947023201492182799094191583      
   6.90924200853121888938359056061023409      
   6.90903948894703880174875103409264762      
   6.90882997750267803769663081339789899      
   6.90861326293850002473659431216623281      
   6.90838912546769407722672745312956519      
   6.90815733624247438510441406172821149      
   6.90791765677164404042653570014095361      
   6.90766983835474729307017347093491528      
   6.90741362145284242453586121731434518      
   6.90714873503591364442551182440545090      
   6.90687489591001046322402586956530824      
   6.90659180799247385802975854865680679      
   6.90629916149904292457333075838344245      
   6.90599663222027863467100619507065557      
   6.90568388067706186470220064261985083      
   6.90536055127541317848723175554228067      
   6.90502627136673676960759023341496660      
   6.90468065036373100529616376028409370      
   6.90432327875932737264600029494598800      
   6.90395372702667975563653039885635301      
   6.90357154458238074988554826347801889      
   6.90317625875900049755011843161139786      
   6.90276737365577800580151563816310137      
   6.90234436878455016179600638746259166      
   6.90190669782577921431206667287518242      
   6.90145378746117443356231538889456802      
   6.90098503609319299934552766311956182      
   6.90049981182513799716594980271387508      
   6.89999745174162650193388779678519375      
   6.89947725993888762946444929688930580      
   6.89893850581716019648147554048390834      
   6.89838042226974871827530809191765654      
   6.89780220459654851736580132213847259      
   6.89720300779604774723449392563204397      
   6.89658194478046706579555021258726062      
   6.89593808472276213424841728903411029      
   6.89527045072962051843027161012103115      
   6.89457801685905074352069387365336563      
   6.89385970716967105315271906355330751      
   6.89311439157706083413800185902930530      
   6.89234088463887545766722669661841321      
   6.89153794171498115728432047773426797      
   6.89070425697245665396356879807668315      
   6.88983845931420297637514103536000500      
   6.88893911037797978389403679792303194      
   6.88800469970558095032702691641843141      
   6.88703364269446376830865142939034691      
   6.88602427523105884031371344951744227      
   6.88497485119885449664597628063499785      
   6.88388353750708446608749615795091827      
   6.88274840920090332980890107455417860      
   6.88156744601218360020363395009398894      
   6.88033852650606038134706812845130568      
   6.87905942278528719684743244283853451      
   6.87772779536401666894999254045643624      
   6.87634118777634244047386400606433655      
   6.87489701861536655583101234085084974      
   6.87339257750561547615684090457264280      
   6.87182501521926415447238333776248193      
   6.87019133932084589208458063131589616      
   6.86848840397812203151356888466373568      
   6.86671290293675850786187119254243771      
   6.86486136004297147354623953643753698      
   6.86293012055826538951152672292309204      
   6.86091534069709492485464589947152407      
   6.85881297729843007896276233571322095      
   6.85661877670466214712106744562358690      
   6.85432826246517578590121730179767808      
   6.85193672328587659856095056467262881      
   6.84943919915991800470018651590226389      
   6.84683046701131203835674261604553614      
   6.84410502605040330879903851722828330      
   6.84125708087172153685356085996167166      
   6.83828052488584860318303035666398576      
   6.83516892169001401811679163003375587      
   6.83191548568563654597675084436887447      
   6.82851306185349894557635566189630082      
   6.82495410358537598000662181716378094      
   6.82123064995713007673988342036043100      
   6.81733430154625296083357725914596672      
   6.81325619311538120706144432451596542      
   6.80898696901727698803369835434513743      
   6.80451675268018538788309419992131479      
   6.79983511682917163204695689659767120      
   6.79493105520479998777172177724095935      
   6.78979294649862216043082083840115251      
   6.78440852360248206578230487128964654      
   6.77876483958506853506027716012723581      
   6.77284823314024342799079195324412013      
   6.76664429477045569955659941881796838      
   6.76013783352250044889155295092086443      
   6.75331284465945350214150966366250221      
   6.74615248089376057221986280132165284      
   6.73863902570527499962548900084542168      
   6.73075387214583298883606751003378778      
   6.72247750882956732677537398282768078      
   6.71378951300741385698929016212084569      
   6.70466855357069704346699826147016401      
   6.69509240977839891587996166164681357      
   6.68503799809334748457884024104470344      
   6.67448142587443739414641742832328505      
   6.66339805215286084764967387624832622      
   6.65176257669159739392540379195185203      
   6.63954914492085618687749700356027412      
   6.62673147351803867279802340748199642      
   6.61328298998931037376485383525434242      
   6.59917698598326522825339906101589480      
   6.58438677129479631526997524281077724      
   6.56888582682511411637122177918005959      
   6.55264794478919749359051056286636963      
   6.53564734159522686615211366382582990      
   6.51785874464845509816223987156150571      
   6.49925743818424545070874785600970704      
   6.47981927813496317199877644850672676      
   6.45952066540802294589678178319485441      
   6.43833850098367022437707258780449683      
   6.41625011876816477906766621304483042      
   6.39323322527223676397672554659134617      
   6.36926584352254450819030608243946591      
   6.34432627711796033555086788381392152      
   6.31839309626457144556948108573203915      
   6.29144514675646323372959794612675006      
   6.26346157514436873194674952908164944      
   6.23442186692953826852814642525903409      
   6.20430588806155224708314265749009830      
   6.17309392526586965366442860265052408      
   6.14076671864027732253561266247250190      
   6.10730548604617202841365978247035144      
   6.07269193489190142700088849196356865      
   6.03690826373842591787149496979359330      
   5.99993715404434983455365398281161211      
   5.96176175280353443657366233457852562      
   5.92236564914117329215417682457783371      
   5.88173284582706364714345599071724461      
   5.83984772775749621855586466849574398      
   5.79669502853454228069337884470552737      
   5.75225979643459759177216571973660787      
   5.70652736103061569913868614228165760      
   5.65948330066010469651920442223938568      
   5.61111341144201984834197091616028827      
   5.56140367809004559046674581777859846      
   5.51034024675059290616024775219869151      
   5.45790940010251812976515870350658480      
   5.40409753438706165529257135439087730      
   5.34889113848452710100637062475053282      
   5.29227677493172368351317544975635484      
   5.23424106286326268052066920503323157      
   5.17477066252591725298668531503985589      
   5.11385226146280269998378691496157290      
   5.05147256203219594048007375166019742      
   4.98761827015946130725678404049112704      
   4.92227608562432955705038396842781648      
   4.85543269293090390983104758708439487      
   4.78707475340560189890239193580947252      
   4.71718889811929165042916635623086213      
   4.64576172153819425649784041663771116      
   4.57277977584654297375737106368111639      
   4.49822956592040714625622918993410643      
   4.42209754482281685993609264049582584      
   4.34437010982964570378384251962104447      
   4.26503359882176979528668211998733409      
   4.18407428710305594900022633187383346      
   4.10147838459177083260260911094320600      
   4.01723203329496480530505821373674560      
   3.93132130504083438291416972533386167      
   3.84373219950335985162110562186486141      
   3.75445064242155879882377442939529005      
   3.66346248403650120530480166301070174      
   3.57075349766723301370795575812550523      
   3.47630937850692188550008703744969266      
   3.38011574251173141625330777563676927      
   3.28215812543522944816613630288963608      
   3.18242198199368551162219617527621796      
   3.08089268509953307516172137830461260      
   2.97755552522924094665889307179130982      
   2.87239570984551251657032685789325743      
   2.76539836290136355361830219625024305      
   2.65654852442537311370635351183433043      
   2.54583115015095773199467487301629244      
   2.43323111121107305965402587845642885      
   2.31873319387855735566259257639536052      
   2.20232209935408293045834309346801929      
   2.08398244359395384780494993426354040      
   1.96369875717259329337498737061731766      
   1.84145548518096685829014597163822279      
   1.71723698714009313152380323828237127      
   1.59102753700603925667526806297079306      
   1.46281132306826183571835292896035005      
   1.33257244801957172078294889167043695      
   1.20029492893493949287260707746109193      
   1.06596269733186210944929623891734513      
  0.929559599217290750486355272822380661      
  0.791069395157749495707685026227265634      
  0.650475760375114641111214090761284915      
  0.507762284817441814163663816644275660      
  0.362912473290505830510452756911056663      
  0.215909745557066653308344576866084671      
   6.67374364672154795438217002299222901E-0002
  -8.46212038962220509383871796446408279E-0002
 -0.238183010108577881118076066277802428      
 -0.393964901217666944619514949249674991      
 -0.551983880618690557274379921829257380      
 -0.712257035885594754100666106150349323      
 -0.874801538606407832406686974371341428      
  -1.03963464422587842956887254599553500      
  -1.20677369185788416857668353143696150      
  -1.37623610413074927115180000684272291      
  -1.54803938699422456527143446382781448      
  -1.72220112954657669446005285821187561      
  -1.89873900385662074386655826669106139      
  -2.07767076476559259982069321708639544      
  -2.25901424971112995401017679351859475      
  -2.44278737853936828320443818914155391      
  -2.62900815331139713302592017002898394      
  -2.81769465811518611579236289121737877      
  -3.00886505887619748338402328199187540      
