-0.38817110803263E-09
-0.24947473389943E-09
-0.13460993439451E-09
-0.75212731887108E-10
-0.53358264513838E-10
-0.31736831750431E-10
-0.26545673604721E-10
-0.21853115560112E-10
-0.16410004663786E-10
-0.85266727277647E-11
-0.58809494174445E-11
-0.12634646468484E-10
-0.57510057865170E-11
-0.50045524405866E-11
-0.40994176600451E-11
-0.28557124273964E-11
-0.89862920355283E-11
-0.25962623926964E-11
-0.52345265965719E-11
-0.47459470742881E-11
-0.39417608700123E-11
-0.60783098540726E-11
-0.19932082543460E-11
 0.92090315979052E-11
 0.47336078651969E-10
 0.15216010622019E-09
 0.40271705928759E-09
 0.95062395592542E-09
 0.20680247841871E-08
 0.42175322443046E-08
 0.81358804020451E-08
 0.14979540200267E-07
 0.26471386805518E-07
 0.45118405023748E-07
 0.74453838016512E-07
 0.11932691738164E-06
 0.18625223303639E-06
 0.28378538081864E-06
 0.42133782464707E-06
 0.61870519854387E-06
 0.88733541704859E-06
 0.12466744651034E-05
 0.17279745822856E-05
 0.23630391841104E-05
 0.31882037655558E-05
 0.42438056694681E-05
 0.55811128980753E-05
 0.72551195799201E-05
 0.93340948934532E-05
 0.11890697169311E-04
 0.15012045129458E-04
 0.18792802001305E-04
 0.23336581361747E-04
 0.28757147367673E-04
 0.35179855028937E-04
 0.42742591440079E-04
 0.51595827449551E-04
 0.61904175230922E-04
 0.73837972310373E-04
 0.87586308264644E-04
 0.10334778234039E-03
 0.12133393807915E-03
 0.14176856028878E-03
 0.16488746560910E-03
 0.19093820940125E-03
 0.22017974994398E-03
 0.25288200754984E-03
 0.28932539592877E-03
 0.32980028117477E-03
 0.37460638058095E-03
 0.42405214996121E-03
 0.47845409749197E-03
 0.53813612583081E-03
 0.60342865914717E-03
 0.67466831046926E-03
 0.75219636115704E-03
 0.83635908453787E-03
 0.92750631526338E-03
 0.10259908829277E-02
 0.11321679276088E-02
 0.12463941004518E-02
 0.13690272615918E-02
 0.15004257800343E-02
 0.16409478807585E-02
 0.17909514186055E-02
 0.19507930691365E-02
 0.21208283910839E-02
 0.23014110658786E-02
 0.24928926204185E-02
 0.26956227133068E-02
 0.29099485546977E-02
 0.31362149508385E-02
 0.33747644171474E-02
 0.36259358978432E-02
 0.38900706819320E-02
 0.41675004391267E-02
 0.44585582638532E-02
 0.47635764073504E-02
 0.50828860061329E-02
 0.54168175571247E-02
 0.57657013445161E-02
 0.61298631677125E-02
 0.65096313660410E-02
 0.69053381411681E-02
 0.73173128381610E-02
 0.77458858277319E-02
 0.81913936390032E-02
 0.86541791296550E-02
 0.91345830423300E-02
 0.96329556554139E-02
 0.10149653080630E-01
 0.10685037408014E-01
 0.11239466093484E-01
 0.11813326656029E-01
 0.12406986413119E-01
 0.13020867245477E-01
 0.13655341473783E-01
 0.14310862559079E-01
 0.14987821643473E-01
 0.15686693174681E-01
 0.16407906934400E-01
 0.17151955753743E-01
 0.17919313589692E-01
 0.18710500711847E-01
 0.19526023656339E-01
 0.20366430047390E-01
 0.21232263762888E-01
 0.22124134647997E-01
 0.23042609338528E-01
 0.23988349679003E-01
 0.24961954956700E-01
 0.25964140958444E-01
 0.26995567178291E-01
 0.28056952190644E-01
 0.29149040106639E-01
 0.30272589409638E-01
 0.31428386871049E-01
 0.32617251160156E-01
 0.33840006450149E-01
 0.35097530560809E-01
 0.36390710240819E-01
 0.37720439328878E-01
 0.39087660098810E-01
 0.40493330213140E-01
 0.41938415392597E-01
 0.43423897470968E-01
 0.44950792384134E-01
 0.46520125307214E-01
 0.48132896057094E-01
 0.49790149191742E-01
 0.51492917260973E-01
 0.53242222507298E-01
 0.55039095834084E-01
 0.56884515608656E-01
 0.58779451216970E-01
 0.60724828458591E-01
 0.62721525663823E-01
 0.64770352649164E-01
 0.66872029262127E-01
 0.69027188716181E-01
 0.71236351392551E-01
 0.73499869105239E-01
 0.75817945616375E-01
 0.78190566867464E-01
 0.80617479388494E-01
 0.83098155655695E-01
 0.85631715367145E-01
 0.88216909867123E-01
 0.90852052709232E-01
 0.93534933484004E-01
 0.96262745522195E-01
 0.99032002769257E-01
 0.10183848977075E+00
 0.10467706371941E+00
 0.10754167420251E+00
 0.11042513984294E+00
 0.11331913039677E+00
 0.11621408028827E+00
 0.11909903955462E+00
 0.12196175536414E+00
 0.12478856671019E+00
 0.12756463810207E+00
 0.13027394538618E+00
 0.13289961107172E+00
 0.13542421118197E+00
 0.13783016997423E+00
 0.14010032571112E+00
 0.14221861182252E+00
 0.14417075715349E+00
 0.14594533916907E+00
 0.14753471988386E+00
 0.14893616912756E+00
 0.15015263658121E+00
 0.15119320879539E+00
 0.15207298185068E+00
 0.15281219972779E+00
 0.15343480679759E+00
 0.15396658727166E+00
 0.15443313839257E+00
 0.15485804299026E+00
 0.15526138956051E+00
 0.15565927963711E+00
 0.15606321298943E+00
 0.15648067466195E+00
 0.15691570237258E+00
 0.15736961581584E+00
 0.15784183034819E+00
 0.15833051755489E+00
 0.15883318758204E+00
 0.15934707743631E+00
 0.15986943092197E+00
 0.16039766696858E+00
 0.16092947172017E+00
 0.16146284324605E+00
 0.16199607916373E+00
 0.16252776469707E+00
 0.16305674098447E+00
 0.16358207102841E+00
 0.16410300328366E+00
 0.16461894338629E+00
 0.16512942754977E+00
 0.16563410027046E+00
 0.16613269001844E+00
 0.16662499890002E+00
 0.16711088725170E+00
 0.16759026696973E+00
 0.16806308952705E+00
 0.16852933964373E+00
 0.16898902978238E+00
 0.16944219807751E+00
 0.16988890180067E+00
 0.17032921378190E+00
 0.17076322086348E+00
 0.17119102165778E+00
 0.17161272498040E+00
 0.17202844576147E+00
 0.17243830485650E+00
 0.17284242784076E+00
 0.17324094399243E+00
 0.17363398410591E+00
 0.17402167992509E+00
 0.17440416453367E+00
 0.17478157050122E+00
 0.17515402892081E+00
 0.17552166980216E+00
 0.17588462145056E+00
 0.17624300989022E+00
 0.17659695818158E+00
 0.17694658698865E+00
 0.17729201390315E+00
 0.17763335342258E+00
 0.17797071631066E+00
 0.17830421048989E+00
 0.17863394029886E+00
 0.17896000646304E+00
 0.17928250618558E+00
 0.17960153355963E+00
 0.17991717883184E+00
 0.18022952954832E+00
 0.18053866884246E+00
 0.18084467744715E+00
 0.18114763277075E+00
 0.18144760916233E+00
 0.18174467763367E+00
 0.18203890638676E+00
 0.18233036078265E+00
 0.18261910361088E+00
 0.18290519483539E+00
 0.18318869225355E+00
 0.18346965075640E+00
 0.18374812323034E+00
 0.18402415990373E+00
 0.18429780914334E+00
 0.18456911726499E+00
 0.18483812852143E+00
 0.18510488517861E+00
 0.18536942800266E+00
 0.18563179580053E+00
 0.18589202573810E+00
 0.18615015358295E+00
 0.18640621340556E+00
 0.18666023809731E+00
 0.18691225907562E+00
 0.18716230649599E+00
 0.18741040933071E+00
 0.18765659543849E+00
 0.18790089149568E+00
 0.18814332320909E+00
 0.18838391539862E+00
 0.18862269179237E+00
 0.18885967534494E+00
 0.18909488824076E+00
 0.18932835168119E+00
 0.18956008638218E+00
 0.18979011226660E+00
 0.19001844842112E+00
 0.19024511357549E+00
 0.19047012581337E+00
 0.19069350245985E+00
 0.19091526057038E+00
