   6.91360382032105060219110298214517828      
   6.91360382032105110148990120050159411      
   6.91360382032108955897461395071538087      
   6.91360382032172657037300039129441798      
   6.91360382032646964407827706415172277      
   6.91360382034827194454909996336848101      
   6.91360382042124210775840530773742270      
   6.91360382061614616007291965584259733      
   6.91360382105205065483226933236588691      
   6.91360382188251542740228496626687689      
   6.91360382321555130734153894087541908      
   6.91360382491358848530549977316912505      
   6.91360382622306345638001627756663846      
   6.91360382520291047034898937089142977      
   6.91360381794927827011410718200136156      
   6.91360379764123045599268108728638254      
   6.91360375345348257133673884070151466      
   6.91360366939581437381945384610991333      
   6.91360352314564595959848753130732282      
   6.91360328494217466904510920410832761      
   6.91360291660884319374093895464514529      
   6.91360237076628421677965142853848791      
   6.91360159029007157314832197522037239      
   6.91360050805619143181388323907471640      
   6.91359904700206965037283660415145443      
   6.91359712051290320183817227496279803      
   6.91359463312333958035975159720122741      
   6.91359148150511914621742250006393602      
   6.91358755569412736517869308947303167      
   6.91358274049707382464612614125045144      
   6.91357691700982253589205188216205066      
   6.91356996417662850731414432835150419      
   6.91356176032192295352288017162326324      
   6.91355218459303039329944076638792728      
   6.91354111826218342477981833923108551      
   6.91352844584817739425681464245116273      
   6.91351405603077716769773874747266074      
   6.91349784234351629194875750137195818      
   6.91347970364200395857803626209273460      
   6.91345954435472319626177374918606608      
   6.91343727453125251887219973475729835      
   6.91341280970876473552539343658753125      
   6.91338607062160919365456426208370571      
   6.91335698278094406617669463790031747      
   6.91332547595199777722590930148918281      
   6.91329148355588653124485805200540312      
   6.91325494202129140542726271556172570      
   6.91321579010897419134663773654017051      
   6.91317396822933217958772463486720272      
   6.91312941777017550753320475570278389      
   6.91308208043479564262876082222631976      
   6.91303189768111278003660179219503514      
   6.91297881008085598048228793511639052      
   6.91292275684476223430407818023753930      
   6.91286367534492988504884815389671411      
   6.91280150070146916260303205263995901      
   6.91273616542240625165569134799742428      
   6.91266759909494810866859277982947679      
   6.91259572812505912927081884440514437      
   6.91252047552136578822863830598498458      
   6.91244176071890287995914171175958375      
   6.91235949943743267714512650498924842      
   6.91227360356930980620145259583737797      
   6.91218398109149268038512442703915205      
   6.91209053599611210426684043380043771      
   6.91199316823424952545326233590215948      
   6.91189177366839110614798384392482313      
   6.91178624402867660059619191840566287      
   6.91167646686748236151304097491808084      
   6.91156232550979056323658351603121608      
   6.91144369899447358522886916457397007      
   6.91132046200337899286956479419086235      
   6.91119248477537688037847211686084501      
   6.91105963300253472641936525668430983      
   6.91092176770574663200404274468311406      
   6.91077874508898814887544280523648255      
   6.91063041636919923784226398957923725      
   6.91047662757973163230930493253568867      
   6.91031721934926212678599590811919522      
   6.91015202665341973395834455289549960      
   6.90998087853440769273522951809528819      
   6.90980359779526563450998824281356045      
   6.90962000066639379876357137894293998      
   6.90942989643324146933650731110312537      
   6.90923308704841266010933075802690045      
   6.90902936669890506047025589083395716      
   6.90881852135291648943457729669938150      
   6.90860032827205477642028784184985978      
   6.90837455549188715220224859248377934      
   6.90814096127192199411417790847382792      
   6.90789929351514135221679593268455405      
   6.90764928916084791788123387883974673      
   6.90739067353305897892929993826130929      
   6.90712315965649193147548542284763556      
   6.90684644758324757755117998406648870      
   6.90656022358832865085598053281897580      
   6.90626415946110779046002698519264850      
   6.90595791163106393829476299883489713      
   6.90564112036431850066006745115889011      
   6.90531340884919243890183127858785190      
   6.90497438227762894006484154751946592      
   6.90462362690058635376144094377845392      
   6.90426070898731374121215922917675360      
   6.90388517380030280611394796161697120      
   6.90349654449153285242943561608139925      
   6.90309432097148824854095365162129981      
   6.90267797870969149318150148249321535      
   6.90224696746916752407209061217857165      
   6.90180071003380971874965232399909290      
   6.90133860079387923167505750262283484      
   6.90086000458735919343421302669139758      
   6.90036425483300889345054618745262607      
   6.89985065222401395844325924065160229      
   6.89931846304734456733596817667318878      
   6.89876691750165877671919976526863479      
   6.89819520796048904019046367680713556      
   6.89760248708365892920470712959042005      
   6.89698786577390247993578440956684749      
   6.89635041136123927636465653425492372      
   6.89568914533841848046133002876971532      
   6.89500304109411726634863906954252060      
   6.89429102156466392764888173961685321      
   6.89355195681567044959762847481624324      
   6.89278466143647143670307560184677708      
   6.89198789183217454930145250738171073      
   6.89116034327361658389220947651692151      
   6.89030064694279234838314780937737967      
   6.88940736680311225235593442574015164      
   6.88847899608030582824661597076747739      
   6.88751395397583557363789201862164578      
   6.88651058162145622120118667131151213      
   6.88546713875869811905873325808168986      
   6.88438179891480204233867108568224036      
   6.88325264546598372239781086212194170      
   6.88207766687298365907129003005733244      
   6.88085475203772203546867241917519513      
   6.87958168490549876108333577349608130      
   6.87825613926325587562982673889510616      
   6.87687567278475839846891381452875236      
   6.87543772119376033070014848258434771      
   6.87393959182564442075164786453868212      
   6.87237845661636879944650376794363059      
   6.87075134494347275853979548780225973      
   6.86905513682502095301877327940032125      
   6.86728655349095876522314580595231098      
   6.86544214962440965747858258928071689      
   6.86351830436434160933121353965795065      
   6.86151121139277958372689974369852085      
   6.85941686895363260105185178068519699      
   6.85723106885524565174445443085254125      
   6.85494938506267662115089113353724005      
   6.85256716172569752226859040154431674      
   6.85007949961471968478194616410050167      
   6.84748124333507611139381812714252241      
   6.84476696577255672620317761170779139      
   6.84193095351418845134797892291642828      
   6.83896718954145949808332902004112528      
   6.83586933674295017351971592609121551      
   6.83263071879385323011699351369226837      
   6.82924430092304107383834367960024366      
   6.82570266941730000900798697577083479      
   6.82199800953664438413589576994793365      
   6.81812208217280218201712680683457227      
   6.81406620052531070321767463192760370      
   6.80982120381174484299512812805507765      
   6.80537743051632636026971657284835812      
   6.80072469195839045500910171984778748      
   6.79585224094422048482898332266137864      
   6.79074874442227405760498870818243117      
   6.78540225056497932331939287404083020      
   6.77980015899373704131864143445982693      
   6.77392918832313040328556964400540103      
   6.76777534544806500541372559572802460      
   6.76132389468548516718524912193048592      
   6.75455932875909300973928080473911630      
   6.74746534157067290716818616789816750      
   6.74002480427172380113548520421148294      
   6.73221974652287019127829748429858093      
   6.72403134345293046625366224769902352      
   6.71543990917128831066220400810800309      
   6.70642489972890126204098442591053128      
   6.69696492943663568960029829728720987      
   6.68703779937316842104923389384576870      
   6.67662053820855132766243994143028720      
   6.66568946381094931342115177617947327      
   6.65422026118608819607531607261883014      
   6.64218807723115877211749986180580428      
   6.62956763358720368373127743930240221      
   6.61633335485498384458324416970783359      
   6.60245950484206135202458181288871402      
   6.58792032908770100587596190594869047      
   6.57269019390995584074360938548656246      
   6.55674371178530103111578445933592757      
   6.54005584759350030773807010068787604      
   6.52260199503499617418551879125972960      
   6.50435801897262845804594852762289904      
   6.48530026235945835322098809243982147      
   6.46540552086986119478263352235987698      
   6.44465099190846978000797276637254323      
   6.42301420997662799620980255530903357      
   6.40047298108415171991127555507698915      
   6.37700532858919818901568366322636565      
   6.35258945833496095988460923640087154      
   6.32720374962901132613264703303082832      
   6.30082677029805429990678768034852473      
   6.27343731240170427632283321606943025      
   6.24501444124127131412377514535743809      
   6.21553755053394378212902809727666595      
   6.18498641600814066867811524158738489      
   6.15334124103552154927105822486261102      
   6.12058269338898714468551703647170593      
   6.08669192817684172144903897757461752      
   6.05165059817419934560752939186518251      
   6.01544085290024952111700116216513993      
   5.97804532753956750380390858413158233      
   5.93944712334718540659599924535684272      
   5.89962978216138960271026353712760843      
   5.85857725640896032578478319321956814      
   5.81627387681677208440494321043516230      
   5.77270431825656381470425885874465111      
   5.72785356609358169504717894319826355      
   5.68170688261360292497256487444967846      
   5.63424977493534290646603372088193611      
   5.58546796463247924047379903088185434      
   5.53534735912361395033941999922172334      
   5.48387402515995044277741094260632690      
   5.43103416448183785168882965026302072      
   5.37681409141791232347434914042017067      
   5.32120021253286204080937873156531274      
   5.26417900814707109656976290357625229      
   5.20573701562481185683476241776879857      
   5.14586081433587457944819536795831035      
   5.08453701208525214608225133170743815      
   5.02175223281315275469664003990106447      
   4.95749310584090044994575319796735812      
   4.89174625594465356390022998167289892      
   4.82449829459446565264096884447926559      
   4.75573581209109967272060900345308257      
   4.68544537053046792570706347241894489      
   4.61361349747356186649454344671442925      
   4.54022668036215091997886483799231394      
   4.46527136144712549594849480282207515      
   4.38873393328941077254227860550431639      
   4.31060073472542162245515887220873820      
   4.23085804728855992959216770762364018      
   4.14949209196462216422642008483332064      
   4.06648902632630778960839561329829461      
   3.98183494195394036597191509365920298      
   3.89551586215695051733496068652554965      
   3.80751773991878401656785772776156298      
   3.71782645605705222222301868616513784      
   3.62642781760948280392396094984539161      
   3.53330755636811430788596934689961196      
   3.43845132759683192476152993841465745      
   3.34184470888915770057703218629927479      
   3.24347319913690046638234264279727452      
   3.14332221763415815690728198548740834      
   3.04137710327815412927565143788207658      
   2.93762311387342862698120728200837437      
   2.83204542550396301092280836594596978      
   2.72462913200227515675890617713791677      
   2.61535924447405782086657526294853177      
   2.50422069089040099888393485610220902      
   2.39119831573779888208759921954029255      
   2.27627687971728585109279541359403201      
   2.15944105949201004673217344856176639      
   2.04067544747406545771376909246093610      
   1.91996455165448162345325073086204711      
   1.79729279545812092171278464206748995      
   1.67264451763289802044139761972861823      
   1.54600397220950083681367043765625083      
   1.41735532838490751598415593862734564      
   1.28668267053028387140419972237697740      
   1.15396999817846974089625731438637345      
   1.01920122603110379063793309782249794      
  0.882360183983651387414248081098816103      
  0.743430617174430567770951448423533090      
  0.602396186039842897686993414714413836      
  0.459240466380975651540611186940837443      
  0.313946949453828602857815166505765943      
  0.166499042058489382824328896563298055      
   1.68800666465582764944909477121235717E-0002
 -0.134926738576185455804602798318807439      
 -0.288938219518890220207638133613197714      
 -0.445171306083135473942308450108847754      
 -0.603643012027080197945250593458080906      
 -0.764370434829646734827451882606661568      
 -0.927370755539087380843260912866996223      
  -1.09266123862763215210934485939293817      
  -1.26025923183335142938594429342381738      
  -1.43018216600498348184835932591771667      
  -1.60244755493401454394654374871920553      
  -1.77707299519611076702704423524768319      
  -1.95407616597808737513240176026412086      
  -2.13347482890810869414361089631218714      
  -2.31528682788198145221140882912970025      
  -2.49953008888871664258361792351525819      
  -2.68622261983288172821009299455284883      
  -2.87538251035668138897086643460210148      
  -3.06702793165733564256371259883927841      
