   6.91360382032448847522976250442333937      
   6.91360382032448897452856100055816334      
   6.91360382032452743201328781372420908      
   6.91360382032516444341181800519020118      
   6.91360382032990751712095170086873873      
   6.91360382035170981779289182899402347      
   6.91360382042467998402730475563315456      
   6.91360382061958405575436957480878039      
   6.91360382105548862151290412183446418      
   6.91360382188595357241674316000186102      
   6.91360382321898980231888786719115063      
   6.91360382491702757153886203090719735      
   6.91360382622650346098927705747681807      
   6.91360382520635178882900918543540722      
   6.91360381795271752365543376712960755      
   6.91360379764466427354860818691460436      
   6.91360375345691121184069141368866096      
   6.91360366939923809991154810661076762      
   6.91360352314906478064473023883582828      
   6.91360328494558770407427024484089936      
   6.91360291661224099395765608099346102      
   6.91360237076965785070765726074850032      
   6.91360159029336950641916967903883166      
   6.91360050805929170968475003799949212      
   6.91359904700465451811038015882427098      
   6.91359712051428535301634738772267906      
   6.91359463312202702664613609132990419      
   6.91359148149798042187002704990580611      
   6.91358755567511262958528343941814679      
   6.91358274045493319166067781663308831      
   6.91357691692446996850827859177002987      
   6.91356996401350849591979394880841604      
   6.91356176002355992059115981247276460      
   6.91355218406670887229183110422872638      
   6.91354111736247454344876349379554701      
   6.91352844435270434552493922885241126      
   6.91351405360736078551364295345688085      
   6.91349783850641093369961892965189790      
   6.91347969769478189313313181544981395      
   6.91345953531675225966742815208316535      
   6.91343726104455934323335876756599026      
   6.91341278992152437182476539934083779      
   6.91338604204426837183821608461807486      
   6.91335694209344399263857094861936644      
   6.91332541883636377641246536915891974      
   6.91329140440093253146126176942661568      
   6.91325483363305378004874516712725122      
   6.91321564335516774395638067628228292      
   6.91317377162405354916633680556080872      
   6.91312915699235087297436946478371052      
   6.91308173778751549445715700359942717      
   6.91303145141921425146003911946461790      
   6.91297823372332414981966129847696077      
   6.91292201834777121232288509971777604      
   6.91286273618380239550005738514137289      
   6.91280031484383960095006688522629774      
   6.91273467818542702450736081470555698      
   6.91266574587991294414142589649593681      
   6.91259343302251127578645878545423002      
   6.91251764978103351978600680989539514      
   6.91243830107775008872274206391566280      
   6.91235528630123659462509020854946073      
   6.91226849904237281777428244227105222      
   6.91217782685010929261231122982467124      
   6.91208315100278828305419260419756837      
   6.91198434628781390910143322850008332      
   6.91188128078964949998734604222614981      
   6.91177381567672151157165896700218944      
   6.91166180498783679580741021908864287      
   6.91154509541305258905061199815116962      
   6.91142352606272218183149716017512053      
   6.91129692822829560745908898610657754      
   6.91116512512600483962884713885979904      
   6.91102793162564546687735561154660734      
   6.91088515395667642074671018824962187      
   6.91073658940257123775601969864080720      
   6.91058202595891463643683137495937462      
   6.91042124198217588930457690225106800      
   6.91025400580395411406656273748211513      
   6.91008007533561027271425166562465793      
   6.90989919762973723410921499863446936      
   6.90971110842123311200101235782384600      
   6.90951553163600147475090547612648700      
   6.90931217887701558110736114033015027      
   6.90910074888779398618913317991236359      
   6.90888092697587946720524370154376053      
   6.90865238441130717041350862297563676      
   6.90841477779354921269442008647983601      
   6.90816774840718358862528296220150084      
   6.90791092149006149585527784635405404      
   6.90764390550342682299857279596350264      
   6.90736629138734195135722241536203715      
   6.90707765175801401160414346347465029      
   6.90677754008117715418142222307130243      
   6.90646548983168389858082069697987028      
   6.90614101351148033481141952326597366      
   6.90580360168560245069365389700203926      
   6.90545272203010378777203836100315035      
   6.90508781834119927606250098791295729      
   6.90470830934128265644130858597946721      
   6.90431358750923704181950943684959021      
   6.90390301834463296655126939736784525      
   6.90347593839050304529832584255593892      
   6.90303165438573624738601792610052022      
   6.90256944180110989438457963307300580      
   6.90208854359924813110263113579309897      
   6.90158816854669831375453217817228260      
   6.90106748950498520792729603828726532      
   6.90052564199924323971546339412958319      
   6.89996172298450823379053470868449339      
   6.89937478803349845735027100437791081      
   6.89876384989618337476422504276536490      
   6.89812787728383710248709312979631849      
   6.89746579171080736598356571408199386      
   6.89677646551327344723008649002672453      
   6.89605872020845563715720165236555171      
   6.89531132402033887112729653788305734      
   6.89453298793864438766525967039040306      
   6.89372236568074322845848771498822002      
   6.89287804822346468209367771257801077      
   6.89199856299864983739195542870379744      
   6.89108236929532737676845108798146183      
   6.89012785631044558499638503300294903      
   6.88913333876587691344637988905453093      
   6.88809705446833055669182522050049600      
   6.88701715891699261363065648682423704      
   6.88589172337519951470694025993812081      
   6.88471872939044140941848815575540047      
   6.88349606464926479399106260084163619      
   6.88222151898607117826719866841199413      
   6.88089277934910212678795059893196855      
   6.87950742415887977880891158053253308      
   6.87806291914103270503978417558182009      
   6.87655661153286184188294336596629882      
   6.87498572288477949197144175594127964      
   6.87334734462660248331642423753870671      
   6.87163843070863955772784885867612372      
   6.86985579185435569513056536902118877      
   6.86799608610434896260556118254562931      
   6.86605581427446355804156829704954353      
   6.86403130995360090241491519737810476      
   6.86191873261702548410232153398262157      
   6.85971405762427119544385257440091650      
   6.85741306798435733921507963521759283      
   6.85501134492329185804335072819963760      
   6.85250425741937555721521854363150433      
   6.84988695180010044158770839956821733      
   6.84715434080672158927255704373340822      
   6.84430109241030349495169651845519868      
   6.84132161728718598666047275891591041      
   6.83821005636982361177147935281261564      
   6.83496026742510194846052255574277610      
   6.83156581350788962080836405373531454      
   6.82801994561543008545211270416568853      
   6.82431558939595159561368372291973644      
   6.82044533238157371198891026885365450      
   6.81640140414173587041114797907378265      
   6.81217566335669746253175902777431837      
   6.80775958024129244786877251433998027      
   6.80314422002738367930367772325232665      
   6.79832022690689463094333779067394254      
   6.79327780644295404202977953747326512      
   6.78800670976649336107181999351896699      
   6.78249621726886824909567118977971651      
   6.77673512258240015225415905486492750      
   6.77071171904888469054700430022160270      
   6.76441378690743028606911099857444158      
   6.75782858137165681582005052355671856      
   6.75094282463724550683599862767771050      
   6.74374270102899538659824711069376364      
   6.73621385384903112818636797626579262      
   6.72834138844301785840603059846973907      
   6.72010988386715335542969452608034243      
   6.71150340255579089694758932691243768      
   6.70250551663601097079164263206549921      
   6.69309933434223046463883574969321223      
   6.68326754028646950391933898178264504      
   6.67299244367247582392196329743048217      
   6.66225603172669078916137606733905433      
   6.65104003483870744186748016065655967      
   6.63932599572328056111353662910086776      
   6.62709533963192425538830843975323561      
   6.61432944869960988983777019107167538      
   6.60100972396430607797841725540655683      
   6.58711763668473229903650131394719051      
   6.57263476054409176105591222728663684      
   6.55754277806972443777210786198177240      
   6.54182344883606594916333610047535516      
   6.52545855232052774688101234806787044      
   6.50842979628593126943585492191045312      
   6.49071869606990145320414123089410954      
   6.47230644800501493405398629970320998      
   6.45317380469152518142931574072931147      
   6.43330097112698818077605244359018708      
   6.41266753730235761121834509141312439      
   6.39125245666699869028360824602912403      
   6.36903407306726828898594087197364712      
   6.34599019419784313218947211817883511      
   6.32209820069234196602278260445393998      
   6.29733518024567468077567996743415780      
   6.27167807345164515387301319814448097      
   6.24510381868507571305645705185258300      
   6.21758948997082891569650280415225554      
   6.18911241581445311355061834466694206      
   6.15965028008731676155385432410847199      
   6.12918120008274222264024142860149355      
   6.09768378390162529915968563269238517      
   6.06513716754774107460420320196800581      
   6.03152103495097212333453471909545167      
   5.99681562313930362438272682145408029      
   5.96100171527737014088183993962812729      
   5.92406062445167514166773590052696819      
   5.88597417109542800832899266714849276      
   5.84672465487887921310707013396738902      
   5.80629482383724808316734241459468870      
   5.76466784177520235384152703992323649      
   5.72182725489619975396820783301763277      
   5.67775695877831488974613682261454631      
   5.63244116608995760020540778904381239      
   5.58586437544598130456200623316828997      
   5.53801134190703226957127021959273469      
   5.48886704906356733871401900239379603      
   5.43841668304535980411451044731101737      
   5.38664560814814851647358165912061320      
   5.33353934437984447585698388012177733      
   5.27908354669762642797930771626558528      
   5.22326398590240451031785124551597994      
   5.16606653115199146984607353831795585      
   5.10747713387696334311300322454339541      
   5.04748181308011747364463824106499586      
   4.98606664195565385262467505745987653      
   4.92321773567546405981633988846428824      
   4.85892124021018239256223506985943077      
   4.79316332218766614238834608275034366      
   4.72593015962005175753681674605083324      
   4.65720793352551208227257859769299633      
   4.58698282023526166272601544068226681      
   4.51524098442291484326042301468031572      
   4.44196857275321298761750981619343565      
   4.36715170812187725549287313227788115      
   4.29077648438972452964529103823120583      
   4.21282896158419451728340303919729016      
   4.13329516156449807725162608738791533      
   4.05216106403862745912776231136497737      
   3.96941260296502167788800441635861148      
   3.88503566325269812066131796308330916      
   3.79901607777389573280963657246085214      
   3.71133962461767792782561794176314262      
   3.62199202462690979202906937115662433      
   3.53095893910390317289790941914686961      
   3.43822596777350931553759568947349107      
   3.34377864687562337920059419593444128      
   3.24760244747799641217412508203932851      
   3.14968277386159057939651246983462131      
   3.05000496217552328937235891692625037      
   2.94855427905531929740922140333575475      
   2.84531592051743409301896237672391184      
   2.74027501082840268729454940648695090      
   2.63341660155017299294510245552270447      
   2.52472567065397116950255718557143804      
   2.41418712171015903935277952567277227      
   2.30178578313453933330678036777267294      
   2.18750640752597889969697563322095507      
   2.07133367115941725433177577229178782      
   1.95325217327352008157463933780582289      
   1.83324643569589612731615794231060500      
   1.71130090234757091389183380965167168      
   1.58739993888145462435030005252265674      
   1.46152783230335354803467868671471203      
   1.33366879066643838685420033761634618      
   1.20380694274080418841600402902145750      
   1.07192633783117347501125141925194584      
  0.938010945484865125552415336452820546      
  0.802044655351896777264018780613154946      
  0.664011276986412104815354084972672082      
  0.523894539695589030462481319682588634      
  0.381678092419795357841559944548629910      
  0.237345503629774012365097176981777613      
   9.08802612647332564704501616952630843E-0002
  -5.77342273977770110340994442320893043E-0002
 -0.208514635748420915869746859316053291      
 -0.361477717878325726933027960988803632      
 -0.516640308639459586993732283082318086      
 -0.674019323632934118138666771299159341      
 -0.833631759231280519407074426351124708      
 -0.995494692530177971919076052934465696      
  -1.15962528135543109717515071162749020      
  -1.32604076423577481174939335759039052      
  -1.49475846035300674526203056954820080      
  -1.66579576948304103069835833997354208      
  -1.83917017196765706213160878460603885      
  -2.01489922863323246486579868846099222      
  -2.19300058072773479123070348986713763      
  -2.37349194983967403559417953723288910      
  -2.55639113781743081152864664228355668      
  -2.74171602669058850804777202466307854      
  -2.92948457857411732832319847837216425      
  -3.11971483555941067797396455434060776      
  -3.31242491963717755412619738289620460      
  -3.50763303256570814141280175469698714      
