   305.833180578490118847143771537581802      
   305.833180575208522449485551403157112      
   305.833180532679864089517132468032889      
   305.833180317601823404850585586757572      
   305.833179632578655134427431715674492      
   305.833177969418442227807421193626599      
   305.833174579803515330158585989053297      
   305.833168436153001172847300015091813      
   305.833158097978758591486720518543062      
   305.833141312165118130965355511719490      
   305.833114153098472694300794244572056      
   305.833069624316697242230780008258454      
   305.832995839663005181212808481598147      
   305.832874054758595971399946398561314      
   305.832676856971741359539547343849588      
   305.832366754854887922699467509293382      
   305.831895290162528135219121430737050      
   305.831202679432719721534292312285461      
   305.830217908119563154824014125302686      
   305.828859156710832270937374247292570      
   305.827034429543622664103312489097881      
   305.824642271932888750357139924608801      
   305.821572488513349924614029525122105      
   305.817706806647910928141264174183318      
   305.812919457741797795694067315030312      
   305.807077673284185829969267295928550      
   305.800042110230478253455108124610328      
   305.791667231839829794603845328330662      
   305.781801675895078724931969475897592      
   305.770288643172198227731720395593415      
   305.756966336184430687140019373618295      
   305.741668472630205886191541820745616      
   305.724224890671947001312634391294480      
   305.704462255110335765193175125255384      
   305.682204865503372896623582895518261      
   305.657275559927294634074644154563519      
   305.629496701869079519787339741134811      
   305.598691232902857761931330370223943      
   305.564683770480034334121112616499218      
   305.527301728295446753207912994416204      
   305.486376436173769906179168823331946      
   305.441744237037146156865041248840089      
   305.393247540077440115941321818450723      
   305.340735811465245038041487047631670      
   305.284066486623085515615556915647646      
   305.223105791030264812504454017847949      
   305.157729459555295835302281291824775      
   305.087823347255931800940645460581987      
   305.013283927421488520905313505585880      
   304.934018675191940042878765205216038      
   304.849946337367313302157622889866141      
   304.760997091019418242379720771272352      
   304.667112595199875795406763810632735      
   304.568245935070785344847689316325200      
   304.464361501080775266367712934913906      
   304.355434725041426796622114994435284      
   304.241451790447841897627494364459384      
   304.122409246877183683373496905742952      
   303.998313567177027992854415005022520      
   303.869180651271901808559513859709572      
   303.735035284776838795796080375393194      
   303.595910560801474031545473936995539      
   303.451847272570380418636089581099630      
   303.302893284302628717313200405332199      
   303.149102887351308565246329397903747      
   302.990536147558894193194711424680178      
   302.827258250405287032852453398757883      
   302.659338848340107002366800838914943      
   302.486851415839757586757473784263678      
   302.309872616011671691013796965370245      
   302.128481681912472900171579426222036      
   301.942759816750174293023413773294257      
   301.752789614609895795947196732397164      
   301.558654504028179491206214098226019      
   301.360438216715372910715354290728325      
   301.158224281697462827122158171875455      
   300.952095545804835157637570554194242      
   300.742133722467716780484241834460464      
   300.528418967172550233090944996300222      
   300.311029480724475963640609415747773      
   300.090041140603303737677527630361424      
   299.865527156054017061274950569740044      
   299.637557750371833075405663517368263      
   299.406199866561169944150806459581131      
   299.171516900606185858905770036190880      
   298.933568452804091094076277746725828      
   298.692410103853615710978995208939281      
   298.448093206468159707900174032002273      
   298.200664703762793396611637795328335      
   297.950166953392453961436744358894880      
   297.696637572501429268486114220113753      
   297.440109298712248860904920050600067      
   297.180609863612402122664031398219929      
   296.918161876506094583772883874908966      
   296.652782722703191755406080726446849      
   296.384484464887104124374683633080173      
   296.113273731361172842061918754292386      
   295.839151653877520313496095021408831      
   295.562113779515422156429634833341386      
   295.282149999670570028660131795231626      
   294.999244460072410669258380230494437      
   294.713375504452618670761739458584730      
   294.424515599576457544497053348873610      
   294.132631230818892072104727747327956      
   293.837682832226966340927387359283653      
   293.539624732914329849236080262888114      
   293.238405073087314402021906716388815      
   292.933965662400169252563875931716917      
   292.626241882869676596392317482605049      
   292.315162631053954673475331488158609      
   292.000650246201724830766355354941062      
   291.682620175831460390593546683353081      
   291.360981097001234922052978163523359      
   291.035634644946132455825660888474224      
   290.706475247390580221262603435725623      
   290.373389869223001934449038631580087      
   290.036258109296945674902238864401973      
   289.694951710528686758529407669932625      
   289.349334372251204717648653910157292      
   288.999261674696256693995356787818340      
   288.644580786708666851180109446673489      
   288.285129884769673055063843880202757      
   287.920738390512232990340559522782417      
   287.551226086566092424180023440961972      
   287.176403190292447087668396381830637      
   286.796069750206210867188891645895756      
   286.410015262459489467284330369961262      
   286.018018305852250113660971564482776      
   285.619846100464162048398893591082639      
   285.215253757191614895975777555441021      
   284.803984098086699478372339635628311      
   284.385766592710942444635643817893376      
   283.960317312071127097736716882757027      
   283.527337732396080178626056223491647      
   283.086514155105888391499093473671100      
   282.637517141451815162759054004065590      
   282.180000387968730319291675743157632      
   281.713599827392677066601473192004686      
   281.237932813554482666340728182394832      
   280.752596736911699025359007071181746      
   280.257168440842085905325699121386030      
   279.751202274788074717105906678365431      
   279.234229407822031432914527203873327      
   278.705755613222856613139550207351645      
   278.165260784849725688846827150488758      
   277.612196145769184177493540711413222      
   277.045983275005384342951189105732673      
   276.466011360060153965352789743067116      
   275.871635940206907945022923172572174      
   275.262175835171206149460517827325609      
   274.636910957643266225616055540058009      
   273.995079544091904514010192101096189      
   273.335875240982739906710542500469742      
   272.658443896559873452550307279861335      
   271.961880008926325383477507395646201      
   271.245222955834740707401930432661915      
   270.507453007345227159523768766496230      
   269.747486798842775339185832961054415      
   268.964172372736131962401027378169644      
   268.156284083531759204315909042021136      
   267.322516664500209751341132768724826      
   266.461479236275912800663511796568043      
   265.571688378335972395747737068220454      
   264.651561005699926350897342666806350      
   263.699406597810832738530158222626859      
   262.713418080654127647475931532891185      
   261.691663480010848911888421017135791      
   260.632075326990152786643035940196632      
   259.532440197825426236859866177751922      
   258.390388774226022695801698872709010      
   257.203382330803022844363993550122150      
   255.968701175276787685424126273501766      
   254.683432273165354416278744951394175      
   253.344455706067885899728147926441843      
   251.948432236272523257905227588278919      
   250.491790733635071336200275491045911      
   248.970716977758680517059528235506589      
   247.381143425404421549265570806654486      
   245.718743487576649738130815621939067      
   243.978927375281295777283053174234274      
   242.156845339300793749616642697527879      
   240.247397159288592148430381680669191      
   238.245252787974986204416271371363847      
   236.144884240087967798088440033170084      
   233.940614992920559726408372144943032      
   231.626689210633825155704198683584561      
   229.197362661025010333648858558797921      
   226.647032933335952003082987747712878      
   223.970380081212669054760035975700782      
   221.162566473536422504531726200276344      
   218.219459967480745276562656499670016      
   215.137898845347442059424867043935698      
   211.915982924920232056562593747390992      
   208.553390894727837465485671507897868      
   205.051701594366050977572015313349565      
   201.414699470833272844962648073637457      
   197.648638452440604482443147055301326      
   193.762425044688493908080166607093937      
   189.767702421195449558504522311325359      
   185.678783732215404026972377986477755      
   181.512427374788559402325743494273938      
   177.287450185520272353527661239979929      
   173.024183514623529359340367014048598      
   168.743819596939283483484666469126257      
   164.467686383929173416384276598105513      
   160.216536848542235671846302922508568      
   156.009895497047884582406239203181315      
   151.865525878864275856109785348210184      
   147.799044686154941878331607912117201      
   143.823696069719673399584000168122256      
   139.950272379367255909569359688154853      
   136.187167774777290801337769122507557      
   132.540523148350026339048523528932236      
   129.014438397141568877937678613596745      
   125.611221850062407136880385119168057      
   122.331651476053394696746540581974253      
   119.175231780447362622976004339504744      
   116.140433821687948875124167186146766      
   113.224912176460265931767090081872900      
   110.425694890600271691225804754341811      
   107.739345130469565643065298732601833      
   105.162099054180527226972347431564622      
   102.689977302946204216573513337901169      
   100.318876787259819680544777660332272      
   98.0446434592968620896429740741073300      
   95.8631298625637658551582762568643535      
   93.7702392908551638030436312937096004      
   91.7619596380258318688297755326104837      
   89.8343881319401788536213265269214799      
   87.9837490424794213965387298237823663      
   86.2064054122905362200499481755907967      
   84.4988670667939716751166399970272852      
   82.8577940894882631322836275152200166      
   81.2799982200327136184884043116360622      
   79.7624418791160440603903743988948195      
   78.3022354169567587690026276681006306      
   76.8966339409369920957895064534828503      
   75.5430322637037230211379513496230156      
   74.2389599350876944405991739073919426      
   72.9820758166746100422870177374899396      
   71.7701622800919782748924123046027861      
   70.6011193497705477952251384014909525      
   69.4729589352342956447217326072690342      
   68.3837992047023972358954793956458709      
   67.3318588623033649346846742084352482      
   66.3154517602601051986776265472521064      
   65.3329816713031134900614761360320976      
   64.3829373079292655904563586534946214      
   63.4638875205540373694645228360717231      
   62.5744766915570539247966456456810061      
   61.7134205307315671076981551147854394      
   60.8795018251553303024227139107454422      
   60.0715667693701568920269798658061482      
   59.2885210037279599553598105470918254      
   58.5293265615704900542320134559506352      
   57.7929983398999040482458111834471676      
   57.0786010910177161035467364263482301      
   56.3852466168355300220059018413982597      
   55.7120911003912984019333642256773111      
   55.0583324930741936418350285346029939      
   54.4232081604233883406877305122432998      
   53.8059926345269730132845938622413169      
   53.2059955809355653961065561347138807      
   52.6225597483829248616302969614226953      
   52.0550591560134873749944923286233935      
   51.5028973847152409501107968303217602      
   50.9655059247158895370600289046649460      
   50.4423426237709407453427086056356928      
   49.9328902925927092699213722026296762      
   49.4366553199368918006463114527357343      
   48.9531664696360263243468115068369410      
   48.4819735174819240407464957993334760      
   48.0226463876493160462606002594595841      
   47.5747738970038028603118429318931200      
   47.1379628838791054856970641121255459      
   46.7118371692639679365757222735309116      
   46.2960367794842512350135621630021100      
   45.8902170488926928723710335509205628      
   45.4940478983821100606551198829786234      
   45.1072130393335989521821836569682822      
   44.7294093372930356616696734469650656      
   44.3603461527613868767911209312849841      
   43.9997446811204159834050385568324321      
   43.6473374444057593155530881452184198      
   43.3028676772411472991391322022111375      
   42.9660888501842722165217877773995583      
   42.6367641627325878566506322411702479      
   42.3146660920395973719250129123737294      
   41.9995759672266960120578446530265205      
   41.6912835167057815865839809617531796      
   41.3895865081070877037940451996549576      
   41.0942903997701075503635400570761033      
   40.8052079367582572745702199776400785      
   40.5221588571102896007452961155333367      
   40.2449695788342356682200334314936801      
   39.9734728786432356336277088045173281      
   39.7075076253590023775645038237428755      
   39.4469185164309331239206678047677747      
   39.1915558108238080275827371401811011      
   38.9412750984449389489139611084020867      
