   6.91360382032105060219110298214517828      
   6.91360382032105110148990120050159411      
   6.91360382032108955897461395071538087      
   6.91360382032172657037300039129441644      
   6.91360382032646964407827706415172739      
   6.91360382034827194454909996337515474      
   6.91360382042124210775840530948117046      
   6.91360382061614616007291977432185858      
   6.91360382105205065483227259362768865      
   6.91360382188251542740233250488809926      
   6.91360382321555130734197443686060858      
   6.91360382491358848530831178162879007      
   6.91360382622306345639387883262815377      
   6.91360382520291047040425159606694577      
   6.91360381794927827029998988951770688      
   6.91360379764123045653766718086791220      
   6.91360375345348257075772511584007696      
   6.91360366939581437282766492407522410      
   6.91360352314564596027415134654711863      
   6.91360328494217467334128372178619093      
   6.91360291660884321682161357143597469      
   6.91360237076628432389811309467989233      
   6.91360159029007201076869932969426934      
   6.91360050805619303048699862666633644      
   6.91359904700207494186091134337618186      
   6.91359712051291924921094647237783092      
   6.91359463312338459745741047841360431      
   6.91359148150523692120076439816335687      
   6.91358755569441676703804065013104072      
   6.91358274049774585637187548765530760      
   6.91357691701130521650944283083824298      
   6.91356996417975112199128736332058936      
   6.91356176032822676323553279972962073      
   6.91355218460527360778630547291256026      
   6.91354111828513493757937856553609849      
   6.91352844588982719758265582302711638      
   6.91351405610413213511130220473779386      
   6.91349784246919862358409830787986746      
   6.91347970385192637086821533723792816      
   6.91345954469718009062639290664714591      
   6.91343727507783990665887910080879300      
   6.91341281056362353799977656830952142      
   6.91338607193357637091602888048510713      
   6.91335698475929349847615840683204678      
   6.91332547888655712219822210121466631      
   6.91329148784242706254695411405863370      
   6.91325494819320362792974647803484345      
   6.91321579887636166332945437936099955      
   6.91317398052677893099962404736961589      
   6.91312943481456576151085839925670942      
   6.91308210380872288812618318960745945      
   6.91303192937781494662786493111593883      
   6.91297885263601547655569340539152196      
   6.91292281344023612736498702707052932      
   6.91286374992576765738037953640086414      
   6.91280159817267637265284122852683377      
   6.91273629178601383504683741963097632      
   6.91266776166371170532995392189358856      
   6.91259593575122080579969659163137441      
   6.91252073885488334202862013180371263      
   6.91244209249738323650426212832391437      
   6.91235991481002529764607347498054908      
   6.91227412045675591584139966539956485      
   6.91218462058448056682992207687531188      
   6.91209132279403968782556084802235302      
   6.91199413112644269962240398026705052      
   6.91189294605963504549089574569759716      
   6.91178766451086680465042667081568657      
   6.91167817983914024332133540833078942      
   6.91156438184491666705558368768031218      
   6.91144615676217212671930176813437579      
   6.91132338723949216231696227549766905      
   6.91119595230731912136506525636575912      
   6.91106372732816167370449404687054417      
   6.91092658392716789817790584097917400      
   6.91078438990193459271465165045459652      
   6.91063700910850230334256397502993702      
   6.91048430132142349691164359885329757      
   6.91032612206934945709627511311427420      
   6.91016232244358886152092438359819185      
   6.90999274887504959997776415924592212      
   6.90981724288535419001889572277155495      
   6.90963564081034677023397626399177093      
   6.90944777348525661811924221290419406      
   6.90925346591268158832141714490516611      
   6.90905253688759176490688977882381993      
   6.90884479860125531979490308923528177      
   6.90863005620466308080044215486004323      
   6.90840810735332239538653809840069727      
   6.90817874170998657194043087922979508      
   6.90794174041788247591835811381551049      
   6.90769687555975304948485273835014661      
   6.90744390955159723249198902453068677      
   6.90718259452584940382923912720965155      
   6.90691267170824971383057437210253949      
   6.90663387068398271687968927555326156      
   6.90634590873559662937178382110428009      
   6.90604849004465794146168611117980147      
   6.90574130494143669858518146817090878      
   6.90542402905834783628525840281853158      
   6.90509632248621289326232366611826994      
   6.90475782888033402066466444334577790      
   6.90440817452091016314508314445770299      
   6.90404696733037573720792635809628761      
   6.90367379587828797811691250293218071      
   6.90328822831562246623412835034888857      
   6.90288981125894543593443912751062626      
   6.90247806863325615502150938485026766      
   6.90205250048789948382652220019508084      
   6.90161258176644007815551302377190126      
   6.90115776091516132959181257978809244      
   6.90068745861110331193122251173020830      
   6.90020106618733526224119651419557277      
   6.89969794452356669046986316370521109      
   6.89917742195927700355933799625671902      
   6.89863879299553869056360329052354562      
   6.89808131652874388072196627327565833      
   6.89750421410244126273707482959985361      
   6.89690666785550972586675687175353262      
   6.89628781885349530440583460998313589      
   6.89564676487791203866810916875230714      
   6.89498255820745930897627408366546059      
   6.89429420347768017293451440075142886      
   6.89358065530556838822199271186371844      
   6.89284081578617956029261015431086281      
   6.89207353185013240760184463222407432      
   6.89127759254481191348716039363860303      
   6.89045172617330177953361292159524138      
   6.88959459712821639439533238134868885      
   6.88870480286017720983548207237485299      
   6.88778087031886737534079730363672486      
   6.88682125257962594324261582534337177      
   6.88582432504399049445606724355101276      
   6.88478838127536542258432035895421876      
   6.88371162907584339381608741176981567      
   6.88259218595258725067723094168553243      
   6.88142807443456049368992138389295200      
   6.88021721719360613852705326944931635      
   6.87895743171408078195022488556464831      
   6.87764642489888901462556696904585832      
   6.87628178706719196858097823884293130      
   6.87486098584739417594141946834885514      
   6.87338135951694872480923934580344742      
   6.87184011005790521968155936699953019      
   6.87023429578350385715315639806396803      
   6.86856082328555047639525123779006874      
   6.86681643895044221264776997413856042      
   6.86499772112139935888617710085789677      
   6.86310106916280588051318565219499489      
   6.86112269406814480924893610614083123      
   6.85905860793197006356391902370051204      
   6.85690461222153085233047961267840734      
   6.85465628586299414919565151171919380      
   6.85230897219727195130239461523262450      
   6.84985776518624191965631842168611867      
   6.84729749467679469846359981506043125      
   6.84462271079542358105822132109529605      
   6.84182766725564448502722175443014042      
   6.83890630358349301694573915259833705      
   6.83585222612169035025064619173117843      
   6.83265868760579467581572936447540684      
   6.82931856600233718152043868381871870      
   6.82582434151172015024761241079851975      
   6.82216807199669650393023342228603091      
   6.81834136717395190441681928023682685      
   6.81433536126147552942248923660186463      
   6.81014068445474117496090361476812130      
   6.80574743139096040481185357383652715      
   6.80114512943665850086105517761117115      
   6.79632270476558522394173859437863249      
   6.79126844791083531630338568174802875      
   6.78596997576873320404955612394771500      
   6.78041419491988374840712648506389481      
   6.77458726311325013724334824542817111      
   6.76847454997122516683840270027367773      
   6.76206059942482878922600546348359843      
   6.75532909127876533553954577883983782      
   6.74826280613564057340038786917409818      
   6.74084359300464445089263452725642273      
   6.73305234143916517761152188526122392      
   6.72486896002518395708291885644112610      
   6.71627236359990674428622165411831487      
   6.70724047067522146097234182039454454      
   6.69775021429689840937459715816104197      
   6.68777756889273295606988000120670631      
   6.67729759537832438497191676347300634      
   6.66628450921188721762200011402990828      
   6.65471176595098496215631198763204031      
   6.64255217659950474168666752453925868      
   6.62977804122104643871612710377352368      
   6.61636130496957347469394695604953400      
   6.60227373003253944536867135959823518      
   6.58748707510605206115202074971358241      
   6.57197327547206158264217124255039852      
   6.55570461275060483115229499629757932      
   6.53865386122958001512583391655311302      
   6.52079440476238509456551507653773514      
   6.50210031432606708403951406833253351      
   6.48254638437110470327038008338462420      
   6.46210812738513055608572984511005242      
   6.44076175429425656670537257557419049      
   6.41848408683983345669096283110753297      
   6.39525252242945795137886398978986416      
   6.37104495490625225581849383420788282      
   6.34583972678910604873412954753324688      
   6.31961559473464243735318249242624817      
   6.29235171495576973486525745900121371      
   6.26402764541962429675571409793670421      
   6.23462335980739242730211715623030018      
   6.20411926760721529022896914582333511      
   6.17249623504209442911360222697860855      
   6.13973560169171441865208994729481699      
   6.10581919146902036805434784588802191      
   6.07072931380859376258631517426990741      
   6.03444875729013953847082063546598152      
   5.99696077476632386522480440792865246      
   5.95824906213594468925881953398580473      
   5.91829773198118103589175125127165827      
   5.87709128300433936888196227695150798      
   5.83461456764821974599276373956889458      
   5.79085275863587932738463127595931489      
   5.74579131478082849860483914653405010      
   5.69941594876368388746980905542254303      
   5.65171259490433850367066595408167809      
   5.60266737947756060405097427245783521      
   5.55226659262136714825181190815807197      
   5.50049666254084229116001683798549040      
   5.44734413159738017458133062982848492      
   5.39279563467522104888745502617737573      
   5.33683787952960891135308550416370754      
   5.27945762899848067530004340689248591      
   5.22064168502633432852234533026144984      
   5.16037687429299954969518762262322129      
   5.09865003548418758181685961154612538      
   5.03544800775967383334272088187749546      
   4.97075762061942508237700047684051902      
   4.90456568466479766263304903990849055      
   4.83685898372022871618519618802551002      
   4.76762426754043768169025421021503298      
   4.69684824541744895783115885750789791      
   4.62451758056761818404024401655165762      
   4.55061888504244759061746293213915212      
   4.47513871535089386004919129175060695      
   4.39806356845004243290358945941137177      
   4.31937987827234706888021872709119028      
   4.23907401260962428194352208966485141      
   4.15713227039025774651739194965216041      
   4.07354087924222978283654828403109777      
   3.98828599333774143903795546256452150      
   3.90135369150910509481389804646093653      
   3.81272997558230217866490482098745079      
   3.72240076890960821019478803574873455      
   3.63035191506391716148509674479518192      
   3.53656917669975120633688195506705903      
   3.44103823457951094341423139220086754      
   3.34374468669801481094105148835071097      
   3.24467404752212845925203556572980957      
   3.14381174735011171397813547154542434      
   3.04114313174109876352530714012676764      
   2.93665346103637183044394681656456097      
   2.83032790995386771214154524200766090      
   2.72215156723818977816091273262341539      
   2.61210943538357050504187992024473259      
   2.50018643039698768982436131337462795      
   2.38636738161319358220791589615186985      
   2.27063703154871601485657784231522622      
   2.15298003580174704281956175958901418      
   2.03338096297638965580421191486776434      
   1.91182429464282202958706574933390249      
   1.78829442532439683333647406693365232      
   1.66277566250840001436509485016488053      
   1.53525222667294572022104693809398761      
   1.40570825136716746404375682507367685      
   1.27412778324221290901116121054107549      
   1.14049478216644124333918012991460058      
   1.00479312131788792127954931969423478      
  0.867006587303324185840138479581788461      
  0.727118880280347284188046700886627618      
  0.585113614096340371632980907213452885      
  0.440974316436145697267293718602115725      
  0.294684428972196742287542175243217198      
  0.146227307531709403677342236951903567      
  -4.41377773909518002701828803753413312E-0003
 -0.157255642198439034933070278244426486      
 -0.312315186529184176363502537579817098      
 -0.469609396555151097823178073809121163      
 -0.629155343052034102572115463770813538      
 -0.790970181558830517678149013566534515      
 -0.955071152174427125503250130491046768      
  -1.12147557936936948929499989395521035      
  -1.29020087177819903570073911076950081      
  -1.46126452200122000994286000941564565      
  -1.63468410639835743007679694913585050      
  -1.81047728488543734246989138465887033      
  -1.98866180072385761122612499525553511      
  -2.16925548031644447365343032734394351      
  -2.35227623299382264346859218546445192      
  -2.53774205081179048518390415390553045      
  -2.72567100833493211942642304930009382      
  -2.91608126243242343288630521088544821      
