   6.91360382032105060219110298214517828      
   6.91360382032105110148990120050159411      
   6.91360382032108955897461395071538087      
   6.91360382032172657037300039129441259      
   6.91360382032646964407827706415172739      
   6.91360382034827194454909996337539586      
   6.91360382042124210775840530957956237      
   6.91360382061614616007291978360892312      
   6.91360382105205065483227292297585239      
   6.91360382188251542740233837500530296      
   6.91360382321555130734203775731841322      
   6.91360382491358848530877989523278648      
   6.91360382622306345639646490748717118      
   6.91360382520291047041561236992125993      
   6.91360381794927827034153873765459485      
   6.91360379764123045666861357380576110      
   6.91360375345348257112296484667854122      
   6.91360366939581437374890269855496987      
   6.91360352314564596292588092452290195      
   6.91360328494217467355394958261007613      
   6.91360291660884321812343858675377877      
   6.91360237076628433070986925192469072      
   6.91360159029007204180680876171016921      
   6.91360050805619315576421816243764995      
   6.91359904700207539624066103591145716      
   6.91359712051292074824551284863405803      
   6.91359463312338914262259096683409770      
   6.91359148150524970015704286335559617      
   6.91358755569445033956680709750964861      
   6.91358274049782882460040774626023167      
   6.91357691701149921861261936840189323      
   6.91356996418018252658554333678383716      
   6.91356176032914319388184215191484005      
   6.91355218460714075393426409581599123      
   6.91354111828879640130647378729484857      
   6.91352844589675979163815767689656772      
   6.91351405611684149335128643224198498      
   6.91349784249181559833206284386015752      
   6.91347970389108383109656281144391927      
   6.91345954476327271340339194720015370      
   6.91343727518679662964302829764602770      
   6.91341281073935371438979618859754925      
   6.91338607221128646014179446145059346      
   6.91335698518991139858820072571633008      
   6.91332547954254592246523248665828484      
   6.91329148882531902590763495645085418      
   6.91325494964323826484990138877167218      
   6.91321580098466847926264576995823832      
   6.91317398355060555950289860911962967      
   6.91312943909611484270457062335560692      
   6.91308210979822560306538169656814122      
   6.91303193766153512368092663358159625      
   6.91297886396994412493691105130440281      
   6.91292282879030136499263005305678391      
   6.91286377053139984913503271038691928      
   6.91280162555972017963106169695219403      
   6.91273632785720979739949593534906844      
   6.91266780880105359439740944377327974      
   6.91259599686769301458653119620591900      
   6.91252081750535432235695380042142641      
   6.91244219299236310967418970704331679      
   6.91236004234444785139433641784967404      
   6.91227428125498664544589873095529646      
   6.91218482206275545044131261833493323      
   6.91209157374154240723352021107206070      
   6.91199444190621009284764245676223181      
   6.91189332883044677298042181226023509      
   6.91178813347123992312101379038579271      
   6.91167875149454034102298880753513844      
   6.91156507529919937004267071412831121      
   6.91144699403424334587676738303513849      
   6.91132439360611543928695402883495807      
   6.91119715667291324170636534155800935      
   6.91106516262238040420828144899428418      
   6.91092828753097017044063236083315348      
   6.91078640410277665532060255965906689      
   6.91063938158522197777957776304334662      
   6.91048708565935387214443109697647112      
   6.91032937830599045182895157471604362      
   6.91016611764523856077462780948467698      
   6.90999715774477262419944477092359903      
   6.90982234840263472667365470069035870      
   6.90964153490116009053941440763118257      
   6.90945455772663543969295164247328935      
   6.90926125226655125935914394031016458      
   6.90906144846789057573937845145729194      
   6.90885497047282243501112011333920450      
   6.90864163621480673006554936826000428      
   6.90842125699471360384232219630438282      
   6.90819363701666629972546154546702472      
   6.90795857289538881476686753345331477      
   6.90771585313923308195841219623116585      
   6.90746525758893585713499937854959102      
   6.90720655682375588161728055581475617      
   6.90693951158183368548404663714602733      
   6.90666387204821717953198930441743591      
   6.90637937723239584766071793492515181      
   6.90608575420633340023889389510787477      
   6.90578271738532747278035104279651078      
   6.90546996772049585299210720191817290      
   6.90514719189241938857051782362796047      
   6.90481406145018635799613071466809657      
   6.90447023191814013554159553297741893      
   6.90411534184723853107798854246364024      
   6.90374901186787947519025756706664376      
   6.90337084366240130720626096082982146      
   6.90298041889901817300667840512265619      
   6.90257729811998222859271509607919139      
   6.90216101961206141899656938170702432      
   6.90173109822029537327905781493092789      
   6.90128702402429854200438205215735898      
   6.90082826111273521401948434695685550      
   6.90035424617783624314140832429837480      
   6.89986438708496967183046068720488252      
   6.89935806128943465384600440207272702      
   6.89883461470078560153829399165269972      
   6.89829335945607447537350690314413205      
   6.89773357262475578303708681855777300      
   6.89715449421871352571120214551642135      
   6.89655532549484244763545015401294217      
   6.89593522697342852696608669836363128      
   6.89529331625506514363913708274166139      
   6.89462866599826986526132958618934226      
   6.89394030162805144049668481073061563      
   6.89322719905113072846857603189484713      
   6.89248828204246796086717834717892534      
   6.89172241973424348655112602830129739      
   6.89092842383591968870657066499497844      
   6.89010504573034912028723602729645528      
   6.88925097350878733730704269521282250      
   6.88836482858731351833279399779650882      
   6.88744516269800431152703197104691010      
   6.88649045383459921810676646477540664      
   6.88549910299316625760766633168949302      
   6.88446942986389678975892577046334330      
   6.88339966872506983866261022842150430      
   6.88228796405742624374500931321243386      
   6.88113236601544400770429705545518368      
   6.87993082502572361972182174351345593      
   6.87868118708794182184588942778840917      
   6.87738118773931112926730170427775399      
   6.87602844651451306675450906867440819      
   6.87462046047528636801685383631332997      
   6.87315459760028460029350465100294999      
   6.87162808991548599610097257310912913      
   6.87003802571544401219904080858486181      
   6.86838134183615824345659718350816649      
   6.86665481494255742971524730973104644      
   6.86485505285539492789239938429777312      
   6.86297848419796875082582020507017369      
   6.86102134963158918796479843802053002      
   6.85897968934025756909537242272197889      
   6.85684933206175989958448001625159846      
   6.85462588278269186534525007380541616      
   6.85230470925637042330605395966602755      
   6.84988092787737796274473729738323325      
   6.84734938853678422577877679342448710      
   6.84470465860637160065169175918706956      
   6.84194100533590250353221514370944740      
   6.83905237777621954463497318446263679      
   6.83603238683466770756914234798819036      
   6.83287428380264433187198156299286693      
   6.82957093855931162313988504219478446      
   6.82611481533124026296008331591838926      
   6.82249794651757002690320880152845123      
   6.81871190598102215560845064486080523      
   6.81474777946380113764335407718185527      
   6.81059613418534776343640794302671233      
   6.80624698574078700030737335988828042      
   6.80168976370395592184696279129423011      
   6.79691327510434011605807300843294795      
   6.79190566542447770149271298803396524      
   6.78665438103908545266960638309515905      
   6.78114612506392175328511540956960670      
   6.77536681603290394496405971520849442      
   6.76930154536587764992717959666598148      
   6.76293453273266381653054228731981247      
   6.75624908479922651312579747984522269      
   6.74922755302290175354077422047095731      
   6.74185129676383664362446738492155784      
   6.73410064896883566166294474627860023      
   6.72595488915249928258232442158202719      
   6.71739222621953631330715113087039424      
   6.70838979025089293102143340093463637      
   6.69892363970846354152598801073939665      
   6.68896878806359922156141033315899574      
   6.67849924699010376905486658853253967      
   6.66748809548619294648778104076427805      
   6.65590757691610985585896514334750691      
   6.64372921622800982429602034084149624      
   6.63092397194453585188656610572727493      
   6.61746240659063042337025999131373629      
   6.60331487999469107422264088769458079      
   6.58845175238732753378734560686784792      
   6.57284359107059271319340408361025112      
   6.55646136570448356744601891909885206      
   6.53927662143519272532338519402128477      
   6.52126161961889927866583977330064472      
   6.50238943579198588534018974802606841      
   6.48263401094751908784552153042968669      
   6.46197016723268269283165211993717229      
   6.44037357170961061137383959659409528      
   6.41782069060412295336542115854799081      
   6.39428870340175602958393784150127688      
   6.36975545464544658769472106290845307      
   6.34419937694475148687140742004404734      
   6.31759944532779728151559582641985579      
   6.28993514501433113091254302667541130      
   6.26118645399575466556484569138777446      
   6.23133383782538711482433733964598123      
   6.20035825075821044338913241515449113      
   6.16824113923351152619406708826079957      
   6.13496444259821371373465376724819214      
   6.10051059141271128213277068040159487      
   6.06486249736647580228878821422364192      
   6.02800353821592938636337157731743180      
   5.98991753680936432314128072573722253      
   5.95058873468927702294331114538221461      
   5.91000176271001571784204805938150233      
   5.86814160846772442896784967088689998      
   5.82499358296455591753320336482463915      
   5.78054328691770029517674202091100297      
   5.73477657704392155484231347185813892      
   5.68767953444884067131329709576602624      
   5.63923843365444607731072224036697138      
   5.58943971402028336354435898005758848      
   5.53826995321081027100514626819933660      
   5.48571584263730413307277853741241654      
   5.43176416518510062616626890486804609      
   5.37640177483238397326760286599561133      
   5.31961557853173345563219952378865268      
   5.26139251967644623113349541931745430      
   5.20171956343045310969868184799287115      
   5.14058368354800737182191760817986810      
   5.07797185077432835402158105695124631      
   5.01387102238880241666019690813889936      
   4.94826813311044502567011199324343840      
   4.88115008664290171941735765645974014      
   4.81250374881778760951606151599037317      
   4.74231594101074061767059932464744050      
   4.67057343452147395213292918160736518      
   4.59726294560822493004172708195270602      
   4.52237113107428057926021572383318638      
   4.44588458443583534475002060010721398      
   4.36778983249717795400944839065077021      
   4.28807333234209789908462663082425055      
   4.20672146868228838767663799655546163      
   4.12372055157701518852739155770913787      
   4.03905681437413251759369796555903358      
   3.95271641193866177678397914939470205      
   3.86468541907421413548065445231085205      
   3.77494982919310253635777633214531230      
   3.68349555311491086223205452774110246      
   3.59030841805174526446594240628050674      
   3.49537416669276236093569645791885561      
   3.39867845647678630549998595428863867      
   3.30020685890853591793129309865738387      
   3.19994485901018074852051228191386730      
   3.09787785485957858493069462612275476      
   2.99399115719061165621994601082112434      
   2.88826998906459614033050374129647278      
   2.78069948562142108792254207749799085      
   2.67126469385972212827966638121516437      
   2.55995057248823006206335132533232631      
   2.44674199181129735017039352236046200      
   2.33162373365297305467795833540672574      
   2.21458049131531580252675152978208923      
   2.09559686957490736871079189418330540      
   1.97465738470034715440739899190485478      
   1.85174646449652811681904150485127080      
   1.72684844837127566686295915154886839      
   1.59994758742404390779125314603045919      
   1.47102804454486547345265137794375595      
   1.34007389454832426246779866732381421      
   1.20706912428998658413127725572555483      
   1.07199763282200958562991952458170119      
  0.934843231552826419864992710583881013      
  0.795589644409612274074510604117839292      
  0.654220508017464897797301641585549099      
  0.510719371884968151671339940792142170      
  0.365069698590703690071835229082058929      
  0.217254863983953831291949920776086143      
   6.72581573861884291923348809304043034E-0002
  -8.49372182058112790318765188228645387E-0002
 -0.239348145902967499554955083484118532      
 -0.395991594716312102977238546869543074      
 -0.554884619336888192235898250146847158      
 -0.716044359915298664898595935160552194      
 -0.879488041841495944078805404640185648      
  -1.04523297552196806560097604108346805      
  -1.21329655615302334349838539746492521      
  -1.38369626349626020354002872711890994      
  -1.55644966165293685752275336686928166      
  -1.73157439883252577615212953864228889      
  -1.90908820712849792178769498418841813      
  -2.08900890228825634421779696712268410      
  -2.27135438348600170443630336551964353      
  -2.45614263309118689937841347106817380      
  -2.64339171644642962612158700159538856      
  -2.83311978163427536823383194065241292      
