 0.10658929944936E+02
 0.10658930010472E+02
 0.10658930315169E+02
 0.10658931178414E+02
 0.10658933071145E+02
 0.10658936624421E+02
 0.10658942633397E+02
 0.10658952066341E+02
 0.10658966062658E+02
 0.10658985970648E+02
 0.10659012969339E+02
 0.10659049448123E+02
 0.10659096258743E+02
 0.10659156116314E+02
 0.10659230753340E+02
 0.10659322307755E+02
 0.10659432467485E+02
 0.10659563082254E+02
 0.10659717856464E+02
 0.10659898907698E+02
 0.10660108142717E+02
 0.10660348192131E+02
 0.10660619726082E+02
 0.10660927600527E+02
 0.10661273058847E+02
 0.10661657060424E+02
 0.10662079671680E+02
 0.10662539361793E+02
 0.10663038109966E+02
 0.10663575605420E+02
 0.10664140931916E+02
 0.10664739383472E+02
 0.10665363124772E+02
 0.10666000798332E+02
 0.10666648697950E+02
 0.10667297218014E+02
 0.10667949521773E+02
 0.10668560216018E+02
 0.10669153123708E+02
 0.10669693776498E+02
 0.10670182238863E+02
 0.10670589384141E+02
 0.10670907805629E+02
 0.10671134129886E+02
 0.10671249800624E+02
 0.10671219692028E+02
 0.10671047411680E+02
 0.10670725008536E+02
 0.10670208540667E+02
 0.10669510403698E+02
 0.10668583054942E+02
 0.10667441365963E+02
 0.10666085839354E+02
 0.10664470594385E+02
 0.10662571272756E+02
 0.10660387267056E+02
 0.10657896835322E+02
 0.10655118741013E+02
 0.10652007328511E+02
 0.10648559856996E+02
 0.10644786031894E+02
 0.10640636868426E+02
 0.10636126303879E+02
 0.10631228623815E+02
 0.10625939886759E+02
 0.10620234534108E+02
 0.10614112281955E+02
 0.10607591544342E+02
 0.10600646110573E+02
 0.10593218130495E+02
 0.10585356191738E+02
 0.10577112648555E+02
 0.10568423253526E+02
 0.10559114558270E+02
 0.10549441756339E+02
 0.10539161522676E+02
 0.10528584738460E+02
 0.10517485079075E+02
 0.10505735723650E+02
 0.10493516835859E+02
 0.10480949385552E+02
 0.10467819512005E+02
 0.10454187065760E+02
 0.10440088760971E+02
 0.10425470149195E+02
 0.10410388238791E+02
 0.10394624214933E+02
 0.10378493557222E+02
 0.10361795279922E+02
 0.10344752209959E+02
 0.10326974077850E+02
 0.10308968477312E+02
 0.10290160552175E+02
 0.10271057071119E+02
 0.10251422168405E+02
 0.10231510914922E+02
 0.10210856495047E+02
 0.10190061974845E+02
 0.10168519017722E+02
 0.10146856830803E+02
 0.10124417069605E+02
 0.10101402341742E+02
 0.10078421779231E+02
 0.10054990526915E+02
 0.10030913761780E+02
 0.10006919855184E+02
 0.99821734556756E+01
 0.99572735235519E+01
 0.99320599043555E+01
 0.99066411748090E+01
 0.98806520033684E+01
 0.98545451158170E+01
 0.98284841629476E+01
 0.98019828848429E+01
 0.97753945482969E+01
 0.97485060661601E+01
 0.97219089971678E+01
 0.96950696228398E+01
 0.96677836089853E+01
 0.96404972466045E+01
 0.96139596326732E+01
 0.95865258685919E+01
 0.95600864831889E+01
 0.95335777948261E+01
 0.95070302949560E+01
 0.94806183881203E+01
 0.94551022612473E+01
 0.94296579830272E+01
 0.94050221522361E+01
 0.93809202221941E+01
 0.93567985534998E+01
 0.93338497367031E+01
 0.93116695106774E+01
 0.92902960593262E+01
 0.92700513874656E+01
 0.92505698277734E+01
 0.92331285189381E+01
 0.92163653228191E+01
 0.92017844242916E+01
 0.91888368153565E+01
 0.91777726867458E+01
 0.91685495673529E+01
 0.91624651974625E+01
 0.91583743961525E+01
 0.91576248100187E+01
 0.91601327012746E+01
 0.91661835631651E+01
 0.91761712456684E+01
 0.91901988129039E+01
 0.92094697919968E+01
 0.92340448183275E+01
 0.92641229662519E+01
 0.93004384848782E+01
 0.93431555163982E+01
 0.93927957819914E+01
 0.94495992480734E+01
 0.95137587443578E+01
 0.95851397501000E+01
 0.96635225267822E+01
 0.97484455084918E+01
 0.98392617355187E+01
 0.99350474481086E+01
 0.10034934327688E+02
 0.10137963148316E+02
 0.10242989284522E+02
 0.10349276528623E+02
 0.10456068948161E+02
 0.10562632859914E+02
 0.10668641438616E+02
 0.10773745286105E+02
 0.10877754227880E+02
 0.10980484165540E+02
 0.11081988528261E+02
 0.11182239098836E+02
 0.11281229421143E+02
 0.11379103738631E+02
 0.11475841560230E+02
 0.11571693499842E+02
 0.11666609295224E+02
 0.11760684921915E+02
 0.11853982910961E+02
 0.11946522816227E+02
 0.12038569072570E+02
 0.12130106808941E+02
 0.12220621037693E+02
 0.12310945135374E+02
 0.12400738097231E+02
 0.12490117032190E+02
 0.12578912916408E+02
 0.12667391093719E+02
 0.12755464285460E+02
 0.12842993849150E+02
 0.12930050207213E+02
 0.13016876383393E+02
 0.13103016609010E+02
 0.13188784488856E+02
 0.13274357211931E+02
 0.13359303993888E+02
 0.13444015287929E+02
 0.13528308837933E+02
