   305.833180578490118847143771537581802      
   305.833180575208522449485551403157112      
   305.833180532679864089517132468032791      
   305.833180317601823404850585586487289      
   305.833179632578655134427430512288333      
   305.833177969418442227807078413645874      
   305.833174579803515330138445414770474      
   305.833168436153001172407952321578433      
   305.833158097978758586548818430927574      
   305.833141312165118096128208149241996      
   305.833114153098472519192055427385828      
   305.833069624316696557534315860975816      
   305.832995839663002925088687843511719      
   305.832874054758594656321334227876016      
   305.832676856971726221761722622024306      
   305.832366754854760964226876505864896      
   305.831895290161695718867949782931603      
   305.831202679428263002320407440394065      
   305.830217908099460479050677209437014      
   305.828859156632380010756023873346224      
   305.827034429273244146424001569658321      
   305.824642271096048293306907584410269      
   305.821572486154814157402193654876452      
   305.817706800524450148914451823342397      
   305.812919442953061834961132391308064      
   305.807077639785860257259010613250518      
   305.800042038562653045083249592954097      
   305.791667086142224627954945670975947      
   305.781801392972906861650546802648353      
   305.770288116029529603593582690183793      
   305.756965390066624470791275091790734      
   305.741666831226546579365640762552045      
   305.724222129738620168913147077804870      
   305.704457740396461854235131994624611      
   305.682197671514385334135275943364891      
   305.657264365752125259676299963668945      
   305.629479660043606274602674647123731      
   305.598665807090788230976813654820674      
   305.564646537632005695143047343977225      
   305.527248140903628881749666684709428      
   305.486300532288928116068897343356094      
   305.441638331158971139818813199681302      
   305.393101820798733523028804884470053      
   305.340537908263188288068036917561977      
   305.283800971172515751420886478075957      
   305.222753616056599899697491746934968      
   305.157267332856060461668215802681169      
   305.087223039034370950615810939275791      
   305.012511509728741969293267013629852      
   304.933033692853903945986929548842038      
   304.848700910490084434731391214003489      
   304.759434949725520560794119451018076      
   304.665168047991706803408851500254098      
   304.565842778987869068285851851180930      
   304.461411846542796807805164525787478      
   304.351837794494540759093928026358108      
   304.237092640921165710335341905160526      
   304.117157445713551449505137493518216      
   303.992021820034235882850296898017823      
   303.861683387052746214342430244764320      
   303.726147201346338849370035598832367      
   303.585425136481074625050291556444371      
   303.439535247447781343781626966476417      
   303.288501115876675679829543816270519      
   303.132351184907618309083334791676559      
   302.971118087995927571935307191878429      
   302.804837980680432493639999065428479      
   302.633549876051820101964500194250688      
   302.457294991764897375875679802886216      
   302.276116111104702431535821233462408      
   302.090056958932425379084407600553806      
   301.899161600297355133874238748457647      
   301.703473858090763652936431043883439      
   301.503036756653204414807028051807764      
   301.297891985528805961471990947036275      
   301.088079394354169177231687160100904      
   300.873636508803726046717363692834190      
   300.654598070996124397143198142611458      
   300.430995609622467873172140600953027      
   300.202857034379756207785077308229096      
   299.970206254950357705550068901399377      
   299.733062817231847426602134530273116      
   299.491441561515511135579733661780357      
   299.245352308070120277540465149835378      
   298.994799559544310014484625212445532      
   298.739782218930417535528394019450076      
   298.480293322308040395189428149645560      
   298.216319793298243278588106061507050      
   297.947842211763590391972153125949789      
   297.674834556415236915778679205160953      
   297.397264004046119403376568066588096      
   297.115090716551541044511052999223155      
   296.828267637205778704502157446279983      
   296.536740296911301724230391085899682      
   296.240446616169322197597683211503706      
   295.939316671470715377841483374603138      
   295.633272462458634550695992728503821      
   295.322227865556524418455384096331710      
   295.006088243709262765841565105134599      
   294.684750302145433173174892080507934      
   294.358101877640062167118943205087239      
   294.026021744969773028191676521873975      
   293.688379224731116548174699500950634      
   293.345034032022630918486450203707797      
   292.995835980602632545192745250912031      
   292.640624816155576317921405663689438      
   292.279229657610012688710589823971455      
   291.911468736394145685279132746121023      
   291.537149276317766278993043874861090      
   291.156066964095167254773667145311528      
   290.768005256816984350456857606894000      
   290.372735454555295023952626379077161      
   289.970016122434381398740199972522733      
   289.559592264249282444797651685549559      
   289.141195002098170700735584767631167      
   288.714541418005327450842666123250593      
   288.279332993359067236818672978044968      
   287.835256199309429058226596939008691      
   287.381980599175694545372936532622972      
   286.919159091544852480392435785063210      
   286.446426311043312702102405226434747      
   285.963398618686895357250429524247868      
   285.469672287758205920398909011971032      
   284.964823425954655824976460142086465      
   284.448406106826895021189239186907018      
   283.919952008776809013780227444475094      
   283.378968537893243524123165943453936      
   282.824938372481656759950390621692797      
   282.257317213791624728630566318108189      
   281.675532761485729576978836100672564      
   281.078983245147517152918108157160236      
   280.467035483835195812639261689830668      
   279.839023139296104914828124166866041      
   279.194245181320521194152855748407433      
   278.531962931682398067837002900382570      
   277.851398674181086362871956211250831      
   277.151732747669837137307409558244330      
   276.432101414985112585644524876110817      
   275.691593499674807697449783928908754      
   274.929247897740467505106156371275774      
   274.144050351729594328653069566604065      
   273.334929416169916446419270077271635      
   272.500753741690370965789347013767465      
   271.640327235092502189820060068826729      
   270.752385063384912468883500950454852      
   269.835589797555987609986085839859461      
   268.888525448402944112754267857963860      
   267.909692354348346710037698842588880      
   266.897502072475883437940645624183025      
   265.850271613122854578112088311978889      
   264.766216265132861100393600187059183      
   263.643442857175580980226908274877886      
   262.479943111080662095273981548999243      
   261.273585712314742012075527256150056      
   260.022108184550548114278909910242583      
   258.723108807212796116732415569211272      
   257.374038037282859020404500927307821      
   255.972189761953744553023504970394466      
   254.514692370467977191875582189518716      
   252.998500423600513880198976863921303      
   251.420386187912062952835466432650000      
   249.776932253782185603389068666305050      
   248.064526206956051050399985062905984      
   246.279355215548629068310249124818049      
   244.417405846542407968047485589459478      
   242.474464898708844506150719708935395      
   240.446129676570926082960021140876473      
   238.327817587292990119444429880213695      
   236.114790715557504111586051921674079      
   233.802197095398219229284020537575152      
   231.385106966223616640556866152038554      
   228.858585052047580963974150326016273      
   226.217778366716475791744504020643999      
   223.458028020063958270451296407454089      
   220.575013686512360472218012236836028      
   217.564927327992775815758137110824079      
   214.424690994044240951808359766593868      
   211.152206757454166437529326402956017      
   207.746648165667258462723904785428644      
   204.208771281404459621423117056861915      
   200.541259000908339016682399806523029      
   196.749046277244723510131469352440999      
   192.839608845572718007073191491301539      
   188.823188633637825650920804328659998      
   184.712877392284585353037873182228692      
   180.524541843375291280444887610584526      
   176.276543982833679310128329389347168      
   171.989242481556108083482524165082558      
   167.684312749781758936984833102720751      
   163.383930213332718101926155509836057      
   159.109908240782069245199004368586033      
   154.882885981753819752627820777748789      
   150.721640397766805393409549822529605      
   146.642588393768895574279687654133793      
   142.659495363039544804296510076167248      
   138.783381974626028146472803561395609      
   135.022599025176147604388230056318574      
   131.383021807205663758649259191970576      
   127.868326260459672068741949353794120      
   124.480297176941146774062428660141446      
   121.219144664092697573144241086931527      
   118.083803941829484401978178996614017      
   115.072207757724977372939087995169384      
   112.181521555961443921203603291455718      
   109.408344576989127419469167482244924      
   106.748875662591461325345967348932553      
   104.199047401877799432136121228299826      
   101.754633864049214552275315725396772      
   99.4113360342426614744754527925576006      
   97.1648466995038036947380959476517180      
   95.0109009242869526265863179653024930      
   92.9453136067439758133789305421244864      
   90.9640076665832438130738812740689896      
   89.0630332922019064538170575980441622      
   87.2385816707386053543867826242915863      
   85.4869935800397390487584359027919560      
   83.8047639161499847586903876894153357      
   82.1885438110435441362206853179412413      
   80.6351400545445704110328349424546345      
   79.1415129100655760707221331486515141      
   77.7047727477341164067520777940728368      
   76.3221756818258310082179164048561082      
   74.9911182579780935006822212331483788      
   73.7091326975406459812569797644249430      
   72.4738806213980963460196546599537288      
   71.2831474106845992099967692429049971      
   70.1348361801294333951890382686701277      
   69.0269621912326644173921930869241715      
   67.9576469389004585577729457470293891      
   66.9251125729103063042091058934663295      
   65.9276766007789282784796533572742758      
   64.9637465009592243577058645899383931      
   64.0318149654015442493303290061975320      
   63.1304548835411263265432538047187739      
   62.2583150312789078044941496694062186      
   61.4141155289317232926353174352597776      
   60.5966439419447962315577128961137636      
   59.8047513049688095187213851531033445      
   59.0373484792401004721922575164483734      
   58.2934027669017772001368388001921351      
   57.5719346178897694612284247679932399      
   56.8720144276087246234373588636991072      
   56.1927598418933337018300086369686226      
   55.5333332046538894663131167571289252      
   54.8929383583494023723553430037503889      
   54.2708191362520131928234726527855826      
   53.6662563435598750318911817949109893      
   53.0785661089890793648071159362845650      
   52.5070976716008191565654826950817915      
   51.9512316548254840914450560172209701      
   51.4103782325085089521668666018186394      
   50.8839755271648027988013293999410780      
   50.3714880478783555611236440279142240      
   49.8724052118087269460514564149556238      
   49.3862400488772796718221257663685759      
   48.9125279062736774714923219064832148      
   48.4508251691440132620742177006077860      
   48.0007082560859118976425304281461094      
   47.5617724467519945474768931237616143      
   47.1336310095374217418854279758467358      
   46.7159139941163043585904011821178868      
   46.3082677659582442999071939999421078      
   45.9103537934009068518252654500125915      
   45.5218480866178877444234170027053907      
   45.1424403556736660837877645265683890      
   44.7718333784374843008798520530371601      
   44.4097422769986546282149765720318351      
   44.0558939757577417278406800353982943      
   43.7100265614007147461243760369380097      
   43.3718887701536248528631071120225718      
   43.0412394468273522132442206276313352      
   42.7178470776136400753707223372828207      
   42.4014892921075511498654132815639382      
   42.0919524630632285804117357192883387      
   41.7890312826241605630168222765953239      
   41.4925283608725177369012619211262217      
   41.2022538720849750548682123769566925      
   40.9180251836517946178548315350859526      
   40.6396665638448115206045771532347136      
   40.3670088178189564337747961836736684      
   40.0998890403193211184328050449083052      
   39.8381502993154017686609276713077113      
   39.5816413867739360224538048521497755      
   39.3302165629994418631494189848331617      
   39.0837353148113258298521146751835144      
   38.8420621278075533563942410341039717      
   38.6050662710081175186160577352848707      
   38.3726215961790402948109319304108245      
   38.1446063347651554821510203635362110      
   37.9209029189697856016375120863766795      
   37.7013978037996044044158188079918584      
   37.4859812979972327528904402428764804      
   37.2745474090645042356244439771857917      
   37.0669936864280709407148464054673016      
   36.8632210775689293573049954194489194      
   36.6631337960923227469100231795931093      
   36.4666391844222563313658761253582724      
   36.2736475924986300032230399176151706      
   36.0840722589128751289091130319750403      
   35.8978291940560905076793031926593287      
