   92.593752293965068     
   92.593752293893587     
   92.593752292164353     
   92.593752280803372     
   92.593752241532869     
   92.593752147022641     
   92.593751964331886     
   92.593751652926485     
   92.593751139425891     
   92.593750232070633     
   92.593748432436669     
   92.593744626015237     
   92.593736672555707     
   92.593720962024662     
   92.593692000691547     
   92.593642092115715     
   92.593561147648032     
   92.593436635139511     
   92.593253660391667     
   92.592995150780823     
   92.592642115417760     
   92.592173945282340     
   92.591568726540999     
   92.590803536075796     
   92.589854701310315     
   92.588698008534053     
   92.587308853690828     
   92.585662330105933     
   92.583733267799914     
   92.581496207745886     
   92.578925379551322     
   92.575994611247467     
   92.572677270713882     
   92.568946198008575     
   92.564773658123499     
   92.560131325738823     
   92.554990295486803     
   92.549321136968956     
   92.543093980087292     
   92.536278636508669     
   92.528844750525764     
   92.520761979398202     
   92.512000184476634     
   92.502529643455716     
   92.492321261908529     
   92.481346788291816     
   92.469579016280534     
   92.456991983872072     
   92.443561147026301     
   92.429263541416617     
   92.414077912805183     
   92.397984829409580     
   92.380966764450960     
   92.363008151043829     
   92.344095415716609     
   92.324216977537048     
   92.303363229289047     
   92.281526489470039     
   92.258700938429584     
   92.234882527396053     
   92.210068874025964     
   92.184259143060657     
   92.157453906307040     
   92.129655002089478     
   92.100865374362428     
   92.071088912359897     
   92.040330281635491     
   92.008594751933757     
   91.975888024999080     
   91.942216060076419     
   91.907584902099046     
   91.872000512289091     
   91.835468602479622     
   91.797994472063678     
   91.759582854044254     
   91.720237758934076     
   91.679962356140834     
   91.638758800543954     
   91.596628130115462     
   91.553570135564442     
   91.509583253903301     
   91.464664438244213     
   91.418809093691038     
   91.372010969506675     
   91.324262059032179     
   91.275552547804907     
   91.225870716133059     
   91.175198819414661     
   91.123528805481754     
   91.070839296967023     
   91.017110411347531     
   90.962320097678315     
   90.906444087877290     
   90.849455858886458     
   90.791326614397178     
   90.732025233081629     
   90.671518247611360     
   90.609769800590499     
   90.546741649859428     
   90.482393102112766     
   90.416681006613686     
   90.349559737574864     
   90.280981080368051     
   90.210894484453803     
   90.139246501948733     
   90.065981291345693     
   89.991040286653828     
   89.914362182431418     
   89.835883285411043     
   89.755536563060488     
   89.673252647885349     
   89.588958943320549     
   89.502580402102978     
   89.414038613530565     
   89.323252151161128     
   89.230136504478750     
   89.134603986318353     
   89.036563774028465     
   88.935921291525020     
   88.832578747300374     
   88.726434787521569     
   88.617384150466819     
   88.505318117841142     
   88.390123774938843     
   88.271683968776358     
   88.149877497459343     
   88.024578654041903     
   87.895657082598788     
   87.762977606201716     
   87.626400158854096     
   87.485779537056274     
   87.340964792455821     
   87.191799434776371     
   87.038120916192256     
   86.879760497131272     
   86.716542850475051     
   86.548285223555723     
   86.374798126986761     
   86.195884685015614     
   86.011339410155969     
   85.820938627662983     
   85.624477257823713     
   85.421714539574694     
   85.212408051057807     
   84.996292645674316     
   84.773138441994504     
   84.542632541088210     
   84.304507458713957     
   84.058450384288236     
   83.804148891858844     
   83.541270914346171     
   83.269469204020567     
   82.988380854881527     
   82.697622736962813     
   82.396793292933353     
   82.085472449269744     
   81.763216543022182     
   81.429559599617093     
   81.084012239184204     
   80.726058638714008     
   80.355157492105860     
   79.970736528997861     
   79.572194777750880     
   79.158898652018095     
   78.730182439676113     
   78.285345338914397     
   77.823647197915435     
   77.344313002172811     
   76.846528558963200     
   76.329437411805984     
   75.792145081231638     
   75.233716676154302     
   74.653156994565236     
   74.049486688144128     
   73.421639998405240     
   72.768535620582668     
   72.089066485551868     
   71.382106157752318     
   70.646521009986159     
   69.881180947776144     
   69.084977549156179     
   68.256840233451541     
   67.395766049340253     
   66.500842588051469     
   65.571279540319367     
   64.606451844460935     
   63.605932086090959     
   62.569539786312070     
   61.497383830902429     
   60.389907678622741     
   59.247933162358152     
   58.072700586741576     
   56.865900863649593     
   55.629694546153239     
   54.366729044326753     
   53.080129402973817     
   51.773481056264906     
   50.450783095842723     
   49.116406141619230     
   47.774970752911884     
   46.431376609112817     
   45.090543893407492     
   43.757395128951849     
   42.436727729702625     
   41.133095910088421     
   39.850724508876958     
   38.593421139135167     
   37.364527899419571     
   36.166880997676849     
   35.002789504292238     
   33.874059369442271     
   32.781996126895521     
   31.727456633210863     
   30.710882070533334     
   29.732355274968462     
   28.791647138411662     
   27.888274780010029     
   27.021516065675652     
   26.190507568161486     
   25.394243743978961     
   24.631619984401226     
   23.901465896235738     
   23.202565809750936     
   22.533681313129481     
   21.893568748691468     
   21.280990346167474     
   20.694726978453012     
   20.133586554014606     
   19.596408345882669     
   19.082069278812792     
   18.589486592083844     
   18.117619933426486     
   17.665472027087453     
   17.232090345577710     
   16.816565565171839     
   16.418032122962288     
   16.035665465085351     
   15.668683181945454     
   15.316345041156174     
   14.977940131598087     
   14.652803551316779     
   14.340301946530570     
   14.039835388071927     
   13.750835865546838     
   13.472765291534282     
   13.205114043281476     
   12.947399980376243     
   12.699166170847876     
   12.459979984843383     
   12.229431837973531     
   12.007133609025505     
   11.792717583604530     
   11.585835166382305     
   11.386156095766960     
   11.193367090732009     
   11.007170964248449     
   10.827285798532797     
   10.653444064124923     
   10.485391581691252     
   10.322887164324117     
   10.165701428940265     
   10.013616550405686     
   9.8664252212415153     
   9.7239304073670407     
   9.5859445445929694     
   9.4522891321533944     
   9.3227941113213841     
   9.1972975436653446     
   9.0756450829165125     
   8.9576895760272741     
   8.8432906821949757     
   8.7323144881177495     
   8.6246331863557693     
   8.5201247543518974     
   8.4186726094831386     
   8.3201653787950427     
   8.2244966085798676     
   8.1315644647524845     
   8.0412715755234707     
   7.9535247467565782     
   7.8682347714714549     
   7.7853162164210010     
   7.7046872511212721     
   7.6262694566255984     
   7.5499876507381662     
   7.4757697775497753     
   7.4035466835004016     
   7.3332520328315534     
   7.2648221470756384     
   7.1981958887572848     
   7.1333145366275801     
   7.0701216827159188     
   7.0085631064352540     
   6.9485866931530040     
   6.8901423345971820     
   6.8331818233717057     
   6.7776587832457418     
   6.7235285788896393     
   6.6707482377895442     
   6.6192763910243126     
