 0.35226628405028E+01
 0.35226628405028E+01
 0.35226628405028E+01
 0.35226628405028E+01
 0.35226628405028E+01
 0.35226628405028E+01
 0.35226628405028E+01
 0.35226628405028E+01
 0.35226628405028E+01
 0.35226628572111E+01
 0.35226622360985E+01
 0.35226628329968E+01
 0.35226623659353E+01
 0.35226626502744E+01
 0.35226628694923E+01
 0.35226631177793E+01
 0.35226630201192E+01
 0.35226625735744E+01
 0.35226620341488E+01
 0.35226625711729E+01
 0.35226618784542E+01
 0.35226620989632E+01
 0.35226623874845E+01
 0.35226611358345E+01
 0.35226631979047E+01
 0.35226623933382E+01
 0.35226631864979E+01
 0.35226622467057E+01
 0.35226623254615E+01
 0.35226621603532E+01
 0.35226626042961E+01
 0.35226612453612E+01
 0.35226583617736E+01
 0.35226639598017E+01
 0.35226616554499E+01
 0.35226600217904E+01
 0.35226629297645E+01
 0.35226605867018E+01
 0.35226635957520E+01
 0.35226645593863E+01
 0.35226608040047E+01
 0.35226577971649E+01
 0.35226627388813E+01
 0.35226645123033E+01
 0.35226633773411E+01
 0.35226642734940E+01
 0.35226637688692E+01
 0.35226611272053E+01
 0.35226627624586E+01
 0.35226580757677E+01
 0.35226576454535E+01
 0.35226581361363E+01
 0.35226607533535E+01
 0.35226618135886E+01
 0.35226640573016E+01
 0.35226568601545E+01
 0.35226619622520E+01
 0.35226313436894E+01
 0.35226570951758E+01
 0.35225962188675E+01
 0.35226504534350E+01
 0.35226131041021E+01
 0.35226522854513E+01
 0.35225892716585E+01
 0.35226471554923E+01
 0.35225862217310E+01
 0.35226225009852E+01
 0.35226433272763E+01
 0.35227276865151E+01
 0.35227317268230E+01
 0.35226873496189E+01
 0.35226266396638E+01
 0.35227047211439E+01
 0.35226435767208E+01
 0.35226414125995E+01
 0.35227123568150E+01
 0.35225919456791E+01
 0.35226464734774E+01
 0.35226564730239E+01
 0.35226907961421E+01
 0.35226962339668E+01
 0.35226522342900E+01
 0.35226580225113E+01
 0.35226313477380E+01
 0.35226020161055E+01
 0.35226112913599E+01
 0.35226384115826E+01
 0.35227281353372E+01
 0.35227262936482E+01
 0.35226026981116E+01
 0.35225953145724E+01
 0.35226271218096E+01
 0.35226358498694E+01
 0.35227205161123E+01
 0.35226414825171E+01
 0.35226974349341E+01
 0.35225834254994E+01
 0.35226477449990E+01
 0.35226258428314E+01
 0.35227212483650E+01
 0.35227065021217E+01
 0.35226758521905E+01
 0.35226605367412E+01
 0.35226403722479E+01
 0.35226180163912E+01
 0.35226291421806E+01
 0.35225939957626E+01
 0.35226618202935E+01
 0.35226778019201E+01
 0.35226418558265E+01
 0.35225657340279E+01
 0.35226182131802E+01
 0.35225978650657E+01
 0.35227161972888E+01
 0.35226244194798E+01
 0.35227203695288E+01
 0.35226286594679E+01
 0.35226529794366E+01
 0.35227322241311E+01
 0.35227055906782E+01
 0.35226641161353E+01
 0.35226644807256E+01
 0.35226964801104E+01
 0.35226907563395E+01
 0.35226794999348E+01
 0.35226644625707E+01
 0.35227142814612E+01
 0.35226961237858E+01
 0.35227359359524E+01
 0.35227012206216E+01
 0.35227360009380E+01
 0.35227348627056E+01
 0.35227885904790E+01
 0.35227988195688E+01
 0.35228662054922E+01
 0.35228045071334E+01
 0.35228810725895E+01
 0.35228282390598E+01
 0.35228921300977E+01
 0.35228961541610E+01
 0.35229132691573E+01
 0.35229394491871E+01
 0.35229463056701E+01
 0.35230488507482E+01
 0.35229459068322E+01
 0.35230052520814E+01
 0.35229909051305E+01
 0.35229421710930E+01
 0.35230492323274E+01
 0.35230363178257E+01
 0.35228847911702E+01
 0.35228367706270E+01
 0.35228918028821E+01
 0.35228454982766E+01
 0.35227290771934E+01
 0.35226299986383E+01
 0.35225478635545E+01
 0.35224434081359E+01
 0.35224448534363E+01
 0.35223600647158E+01
 0.35222302662047E+01
 0.35220251559910E+01
 0.35219226568195E+01
 0.35217416006550E+01
 0.35215557787947E+01
 0.35213081120695E+01
 0.35211371725209E+01
 0.35208234664799E+01
 0.35207201549045E+01
 0.35203465645829E+01
 0.35200250580368E+01
 0.35197840034858E+01
 0.35194033568651E+01
 0.35191982794519E+01
 0.35188081227351E+01
 0.35184401697733E+01
 0.35181468518944E+01
 0.35177476233162E+01
 0.35172103012530E+01
 0.35167863956180E+01
 0.35163053072698E+01
 0.35158136102877E+01
 0.35153111718651E+01
 0.35148648414054E+01
 0.35142065779112E+01
 0.35136222517382E+01
 0.35130164534471E+01
 0.35123555701832E+01
 0.35116586149672E+01
 0.35111736747038E+01
 0.35104458592300E+01
 0.35096631626226E+01
 0.35088654273314E+01
 0.35081509222657E+01
 0.35073389337871E+01
 0.35065948520379E+01
 0.35056406378188E+01
 0.35047790379536E+01
 0.35038371196448E+01
 0.35029399571103E+01
