   6.91360382032448847522976250442333937      
   6.91360382032448897452856100055816334      
   6.91360382032452743201328781372420523      
   6.91360382032516444341181800518981137      
   6.91360382032990751712095169947707253      
   6.91360382035170981779289147199629270      
   6.91360382042467998402728477436884116      
   6.91360382061958405575394131601078180      
   6.91360382105548862150808949795726964      
   6.91360382188595357238240795266919033      
   6.91360382321898980214337489251099785      
   6.91360382491702757083819246360235845      
   6.91360382622650346128315763285738629      
   6.91360382520635178844106240490422532      
   6.91360381795271750543269550028854627      
   6.91360379764466412933525581642529619      
   6.91360375345691030702445253115555201      
   6.91360366939923342417570222800527478      
   6.91360352314904426912812500441429967      
   6.91360328494550944931199606993729956      
   6.91360291661197620507449147027581167      
   6.91360237076885036985558975574535226      
   6.91360159029112061533902361823270930      
   6.91360050805350790738353119281113292      
   6.91359904699078985319812244496096027      
   6.91359712048306175642131160381851921      
   6.91359463305552118959399538238626159      
   6.91359148136322246743335264667514769      
   6.91358755541405194186992595253938195      
   6.91358273996929580755608206113562455      
   6.91357691605366748589414826543686783      
   6.91356996250337044859002989854722894      
   6.91356175748326076074510574933069710      
   6.91355217991085543895938978454141792      
   6.91354111073492095520674690992888229      
   6.91352843402827283525531636446344320      
   6.91351403786727421199427862922348306      
   6.91349781498289109114869766960013828      
   6.91347966317992952313528925645520090      
   6.91345948550860849388847974426392429      
   6.91343719032633969218437844781774173      
   6.91341269097891635199866830770309669      
   6.91338590549231637741589924482671605      
   6.91335675604014534769158335596818131      
   6.91332516831325293840683691804832055      
   6.91329107080201671212148574283467409      
   6.91325439401622183676537251730125784      
   6.91321506966490092038654495923161162      
   6.91317302981621450242277288025901794      
   6.91312820605419206012005089709170081      
   6.91308052864637695309822490253556636      
   6.91302992573332306520882206077183802      
   6.91297632254869206670858901879333958      
   6.91291964067529003315854247185584260      
   6.91285979734118422283785283161137794      
   6.91279670475771064403449943163399982      
   6.91273026949911633929104743325224255      
   6.91266039192357041519104181521742486      
   6.91258696563225692304032468178613034      
   6.91250987696561900030318325577791433      
   6.91242900453023376383862184314358830      
   6.91234421875595065599516780950995162      
   6.91225538147624083455792132970958002      
   6.91216234552979341517360925444466471      
   6.91206495437930268529137355665655005      
   6.91196304173855574252650538532351868      
   6.91185643121358333525948977584828286      
   6.91174493594279857226051597295042629      
   6.91162835824176143594000453737665866      
   6.91150648924720801416186070026302662      
   6.91137910854963060428047388462701819      
   6.91124598382762124526302087914114950      
   6.91110687046296494056904927942319087      
   6.91096151115013151760796981963514016      
   6.91080963549252640612902296349522454      
   6.91065095957428268002338729182530684      
   6.91048518551231459862132454905384377      
   6.91031200100401304200844158169673965      
   6.91013107883911399919261541683458265      
   6.90994207640383356750729730854034010      
   6.90974463515556450149041962366064971      
   6.90953838006254517704976349543777456      
   6.90932291900734473432973052591028358      
   6.90909784219864237117185896608443284      
   6.90886272153194559559317626754675567      
   6.90861710992268365284416762086360630      
   6.90836054059800891351169598269325701      
   6.90809252639986598998556452900098663      
   6.90781255901891878575327965188671712      
   6.90752010809851734807188659664493365      
   6.90721462047389437102007526324005755      
   6.90689551927741434618563694669974431      
   6.90656220301591922697582566855859091      
   6.90621404455231726684349330962089968      
   6.90585039042206009333326723864307382      
   6.90547055918983254353758010121910859      
   6.90507384063971746066596793029181014      
   6.90465949474431566529636895097483867      
   6.90422675018918237266797191998340834      
   6.90377480315737878569549611359572639      
   6.90330281630856388453879531437583887      
   6.90280991684037163212424452263636511      
   6.90229519518148230386574546439138933      
   6.90175770352195999532645405372570516      
   6.90119645425988572545158320778023493      
   6.90061041834416376838974156724837770      
   6.89999852290008237585607813985780376      
   6.89935964967235906906990372824548338      
   6.89869263397748515322265088654928248      
   6.89799626079699750789813572418431042      
   6.89726926364930188267089156082227755      
   6.89651032276885160538107593158878126      
   6.89571806201986735547206362499194638      
   6.89489104546052848407436977889212293      
   6.89402777735768825622712981743978881      
   6.89312669593762578220099350801281145      
   6.89218617383493086038375408501511073      
   6.89120451230919945290462816070614579      
   6.89017993985544574257633404844481118      
   6.88911060742833795635259565285600060      
   6.88799458653698233975943431034897536      
   6.88682986346607154763797109270631942      
   6.88561433749330499984952338588578934      
   6.88434581471058894169557972617658915      
   6.88302200624800120952271912278584203      
   6.88164052131252764037890544619857967      
   6.88019886405313345807751698573509692      
   6.87869442737958196268841134005708770      
   6.87712449003984197213876547584788750      
   6.87548620819561220438435467619680758      
   6.87377661234754976828690760473050627      
   6.87199260070079008650319264989750796      
   6.87013093207671070527705643555361393      
   6.86818822066846252627479757761984885      
   6.86616092880679642085350073345489948      
   6.86404536018329972815963867986940269      
   6.86183765299824356998728231869194308      
   6.85953377083572296867299209032692004      
   6.85712949723276613394783699863204301      
   6.85462042511160712814326719797783696      
   6.85200195034415452970211098738320326      
   6.84926926181694091035971608505047086      
   6.84641733228438209122782176174120234      
   6.84344090931292637249009275033356113      
   6.84033450768031297551328619354649627      
   6.83709239468758941102910916258245005      
   6.83370858612986268115359340535881721      
   6.83017683084132141299652375724345521      
   6.82649060405587715837020154115884453      
   6.82264309395331097700081094879485330      
   6.81862719373843881038945836248662847      
   6.81443548965701763289388148150267168      
   6.81006025097414376560841207537186311      
   6.80549341979388069108436825735411430      
   6.80072660270685297145790800778846140      
   6.79575106073821323730953021557976319      
   6.79055770115121605604505167724025385      
   6.78513707159339516024295094674211148      
   6.77947935375705762115076402215304742      
   6.77357435942258400065771396764819574      
   6.76741152985215973220275141937176320      
   6.76097993521681318335566295675689887      
   6.75426828340185730680877794352843465      
   6.74726491948563132902178454028853552      
   6.73995784770897388306257251300351701      
   6.73233474377078691536054685842546253      
   6.72438298032875596362841504927486688      
   6.71608965407990788158370227514888906      
   6.70744162590222875329735255893720070      
   6.69842556315267259846657282514441536      
   6.68902799039931327713536190715754190      
   6.67923534599385662417616509085261692      
   6.66903404477921550567812479593472289      
   6.65841054033371527635712050816331751      
   6.64735138941516509350179218364660156      
   6.63584330759745103998750917590567145      
   6.62387321148612363851145008498897782      
   6.61142824284051828838543315429318746      
   6.59849576068165413394908921795375895      
   6.58506330247230368000959688765171994      
   6.57111850411834840107224780119995846      
   6.55664895781777094708369594578444995      
   6.54164206403291832268971798948980590      
   6.52608481694829878323782331488066589      
   6.50996359457706208895852086245682538      
   6.49326394838992970728906459917034556      
   6.47597041854333928398412490844745262      
   6.45806639714987227580985204599348991      
   6.43953404845255011051503599676874480      
   6.42035429551958978907742368310259185      
   6.40050686889837603729336248303525959      
   6.37997040913908462859723120357152882      
   6.35872261262573184693411311390955914      
   6.33674040380018612033758184327506972      
   6.31400012230073573095083892979156299      
   6.29047771373957940033899877457749666      
   6.26614891059357992829171397861676245      
   6.24098939967813237767849482889445738      
   6.21497496952491072120170036842627886      
   6.18808163646490474851731919169644694      
   6.16028574663069558287250194952307944      
   6.13156405708272976837088997150851504      
   6.10189379534878360386650232275256122      
   6.07125270112213924407799878594593163      
   6.03961905113221420247478651064864429      
   6.00697167124288805907512735746752104      
   5.97328993709232728651683228775719750      
   5.93855376557292768700576719956689396      
   5.90274359970807692886660381454090486      
   5.86584038815707554185317174362927186      
   5.82782556099551476617906836706958233      
   5.78868100300984965040107699414466684      
   5.74838902540294923093579458451091107      
   5.70693233684016741335517376253295486      
   5.66429401426004925379586968875310765      
   5.62045747414177406517965359654399034      
   5.57540644443488961191665707576005657      
   5.52912493758613125911923469548478334      
   5.48159722457881096904063781263592476      
   5.43280781040561669419222565239954307      
   5.38274141079455410553588215393608119      
   5.33138293036595769630037332043059848      
   5.27871744213978828809883783602454607      
   5.22473016844403689823699847830944748      
   5.16940646309859084617016218455548968      
   5.11273179488250374213291266911098125      
   5.05469173220280587647981355582204181      
   4.99527192890208372255019796580253226      
   4.93445811112356791258889214068037366      
   4.87223606522112664921497090840610892      
   4.80859162657173097662637554114520973      
   4.74351066928210690462855417377495053      
   4.67697909669184483365757124790612935      
   4.60898283264199563422908026973569057      
   4.53950781342737711620720120311716242      
   4.46853998042259975469940668540589319      
   4.39606527320129517990500017088583072      
   4.32206962340373454639316238719204392      
   4.24653894881715601489095720158654270      
   4.16945914816989111501623744392960110      
   4.09081609628386982533638664484517620      
   4.01059563948491651432523013528781436      
   3.92878359157078012154594624987385152      
   3.84536572993376347656555814587354635      
   3.76032779214383173034339965551930487      
   3.67365547264629228359226755465794236      
   3.58533441984954075781245765734746072      
   3.49535023336923085613523864725178781      
   3.40368846157461047835373371690401809      
   3.31033459914483106859967776939728245      
   3.21527408506449278641106348789337541      
   3.11849230054623153931865883815002180      
   3.01997456732104650200614849505089940      
   2.91970614588292008245147970856197904      
   2.81767223396060277533566877677907454      
   2.71385796514363506629064299915712697      
   2.60824840751738832920299815951302756      
   2.50082856242969821122491676756931763      
   2.39158336355453437421473751120191379      
   2.28049767560854791549893233752581518      
   2.16755629353605406220769618657854478      
   2.05274394166869843225631073248855897      
   1.93604527285876547454524851823135381      
   1.81744486775534981503469361253466301      
   1.69692723413065614629282137546316961      
   1.57447680627508644471895773945040030      
   1.45007794434864883500436753624142110      
   1.32371493395196577523277818654614382      
   1.19537198556984172915480494336522883      
   1.06503323413655597834991486945071808      
  0.932682738668389539163748039933837946      
  0.798304481854041972666204815737904857      
  0.661882369715312555078851306735599083      
  0.523400231344852394105287766052511502      
  0.382841818571950867252801978880408831      
  0.240190805724752122758868467650070334      
   9.54307894399345824179179749795711175E-0002
  -5.14547116142261123580661865320478334E-0002
 -0.200482256836648344465896347950001838      
 -0.351668483932406747683808965230340335      
 -0.505030109007226598960118023023263967      
 -0.660583926718516636102156213050826043      
 -0.818346810380041515122408475994896239      
 -0.978335712059746184582503805432468142      
  -1.14056766264612886317916713560967094      
  -1.30505977192779035598277700043880798      
  -1.47182922864311321865766926030677394      
  -1.64089330052644348468982379455528968      
  -1.81226933432341564383919281773653546      
  -1.98597475583225567521828720542695288      
  -2.16202706989702023713561763336532230      
  -2.34044386040174627573482620833575031      
  -2.52124279028441423779823299324901254      
  -2.70444160150427641861652531347594310      
  -2.89005811501540965208796519303165957      
  -3.07811023073346607068641028570624850      
  -3.26861592750949043636204554512521059      
  -3.46159326306341430823881138372078807      
  -3.65706037393812674588095127110490380      
  -3.85503547545648935654802759990239238      
