   6.91360382032448847522976250442333937      
   6.91360382032448897452856100055816334      
   6.91360382032452743201328781372420908      
   6.91360382032516444341181800519020272      
   6.91360382032990751712095170087856097      
   6.91360382035170981779289183449188709      
   6.91360382042467998402730528787278093      
   6.91360382061958405575438667008581373      
   6.91360382105548862151316620855497576      
   6.91360382188595357241913106759850770      
   6.91360382321898980233376264623688611      
   6.91360382491702757160845455858864449      
   6.91360382622650346125056907704571110      
   6.91360382520635178965836115865886879      
   6.91360381795271752217179365533064302      
   6.91360379764466427491500595629221662      
   6.91360375345691122292696993571150019      
   6.91360366939923817187950221436387286      
   6.91360352314906516739200583954726660      
   6.91360328494558947349361673720475469      
   6.91360291661224804435944160094313660      
   6.91360237076968277653766815589984186      
   6.91360159029344890442736167419715946      
   6.91360050805952252069433148448575749      
   6.91359904700527348450600675217404647      
   6.91359712051583061922187915399017838      
   6.91359463312564650079490036912317611      
   6.91359148150598791241705334796784837      
   6.91358755569194186488468020567190282      
   6.91358274048870299678767081281255624      
   6.91357691698945185371169460513751674      
   6.91356996413388067638633319643517874      
   6.91356176023893856362932023244330635      
   6.91355218444006692555198626618670326      
   6.91354111799118888703845837333212142      
   6.91352844538361139099331794179137290      
   6.91351405525684692048345154927294678      
   6.91349784108671508291662758391887997      
   6.91347970164784201782694546798235017      
   6.91345954125708347662319008464159700      
   6.91343726981280578791007816193398508      
   6.91341280265048498521646695344128178      
   6.91338606023934306136126912209922975      
   6.91335696774661619532294861699686532      
   6.91332545449684335956093262719830416      
   6.91329145335288016400937632282758530      
   6.91325490002405548128331866710946770      
   6.91321573243545874827701769229985681      
   6.91317388991452438544735274547479877      
   6.91312931254656682186866233695819965      
   6.91308194047366308353671311108827619      
   6.91303171323945974274191810124622443      
   6.91297856917341390242454413566668958      
   6.91292244481973000286068479782584502      
   6.91286327441449332649697136187177019      
   6.91280098941204897901796885774439714      
   6.91273551806007863018033231003511111      
   6.91266678502178370643288076282604628      
   6.91259471104176826721079234456595345      
   6.91251921265248497845543799023531785      
   6.91244020191586442189624623156206029      
   6.91235758619630936260442248451101317      
   6.91227126795933787689421296867886531      
   6.91218114459098565459795279517644985      
   6.91208710823344563998148411410294553      
   6.91198904563009645104028324740560170      
   6.91188683797844024980296923173359583      
   6.91178036078271421765685738052357918      
   6.91166948370537927506703488123721804      
   6.91155407041252115481859455495369655      
   6.91143397840757576406903812362773992      
   6.91130905885494684926766968777475569      
   6.91117915638650902035414529141341670      
   6.91104410889108308372569300483428585      
   6.91090374728266099948928709525170714      
   6.91075789524996715842812374800835744      
   6.91060636897667243193360090786687677      
   6.91044897684408028317695723654206192      
   6.91028551910377627629940107475946088      
   6.91011578752651224647611521698797915      
   6.90993956502847275266419702495673470      
   6.90975662525472208186000004169546999      
   6.90956673215232153239227263744609165      
   6.90936963949056114887863408805275912      
   6.90916509038364925304812013908484109      
   6.90895281676093658718581909135550465      
   6.90873253881720349653346314425320418      
   6.90850396442351581539972162842637477      
   6.90826678853356634780462540638219400      
   6.90802069251405967927991428091468197      
   6.90776534345564131267203590227140116      
   6.90750039348550391875542036852586776      
   6.90722547901846956141919072218243971      
   6.90694021998111893869688986765071571      
   6.90664421902804453384218285295688332      
   6.90633706064995754230508613736607183      
   6.90601831024833502751181519550961262      
   6.90568751327161330287877283537724578      
   6.90534419424407477809844204112811700      
   6.90498785573773996300518143476726581      
   6.90461797731222277857994312645154264      
   6.90423401445742854885420560214845752      
   6.90383539744369545949333664955692672      
   6.90342152994229428585966393603175372      
   6.90299178786526089446536863404819525      
   6.90254551847310909076954285920858032      
   6.90208203840303814787065399846457382      
   6.90160063238207497920049848536357319      
   6.90110055178663577673237783456971664      
   6.90058101336703604723053076917691990      
   6.90004119727712457713460639431167296      
   6.89948024505322545314430820720783988      
   6.89889725855951161352363906581841260      
   6.89829129782267257146868107358135204      
   6.89766137843957696617805910787214420      
   6.89700647033383520486932117228637785      
   6.89632549556849652560699650598409178      
   6.89561732514725085345991431096023606      
   6.89488077740121014621677888470183828      
   6.89411461574027710850157862148337675      
   6.89331754481007905922548275775703038      
   6.89248820933189083259812378894979807      
   6.89162518932364997628793360726450952      
   6.89072699905357574212967682197677678      
   6.88979208182926141578755728935656331      
   6.88881880851710604132589008875592068      
   6.88780547200922569085873484089963191      
   6.88675028529598871122989241067654318      
   6.88565137648375677197883457851216966      
   6.88450678433154663375609418064088022      
   6.88331445527525505769805133355888578      
   6.88207223708527267675579740900544226      
   6.88077787547655226634964832819181533      
   6.87942900805766191627287943195454512      
   6.87802315930512088497568603300504333      
   6.87655773443650078210983618189188752      
   6.87503001471435891491106848172440864      
   6.87343714965257184114099175791607128      
   6.87177615124157846894363448237138210      
   6.87004388628446003893847598439859437      
   6.86823706927805220090611770779518106      
   6.86635225583547044474781283815175801      
   6.86438583211339898388077427172182591      
   6.86233400795247058062394399749217393      
   6.86019280720592324715148599328389882      
   6.85795805826410566559850717064703081      
   6.85562538384235122892882826205476845      
   6.85319018994196558504948807868884773      
   6.85064765555356053970478530578613488      
   6.84799271958254431158074961107480746      
   6.84522006949858372385094687071420791      
   6.84232412746525062058443743687100135      
   6.83929903712814735000320909906373821      
   6.83613864864647681852080071388344610      
   6.83283650459322708392405764325044312      
   6.82938582278349700178523283771672169      
   6.82577947990426591090216487723632436      
   6.82200999516016822978881930581347140      
   6.81806951107301643509552401354366535      
   6.81394977651932183851996072980057579      
   6.80964212504038562946094886665787845      
   6.80513745616721027143901654601242286      
   6.80042621544734835899121472294331214      
   6.79549837217541426447908206871461525      
   6.79034339977223737736496706514622839      
   6.78495025355137742813478538557183991      
   6.77930735091058354194648428069486421      
   6.77340254942803400606716546003547095      
   6.76722312848553707634099470599444131      
   6.76075577058923201757362805588284743      
   6.75398654522505516620595800548565015      
   6.74690089554535432832409293837139528      
   6.73948362727358427465147484087437149      
   6.73171890309848385577620574625926771      
   6.72359024135945668323936578657445236      
   6.71508052241654327921964964725900198      
   6.70617200058212971389729998886886315      
   6.69684632495653025306449238420306752      
   6.68708457416751570864701390019412996      
   6.67686729155714052834262909317589202      
   6.66617454351910478755061428287277539      
   6.65498598125002388297678157295908485      
   6.64328091452829143006114624699529696      
   6.63103839371978553886547006318300126      
   6.61823729945434314364328880384252373      
   6.60485643078367148988520727857249217      
   6.59087459169558815959701680863845430      
   6.57627066301964600989794328053046102      
   6.56102366232949641656796073972448922      
   6.54511277126831090342509493133847292      
   6.52851734158623485922307175167194137      
   6.51121685678430774439730505803669522      
   6.49319087957271505702994464452516675      
   6.47441896051405348529199015217347286      
   6.45488054505211808180636348769346799      
   6.43455487724427240236851311914473335      
   6.41342092233785987951139802401511692      
   6.39145732253844981221015582167768770      
   6.36864238657984267207820214876175772      
   6.34495412229956265946983156314997662      
   6.32037030362248763310806504642090516      
   6.29486856602898050398586208137150027      
   6.26842651771067728569587472856433926      
   6.24102185647115272668805565296288141      
   6.21263248155421291495350789996095095      
   6.18323659487745496780716051859680868      
   6.15281278458663492365488425601431321      
   6.12134009011905776711801322567657413      
   6.08879804779999958018195447965430544      
   6.05516671906459212902825109087606564      
   6.02042670223088576083675283113207148      
   5.98455913065029852190684295108607461      
   5.94754566050739404496396401056506118      
   5.90936845014436680637640455736623867      
   5.87001013321350356135625825947331565      
   5.82945378852764627892521033971790240      
   5.78768290682016300440673268159272611      
   5.74468135677013046452831879995702862      
   5.70043335106491611420357527129898240      
   5.65492341308963129428759729266533251      
   5.60813634477658023049158917438290497      
   5.56005719605330409364378278137654515      
   5.51067123618731739248680491509950423      
   5.45996392702495002333280229244924898      
   5.40792089800783671991991511449895396      
   5.35452792331612290291742903971792636      
   5.29977090074887644033867104558545492      
   5.24363583253038421193516425550193993      
   5.18610880763985071179256619786719144      
   5.12717598571596557798976504070865084      
   5.06682358258485024630140412132185322      
   5.00503785695428010004880707430318506      
   4.94180509840516372538547595819586706      
   4.87711161649235198246473618424639122      
   4.81094373087949880394919512434197255      
   4.74328776241685249723659369088100258      
   4.67413002504890404870970351263938034      
   4.60345681849122237568434850279495090      
   4.53125442159760279327189546168693736      
   4.45750908639220918091512020303891967      
   4.38220703263070982453233309285837737      
   4.30533444288503473191730636040401470      
   4.22687745809775817497455969691710959      
   4.14682217358302363553801532130264209      
   4.06515463536311884535967456915468026      
   3.98186083688537552024600034466310449      
   3.89692671602495857753632128025321761      
   3.81033815239158040027755578416422972      
   3.72208096488181142534342685942624314      
   3.63214090945737895508199043992097994      
   3.54050367714195397359439634520538345      
   3.44715489220540836483078517212673931      
   3.35208011051513483719625349417033598      
   3.25526481805747365722640060033996724      
   3.15669442957776247762236107064386605      
   3.05635428737945353597235448712713037      
   2.95422966021117145547906899802322974      
   2.85030574228761009336291948281651024      
   2.74456765237048218527762662730332610      
   2.63700043300834120379139347831307062      
   2.52758904974064871022093229718386850      
   2.41631839052428397505856297368457752      
   2.30317326507426154511901434975966694      
   2.18813840440613940743003492574016960      
   2.07119846031604417294854324753729263      
   1.95233800496223916253320009414054667      
   1.83154153060771065572491363969206886      
   1.70879344910271757841099096154595348      
   1.58407809173946842579733365357072224      
   1.45737970897093285201482831344278557      
   1.32868247016298721712996011579611922      
   1.19797046342665051841990962586571491      
   1.06522769547227668731775088802604370      
  0.930438091429577062739872782584291420      
  0.793585494792502980965733350639521975      
  0.654653667300415437118595725763144514      
  0.513626288850406176562105945555597215      
  0.370486957487142813268969367454474790      
  0.225219189338322664102519048932745032      
   7.78064186060081341472379303080254355E-0002
  -7.17680024338621741081726777426345569E-0002
 -0.223520803426729979404061532390050898      
 -0.377468795925695500551315920084099614      
 -0.533628873357095401411720315842155028      
 -0.692018010963089470337789382375280907      
 -0.852653265770500074574873011143078665      
  -1.01555177650958407127721360741153395      
  -1.18073076356229682498230036973966245      
  -1.34820752888554457857027382045092940      
  -1.51799945592040880606757247263726257      
  -1.69012400948583328537250042448890106      
  -1.86459873571502177479662964881287541      
  -2.04144126194152374524925546256298384      
  -2.22066929657976153177928113819659197      
  -2.40230062902348858294595884524584039      
  -2.58635312953452878332938120265191396      
  -2.77284474911706559769509592991720741      
  -2.96179351938835218599394015019075169      
  -3.15321755246315532911912876858420864      
  -3.34713504081440668125055239902005658      
