   482.989325854482766625225197452827150      
   482.989325854498234655481154983509087      
   482.989325855059819086560773405629421      
   482.989325860516629894659871621309713      
   482.989325887322284515814506978041028      
   482.989325967435644092579296802175717      
   482.989325968950923145095319943491354      
   482.989323869000587490726799712834220      
   482.989307850192948670142785671157751      
   482.989234838319703636937405003058363      
   482.988991240619911304816617663932004      
   482.988340383513761365511426170377551      
   482.986868773418214843515555374766282      
   482.983944755005546053325894680385695      
   482.978698901874597287554060384320838      
   482.970029030597574597354254804295587      
   482.956627172603872103344631165424188      
   482.937022557309714859850699035951674      
   482.909633640881269182614123441361199      
   482.872822787406312870069797364398073      
   482.824948608071844311823415961075329      
   482.764412594922147934729991357612368      
   482.689698184369628982453253327329995      
   482.599401580033833688024456752409241      
   482.492254511340111679746555604873474      
   482.367139633450802409974644346901157      
   482.223099548580143238331508457905231      
   482.059340516457359848102108345964262      
   481.875231888892330784044299235616293      
   481.670302201431617374344073528991120      
   481.444232720769324783378678159697261      
   481.196849108612378163706724238754843      
   480.928111735257273924035443291534287      
   480.638105066745886319093601831132983      
   480.327026461228890846116545170207017      
   479.995174641358893614071713549394349      
   479.642938057455382727620684310788115      
   479.270783317367299695977606448307051      
   478.879243829167323004702530824577810      
   478.468908780306801160746756091068794      
   478.040412557489853690043587088066990      
   477.594424695538732426758379951162937      
   477.131640428052636399700357449747511      
   476.652771898266777512132840996229298      
   476.158540074834360981311546953619330      
   475.649667402717769392527744815284209      
   475.126871207415074410521578622398635      
   474.590857857642706151293268223209164      
   474.042317680973729852825645284850862      
   473.481920615747453039478868080339881      
   472.910312574391180163626042785018152      
   472.328112485972494159508871248882719      
   471.735909978371599639439535220891589      
   471.134263656679425378579461787627443      
   470.523699930858457148825617695004267      
   469.904712338438209103142649983495822      
   469.277761335611720486000878655460034      
   468.643274448345060553134176154897435      
   468.001646806406657279693689711624717      
   467.353241958144773604446257097976024      
   466.698392939861553324900087203075205      
   466.037403551092346292204764641798495      
   465.370549794119759786519466668965908      
   464.698081439509571671705686433805248      
   464.020223681154034142689156035891451      
   463.337178849014743304443593709974649      
   462.649128151310435156499581438376982      
   461.956233419254083806460745467494312      
   461.258638833659744636819493685412088      
   460.556472613401188556936196543433926      
   459.849848649171268313633061464295279      
   459.138868070846810240233861704035022      
   458.423620735975334472177485063130984      
   457.704186631690332968983700928009584      
   456.980637184879669621684429979009545      
   456.253036474360539939375102449166530      
   455.521442344323897566995673539503621      
   454.785907417776548194778539639503573      
   454.046480009741078532243714731505625      
   453.303204942858947275958304093943557      
   452.556124267791434991463088137222455      
   451.805277889224136900701251585389122      
   451.050704104807572737249635348072405      
   450.292440058740595004170324741529036      
   449.530522119106102574733999980982216      
   448.764986177888809238710651820829934      
   447.995867884504354263256397961329943      
   447.223202812087799510210275679941928      
   446.447026572001019940213600676246647      
   445.667374866840241365206608153036793      
   444.884283495715018549283533158008759      
   444.097788323341746714285570722822013      
   443.307925207357740536936650754877859      
   442.514729887270329067550673372548464      
   441.718237851868507211347288596528002      
   440.918484174955505902616075603274032      
   440.115503310598999304303442628806024      
   439.309328905254200204063944746487082      
   438.499993568814285089383550349130220      
   437.687528644223755554072538857064229      
   436.871963948473542179143630338198479      
   436.053327530570326752694500688348442      
   435.231645410080636018431296019386886      
   434.406941286246692849338872932097154      
   433.579236273400347284179190968479252      
   432.748548650100775206451021474283785      
   431.914893587143523104889653068283802      
   431.078282834852449806510376911257380      
   430.238724446557120657695388506504560      
   429.396222540279945678408842977804080      
   428.550777066955800303628500566100163      
   427.702383405894059699869850824212255      
   426.851032164930896965301289440448538      
   425.996708938402372442923985135566631      
   425.139394116773075175757345664444821      
   424.279062309821196157720706821477234      
   423.415682456427017135800564346425097      
   422.549217339622244364728895648830532      
   421.679623275527931122568303355150411      
   420.806850005275453839754844665678345      
   419.930840405840669957398838410591943      
   419.051529974371575410740402831905798      
   418.168846847949665926079160996744970      
   417.282711365320137813996890606860234      
   416.393035737097109089710318614759456      
   415.499723910917301746810359720184184      
   414.602670968476182058461469636072798      
   413.701763191102552310493455635003010      
   412.796877304338909667499941715306681      
   411.887880535439218350245870104667886      
   410.974629895369204449988121750789427      
   410.056972001607084120370475452716424      
   409.134742701513302307462210917943588      
   408.207766428929607758124831201180490      
   407.275856088332881774265857559409851      
   406.338812352410902183722481993515019      
   405.396423117984978757386466100039504      
   404.448463239301813074237106243788120      
   403.494693724199858716926109152498125      
   402.534861297443625569421634708273904      
   401.568697838821817828291441553255958      
   400.595919301441231281150063934169782      
   399.616225503151879459472041982577368      
   398.629299358752968880217853878954315      
   397.634805411982172904811873729108570      
   396.632389865936944430831390527308411      
   395.621679159280448534149178955598746      
   394.602278937379608009131379778529117      
   393.573773614663498415785407982071520      
   392.535724366427177838840651604539891      
   391.487668828640547021898006593207034      
   390.429119349211415150928455101220252      
   389.359561775263586423672009660360618      
   388.278454385973335410112361819474402      
   387.185226002711394253799970019428634      
   386.079274718025930720129905817200285      
   384.959966301528205341521970108059547      
   383.826632481166589700613350872667474      
   382.678569237732981239192457378281797      
   381.515035185999606425700806799046352      
   380.335249553970983996960891901554502      
   379.138390657894789183725950896326647      
   377.923593845463540903115528086426157      
   376.689950240458889670793842759167786      
   375.436504516594369594892770099809185      
   374.162254478518582246250400903754351      
   372.866149007077644223373477470286789      
   371.547088187035673885680543631786441      
   370.203922947974663451838936402687011      
   368.835455522482849723826315768916168      
   367.440441245861919683886386678042405      
   366.017592562914053973977196320831929      
   364.565582557083790128225026537653813      
   363.083052857864994302401016484846444      
   361.568623349554069426515379208757987      
   360.020906354571221948513764601270766      
   358.438524751968166257535793141245173      
   356.820136412758129557887465860783257      
   355.164466298842637038982320205792017      
   353.470346907293155923920122273509581      
   351.736771276083136239698557761675760      
   349.962958307994056147959335781944736      
   348.148436134827452762382097366844475      
   346.293144063589607877047655900690717      
   344.397558476607046171576153314880072      
   342.462843712633080011366560635379838      
   340.491033942453203314867671033810542      
   338.485244921367328902629638381444598      
   336.449910264430138477044069668696152      
   334.391074586100036789364362349897511      
   332.316653371529522075503709822677720      
   330.236754556823216986495722556758712      
   328.163962443313895157169936336342463      
   326.113588998122470016996003647462065      
   324.103849003453624375025047508833184      
   322.155923396566343313150922210542504      
   320.293861059425329647643543857528811      
   318.544284633056965376251016083171555      
   316.935873651073157515200683073580466      
   315.498536997196620298791654276624659      
   314.262766227663729380519206909114776      
   313.258309619671017263471780410446500      
   312.512684220952579996785299733105787      
   312.050856439698675277138468623504249      
   311.893803751882854575780641870328250      
   312.057944823260031612533034889870634      
   312.554742705066487674475490273758330      
   313.390610885558270221317487178273106      
   314.567095275987534462394445103370322      
   316.081277868609196507684990113143959      
   317.926335016351200431289648007426860      
   320.092182996613439435604390529452711      
   322.566144954802270642768452708800946      
   325.333600148168072751001691088655834      
   328.378575988871585675921428554558274      
   331.684266681173598641428206984514948      
   335.233469768846016931745245450021206      
   339.008941557349108662205727550010149      
   342.993674941939834888888908033341389      
   347.171109653837853438658521440769650      
   351.525283511511196249630358150958470      
   356.040935318392444513640676398010866      
   360.703570287594185673454239971038972      
   365.499491102147371861142197745872804      
   370.415807841514941909076617063269997      
   375.440430462858707030906617502628367      
   380.562046932223511570549001177983106      
   385.770094379289636172337832725796111      
   391.054722373199907448338373074959245      
   396.406755002216273772250822187943302      
   401.817649487054650429294639917616133      
   407.279456444065660421794745546155215      
   412.784778442145113790092811520181165      
   418.326732091788700635426728047376943      
   423.898910459492888012637076011182077      
   429.495348117048066158507794413088890      
   435.110489494441247871739413114415595      
   440.739155496179629131760341747322746      
   446.376517311255445867392868889100330      
   452.018069908078944859926182154161393      
   457.659606916726395743748709180042722      
   463.297199078547736012506107563524719      
   468.927173831966699380331108606941979      
   474.546096853241855254380196775176952      
   480.150754395041494391989026658768033      
   485.738138020058222564823946643501556      
   491.305430557581087573324608171677512      
   496.849992964242044128621140831527559      
   502.369352352793808753151492458273410      
   507.861191089880328041636293090177292      
   513.323337349300046213744015616293558      
   518.753755763941102422553154109380565      
   524.150538641488851959340980465344883      
   529.511899617101843900692931361088667      
   534.836165333261205724535671330835323      
   540.121770566089654434136459509198541      
   545.367250645266059020908265691252408      
   550.571237207471074239264305912854070      
   555.732453390788028771568615273040395      
   560.849708768541371478481049281200055      
   565.921894905349225653140255417813336      
   570.947981822503818017124396244248208      
   575.927014288553458479523838822731436      
   580.858108382265312870059281602948170      
   585.740448354974985044531508602817018      
   590.573283720020703337701487632894094      
   595.355926331679435598615030353295295      
   600.087747562767080966403205622993891      
   604.768176542810732587480654158465168      
   609.396696980774128064980666870395957      
   613.972846105114459926157063151378432      
   618.496210102575259522184276796961936      
   622.966426746968550940465553486285519      
   627.383177885305845345831763555008528      
   631.746191774758331865247346753406925      
   636.055238957566839037639549544360868      
   640.310132778920251009925120733163018      
   644.510725224531285139864555896518287      
   648.656907314320350847416378152809583      
   652.748607022909648033365236468579664      
   656.785787334985525498720464280556884      
   660.768445716866709477612374517582449      
   664.696611549420053544016393291245497      
   668.570346379116804545276037020469134      
   672.389741154538996192140603773910774      
   676.154915595763011735422646942878561      
   679.866017414534829686172607998617913      
   683.523220093945406005784280436421113      
   687.126722631321735342313212780490550      
   690.676747960114928339838868651209486      
   694.173541843397935917889082203363589      
   697.617372172305434063294972808883528      
   701.008527379999256240305605252554765      
   704.347315762892753219259639401717129      
   707.634064407946922658177852541876321      
   710.869118174166249309128701424823887      
   714.052838834068752052023063649161765      
   717.185604038829618151122489683378790      
   720.267806399466569918729821632402137      
   723.299852819545478814101086840691353      
