   478.80608573557492     
   478.80608573599255     
   478.80608574689603     
   478.80608582453607     
   478.80608611588764     
   478.80608686869988     
   478.80608823322490     
   478.80608849273875     
   478.80607609548593     
   478.80600820257911     
   478.80577172830743     
   478.80513155732490     
   478.80367802410939     
   478.80078697852952     
   478.79560142771959     
   478.78703736928708     
   478.77381101108983     
   478.75448141103811     
   478.72750171669480     
   478.69127268232575     
   478.64419371236409     
   478.58470813647000     
   478.51134099424849     
   478.42272872565428     
   478.31764098514367     
   478.19499527640914     
   478.05386543487157     
   477.89348495419813     
   477.71324620635602     
   477.51269644770281     
   477.29153138225826     
   477.04958691891136     
   476.78682964334797     
   476.50334639983555     
   476.19933330550464     
   475.87508446402626     
   475.53098057288111     
   475.16747759113025     
   474.78509564168047     
   474.38440821368727     
   473.96603182130190     
   473.53061616543749     
   473.07883491254114     
   472.61137708536597     
   472.12893919541540     
   471.63221804271956     
   471.12190432715568     
   470.59867692715665     
   470.06319798652487     
   469.51610869321246     
   468.95802573773847     
   468.38953850461758     
   467.81120680889074     
   467.22355927163767     
   466.62709221294665     
   466.02226904130873     
   465.40952004588451     
   464.78924262343406     
   464.16180181836307     
   463.52753113802584     
   462.88673361405250     
   462.23968307258059     
   461.58662558424101     
   460.92778093564402     
   460.26334429791279     
   459.59348789105178     
   458.91836265822820     
   458.23809997585772     
   457.55281331037031     
   456.86259986395214     
   456.16754212048960     
   455.46770935417646     
   454.76315908886079     
   454.05393836980011     
   453.34008506380985     
   452.62162896557379     
   451.89859288137762     
   451.17098880705339     
   450.43883709798479     
   449.70214067063432     
   448.96090279008820     
   448.21512351099102     
   447.46480014376624     
   446.70992766474899     
   445.95049903211213     
   445.18650544174955     
   444.41793652406255     
   443.64478045865889     
   442.86702404141346     
   442.08465268977926     
   441.29765041812641     
   440.50599980041625     
   439.70968179343930     
   438.90867563668166     
   438.10295868933116     
   437.29250615666211     
   436.47729087454951     
   435.65728319024487     
   434.83245066034726     
   434.00275764389721     
   433.16816523331914     
   432.32863037644870     
   431.48410656280265     
   430.63454284578160     
   429.77988350882447     
   428.92006795749887     
   428.05503033426254     
   427.18469917219556     
   426.30899701376336     
   425.42784023992999     
   424.54113856970832     
   423.64879472720355     
   422.75070399531131     
   421.84675467528967     
   420.93682643908863     
   420.02079103204193     
   419.09851107595171     
   418.16984027578832     
   417.23462335978712     
   416.29269474310018     
   415.34387895161450     
   414.38798996402249     
   413.42483071920964     
   412.45419293545342     
   411.47585687059558     
   410.48959020101472     
   409.49514790659168     
   408.49227207459126     
   407.48068019205829     
   406.46010968336685     
   405.43024961698501     
   404.39078468896622     
   403.34138693152289     
   402.28171004528230     
   401.21139081428760     
   400.13005260413445     
   399.03729556029270     
   397.93270926174910     
   396.81585816631366     
   395.68629077610490     
   394.54353751263494     
   393.38710389169154     
   392.21648219533944     
   391.03113785845494     
   389.83051826145316     
   388.61404811845199     
   387.38113364799790     
   386.13115605729934     
   384.86347807450704     
   383.57743986066890     
   382.27236398985019     
   380.94755317794778     
   379.60229105042248     
   378.23584603100670     
   376.84748120288879     
   375.43644270347630     
   374.00197047763356     
   372.54331248666068     
   371.05971923933663     
   369.55045974237822     
   368.01480286778406     
   366.45213608409870     
   364.86182883820783     
   363.24335038377126     
   361.59627211423793     
   359.92029564738482     
   358.21528372682445     
   356.48131049585800     
   354.71870676198137     
   352.92811978086911     
   351.11059006196189     
   349.26762485428765     
   347.40130386155101     
   345.51438596776302     
   343.61043780916452     
   341.69397768822319     
   339.77062106543860     
   337.84726008603769     
   335.93222559741383     
   334.03545368477722     
   332.16864628683277     
   330.34539011071416     
   328.58123161473270     
   326.89368226924557     
   325.30212866063960     
   323.82762570171332     
   322.49256102056546     
   321.32017465902300     
   320.33395378685947     
   319.55691495079702     
   319.01082816400810     
   318.71543675183273     
   318.68774345249813     
   318.94142619442925     
   319.48643622636678     
   320.32881402357083     
   321.47072309311051     
   322.91064640203979     
   324.64380304744424     
   326.66184568064489     
   328.95626638467439     
   331.51472700921994     
   334.32425866850008     
   337.37108186006151     
   340.64095111368817     
   344.11947527142513     
   347.79236144283658     
   351.64560346262169     
   355.66557804136431     
   359.83930840408584     
   364.15426131905639     
   368.59856068346409     
   373.16096357269072     
   377.83084997462146     
   382.59821160629338     
   387.45365131612493     
   392.38832646788444     
   397.39394463465516     
   402.46273875459076     
   407.58741529453437     
   412.76114544468516     
   417.97752044464841     
   423.23055121631802     
   428.51459015019532     
   433.82438159409043     
   439.15493974745129     
   444.50163996804861     
   449.86010367952315     
   455.22622810469443     
   460.59615696373862     
   465.96621572509861     
   471.33309270298446     
   476.69351772837211     
   482.04447206118897     
   487.38310808512381     
   492.70674453887256     
   498.01285325901074     
   503.29905657453401     
   508.56311205755009     
   513.80290516257389     
   519.01644542604231     
   524.20185809776592     
   529.35737607364956     
   534.48133951717068     
   539.57218413318628     
   544.62843890938757     
   549.64872216752224     
   554.63173706622513     
   559.57626600262802     
   564.48117150270275     
   569.34538637671324     
   574.16791568448502     
   578.94783048162174     
   583.68426663122978     
   588.37642215165044     
   593.02355423767767     
   597.62497709898400     
   602.18005876812936     
   606.68822016319632     
   611.14893419552573     
   615.56171999225035     
   619.92614532391087     
   624.24182236728564     
   628.50840622491285     
   632.72559384355623     
   636.89312290526118     
   641.01076935507035     
   645.07834649101733     
   649.09570271813584     
   653.06272206601955     
   656.97932180578482     
   660.84544965143118     
   664.66108534318676     
   668.42623808339101     
   672.14094462883349     
   675.80526914818824     
   679.41930273668004     
   682.98316035542450     
   686.49698195743974     
   689.96092943344593     
   693.37518757071609     
   696.73996109130155     
   700.05547575686023     
   703.32197601139364     
   706.53972394745676     
   709.70900011236699     
   712.83010051378005     
   715.90333742101359     
   718.92903736159133     
   721.90754115551397     
   724.83920237283610     
   727.72438759107479     
   730.56347503273571     
   733.35685349042581     
   736.10492256608495     
   738.80809111844235     
   741.46677699416671     
   744.08140629477316     
   746.65241244509889     
   749.18023749064457     
