   6.91360382032105060219110298214517828      
   6.91360382032105110148990120050159411      
   6.91360382032108955897461395071538087      
   6.91360382032172657037300039129441259      
   6.91360382032646964407827706415172662      
   6.91360382034827194454909996337538970      
   6.91360382042124210775840530957649012      
   6.91360382061614616007291978327386677      
   6.91360382105205065483227290971159076      
   6.91360382188251542740233811728967374      
   6.91360382321555130734203477789400867      
   6.91360382491358848530875658097017050      
   6.91360382622306345639632985419547363      
   6.91360382520291047041499477868660296      
   6.91360381794927827033920109487942327      
   6.91360379764123045666102416352874397      
   6.91360375345348257110124544893402115      
   6.91360366939581437369292099797002011      
   6.91360352314564596030183288775123118      
   6.91360328494217467354731505562152087      
   6.91360291660884321808284417199803658      
   6.91360237076628433048581123558049818      
   6.91360159029007204073538675430998102      
   6.91360050805619315124588823010908887      
   6.91359904700207537918410867853909281      
   6.91359712051292068987617386901737663      
   6.91359463312338895958780466674512708      
   6.91359148150524916933484663588390264      
   6.91358755569444890442973047367877659      
   6.91358274049782518233408361734144954      
   6.91357691701149048878223394398362522      
   6.91356996418016266133396640625056969      
   6.91356176032910007571482855160064601      
   6.91355218460705111556689457490408223      
   6.91354111828861726508404525458348435      
   6.91352844589641453366450113531322552      
   6.91351405611619785837343470261835407      
   6.91349784249065199432199953191491256      
   6.91347970388903898703737841925505037      
   6.91345954475977226191579165601872358      
   6.91343727518094835286627788292962463      
   6.91341281072980104568020508965252897      
   6.91338607219600734974397193873928878      
   6.91335698516594681697398665387665401      
   6.91332547950563908846001826086882506      
   6.91329148876944290567865487951025070      
   6.91325494955998500834946678275780404      
   6.91321580086247026238407189273247723      
   6.91317398337375179949457416690585779      
   6.91312943884352600640598146827293969      
   6.91308210944193887514489851497518350      
   6.91303193716485208028593101593057925      
   6.91297886328518536774655053222667069      
   6.91292282785610787146628471990841384      
   6.91286376926951564077312038963814600      
   6.91280162387118594676797901730655490      
   6.91273632561708397598878172172422149      
   6.91266780585540487134498963556244544      
   6.91259599302552047207705014084776662      
   6.91252081253226182043648095967304932      
   6.91244218660259740147964397193533855      
   6.91236003419183933076777628414360178      
   6.91227427092269874740696923107017785      
   6.91218480905174775965910560197590769      
   6.91209155745765167449946335023122198      
   6.91199442164575396710061177070503715      
   6.91189330376425683816991214498739468      
   6.91178810262703266651279754599534503      
   6.91167871373753511443198733820958712      
   6.91156502931089880775016068664191475      
   6.91144693828929350642129274653559102      
   6.91132432634716713426123108446950420      
   6.91119707588341197480380193819396363      
   6.91106506599721647150025258285871190      
   6.91092817244492590783501153900992892      
   6.91078626757671463653993018205926156      
   6.91063922024996199199022887260569868      
   6.91048689571718962449043610136389546      
   6.91032915548981223126272324539975347      
   6.91016585717522359697124874873024002      
   6.90999685428260786081940878860494370      
   6.90982199600325486958240845686212797      
   6.90964112696197937733850295976630891      
   6.90945408693424197359742888394652089      
   6.90926071054087990704633550500728841      
   6.90906082690382325993585988831869853      
   6.90885425927925927184281727536268275      
   6.90864082465111567051123171860260818      
   6.90842033330467105344692312921378517      
   6.90819258835975355045631250348119852      
   6.90795738527553691988039453829026001      
   6.90771451133095149090854186334628211      
   6.90746374506082413047780124932798263      
   6.90720485565922488985124301502013862      
   6.90693760239773211212437642705193454      
   6.90666173390994058011559602968098033      
   6.90637698756695311102473292394568327      
   6.90608308871226461927473019618159012      
   6.90577974994010044161146891263075888      
   6.90546667028484016356799277962268538      
   6.90514353441168994999660967774331316      
   6.90481001175306517744280363163293720      
   6.90446575561176093128365115201254817      
   6.90411040220975094033338908110629343      
   6.90374356973639944724564106217290878      
   6.90336485731961374497820636617539908      
   6.90297384395433539191499356383177715      
   6.90257008738779927531400257587628328      
   6.90215312298571427086753810260818910      
   6.90172246254287330193405321602665321      
   6.90127759295332014128573381531767225      
   6.90081797498246039439237684428853684      
   6.90034304185494706141389369862227477      
   6.89985219782014336586095030772283591      
   6.89934481656128495800128239671778956      
   6.89882024006331074167768664656900137      
   6.89827777636519098788589474410456638      
   6.89771669827412789285964466450788989      
   6.89713624134473406955592802654729963      
   6.89653560221296837206539349652052199      
   6.89591393657138616743332122561820283      
   6.89527035699409398838234534850745295      
   6.89460393090307752340218573449545467      
   6.89391367826785734510616408634393389      
   6.89319856931131057374197963745161163      
   6.89245752188475298081362484464776697      
   6.89168939894925094407419377596944226      
   6.89089300578266078628260803266695475      
   6.89006708705755320962715660560206850      
   6.88921032386997961918451501822317757      
   6.88832133035735782358632690168124894      
   6.88739865062014317600093369151758420      
   6.88644075475601090105773024699747479      
   6.88544603540024647540537197195524498      
   6.88441280368637695767629975114452746      
   6.88333928481710576842046802903748079      
   6.88222361386016586315755180045412507      
   6.88106383110780158754219964617303313      
   6.87985787671786275231482281621070477      
   6.87860358591913204762929792262656466      
   6.87729868300958354076442808948908579      
   6.87594077579103501268510925420568507      
   6.87452734897425636859971370381092578      
   6.87305575776528183590617010539878467      
   6.87152322062329107660062448097620036      
   6.86992681183057020162663525546381737      
   6.86826345345872078509244230698474449      
   6.86652990673469302632894722813609453      
   6.86472276303136215579094955439870180      
   6.86283843486592918969534540149399679      
   6.86087314437232584256838382722476713      
   6.85882291344579544512155003361096318      
   6.85668355131493309522698211908751294      
   6.85445064266258240712444500555168274      
   6.85211953383631205921966800119221583      
   6.84968531892718179158073458554522594      
   6.84714282438652655278855372929558032      
   6.84448659310613629506831986533805311      
   6.84171086672290974970884512180303840      
   6.83880956734358404279690436318131811      
   6.83577627786652956326570843059245676      
   6.83260422025439245027948215815309478      
   6.82928623378373989853738509569309631      
   6.82581475056076685012919616699068143      
   6.82218176981397996192923775249409539      
   6.81837883044980546113916737714821540      
   6.81439698221992492131882249925096744      
   6.81022675483446876761488297284912606      
   6.80585812500180710933762668142426623      
   6.80128048212763563729966733825642662      
   6.79648259166613973429309985431479800      
   6.79145255683596088711539213519172605      
   6.78617778034886450908971047541444830      
   6.78064492086956798135514439587729323      
   6.77483985231839452406114192270965509      
   6.76874762095259930799200086752939830      
   6.76235240164644582519892744437305731      
   6.75563745703371826393628248327729195      
   6.74858509583496150297385654699498934      
   6.74117663672000739771325341156450795      
   6.73339237514099145942347181910926071      
   6.72521155724259107994566898152802792      
   6.71661236341438265638705150826076262      
   6.70757190238392656748004484612579070      
   6.69806621961457796031785274788616828      
   6.68807032486671535972470466966614682      
   6.67755823764275545371606995887543287      
   6.66650306027752816232562274778393789      
   6.65487707091368709647294320581143188      
   6.64265184821960917107879447601398548      
   6.62979842073275746914173111653352762      
   6.61628743866927732652947976185783833      
   6.60208936664466885982871349502109136      
   6.58717468536970265485150878321443785      
   6.57151409543659932521338029184260706      
   6.55507870962813254423436259443093554      
   6.53784022166639391972123329262212874      
   6.51977104140248890741720039944555501      
   6.50084438860938385080504075612187672      
   6.48103433890075166675504153570738044      
   6.46031583550108686724883290314371307      
   6.43866465006641975887212699669815349      
   6.41605733569882893327871472890410704      
   6.39247113970245447105060535596697320      
   6.36788395770477453479426982416700822      
   6.34227425758816587896610801934874999      
   6.31562103686675123679947739510857780      
   6.28790379259359558389812660843975413      
   6.25910250690482667908847662057970063      
   6.22919764401935730754534037066170298      
   6.19817015312182235650565354408692244      
   6.16600147307527035592369034842824417      
   6.13267353426191325207745300101596312      
   6.09816875726412959840660024998115199      
   6.06247004350988801284777751285967909      
   6.02556075992659797012346768940274766      
   5.98742471839742173412987524719441474      
   5.94804614924621456740872096423424016      
   5.90740967167463619580123221482872626      
   5.86550026173692733521174239203313030      
   5.82230321841033178790492053688645557      
   5.77780413024325961254383362601104186      
   5.73198884164653698452116091371871419      
   5.68484342122346773370428557954290904      
   5.63635413098553915622827190637122991      
   5.58650739768048433951853023573480779      
   5.53528978640690640130630286599473948      
   5.48268797611149982549775319370726601      
   5.42868873728777659030534446068224500      
   5.37327891173836319050756897891491760      
   5.31644539440010025148553676998482435      
   5.25817511692705421371259055566013071      
   5.19845503297523442039282264615488148      
   5.13727210514160578570703308729699566      
   5.07461329326600851751158523188075438      
   5.01046554409387313948303609445781112      
   4.94481578207284565804984576816702861      
   4.87765090104363666353022179025639724      
   4.80895775727274333862757919444337889      
   4.73872316291793780966707356076821882      
   4.66693388039347815454642536131355516      
   4.59357661740439355374026897897674580      
   4.51863802251361711625252528676100635      
   4.44210468132198998346753950490283324      
   4.36396311303688054859193309662969460      
   4.28419976741761782091614027563456169      
   4.20280102215888444754034548076416378      
   4.11975318058034348788804963487265777      
   4.03504246956114156222568015764369775      
   3.94865503775183753339446332186253188      
   3.86057695399800441908553126519779479      
   3.77079420599416320688440623002320597      
   3.67929269907790048745392583073471135      
   3.58605825519197787757872934477730804      
   3.49107661198604317092364765616719784      
   3.39433342204488239141071383160019534      
   3.29581425223410189863230118468234531      
   3.19550458311929902658257269597270172      
   3.09338980850222044449912716949368547      
   2.98945523501500480525334400045102749      
   2.88368608178574376029948107866833283      
   2.77606748017959844575920423957785881      
   2.66658447357464345981849747127094621      
   2.55522201720775855635021058156022743      
   2.44196497804914079889363456627591167      
   2.32679813472925879919334458281899317      
   2.20970617748265131340259708086701770      
   2.09067370814554416573566808312095438      
   1.96968524016548423523856011296299005      
   1.84672519864121059961180784356389629      
   1.72177792038538308759000537262947587      
   1.59482765400819234441728684754325579      
   1.46585856001241521811982226999786282      
   1.33485471092402942614989558670475851      
   1.20180009140343757201223744674813668      
   1.06667859839829865911143128834644670      
  0.929474041299697631116149219711680614      
  0.790170142100393871887200250204574729      
  0.648750535574233231014926566853833044      
  0.505198769451915824353720261627206686      
  0.359498304611038817034683484131730664      
  0.211632515270573774612700484800858815      
   6.15846891906654901000397877321728761E-0002
  -9.06619721260367200018424907627277428E-0002
 -0.245124353222734837633254127133173348      
 -0.401819424480470558079714289973222956      
 -0.560764241901015008326779296289413538      
 -0.721975946889495573116529258506208603      
 -0.885471766035918922941356489246955121      
  -1.05126901089395895981651238716286357      
  -1.21938507775677937890451757561561166      
  -1.38983744743383936287248494601270267      
  -1.56264368502769887475838132059333648      
  -1.73782143970450945950940219883590171      
  -1.91538844446989288228204187065128691      
  -2.09536251594334325866758035513480941      
  -2.27776155412891481783607524862482496      
  -2.46260354218998730145930670621345163      
  -2.64990654622367268172137023006796073      
  -2.83968871503240976809156683054025079      
