   6.91360382032448847522976250442333937      
   6.91360382032448897452856100055816334      
   6.91360382032452743201328781372420908      
   6.91360382032516444341181800519019887      
   6.91360382032990751712095170087675214      
   6.91360382035170981779289183327728551      
   6.91360382042467998402730515497633013      
   6.91360382061958405575438200690345809      
   6.91360382105548862151308978982065633      
   6.91360382188595357241839768160516553      
   6.91360382321898980232900034806371548      
   6.91360382491702757158540507603483160      
   6.91360382622650346116159433382554951      
   6.91360382520635178937012628439571086      
   6.91360381795271752375915641434387788      
   6.91360379764466427464385184930187795      
   6.91360375345691122060183844057396632      
   6.91360366939923815598223949791769145      
   6.91360352314906507796713333990354621      
   6.91360328494558904743089669268792521      
   6.91360291661224628408276429026582958      
   6.91360237076967634766575514298361914      
   6.91360159029342781642026664996376288      
   6.91360050805945956513652118659320323      
   6.91359904700510051761196203095431535      
   6.91359712051538913568110138990629468      
   6.91359463312459119471705164683670889      
   6.91359148150360915397413529600216101      
   6.91358755568685538351091572502445811      
   6.91358274047833185099398195134752146      
   6.91357691696919649719330015845304341      
   6.91356996409583739822140963307934491      
   6.91356176016998488427718460474910084      
   6.91355218431908498699156746526141591      
   6.91354111778514510540865624350909398      
   6.91352844504215330232900375279428977      
   6.91351405470501703834153087487878538      
   6.91349784021531760817687842697381670      
   6.91347970030093187055448754658403751      
   6.91345953921597932108242112122449085      
   6.91343726677596061152802499389584868      
   6.91341279820847781588305268388672019      
   6.91338605384418901710311836394838435      
   6.91335695867452215073256572920658045      
   6.91332544180347458753603387607558299      
   6.91329143579953934178685477258187625      
   6.91325487608947226613381137376134172      
   6.91321570013996495715247772566123171      
   6.91317384679776436321541681444036493      
   6.91312925555461936096017717540720938      
   6.91308186584653137813537680039245251      
   6.91303161638306524705733922523368295      
   6.91297844451484591346632136601884546      
   6.91292228564448540720350081861534545      
   6.91286307268446974497289587425093950      
   6.91280073556308717539792069692405496      
   6.91273520077786969799085635261330560      
   6.91266639099504289169716745226177588      
   6.91259422469159798830587071888049418      
   6.91251861583701417700954930275869285      
   6.91243947360919378820099969187605394      
   6.91235670214105551793910182488957381      
   6.91227020029203348617594059074193739      
   6.91217986143979088380740012921309125      
   6.91208557328776195672233499689198363      
   6.91198721768154251595522255097502309      
   6.91188467043322482884437210301643884      
   6.91177780114499886342149455941984771      
   6.91166647303177693964675345439076480      
   6.91155054273785786198026455091629892      
   6.91142986014179062304888252106873867      
   6.91130426815178305151826460617998390      
   6.91117360248398695157950700035108497      
   6.91103769142438471933964718442122327      
   6.91089635556959697975299468318983916      
   6.91074940754996950711182890869369538      
   6.91059665172290972278692153000264751      
   6.91043788385019367247955819956676236      
   6.91027289074521869500399451768814913      
   6.91010144989725325387788216515903115      
   6.90992332907136786859987356323984969      
   6.90973828587955508657753607093093048      
   6.90954606730679009942247441980932657      
   6.90934640923082850246327058377656324      
   6.90913903591131976870143410259516853      
   6.90892365943971183452558925442806622      
   6.90869997916575133264912831475555648      
   6.90846768108757935220855159902730933      
   6.90822643723601129141179962199530398      
   6.90797590497663809399112791040745976      
   6.90771572630115372996621058092152474      
   6.90744552711578691445845217152041407      
   6.90716491646618398443114876822744909      
   6.90687348574082703229958330998306581      
   6.90657080785960573819570782051401168      
   6.90625643634661254146500311035503995      
   6.90592990438161939066814268819588402      
   6.90559072390572605074006761057244021      
   6.90523838462040238289590286307614880      
   6.90487235292550045723551334587453547      
   6.90449207081499799497612412607520678      
   6.90409695480737678912739111932457326      
   6.90368639462034949303688944491952763      
   6.90325975213091715921195367806355249      
   6.90281635977357721425464211103038780      
   6.90235551952524552004119332913712591      
   6.90187650134282793869047405615366130      
   6.90137854147245471302777586174972676      
   6.90086084103901265087763069644877921      
   6.90032256482746853104168477081214323      
   6.89976283895362568304361630611937174      
   6.89918074904658539901975799636116865      
   6.89857533911571432179431671511733960      
   6.89794560907235609438839530317635514      
   6.89729051223151747368042904864803784      
   6.89660895407277181624928486670290530      
   6.89589978976681638739626137868831625      
   6.89516182064840451355681877891334545      
   6.89439379371740089647125025054336959      
   6.89359439715137768126649042199435440      
   6.89276225861366299883262650288828870      
   6.89189594205956623849456088863953402      
   6.89099394448239640798794898287040577      
   6.89005469342328259495499607754864184      
   6.88907654248619377344394945467393278      
   6.88805776877152966448414721258202730      
   6.88699656905050508493963252578538865      
   6.88589105476542431929347650856680250      
   6.88473924985319961750620645254908662      
   6.88353908443771180091845640446051230      
   6.88228839173086133222071831550956696      
   6.88098490210549479683941555757957991      
   6.87962623885995254965790609342548836      
   6.87820991265084865554258017391660091      
   6.87673331651471098840398134177326199      
   6.87519371868795096872552694384775966      
   6.87358825652004396199506347135064964      
   6.87191393191986580319014602779859970      
   6.87016760195405400869670517372842370      
   6.86834597328570253453269595100610509      
   6.86644559354483505392946881714836879      
   6.86446284488540707989943414236448833      
   6.86239393319432818923458211268856799      
   6.86023488094256676880315698618798293      
   6.85798151780106768505264700174771804      
   6.85562947012901251254849047647515567      
   6.85317415083078803472496551724478144      
   6.85061074859972374124501814892355483      
   6.84793421681892634609454041450066037      
   6.84513926136771174257898633172519116      
   6.84222032735783464390424446119919082      
   6.83917158747545846863312023694232632      
   6.83598692742424281955600768821325677      
   6.83265993043710402806346627849409120      
   6.82918386479156719156988811383325347      
   6.82555166540701814139893534355222083      
   6.82175591924073825613040806879487708      
   6.81778884927433069167605669950843255      
   6.81364229400246444490984719211212793      
   6.80930769222855876705901436304703231      
   6.80477606392695324125696233778838095      
   6.80003799078615743078716128700823963      
   6.79508359809165401065103369184692181      
   6.78990253541779900284597794905991084      
   6.78448395756412972002698240432525295      
   6.77881650641591451940028705980703819      
   6.77288829274332610852062969350578907      
   6.76668687907862149776282424112591620      
   6.76019926588807827983193531377749599      
   6.75341187770826821827210062697547059      
   6.74631055212634930958865167883757935      
   6.73888053386988662150986419642587198      
   6.73110647175356986999235764138134614      
   6.72297242107922680831020631644047003      
   6.71446185328665497866270769220555228      
   6.70555767053879411541793475449999080      
   6.69624223177444496960147164574661661      
   6.68649738398974665945834782204119670      
   6.67630450427328730713262275902896464      
   6.66564455783063274825243177268428634      
   6.65449815438043595657432391745851415      
   6.64284562236460757561605675655065972      
   6.63066708584345942151982581286926276      
   6.61794254505314111991447310648732396      
   6.60465195666263561738497667253711953      
   6.59077530220472569055428498004413712      
   6.57629265102175428439365827258346481      
   6.56118419192904903649196468762743818      
   6.54543024779555570711560159558561634      
   6.52901125066157395744637583849598778      
   6.51190768606047793540765283254459851      
   6.49410001132042008320469994455262653      
   6.47556855325186933859821997592487743      
   6.45629339396362038821598349741046695      
   6.43625427115261894622123423504355593      
   6.41543049801368687018828856231034941      
   6.39380092260696725696548467750629140      
   6.37134392876400329154699308424764890      
   6.34803748131721214981150481679847425      
   6.32385920881658580881205639322776623      
   6.29878651393486885342802092208304453      
   6.27279670050192621832430397087829384      
   6.24586710419780367232316311368022859      
   6.21797521724275962911220724314192544      
   6.18909880163664500517288564451154626      
   6.15921598215516624126513184771532064      
   6.12830532078300083104096155886001172      
   6.09634587000411627888703409430097589      
   6.06331720725711320281963709525736057      
   6.02919945222718154382715049707037411      
   5.99397326976729596920266767626237935      
   5.95761986092903789630923604293412145      
   5.92012094538095304504580852615659153      
   5.88145873652903820550065575439024816      
   5.84161591292786456849407270766623711      
   5.80057558598363305897771466248501466      
   5.75832126657996639298339059694702520      
   5.71483683127368958905813860098051881      
   5.67010648893698668307806530567506167      
   5.62411474813805906552065211032115760      
   5.57684638629772929541574067138196536      
   5.52828642011412976175206196396522678      
   5.47842007814298200038025382493675255      
   5.42723277508776891098849977988643754      
   5.37471008795353792945411748462488002      
   5.32083773408977376931908255666071966      
   5.26560155107605553014673066938599493      
   5.20898747815945896068194846210073112      
   5.15098153945450661304525478236057698      
   5.09156982841998869954888041050155257      
   5.03073849385581109542641074698854301      
   4.96847372712930539461518546401522310      
   4.90476175054311107930954392575158732      
   4.83958880675928973722252974330844536      
   4.77294114922447275580741200920082088      
   4.70480503347564451581538565233152864      
   4.63516670924193083927282724020718852      
   4.56401241326429143599772189777947211      
   4.49132836280507071273953555449275417      
   4.41710074974709638424474355814351297      
   4.34131573525459299376304215938255618      
   4.26395944488946709561969296499563005      
   4.18501796422708003802135215688393782      
   4.10447733484828769344669908913302109      
   4.02232355071429679845816187855065318      
   3.93854255486079681086576159026623913      
   3.85312023640779864735490882852531541      
   3.76604242784368683462493138215487631      
   3.67729490255808502690698198737044667      
   3.58686337259349152159086612001725683      
   3.49473348662157693351155981265038847      
   3.40089082807822936156524470193318761      
   3.30532091349395423637204950791565705      
   3.20800919097485209521617465178385380      
   3.10894103880355806603401001158572306      
   3.00810176421089049849467609305387497      
   2.90547660220210649537210897690363516      
   2.80105071454642428175201416043241523      
   2.69480918887144544810234847994370581      
   2.58673703773438648371212571497445499      
   2.47681919796042099355937380178912513      
   2.36504052986036508878515936845826262      
   2.25138581667379405190590290253325753      
   2.13583976398503763547104408023084842      
   2.01838699916839097804027754935958323      
   1.89901207109374120957891454783465937      
   1.77769944952017899761003460408024406      
   1.65443352485981859864863930961836582      
   1.52919860781650244250326913799511893      
   1.40197892914008418100446097493056352      
   1.27275863931982035298354868921362298      
   1.14152180842364405898928270428796215      
   1.00825242587621306460405833101684394      
  0.872934400289674032922277826362096410      
  0.735551559354660996035721209418594571      
  0.596087649699902145561735055872381799      
  0.454526336802046142906693852768059875      
  0.310851204922699784276901461499669618      
  0.165045757029539076064879115983957199      
   1.70934147650147408389306007131758176E-0002
 -0.133022481582599674651267708144671254      
 -0.285318673070732424991119545537202826      
 -0.439811982161189947630056883314332563      
 -0.596519312645259569648311952282798490      
 -0.755457649645142213087132390033562893      
 -0.916644059602187886096835116163328182      
  -1.08009569019544873490049213082993673      
  -1.24582977031798005729681799824727009      
  -1.41386361000651464751158182347980039      
  -1.58421460038296366292442914887328877      
  -1.75690021356388960745304848231835357      
  -1.93193800259940140146312843117547297      
  -2.10934560137730190495840798164909289      
  -2.28914072452117405695740087753015846      
  -2.47134116731128107870920236915452346      
  -2.65596480556233216181981403238666357      
  -2.84302959553886785261070202220546940      
  -3.03255357382696284231723385591271149      
  -3.22455485721672295925668520032592252      
  -3.41905164259715915922048385766857549      
