 0.13628526479576E+03
 0.13628526479576E+03
 0.13628526479591E+03
 0.13628526479727E+03
 0.13628526480368E+03
 0.13628526482384E+03
 0.13628526487274E+03
 0.13628526497353E+03
 0.13628526516517E+03
 0.13628526552759E+03
 0.13628526623692E+03
 0.13628526765493E+03
 0.13628527044280E+03
 0.13628527567948E+03
 0.13628528496318E+03
 0.13628530047963E+03
 0.13628532502973E+03
 0.13628536201720E+03
 0.13628541540259E+03
 0.13628548963359E+03
 0.13628558956254E+03
 0.13628572036224E+03
 0.13628588745015E+03
 0.13628609642993E+03
 0.13628635305706E+03
 0.13628666323334E+03
 0.13628703303182E+03
 0.13628746875140E+03
 0.13628797699690E+03
 0.13628856477882E+03
 0.13628923962450E+03
 0.13629000969230E+03
 0.13629088387975E+03
 0.13629187191767E+03
 0.13629298444336E+03
 0.13629423304766E+03
 0.13629563029267E+03
 0.13629718969869E+03
 0.13629892570078E+03
 0.13630085357691E+03
 0.13630298935088E+03
 0.13630534967428E+03
 0.13630795169195E+03
 0.13631081289635E+03
 0.13631395097560E+03
 0.13631738366033E+03
 0.13632112857371E+03
 0.13632520308884E+03
 0.13632962419700E+03
 0.13633440838962E+03
 0.13633957155627E+03
 0.13634512891011E+03
 0.13635109488663E+03
 0.13635748314825E+03
 0.13636430652631E+03
 0.13637157702164E+03
 0.13637930581627E+03
 0.13638750330293E+03
 0.13639617913116E+03
 0.13640534226864E+03
 0.13641500107630E+03
 0.13642516339576E+03
 0.13643583664733E+03
 0.13644702793699E+03
 0.13645874417084E+03
 0.13647099217566E+03
 0.13648377882358E+03
 0.13649711115988E+03
 0.13651099653277E+03
 0.13652544272348E+03
 0.13654045807593E+03
 0.13655605162501E+03
 0.13657223322251E+03
 0.13658901366001E+03
 0.13660640478837E+03
 0.13662441963276E+03
 0.13664307250337E+03
 0.13666237910184E+03
 0.13668235662189E+03
 0.13670302384480E+03
 0.13672440123134E+03
 0.13674651100716E+03
 0.13676937724269E+03
 0.13679302593182E+03
 0.13681748506041E+03
 0.13684278467625E+03
 0.13686895695044E+03
 0.13689603624117E+03
 0.13692405914370E+03
 0.13695306455158E+03
 0.13698309370492E+03
 0.13701419023870E+03
 0.13704640023402E+03
 0.13707977226777E+03
 0.13711435744671E+03
 0.13715020947606E+03
 0.13718738468244E+03
 0.13722594208393E+03
 0.13726594342408E+03
 0.13730745323363E+03
 0.13735053888266E+03
 0.13739527063162E+03
 0.13744172170356E+03
 0.13748996834188E+03
 0.13754008988244E+03
 0.13759216882534E+03
 0.13764629091883E+03
 0.13770254525380E+03
 0.13776102434932E+03
 0.13782182424030E+03
 0.13788504467070E+03
 0.13795078900800E+03
 0.13801916462120E+03
 0.13809028287955E+03
 0.13816425932702E+03
 0.13824121384000E+03
 0.13832127080378E+03
 0.13840455933834E+03
 0.13849121344421E+03
 0.13858137222083E+03
 0.13867518016168E+03
 0.13877278736799E+03
 0.13887434983383E+03
 0.13898002971549E+03
 0.13908999567092E+03
 0.13920442319726E+03
 0.13932349500904E+03
 0.13944740139275E+03
 0.13957634070371E+03
 0.13971051973372E+03
 0.13985015433108E+03
 0.13999546973280E+03
 0.14014670135796E+03
 0.14030409529275E+03
 0.14046790902008E+03
 0.14063841205973E+03
 0.14081588684389E+03
 0.14100062949295E+03
 0.14119295076295E+03
 0.14139317700829E+03
 0.14160165121512E+03
 0.14181873424543E+03
 0.14204480603594E+03
 0.14228026704032E+03
 0.14252553932659E+03
 0.14278106885588E+03
 0.14304732669170E+03
 0.14332481113324E+03
 0.14361404974334E+03
 0.14391560168534E+03
 0.14423006009545E+03
 0.14455805490502E+03
 0.14490025582683E+03
 0.14525737548038E+03
 0.14563017319091E+03
 0.14601945874187E+03
 0.14642609688371E+03
 0.14685101186630E+03
 0.14729519296805E+03
 0.14775970009188E+03
 0.14824567007652E+03
 0.14875432396864E+03
 0.14928697474137E+03
 0.14984503572021E+03
 0.15043003026431E+03
 0.15104360208101E+03
 0.15168752726322E+03
 0.15236372606765E+03
 0.15307427813335E+03
 0.15382143724703E+03
 0.15460764886222E+03
 0.15543556854385E+03
 0.15630808243209E+03
 0.15722832945732E+03
 0.15819972523831E+03
 0.15922598807750E+03
 0.16031116642284E+03
 0.16145966750043E+03
 0.16267628693845E+03
 0.16396623931650E+03
 0.16533518738139E+03
 0.16678927004479E+03
 0.16833512603465E+03
 0.16997991119365E+03
 0.17173130729751E+03
 0.17359752675365E+03
 0.17558727975595E+03
 0.17770974136168E+03
 0.17997448075701E+03
 0.18239135930724E+03
 0.18497039008678E+03
 0.18772155530195E+03
 0.19065457570327E+03
 0.19377863990985E+03
 0.19710209073876E+03
 0.20063208724527E+03
 0.20437425629669E+03
 0.20833236221888E+03
 0.21250802153234E+03
 0.21690049878740E+03
 0.22150660588467E+03
 0.22632072938688E+03
 0.23133498724068E+03
 0.23653950250899E+03
 0.24192277016621E+03
 0.24747207773985E+03
 0.25317394105431E+03
 0.25901451852328E+03
 0.26497997617380E+03
 0.27105678985224E+03
 0.27723196888646E+03
 0.28349321665383E+03
 0.28982902746470E+03
 0.29622873070977E+03
 0.30268249671798E+03
 0.30918131510352E+03
 0.31571695370409E+03
 0.32228190609436E+03
 0.32886933254018E+03
 0.33547300275524E+03
 0.34208723462698E+03
 0.34870684182462E+03
 0.35532708087683E+03
 0.36194360560798E+03
 0.36855242452529E+03
 0.37514986353496E+03
 0.38173253303415E+03
 0.38829729811350E+03
 0.39484125200708E+03
 0.40136169432353E+03
 0.40785611112523E+03
 0.41432215622433E+03
 0.42075763664355E+03
 0.42716049847047E+03
 0.43352881717069E+03
 0.43986078369900E+03
 0.44615469760663E+03
 0.45240895861168E+03
 0.45862205906453E+03
 0.46479257892232E+03
 0.47091917803558E+03
 0.47700059342088E+03
 0.48303563351231E+03
 0.48902317512830E+03
 0.49496215954109E+03
 0.50085158933871E+03
 0.50669052601741E+03
 0.51247808765121E+03
 0.51821344607969E+03
 0.52389582502439E+03
 0.52952449864618E+03
 0.53509878969392E+03
 0.54061806770934E+03
 0.54608174782457E+03
 0.55148928940983E+03
 0.55684019491416E+03
 0.56213400827341E+03
 0.56737031453482E+03
 0.57254873819725E+03
 0.57766894236843E+03
 0.58273062798705E+03
 0.58773353279288E+03
 0.59267743031219E+03
 0.59756212895385E+03
 0.60238747133081E+03
 0.60715333335917E+03
 0.61185962318318E+03
 0.61650628081386E+03
 0.62109327653646E+03
 0.62562061057167E+03
 0.63008831326807E+03
 0.63449644207313E+03
 0.63884508210769E+03
 0.64313434530034E+03
 0.64736436937023E+03
 0.65153531700337E+03
 0.65564737511496E+03
 0.65970075404638E+03
 0.66369568659144E+03
 0.66763242739300E+03
 0.67151125207740E+03
 0.67533245647366E+03
 0.67909635567281E+03
 0.68280328343035E+03
 0.68645359130154E+03
 0.69004764789915E+03
 0.69358583802293E+03
 0.69706856203231E+03
 0.70049623503311E+03
 0.70386928605986E+03
 0.70718815747946E+03
 0.71045330418887E+03
 0.71366519287978E+03
 0.71682430142227E+03
 0.71993111807758E+03
 0.72298614090402E+03
 0.72598987699906E+03
 0.72894284199769E+03
 0.73184555928315E+03
 0.73469855944560E+03
