   92.211259828003278     
   92.211259827930306     
   92.211259826169695     
   92.211259814632825     
   92.211259774846326     
   92.211259679308654     
   92.211259495033573     
   92.211259181584950     
   92.211258666113977     
   92.211257758444475     
   92.211255964249759     
   92.211252175983020     
   92.211244266587357     
   92.211228644050891     
   92.211199838871650     
   92.211150184135107     
   92.211069623186987     
   92.210945660462329     
   92.210763439026209     
   92.210505923122469     
   92.210154157551727     
   92.209687569241666     
   92.209084276784210     
   92.208321388553514     
   92.207375263683815     
   92.206221716683871     
   92.204836173267765     
   92.203193755927288     
   92.201269328834215     
   92.199037468929760     
   92.196472446418980     
   92.193548139276672     
   92.190237976188541     
   92.186514872561418     
   92.182351186503467     
   92.177718706548902     
   92.172588670592134     
   92.166931817377957     
   92.160718484468347     
   92.153918727878093     
   92.146502482114414     
   92.138439738144399     
   92.129700747755493     
   92.120256229533240     
   92.110077593261721     
   92.099137149923394     
   92.087408328910612     
   92.074865869365325     
   92.061486006423934     
   92.047246632073978     
   92.032127430943603     
   92.016110000509329     
   91.999177933685672     
   91.981316883594545     
   91.962514597850486     
   91.942760928734387     
   91.922047815626954     
   91.900369249063317     
   91.877721208296421     
   91.854101581500444     
   91.829510068142170     
   91.803948062956493     
   91.777418532630278     
   91.749925871562411     
   91.721475758840313     
   91.692074999012362     
   91.661731365358506     
   91.630453430459568     
   91.598250403405103     
   91.565131964321353     
   91.531108093070728     
   91.496188911214887     
   91.460384521831486     
   91.423704846067295     
   91.386159484926395     
   91.347757559488983     
   91.308507581104124     
   91.268417317330801     
   91.227493659561503     
   91.185742513751791     
   91.143168679073597     
   91.099775744933936     
   91.055565999460640     
   91.010540329672239     
   90.964698137508933     
   90.918037267787739     
   90.870553935981633     
   90.822242655720444     
   90.773096181087126     
   90.723105448498345     
   90.672259534782256     
   90.620542457745614     
   90.567945278980744     
   90.514448446979216     
   90.460033140469037     
   90.404678472435037     
   90.348361461423906     
   90.291056998166752     
   90.232737816496268     
   90.173374498376830     
   90.112935426255888     
   90.051386735370500     
   89.988692247403193     
   89.924813566139676     
   89.859710020134017     
   89.793338586698098     
   89.725653839794489     
   89.656607993167398     
   89.586150829199880     
   89.514229677070830     
   89.440789340202812     
   89.365772112271969     
   89.289117696937225     
   89.210763212629288     
   89.130643001752901     
   89.048688680080460     
   88.964829260369925     
   88.878990691940032     
   88.791096031755103     
   88.701065248515548     
   88.608815283497037     
   88.514259928560691     
   88.417309633082581     
   88.317871369080734     
   88.215848947102586     
   88.111142117207194     
   88.003647229814661     
   87.893256261139982     
   87.779857716818071     
   87.663335425183050     
   87.543568875349195     
   87.420433088606856     
   87.293798579164473     
   87.163530313788542     
   87.029488495756368     
   86.891526965467435     
   86.749495063126474     
   86.603235206225563     
   86.452583107936064     
   86.297368957638568     
   86.137415064361093     
   85.972524262418546     
   85.802540474717432     
   85.627225976455293     
   85.446382918250620     
   85.259783378687317     
   85.067214409615900     
   84.868429160312260     
   84.663176921408308     
   84.451195489160867     
   84.232209701763281     
   84.005931744198350     
   83.772059292407036     
   83.530275797193312     
   83.280247028076161     
   83.021623784353949     
   82.754036973208670     
   82.477099118093918     
   82.190401099755050     
   81.893513589355862     
   81.585980882340465     
   81.267325123178068     
   80.937039462609519     
   80.594590108527171     
   80.239411818143111     
   79.870907571088679     
   79.488444454973347     
   79.091354921624585     
   78.678931928161674     
   78.250426646355152     
   77.805048103093668     
   77.341958066723450     
   76.860273731784318     
   76.359060275016617     
   75.837332992119158     
   75.294055329640628     
   74.728139655080355     
   74.138424415269412     
   73.523753101665733     
   72.882870798816214     
   72.214495948125020     
   71.517312014857282     
   70.789975215916314     
   70.031130944974663     
   69.239430791522636     
   68.413550480112875     
   67.552224147104724     
   66.654272046596915     
   65.718639604084387     
   64.744448598065091     
   63.731040844085811     
   62.678038618544406     
   61.585400601055397     
   60.453484353994313     
   59.283103060167498     
   58.075576921810438     
   56.832777521063505     
   55.557154811623512     
   54.251754062974840     
   52.920191749458553     
   51.566660799123241     
   50.195826923490635     
   48.812779703573909     
   47.422918002524561     
   46.031830631534071     
   44.645161977272366     
   43.268475588112558     
   41.907114688246601     
   40.566079962394674     
   39.249919182179660     
   37.962658485905244     
   36.707733777915969     
   35.487981957161402     
   34.305631743193508     
   33.162325533827037     
   32.059165426310550     
   30.996761493750888     
   29.975289834916683     
   28.994553290699571     
   28.054053757084084     
   27.153007888369167     
   26.290463158074040     
   25.465300199719277     
   24.676284756801707     
   23.922105347240080     
   23.201400305838877     
   22.512783770536295     
   21.854865062998865     
   21.226262946469369     
   20.625620735819034     
   20.051613875629897     
   19.502957283610208     
   18.978410746228811     
   18.476781461489825     
   17.996927156245345     
   17.537756164753080     
   17.098228476443033     
   16.677354175698582     
   16.274192999125560     
   15.887853949464475     
   15.517495189864331     
   15.162309944110103     
   14.821545418502003     
   14.494486161395937     
   14.180456008793826     
   13.878815897540084     
   13.588962149030271     
   13.310324240088230     
   13.042363438220955     
   12.784570792616050     
   12.536465239944054     
   12.297592360914816     
   12.067522444294051     
   11.845849373447983     
   11.632189098951532     
   11.426178322036819     
   11.227473156795401     
   11.035748241278959     
   10.850695426503851     
   10.672022836849683     
   10.499453767330346     
   10.332726077479508     
   10.171591047476157     
   10.015812747108271     
   9.8651672135878226     
   9.7194418172750794     
   9.5784344926751075     
   9.4419533135694298     
   9.3098157375424879     
   9.1818481643297005     
   9.0578853717051491     
   8.9377701228928945     
   8.8213526630850065     
   8.7084902753456621     
   8.5990469600143769     
   8.4928930468148529     
   8.3899048125608413     
   8.2899642213657305     
   8.1929585465696029     
   8.0987801607119057     
   8.0073262161389707     
   7.9184984151919320     
   7.8322027607422209     
   7.7483493564438612     
   7.6668521607328586     
   7.5876288340922464     
   7.5106005053076075     
   7.4356916465208949     
   7.3628298534542589     
   7.2919457464402129     
   7.2229727718876351     
   7.1558471109985868     
   7.0905075081676534     
   7.0268951723514883     
   6.9649536391984199     
   6.9046286957491922     
   6.8458682371307118     
   6.7886221960417146     
   6.7328424285933473     
   6.6784826475571482     
