 0.13628526479685E+03
 0.13628526479685E+03
 0.13628526479700E+03
 0.13628526479836E+03
 0.13628526480478E+03
 0.13628526482493E+03
 0.13628526487383E+03
 0.13628526497463E+03
 0.13628526516627E+03
 0.13628526552868E+03
 0.13628526623801E+03
 0.13628526765602E+03
 0.13628527044388E+03
 0.13628527568056E+03
 0.13628528496426E+03
 0.13628530048070E+03
 0.13628532503080E+03
 0.13628536201827E+03
 0.13628541540365E+03
 0.13628548963464E+03
 0.13628558956359E+03
 0.13628572036328E+03
 0.13628588745119E+03
 0.13628609643095E+03
 0.13628635305804E+03
 0.13628666323416E+03
 0.13628703303228E+03
 0.13628746875105E+03
 0.13628797699480E+03
 0.13628856477312E+03
 0.13628923961180E+03
 0.13629000966655E+03
 0.13629088383062E+03
 0.13629187182813E+03
 0.13629298428625E+03
 0.13629423278091E+03
 0.13629562985288E+03
 0.13629718899258E+03
 0.13629892459424E+03
 0.13630085188107E+03
 0.13630298680483E+03
 0.13630534592382E+03
 0.13630794626410E+03
 0.13631080516889E+03
 0.13631394014144E+03
 0.13631736868602E+03
 0.13632110815189E+03
 0.13632517558410E+03
 0.13632958758494E+03
 0.13633436018877E+03
 0.13633950875263E+03
 0.13634504786459E+03
 0.13635099127071E+03
 0.13635735183025E+03
 0.13636414144879E+03
 0.13637137111010E+03
 0.13637905085107E+03
 0.13638718979087E+03
 0.13639579616993E+03
 0.13640487740438E+03
 0.13641444015483E+03
 0.13642449040756E+03
 0.13643503356675E+03
 0.13644607455641E+03
 0.13645761792977E+03
 0.13646966798563E+03
 0.13648222888913E+03
 0.13649530479652E+03
 0.13650889998188E+03
 0.13652301896491E+03
 0.13653766663922E+03
 0.13655284839899E+03
 0.13656857026422E+03
 0.13658483900347E+03
 0.13660166225308E+03
 0.13661904863292E+03
 0.13663700785874E+03
 0.13665555084878E+03
 0.13667468982649E+03
 0.13669443841813E+03
 0.13671481174414E+03
 0.13673582650859E+03
 0.13675750108234E+03
 0.13677985558266E+03
 0.13680291194416E+03
 0.13682669399045E+03
 0.13685122749765E+03
 0.13687654025900E+03
 0.13690266213735E+03
 0.13692962512645E+03
 0.13695746340403E+03
 0.13698621338062E+03
 0.13701591374689E+03
 0.13704660552057E+03
 0.13707833208767E+03
 0.13711113924865E+03
 0.13714507528423E+03
 0.13718019097810E+03
 0.13721653967077E+03
 0.13725417730100E+03
 0.13729316246908E+03
 0.13733355647095E+03
 0.13737542335259E+03
 0.13741882999380E+03
 0.13746384616030E+03
 0.13751054454209E+03
 0.13755900082111E+03
 0.13760929379077E+03
 0.13766150543397E+03
 0.13771572096613E+03
 0.13777202889010E+03
 0.13783052124859E+03
 0.13789129367873E+03
 0.13795444529826E+03
 0.13802007917514E+03
 0.13808830237086E+03
 0.13815922587502E+03
 0.13823296500889E+03
 0.13830963957398E+03
 0.13838937389618E+03
 0.13847229705567E+03
 0.13855854335711E+03
 0.13864825211418E+03
 0.13874156835640E+03
 0.13883864276291E+03
 0.13893963211881E+03
 0.13904469963277E+03
 0.13915401518589E+03
 0.13926775570386E+03
 0.13938610570564E+03
 0.13950925746441E+03
 0.13963741181927E+03
 0.13977077819679E+03
 0.13990957558652E+03
 0.14005403292477E+03
 0.14020438956637E+03
 0.14036089621408E+03
 0.14052381551453E+03
 0.14069342284039E+03
 0.14087000717284E+03
 0.14105387189013E+03
 0.14124533598479E+03
 0.14144473491161E+03
 0.14165242203744E+03
 0.14186876940379E+03
 0.14209416975659E+03
 0.14232903742862E+03
 0.14257381064734E+03
 0.14282895255223E+03
 0.14309495376289E+03
 0.14337233422520E+03
 0.14366164566679E+03
 0.14396347406378E+03
 0.14427844238324E+03
 0.14460721381344E+03
 0.14495049502219E+03
 0.14530903994919E+03
 0.14568365373620E+03
 0.14607519732297E+03
 0.14648459249000E+03
 0.14691282717577E+03
 0.14736096152494E+03
 0.14783013476818E+03
 0.14832157223246E+03
 0.14883659365791E+03
 0.14937662239857E+03
 0.14994319500240E+03
 0.15053797258875E+03
 0.15116275319421E+03
 0.15181948418922E+03
 0.15251027838628E+03
 0.15323742983679E+03
 0.15400343157670E+03
 0.15481099558992E+03
 0.15566307397189E+03
 0.15656288234908E+03
 0.15751392457802E+03
 0.15852001996748E+03
 0.15958533046021E+03
 0.16071439109696E+03
 0.16191213874998E+03
 0.16318394205295E+03
 0.16453562946681E+03
 0.16597351397226E+03
 0.16750441348182E+03
 0.16913566206816E+03
 0.17087510967377E+03
 0.17273111672936E+03
 0.17471250928286E+03
 0.17682852851585E+03
 0.17908874322157E+03
 0.18150292773512E+03
 0.18408090508728E+03
 0.18683234474375E+03
 0.18976652426658E+03
 0.19289205322692E+03
 0.19621656732037E+03
 0.19974641445663E+03
 0.20348633585073E+03
 0.20743918811765E+03
 0.21160571628679E+03
 0.21598441014750E+03
 0.22057145983032E+03
 0.22536082873520E+03
 0.23034444249312E+03
 0.23551246433918E+03
 0.24085364980692E+03
 0.24635573306320E+03
 0.25200581935739E+03
 0.25779074911193E+03
 0.26369741955791E+03
 0.26971303825577E+03
 0.27582532137257E+03
 0.28202262971810E+03
 0.28829404842741E+03
 0.29462942748871E+03
 0.30101938624163E+03
 0.30745529420964E+03
 0.31392923543297E+03
 0.32043396198152E+03
 0.32696284563518E+03
 0.33350982168795E+03
 0.34006933976423E+03
 0.34663631376715E+03
 0.35320607549925E+03
 0.35977433301853E+03
 0.36633713195485E+03
 0.37289082123048E+03
 0.37943202172403E+03
 0.38595759941634E+03
 0.39246464160250E+03
 0.39895043400789E+03
 0.40541244340286E+03
 0.41184830000757E+03
 0.41825578325475E+03
 0.42463280962597E+03
 0.43097741919506E+03
 0.43728776755616E+03
 0.44356211657579E+03
 0.44979882612690E+03
 0.45599634737366E+03
 0.46215321734652E+03
 0.46826805321929E+03
 0.47433954701559E+03
 0.48036646201446E+03
 0.48634762901299E+03
 0.49228194299600E+03
 0.49816835963395E+03
 0.50400589328036E+03
 0.50979361423352E+03
 0.51553064668810E+03
 0.52121616687478E+03
 0.52684940090770E+03
 0.53242962373621E+03
 0.53795615745758E+03
 0.54342836928867E+03
 0.54884567127935E+03
 0.55420751907215E+03
 0.55951341022668E+03
 0.56476288266904E+03
 0.56995551523149E+03
 0.57509092583009E+03
 0.58016877013438E+03
 0.58518874158651E+03
 0.59015056978744E+03
 0.59505402015045E+03
 0.59989889248947E+03
 0.60468502104419E+03
 0.60941227262853E+03
 0.61408054705429E+03
 0.61868977433359E+03
 0.62323991744649E+03
 0.62773096692204E+03
 0.63216294398753E+03
 0.63653589689556E+03
 0.64084990266244E+03
 0.64510506396894E+03
 0.64930151001035E+03
 0.65343939485301E+03
 0.65751889686252E+03
 0.66154021810629E+03
 0.66550358285606E+03
 0.66940923789720E+03
 0.67325745059740E+03
 0.67704850887463E+03
 0.68078272016862E+03
 0.68446041059683E+03
 0.68808192423463E+03
 0.69164762209087E+03
 0.69515788202897E+03
 0.69861309729286E+03
 0.70201367589584E+03
 0.70536004018803E+03
 0.70865262588749E+03
 0.71189188121202E+03
 0.71507826660764E+03
 0.71821225362395E+03
 0.72129432437664E+03
 0.72432497092512E+03
 0.72730469452678E+03
