   6.91360382032448847522976250442333937      
   6.91360382032448897452856100055816334      
   6.91360382032452743201328781372421139      
   6.91360382032516444341181800515359850      
   6.91360382032990751712095164760202622      
   6.91360382035170981779288430922299193      
   6.91360382042467998402702840713136475      
   6.91360382061958405575002541811334581      
   6.91360382105548862147434320943678467      
   6.91360382188595357218795378980612459      
   6.91360382321898980129830087681644623      
   6.91360382491702757116065632123233324      
   6.91360382622650345356541770884124148      
   6.91360382520635170405870704221292579      
   6.91360381795271682579159700845797785      
   6.91360379764465986245485656414040943      
   6.91360375345688849969497808013537719      
   6.91360366939913957077438466423905535      
   6.91360352314869491176525669417381544      
   6.91360328494436033098308844002068176      
   6.91360291660857783399503907712315078      
   6.91360237075968482573617514865980379      
   6.91360159026831045236076675250338301      
   6.91360050800061020194587676268636933      
   6.91359904687553383179440280131477480      
   6.91359712024546313367885314752396833      
   6.91359463258932427962919656205635407      
   6.91359148048810222937922061493467798      
   6.91358755383547485212666834160129466      
   6.91358273722241650692302854707281059      
   6.91357691142714572112221464369769955      
   6.91356995493854838201904272511730975      
   6.91356174544375654440542122726841580      
   6.91355216121730149062308616458174757      
   6.91354108235931499513393422352338477      
   6.91352839182244500280226614068307918      
   6.91351397631041920335459722180479227      
   6.91349772677364936836063750857364689      
   6.91347953882401083358506854911855025      
   6.91345931284394090904607581187091780      
   6.91343695389184810202820849823998560      
   6.91341237140978643654754782199787619      
   6.91338547875786524547556567693088129      
   6.91335619260130819003275471680952406      
   6.91332443217754639397673974551221353      
   6.91329011846938487202343996470321088      
   6.91325317330966310169432361577288262      
   6.91321351843956740845901310253062344      
   6.91317107454131246023812121430380751      
   6.91312576026189801216837796350426638      
   6.91307749124306595997187836311099232      
   6.91302617916822862384466967426988515      
   6.91297173083626927783586931458802402      
   6.91291404726807825536630417348866931      
   6.91285302285047804247376731003042984      
   6.91278854452064345428180634427181658      
   6.91272049099110747924846132750826782      
   6.91264873201653604150631258031884390      
   6.91257312769872461881195306013193894      
   6.91249352783192266430885530797024860      
   6.91240977127910387292476404133191320      
   6.91232168538454493456100329350770317      
   6.91222908541027191024453518691487336      
   6.91213177400167884723655517743938862      
   6.91202954067424255405356531158724399      
   6.91192216131169452239438742174462836      
   6.91180939768835030885311565556852840      
   6.91169099699082262695698240065595634      
   6.91156669135704325596910719050445130      
   6.91143619741093630219688654132897336      
   6.91129921581382676917325668270830990      
   6.91115543078646268533595665392898732      
   6.91100450964731926371553807944001647      
   6.91084610234873901788116203088438104      
   6.91067984097557907419419131044503295      
   6.91050533926642618419905190145669610      
   6.91032219208107847397222423628356811      
   6.91012997487756944748559969483107881      
   6.90992824317385525590922463816482800      
   6.90971653197817117405679253213998856      
   6.90949435520399013214491973521161088      
   6.90926120503653996790151407305314275      
   6.90901655125321683712523776422206251      
   6.90875984059673585295473657558623076      
   6.90849049603420983734468126133244245      
   6.90820791603447098587856557520871339      
   6.90791147376208446809745037763558195      
   6.90760051623893977371818966416781138      
   6.90727436375482741867622998772350758      
   6.90693230836697283747516598196144051      
   6.90657361341604118705048877981532437      
   6.90619751239651902010924994928645618      
   6.90580320793562470442952970923515585      
   6.90538987065911782269185552746338041      
   6.90495663795149715949558320298089299      
   6.90450261277900251184385802527631997      
   6.90402686228096918484199774038186346      
   6.90352841655480319905362884258072652      
   6.90300626708744998434887736033812090      
   6.90245936556249091774450880327912467      
   6.90188662189635766087232788471599096      
   6.90128690238634067267545612680846390      
   6.90065902827501898917924487382650389      
   6.90000177407502751262815711614889613      
   6.89931386561516325003688308390111929      
   6.89859397690822096439942722409781890      
   6.89784072914866950078483628346455499      
   6.89705268875653809711160954026470947      
   6.89622836372745562008990964300580370      
   6.89536620097849869438553177135342150      
   6.89446458629128481579859906626398054      
   6.89352183791764234308797114844819132      
   6.89253620666485038797563420402468285      
   6.89150587107659323472251728067180245      
   6.89042893488893881487841997110963058      
   6.88930342344434111784929253981911733      
   6.88812728134868945378165002995749310      
   6.88689836647081527442003205941248866      
   6.88561444861020664910777736779060816      
   6.88427320315366911401192228754414880      
   6.88287220901236679504732618716425448      
   6.88140894289524167989019609068919229      
   6.87988077526006983523569057416809227      
   6.87828496495634449824198875769906559      
   6.87661865567236010801614366866642581      
   6.87487886837938286221563243512786155      
   6.87306249869633152595695579371395875      
   6.87116630877353353920572297031623956      
   6.86918692330563977780192671532904205      
   6.86712082265522023452653680188774300      
   6.86496433634316443471420748526285712      
   6.86271363722172320829277597305056917      
   6.86036473422844398966492010955447826      
   6.85791346615608442346173304874609346      
   6.85535549398241930761328278977999649      
   6.85268629333679912943058254411829675      
   6.84990114668669553508818602692131598      
   6.84699513889224884363777281400052564      
   6.84396314498080480597065270878829689      
   6.84079982455378428098867174833816404      
   6.83749961375328554633841038047917900      
   6.83405671761528814255466211621666868      
   6.83046510131294378267399535677099296      
   6.82671848361220584144611185412582522      
   6.82281032827905168816252671782656174      
   6.81873383718780919084537700160369899      
   6.81448194466786316003129360294588613      
   6.81004730982381652400270274399368499      
   6.80542231276577101955926651981566542      
   6.80059904939085545528011803165151911      
   6.79556932961977984292163895230876136      
   6.79032467517901855464999621719375585      
   6.78485632115190928379837237640449197      
   6.77915521945897854487080934425481014      
   6.77321204596992600949039524286797174      
   6.76701721063361182358494902286162295      
   6.76056086947124259374085028969127070      
   6.75383294813949581248627065274826426      
   6.74682316671864730353820953315668093      
   6.73952107031785698660753016785992078      
   6.73191607177456787375962110569519325      
   6.72399749816171430483933428269328265      
   6.71575465130176512542276400685805481      
   6.70717686837109604521206422297819349      
   6.69825360000882621037217901924056111      
   6.68897448538794134819805290927015902      
   6.67932943919115601832233880370788544      
   6.66930872381896982568389529190683232      
   6.65890303208381780938163550313975119      
   6.64810353089609290301745645227579077      
   6.63690190363505734861309992019856763      
   6.62529033511207592859719038704404973      
   6.61326146475041088943445950143032702      
   6.60080828455294088141946096606955333      
   6.58792396362610685419410021494561485      
   6.57460164822336400543132577269153924      
   6.56083418061787392544960960937268931      
   6.54661381915983234108066646483091506      
   6.53193193939971034303021626127066062      
   6.51677876162321295543133260400869730      
   6.50114312749899642066910915409527419      
   6.48501233195016435914809940780698811      
   6.46837203270957550455578634798141525      
   6.45120623050212873909387661755179008      
   6.43349731328001400864931373828263859      
   6.41522615966159473228938350977112420      
   6.39637228371299748505610263171776909      
   6.37691400857700100301908659686777606      
   6.35682866036743517931569782280608463      
   6.33609276601456603326807621614067386      
   6.31468224935094060030245981826050563      
   6.29257261813423859590671219896333596      
   6.26973913549795073111233904245760845      
   6.24615697488125155964733306768064474      
   6.22180135426997110303355457431928494      
   6.19664765182266998764903252382896107      
   6.17067150089793104798453849901269385      
   6.14384886820343271715218079604179862      
   6.11615611331510110538029224767876583      
   6.08757003542885246799458089993606841      
   6.05806790490473306403466841388356376      
   6.02762748458396199778614989540293568      
   5.99622704068960177241261977533762454      
   5.96384534607758481131445965918926976      
   5.93046167615154923284821817252940147      
   5.89605579984497800703352021294655822      
   5.86060796580426950399105420275229592      
   5.82409888531278453263747655512216878      
   5.78650971270918380511428909029567666      
   5.74782202386848481134056984101028249      
   5.70801779345259023641951974929416137      
   5.66707937155513610637316968560607321      
   5.62498945976946107203068389986871706      
   5.58173108760018450131272440154687025      
   5.53728758893625937972590765777873713      
   5.49164257915835566138781462210610142      
   5.44477993287737671910944573536296445      
   5.39668376253808161437045697720765588      
   5.34733839787152418979547739005671047      
   5.29672836626481947906668639354034822      
   5.24483837430094202976419932857391534      
   5.19165328998876898223990874722654676      
   5.13715812631268475208857473275297812      
   5.08133802557717463986645530330210793      
   5.02417824473208049855820542079375380      
   4.96566414169086868926471434536192523      
   4.90578116250236254901123907792436444      
   4.84451482934748168266942871164481287      
   4.78185072941573658852690059694089682      
   4.71777450457232719547009405527680726      
   4.65227184142915284691551887633972252      
   4.58532846272303162563690406624446443      
   4.51693011867915242853519978823850534      
   4.44706257936357123016394654968375231      
   4.37571162747612631385578536940562608      
   4.30286305169657051771369429916268591      
   4.22850264044349881191468672739576601      
   4.15261617608238240345833000035845383      
   4.07518942972470329492889130332553208      
   3.99620815619866697820094024463779620      
   3.91565808944307601724961796878201635      
   3.83352493835749164891066983918294171      
   3.74979438273373253104246748770444009      
   3.66445206968864615572418364723554873      
   3.57748361025325832168347530086673789      
   3.48887457622996138597314831615255926      
   3.39861049720635733357144969259188010      
   3.30667685799247308470228149883799654      
   3.21305909592466448570479124590473401      
   3.11774259868434070674900230949079565      
   3.02071270204976901401633190158808490      
   2.92195468788139097959017480835772144      
   2.82145378231896072530906299543906736      
   2.71919515387682399076999988578686343      
   2.61516391220411457977840587150406689      
   2.50934510607927631972715329161800489      
   2.40172372238140741976081178705415636      
   2.29228468466895918948217801320514407      
   2.18101285199034126665944974164363898      
   2.06789301777897157613583699952127155      
   1.95290990880576621091876634944581959      
   1.83604818419524712283430454080279533      
   1.71729243456978757759367425434456488      
   1.59662718117507693656471544564340379      
   1.47403687516291368245148618133762313      
   1.34950589678967039992287521800951647      
   1.22301855484106719639680038122528477      
   1.09455908594710713836634689037185766      
  0.964111654055553715134938971008813334      
  0.831660349873102159467227923673382605      
  0.697189190382667115295472520286507635      
  0.560682118403468903916100476575816399      
  0.422123002156299719878367236756193521      
  0.281495634893119264327701316731631073      
  0.138783734510298230482037891476833451      
  -6.02905674073311920481495252151951921E-0003
 -0.152959172563427344709734701286183436      
 -0.302023122918615157370920641644626111      
 -0.453237494234851575515121977687818432      
 -0.606618949666906226581662944949504027      
 -0.762184229292279249111161656388451181      
 -0.919950150310568940358060692155547888      
  -1.07993360719048004302910332777189297      
  -1.24215157184279934964301279189087910      
  -1.40662109375698265841180895271274168      
  -1.57335930010581947935676360628454066      
  -1.74238339585215322783124783741178371      
  -1.91371066386896118880922998306648908      
  -2.08735846498454281531746079477299064      
  -2.26334423805287330204017753194705723      
  -2.44168550003688175670584560715866434      
  -2.62239984601697688957243983504578136      
  -2.80550494924004518660985398490381397      
  -2.99101856114552123275945443381189605      
  -3.17895851136253081725651938262024518      
  -3.36934270773328790384212037695323403      
  -3.56218913629762762544400058181576664      
  -3.75751586128647472581540110780032377      
  -3.95534102509366337553688506757347742      
  -4.15568284825754137670670813709472193      
