   305.833180578303937092587233033696728      
   305.833180575022340737581358857491305      
   305.833180532493682552876769675744081      
   305.833180317415642248021071425271435      
   305.833179632392474606900637713401532      
   305.833177969232262644846303329292371      
   305.833174579617336740321072673234296      
   305.833168435966822020983344521840123      
   305.833158097792574077756396861813638      
   305.833141311978921597626221298851608      
   305.833114152912262154900333638465024      
   305.833069624130483278287660473731603      
   305.832995839476813128261748761737219      
   305.832874054572463203193503238958911      
   305.832676856786172349061340762269627      
   305.832366754670400145874203507966814      
   305.831895289979133137462194978154111      
   305.831202679250374640953917479584845      
   305.830217907938187966421978615676531      
   305.828859156530308441181138224387557      
   305.827034429363769429583743988571660      
   305.824642271753523989752364511777864      
   305.821572488334321450686664656969210      
   305.817706806469436271121478366222625      
   305.812919457564566385100393434284573      
   305.807077673110840757643810809107323      
   305.800042110066596299798132781389514      
   305.791667231700278164700287959835424      
   305.781801675812717982319189870657563      
   305.770288643215519029668562460720605      
   305.756966336490356714824990193441406      
   305.741668473460329123160168529198950      
   305.724224892505187039157975119861278      
   305.704462258791103191970919039507086      
   305.682204872467397180923619525585191      
   305.657275572540542581673911489246297      
   305.629496723918092822695601457844516      
   305.598691270289241919220628495320213      
   305.564683832179102636621337607126100      
   305.527301827652142872241612134972758      
   305.486376592618697533288962736632165      
   305.441744478323699915375439324842661      
   305.393247905141542100597263391735184      
   305.340736354028498728342515081826798      
   305.284067279668974935666741868806156      
   305.223106932289799114401531190243083      
   305.157731078138249755595101907275270      
   305.087825611584315008250451221385670      
   305.013287054610979296066134908907141      
   304.934022942026107154283848810004177      
   304.849952093019646785262930200891489      
   304.761004771663964145025757146034510      
   304.667122740632765801613947929369623      
   304.568259208832011744068015089075246      
   304.464378707803165407402416956066544      
   304.355456837245959692242520068271838      
   304.241479973320746531084027181138745      
   304.122444886599712412139411626236700      
   303.998358301843724879768204103421666      
   303.869236404336621730787305484482926      
   303.735104301195724542214933353409201      
   303.595995445709383663101507553513116      
   303.451951032564652303991023897011332      
   303.303019371320050447816076693231481      
   303.149255244934188363165293979974498      
   302.990719259696249187609009922906019      
   302.827477192535460472343803425832027      
   302.659599340967056724558772312981596      
   302.487159880063436969859612153379469      
   302.310236231120490540566178189566321      
   302.128908445284285526363437100359160      
   301.943258605316514127456627291600119      
   301.753370248194496122974222725164688      
   301.559327810533907512955516086964839      
   301.361216098464711864223694457623455      
   301.159119783567117149908317391203026      
   300.953122925321331544373532644440298      
   300.743308520399830341983571940512641      
   300.529758079956916913364271255408316      
   300.312551234324328217308894234388412      
   300.091765363483428252825826594819925      
   299.867475255016321448186710539366279      
   299.639752788338787798309536405900832      
   299.408666640743527770961457252982840      
   299.174282021643414113261238488288392      
   298.936660424981806219024439620412541      
   298.695859406240968021132183734803220      
   298.451932375971514595238525322425319      
   298.204928416225382433612617910173076      
   297.954892110240650175065119412713021      
   297.701863388430683872428417519114718      
   297.445877394926777327131044378427932      
   297.186964354658853310493231609862148      
   296.925149459797876570917748085773914      
   296.660452775270379195245942165290664      
   296.392889125188909448349778165803484      
   296.122468024057161840878178946899827      
   295.849193577262724877872087155201893      
   295.573064416103933602208616722686465      
   295.294073614220854856422207762036520      
   295.012208620432340192979177614669108      
   294.727451188674262310091088312222930      
   294.439777304426090937053463779832612      
   294.149157110149344007897387527274148      
   293.855554838065503449297404531293285      
   293.558928730866442596641633531612629      
   293.259230955848200056285908277107590      
   292.956407516199492356318659581482381      
   292.650398164023534092333616524800556      
   292.341136309679869594699721697756613      
   292.028548881935885669069637292891460      
   291.712556246014299534958770905714705      
   291.393072018351957178586304597831663      
   291.070003078637809777899638133580388      
   290.743249209699084375375846284960874      
   290.412703066332398860412854746630763      
   290.078249970590540173435936990668756      
   289.739767734651574019221999659138476      
   289.397126378426431472124015962216297      
   289.050188017594581392192859489262859      
   288.698806551875244613012224122968996      
   288.342827378221999842439992529224187      
   287.982087143856929743527975185785798      
   287.616413440664257785906464751974792      
   287.245624461097607444358949802507001      
   286.869528621393676075470576131442957      
   286.487924197881834592136635948498618      
   286.100598909001002407759483924528124      
   285.707329419211156800179769356829895      
   285.307880925105659887286472192800225      
   284.902006557107154730631149892579730      
   284.489446886796015550122162681394708      
   284.069929309368096588354830903041289      
   283.643167332167627018639877714998903      
   283.208859909977949514334280153668206      
   282.766690712183942831285366456479983      
   282.316327304631521785191033741098718      
   281.857420196847246167592782896380896      
   281.389602011541384506148211311506751      
   280.912486376755831450980789913408278      
   280.425666874075849822692634442190476      
   279.928715840308874230651907279604566      
   279.421183041578032248591843031813146      
   278.902594382208712066943641614069548      
   278.372450361197411008256298765359787      
   277.830224394338896311192135063189410      
   277.275361016213437020688621190904668      
   276.707274522195215038915871662871425      
   276.125346119449577009518465067129692      
   275.528922150265216522829256348273502      
   274.917311686086149716104649237481043      
   274.289783798919043856246530914693292      
   273.645564802764608199540755121563826      
   272.983835195152219832855196139326214      
   272.303726197770675488914823349569208      
   271.604316243414536946688807894466049      
   270.884626869034984347620792882446053      
   270.143618729444920443650012930719510      
   269.380186534793111315627994506890044      
   268.593154322923701888029734424289367      
   267.781269657770447948475792925121411      
   266.943197811269807618317349509476757      
   266.077515162129886588619021362292391      
   265.182702191688961780696570376289492      
   264.257135756508398765331875927403793      
   263.299080614043577635448736422158112      
   262.306681110585435952506516971335706      
   261.277950691899211042970079577577736      
   260.210762295520927816873021328502208      
   259.102836437090254150080559120382559      
   257.951731180773869214753023146284580      
   256.754828001190982769811588444609084      
   255.509319965339502683707857458901773      
   254.212198226483416910286318116098995      
   252.860239281617237078106717909401669      
   251.449991168627693431899003141438881      
   249.977761635340993070650441721752871      
   248.439606970420078570050785747572660      
   246.831323008949812397889451092234548      
   245.148439873324967351076586311995116      
   243.386220489359652448816976977676280      
   241.539666432320012594815343956862109      
   239.603532637757553236011245672977945      
   237.572351457923987170165735907745877      
   235.440473886070557143172005278850453      
   233.202128965236605706952015734586257      
   230.851501574918006884686661580858623      
   228.382839219372848610904058638513923      
   225.790597795198356356298312917591598      
   223.069599875019277891773854047172435      
   220.215251433002380710807232404983835      
   217.223784372069644486655960201341297      
   214.092533456330197433116302474634813      
   210.820240397490590508964786753995691      
   207.407370787026328047735334738340114      
   203.856426365568766367845430620245322      
   200.172228273159500769284069748800999      
   196.362142093409179631647593796330470      
   192.436212659994031625211491238920906      
   188.407110317519811943367598370747545      
   184.290336780306377079602794359856528      
   180.103253478884863752881432390332768      
   175.865310276023651379217790757066383      
   171.597122592701466159168967581947122      
   167.319863807976243231503256920675744      
   163.054557711684947535010751420587415      
   158.821397323000871111956411075242681      
   154.639149146289293801706518533930037      
   150.524683993175848052317635369657198      
   146.492659108981870262368394852946516      
   142.555349989888097035766116598614714      
   138.722623456769258404905320628539277      
   135.002023009774504513034868597704068      
   131.398937290654079561708855222390842      
   127.916821969823333651904797998950655      
   124.557449891075337492535663264669176      
   121.321166669999729349589756064521586      
   118.207138312920596515981408038673749      
   115.213579587565180261926579046526414      
   112.337958791266688678683431081422186      
   109.577176137362652999119045096461947      
   106.927714703979152266428184509731740      
   104.385768752844044439792951942129396      
   101.947346828624888163153251747464580      
   99.6083568673390117543867564561464998      
   97.3646732849331069643601777425338708      
   95.2121899860877393743201214104951494      
   93.1468606529117184560040708652518625      
   91.1647296467854898391316395509026426      
   89.2619545340515273007669511073832799      
   87.4348218696558009487612595887374166      
   85.6797579773835273222102571083293886      
   83.9933351011676981196158624123718813      
   82.3722749076636358466838414034390883      
   80.8134491065098511845824521412549879      
   79.3138775059698295017281895438881521      
   77.8707261924480507370355554121881766      
   76.4813029812032871168958681201119228      
   75.1430530526258733635120304225925019      
   73.8535537372356531272407753987293585      
   72.6105089439013968653547084090580603      
   71.4117436178340150272655491779380076      
   70.2551979551979225665626936555888003      
   69.1389217230090735969732877129271302      
   68.0610685344326705649559762696259029      
   67.0198904462009741197658854762409197      
   66.0137326733694738973211015936618829      
   65.0410283774319721611740878495992340      
   64.1002938457367604136330294801207759      
   63.1901237347582450454743703737543487      
   62.3091867159141663712686526475707559      
   61.4562211962340534089916695696765281      
   60.6300313207389070903552455569623418      
   59.8294831609632357639294386923816558      
   59.0535012216435195255953289777331693      
   58.3010650085871156875353943613348461      
   57.5712059183908429889692968442725662      
   56.8630042198424671391604096694070250      
   56.1755862382182137386614691667694156      
   55.5081217930911466203691300358462238      
   54.8598216139250240464755287914447343      
   54.2299351263443117778338960083288570      
   53.6177481975668099826633937670078579      
   53.0225810934783472817988234383456664      
   52.4437866098359497571447773172266462      
   51.8807481792728310272686560983439698      
   51.3328782621854224091207888434285773      
   50.7996166960747883584767998910117152      
   50.2804292012142066002495634625343683      
   49.7748060141793841200066950970660651      
   49.2822605884748065767510572084084694      
   48.8023281323494754692248159870702055      
   48.3345648130134224340399517214866373      
   47.8785463836220551872124502939031339      
   47.4338672534912836940298424029932910      
   47.0001394927661915295742245854230880      
   46.5769919147417547795027316942582491      
   46.1640692429638257949758119585407254      
   45.7610312780117990703889726134406568      
   45.3675521386649655942618974862860977      
   44.9833195542647222597074052294744940      
   44.6080341718019632919476635000466633      
   44.2414089291919388418401509283601842      
   43.8831684493126372450782244946870239      
   43.5330484662455113968236001065706673      
   43.1907952917666673930607770269238706      
   42.8561653059221171160140615382597470      
   42.5289244853794435375105278015000637      
   42.2088479339291859844395794199540346      
   41.8957194730053731606397170201106864      
   41.5893312226280188802839657996892017      
   41.2894832228350564550486105144381648      
   40.9959830706619892394568705518152647      
   40.7086455772810545105535560225265004      
   40.4272924372389404076262439649933869      
   40.1517519266449034430450611062200270      
   39.8818586040349709747942075512771662      
   39.6174530385257777170804299139990264      
   39.3583815401064777469620026912508362      
   39.1044959168578092639658891839632559      
