   6.96056439612021242808744037825986466      
   6.96056439612024352967698996582066465      
   6.96056439612189877694146301027237737      
   6.96056439614162191579810537029680344      
   6.96056439625239883292482515670872610      
   6.96056439665422381575729425666900328      
   6.96056439775841288409155187345902982      
   6.96056440027108812797599649080621617      
   6.96056440526140059587253967254994212      
   6.96056441418962540554095262682665939      
   6.96056442885352210796721400100005674      
   6.96056445120135424932160219496337134      
   6.96056448296614495180037433902081570      
   6.96056452509694175145308836611566919      
   6.96056457699071219780035985270871268      
   6.96056463555440884860718685766673820      
   6.96056469414586494202147566235100633      
   6.96056474145354775040437130611733224      
   6.96056476038014853995039990091273061      
   6.96056472699546037964827182251918384      
   6.96056460962139467834589103968363739      
   6.96056436810678705942209887706983109      
   6.96056395334159960616730238530831731      
   6.96056330704879197553309007094462766      
   6.96056236187744178934350874736477619      
   6.96056104180327692638421305000737212      
   6.96055926282400288425689065224851011      
   6.96055693391848899268009616431797438      
   6.96055395822291364584412991041441005      
   6.96055023436493380149130268676285061      
   6.96054565788983172196414850366029459      
   6.96054012271071346850003233412434851      
   6.96053352251785905395510724186671172      
   6.96052575208943890318858086899740245      
   6.96051670845590105463759276497386144      
   6.96050629188218734462559966506864417      
   6.96049440664439530057467808715245302      
   6.96048096158958656930270851333072588      
   6.96046587047838612466903529569715976      
   6.96044905211932487985188841065248027      
   6.96043043031126843726807378796133389      
   6.96040993361567337567813324313743779      
   6.96038749498390438382116711578929353      
   6.96036305126661047395180106289589245      
   6.96033654263245378831208239841782480      
   6.96030791192259167263759691701254639      
   6.96027710396551439525664511694213308      
   6.96024406487440834688761635341241608      
   6.96020874134638145646169558927891832      
   6.96017107997985731815112025329221758      
   6.96013102662337920937810230018429452      
   6.96008852576610038944875699498859802      
   6.96004351997743304956371329121386854      
   6.95999594940080188675403461279166959      
   6.95994575130417867598063161395721266      
   6.95989285966922622693512641086446668      
   6.95983720492569914413039044815362225      
   6.95977871357278223929569215830279588      
   6.95971730800975481321859380507318083      
   6.95965290633799985919376766797552655      
   6.95958542221922391050374710048790635      
   6.95951476477014800817612795263629695      
   6.95944083848843091311563591721419614      
   6.95936354320359319132930171505943820      
   6.95928277404839750629492843579446642      
   6.95919842144422863747369252836587549      
   6.95911037109581794518828484557866474      
   6.95901850398960601027088089577154511      
   6.95892269639250383640177537656017096      
   6.95882281984461042079902272200620113      
   6.95871874114294393589633555969926164      
   6.95861032231341520179285486072581450      
   6.95849742056507659497176391178314156      
   6.95837988822646030500513275996813918      
   6.95825757265914313915546943022410209      
   6.95813031614661420753870868308867709      
   6.95799795575794106830175403437656592      
   6.95786032318200411082649073688930188      
   6.95771724453149503109885814654532765      
   6.95756854011497814141087183496595847      
   6.95741402418024127873076864580110067      
   6.95725350461468190622368630206353861      
   6.95708678262091189625075148534408522      
   6.95691365235471791782437308644144681      
   6.95673390051385241332316295438587536      
   6.95654730591231816755889707003398986      
   6.95635363899479133571753541843485660      
   6.95615266132746325196601161375603128      
   6.95594412504037960770305003705169305      
   6.95572777223497765021867470316376138      
   6.95550333434711878439010709196410646      
   6.95527053148190102751886029326640064      
   6.95502907168067660732160892110953214      
   6.95477865015882294064104474739884979      
   6.95451894851776579367145990685072096      
   6.95424963386802342777462629035966654      
   6.95397035795357892785979697394668089      
   6.95368075618950141660483282500517647      
   6.95338044666616676471624977457635899      
   6.95306902912263639249931804185985958      
   6.95274608380024581349307535563768487      
   6.95241117032982430624890446043392796      
   6.95206382649645078933854126303846527      
   6.95170356694781172025905352457539493      
   6.95132988189711450241211385604392540      
   6.95094223566433207161526276407619436      
   6.95054006521909371489086229915869652      
   6.95012277866585022120912495529459366      
   6.94968975353583151713460270154033068      
   6.94924033516583984470950388816123426      
   6.94877383467334037293828931727350132      
   6.94828952770328722192916212741993579      
   6.94778665160319205085922484940107984      
   6.94726440381135681929640589764991574      
   6.94672193957292981819344846244809871      
   6.94615836961944991352203531355624038      
   6.94557275778811563011830789614487211      
   6.94496411831844483336263721165487607      
   6.94433141324307239482224860232647311      
   6.94367354947966038885478612847714391      
   6.94298937587758731468255175753294263      
   6.94227767987396777723261111348916129      
   6.94153718430745533169366307899029276      
   6.94076654373542478202149325532305302      
   6.93996434053598610906551546821399944      
   6.93912908121168818651999393955064964      
   6.93825919187257155281490502799425854      
   6.93735301367923565125057636496148620      
   6.93640879838624741841158166819845358      
   6.93542470278985246396939878591470067      
   6.93439878381065675581136792775496801      
   6.93332899231095475679718869618742781      
   6.93221316724099083928924866212995113      
   6.93104902886975714033351750651556224      
   6.92983417210194182289792009578108336      
   6.92856605869564225924064694299493022      
   6.92724200950847471120547652164048799      
   6.92585919605759468934145486887177467      
   6.92441463135450667936511967372115657      
   6.92290516014780575750899156133143631      
   6.92132744845695189428524710201330410      
   6.91967797265799505694955770472718549      
   6.91795300683156531739701449445464285      
   6.91614861165944631933162769645795616      
   6.91426061831136043632464477844961175      
   6.91228461512322187282061125637318126      
   6.91021593123867075964465874355657091      
   6.90804961961632249785556841912474329      
   6.90578043887809613569402542068417320      
   6.90340283302589360133229201215576507      
   6.90091091061999783195274702673636902      
   6.89829842177847791985890503550478385      
   6.89555873402708897427910333326370747      
   6.89268480527213458027461889187791165      
   6.88966915644288799419817751456028240      
   6.88650384041326742666841254057991936      
   6.88318041060545552483595057228010790      
   6.87968988567480726539803152944051897      
   6.87602271366053810062548445697890183      
   6.87216873263425831166971334409383130      
   6.86811713004954027335100353975908543      
   6.86385640015306677594843219712192894      
   6.85937429843479604304644129548435370      
   6.85465779847025486293434607076640451      
   6.84969304220166117772134483706667400      
   6.84446529553162743234150813262305983      
   6.83895890277063004769541291772203152      
   6.83315724383437058315466553469991515      
   6.82704269612254547257785335345402201      
   6.82059660253659245228232792173438689      
   6.81379924965532656773067310236826516      
   6.80662985695671752259749645998929339      
   6.79906658334486650848358937055383447      
   6.79108655279704742613197795538083306      
   6.78266590428021401835776748364586480      
   6.77377986816722031563355684083602627      
   6.76440287565611931386125303104772245      
   6.75450869524576372575200850919147755      
   6.74407060767964159685079833540488282      
   6.73306159928899038420098643575198593      
   6.72145458299496311197126928375266263      
   6.70922262759842778188046042816764058      
   6.69633918385143599601754940474221943      
   6.68277829470017414348761849625162592      
   6.66851477236974325960055356093287046      
   6.65352433517849790083218054948389564      
   6.63778369201331748700405740373025990      
   6.62127057711825183749251603637377257      
   6.60396373693611587664760666363355351      
   6.58584288124892808542516560069922650      
   6.56688860679327783936711590488219657      
   6.54708230897214299803749858074347330      
   6.52640608900669267690830500025950929      
   6.50484266806853088696103040194070833      
   6.48237531020918776081446450050602353      
   6.45898775817524928223444611072372892      
   6.43466418068725508994780260014745188      
   6.40938913066140319578572266041041787      
   6.38314751182272603683414873299588336      
   6.35592455122179385928020625933311108      
   6.32770577636073393052910028265731286      
   6.29847699421355404017684105832252805      
   6.26822427036472095615732223011704627      
   6.23693391111278576696876805018153676      
   6.20459244224329693915360840733971913      
   6.17118658924096583297819661656543101      
   6.13670325703438062512542604107011036      
   6.10112950930081413812207149445170507      
   6.06445254857632423198108988056024512      
   6.02665969641412772652481869502451349      
   5.98773837446681917073447969704377774      
   5.94767608651825151722155506152885067      
   5.90646040140561778159962443260868422      
   5.86407893728446614140969824645562045      
   5.82051934653224434209928029947010511      
   5.77576930287900526818313058785249587      
   5.72981648853807735003067486931646891      
   5.68264858323336570748263801313671253      
   5.63425325403940518821940535040836535      
   5.58461814636741558647029946508451772      
   5.53373087578960468256289113210011917      
   5.48157902090317578841150379259929574      
   5.42815011688778037815754665776560686      
   5.37343164995328773301630977406737995      
   5.31741105235371788715132325789908198      
   5.26007569803873207444769191834044170      
   5.20141289891491060781681009893759947      
   5.14140990150630064837430891613242397      
   5.08005388416390421874423012234141338      
   5.01733195459297587395480917852868022      
   4.95323114754587577736506986962330819      
   4.88773842328550008890178930491593732      
   4.82084066582724049812342584254120994      
   4.75252468163573718732527662552395895      
   4.68277719849973716666314872221937432      
   4.61158486455267708891116703750610914      
   4.53893424745491646730191805499176942      
   4.46481183375967142737219854352412560      
   4.38920402828609626222770217798662150      
   4.31209715369073840148104273739895273      
   4.23347745005868892537983116567960782      
   4.15333107463725780074699197371752196      
   4.07164410156368976699906664356902287      
   3.98840252169621146000817666011141375      
   3.90359224245587397022346414392522237      
   3.81719908776460850200908835654311046      
   3.72920879796066098205884547297558922      
   3.63960702979322016638043864854673083      
   3.54837935640397946840536739756243586      
   3.45551126736129323786697331107741858      
   3.36098816870914151260458142063463686      
   3.26479538301553961107146708154003655      
   3.16691814946607686054673637471418340      
   3.06734162395058372648660199318925018      
   2.96605087915054777921752074742698456      
   2.86303090467431632531510980149330901      
   2.75826660715818618171133513138403677      
   2.65174281040331863529849773634490408      
   2.54344425550769746485076619723441743      
   2.43335560100277194653375868496565147      
   2.32146142300411818488814740391725797      
   2.20774621534817673985894864389606133      
   2.09219438975351001316293666692667130      
   1.97479027597222798383389863843989452      
   1.85551812193993072853417801201617582      
   1.73436209394896359936217142374832781      
   1.61130627677851445510905569157108801      
   1.48633467389643161117248021390399183      
   1.35943120759490678804388851758051870      
   1.23057971915999840100219678267728669      
   1.09976396903697973341471711710989088      
  0.966967636995508018744888164166681323      
  0.832174322293809157272170309040787388      
  0.695367543845179215415022231311469613      
  0.556530740383297296438352700532434680      
  0.415647270628050290110313367196350889      
  0.272700413450947625773138308649010234      
  0.127673368041443113472085254407944410      
  -1.94507459282059524711621049226685851E-0002
 -0.168688888137135777244311362625009585      
 -0.320058097452365891798230636880840835      
 -0.473575491762215941344163893045356157      
 -0.629258267813752015475559609486703993      
 -0.787123701048393170026465544516847409      
 -0.947189145439317319471343079254594094      
  -1.10947203332729685174532245241628104      
  -1.27398987525885115021900546354800773      
  -1.44076025982554316737960853452912545      
  -1.60980085350261155596141583976319517      
  -1.78112940048595007790344720937537588      
  -1.95476372253574453990753110951244846      
  -2.13072171881282899008178990292496320      
  -2.30902136572386143641996642904863188      
  -2.48968071675941414022709810391821534      
  -2.67271790233840551227209007274534649      
  -2.85815112964985251702101506357134202      
  -3.04599868249801995869628954625696003      
  -3.23627892114443218072480201975342817      
  -3.42901028215302627503892132157399618      
  -3.62421127823520023317589836606893243      
