   305.833180578490118847143771537581802      
   305.833180575208522449485551403157112      
   305.833180532679864089517132468032889      
   305.833180317601823404850585586757474      
   305.833179632578655134427431715675675      
   305.833177969418442227807421197011453      
   305.833174579803515330158586948173016      
   305.833168436153001172847367170414707      
   305.833158097978758591488568897030707      
   305.833141312165118130991806551163118      
   305.833114153098472694536064882022789      
   305.833069624316697243696504713333666      
   305.832995839663005188161881582105015      
   305.832874054758595998003980698975641      
   305.832676856971741445437759474896041      
   305.832366754854888164433297087421157      
   305.831895290162528744729548368485847      
   305.831202679432719274828100697839897      
   305.830217908119563510065961739880714      
   305.828859156710834604548816069174577      
   305.827034429543635534303597849112121      
   305.824642271932949724860366935281238      
   305.821572488513603017438988080890133      
   305.817706806648846591470172252584518      
   305.812919457744921490407417100304929      
   305.807077673293713961883717984189206      
   305.800042110257298838193770146918804      
   305.791667231910098976230956553206541      
   305.781801676067703210989604953395751      
   305.770288643572382507579526472618609      
   305.756966337064790240557136536941893      
   305.741668474477021254120482372707382      
   305.724224894382299354668185488452209      
   305.704462262276413751515254706457669      
   305.682204878853380129362689517519560      
   305.657275583988217481860139939213043      
   305.629496743935063035040020931463359      
   305.598691304413912796435825001374117      
   305.564683888938946716262626897543518      
   305.527301919875629609657570215441686      
   305.486376739196796821961192956934687      
   305.441744706525211093702187870317808      
   305.393248253612113011348053040444821      
   305.340736876609064213172525250967819      
   305.284068050183567105943013859063015      
   305.223108050466514668253095650645848      
   305.157732676844124777862590230300318      
   305.087827865547424708414409488988668      
   305.013290190821756225448606160197006      
   304.934027252014023118619822187037752      
   304.849957947188212239430193529463462      
   304.761012635873768846714397666709549      
   304.667133195226214381474814923696255      
   304.568272975189178196091552945052441      
   304.464396659371417452897697507602517      
   304.355480033268212660446015728976986      
   304.241509701303649535070466445688645      
   304.122482681184410303468507732191148      
   303.998405986062022728436357068642962      
   303.869296129710929957796377045566564      
   303.735178591114124061467458317078626      
   303.596087242255147407872811839566085      
   303.452063746715998963374775906358914      
   303.303156936480968386994184127776665      
   303.149422173906842433879043794103340      
   302.990920704813093662863459350391962      
   302.827719009189571235822146870124100      
   302.659888153950968602895433366554551      
   302.487503153205693519550427509841631      
   302.310642339862385080694425042681715      
   302.129386751768315863051830288982229      
   301.943819536465838174293307942024232      
   301.754025376265983439512006036387538      
   301.560089935970112743859582657565070      
   301.362099335460874506327425657207296      
   301.160139647557001710720531643202340      
   300.954296422049303512531043920030523      
   300.744654237773976943180304725746041      
   300.531296281263458914122221480914568      
   300.314303953017822479444112081108024      
   300.093756501661719847880212025333979      
   299.869730682018754075689891882502397      
   299.642300440115355158560218701847943      
   299.411536621689784570565752975978601      
   299.177506708025137020700505138485387      
   298.940274570165317172461721824251459      
   298.699900247761404574467845666028161      
   298.456439743811464819605939920311083      
   298.209944845680542214461458205549100      
   297.960462953812320753783294789983338      
   297.708036927184737725873872852923724      
   297.452704951327640857709083942342702      
   297.194500416025874953584507343583220      
   296.933451799724522765589500814202552      
   296.669582574484803918244584604266798      
   296.402911112961668365438607913931193      
   296.133450582507976411514685966819735      
   295.861208887752859405716120501382231      
   295.586188589061365837755684063318279      
   295.308386838646256261777649042378374      
   295.027795299109132320156588812555215      
   294.744400093006147358149886474583817      
   294.458181738322974783773488810213262      
   294.169115054885259986613315469896932      
   293.877169103878917019449031916087763      
   293.582307142834946453518445290193047      
   293.284486553446955909630436281279301      
   292.983658719482331148863492987869059      
   292.679768940305896812042081643782721      
   292.372756379544715237709801827447381      
   292.062554012708472011912254763962274      
   291.749088369862775655227257557947061      
   291.432279498850626885763761937824304      
   291.112040869141554708749321562405338      
   290.788279321183010841179336045874581      
   290.460894569271846858023823718417233      
   290.129779461982162870872656515590262      
   289.794819561084456295879676793607507      
   289.455892902251341327812733569167371      
   289.112869968254588586715811975198339      
   288.765613443886000188836743045788766      
   288.413977705330492997500886435383355      
   288.057808889568606827123169831310646      
   287.696944439467746996765183402812404      
   287.331212752723787986845589047767862      
   286.960433033001121672562119342333667      
   286.584414603497370203654473862631344      
   286.202956946901664270620167800489148      
   285.815848816628498294726888572292017      
   285.422868232922373117696136920203440      
   285.023781598742957284632090596583348      
   284.618343399965909590501475151677023      
   284.206295658354277911210870936350454      
   283.787367075926512157832182370093111      
   283.361272733823212344151650761314246      
   282.927713122417322857804500223688597      
   282.486373320162332120949319471256259      
   282.036922453975297938866549341857251      
   281.579012530024465262469162290327939      
   281.112277645200894863551897383017870      
   280.636333023291253341002364398864948      
   280.150773437553434407610006383668707      
   279.655172554788797200317776318487587      
   279.149081609287903229984292454364835      
   278.632027272472535461004229955649027      
   278.103511090734201121163955510832808      
   277.563007278666990370083367352125414      
   277.009960851922822056609553785344082      
   276.443786356696322370402592741815778      
   275.863864748642182784902096687402322      
   275.269542074183593352018958206454184      
   274.660126422774910306805421498779125      
   274.034885341185225192256969767352343      
   273.393043259311550667276412421752395      
   272.733777830901372395050952020465626      
   272.056216759325578579438097935097255      
   271.359434042701090753420718176539746      
   270.642445820657967026335940755840515      
   269.904205932433940422298699245309855      
   269.143601235492504598972410974827873      
   268.359446067174054087537210819174468      
   267.550476803214843035183602125828198      
   266.715345286541897478035969538466005      
   265.852612538845867005162103131754318      
   264.960740624330702883706924817995468      
   264.038085757917454642459872793864198      
   263.082888502876425633448081455287195      
   262.093265334688612938106616316656845      
   261.067198252415785663220097863654812      
   260.002523730696777155171069553859599      
   258.896921210274320265100619947916601      
   257.747902083837531723437947511839288      
   256.552795244972961964079406343019425      
   255.308734704813240788065196079765789      
   254.012645513532230183989515669248806      
   252.661230558607867330041025131543312      
   251.250956726657860825053701790875947      
   249.778042376791165335759344157362514      
   248.238446715752575254799995041257561      
   246.627860570554940594134857499220102      
   244.941702474512386831617692913047702      
   243.175118141154341942426563911168615      
   241.322989011656815875324610988599614      
   239.379948939799228309902661736692663      
   237.340414648082719040250771753803984      
   235.198630274442496433810591187339251      
   232.948734381383880552172326726453815      
   230.584849317165021904701799932325061      
   228.101194660297086641926823931740465      
   225.492247775892535928040565009680664      
   222.752912996145252267115855969183468      
   219.878751834540448708407219515190466      
   216.866235502112210771104062118861275      
   213.713031438698160640665082636024761      
   210.418306277538675381969529039471724      
   206.983041352540002107248357434726448      
   203.410328659055477136123058028791222      
   199.705630187003328951233979039958307      
   195.876970983872609482905837769962962      
   191.934984422006783744041973228677197      
   187.893051433044906757889327248815323      
   183.766994790960615274414397045275326      
   179.574524138142900822427866684123897      
   175.335234230512113574640421878778673      
   171.069701995565552463114706266489726      
   166.798893827780004952239277362084949      
   162.543484123745480186683391928043897      
   158.323208918866409038538983995442523      
   154.156311657681269845265039210571484      
   150.059116153471982858031370762881112      
   146.045743257840155892557964342518468      
   142.127969831930919151657837259299778      
   138.315223377429884251006428025470310      
   134.614673693602343531441416714968447      
   131.031405180929187206653198504057269      
   127.568636350912563367800343310435664      
   124.227963304738875984638630244977500      
   121.009607141640530274174851041388923      
   117.912652995536768884124599629691554      
   114.935270110210933203804739271975368      
   112.074909044065246503944948603386172      
   109.328473236488967370890549520936292      
   106.692464420775058086506455100561210      
   104.163106176726750052206140757640136      
   101.736444339020124370520806905504976      
   99.4084282848113466546352985346690478      
   97.1749766134457915303635742881104067      
   95.0320278852565011312508417096893244      
   92.9755806491627379546171751767152443      
   91.0017228678768062565114701120523926      
   89.1066541822889270920464439594556695      
   87.2867010909690976658727241063773344      
   85.5383277948710642126058398628069171      
   83.8581422334312245942097817265699088      
   82.2428993901485664928265569861115362      
   80.6895019114842987403237183735396867      
   79.1949985386672921089130911267618783      
   77.7565821329796109476904278822857640      
   76.3715853238811098861915379082074973      
   75.0374760898680223381747852392160051      
   73.7518529268938830331426482808406348      
   72.5124393295832280371741384973790892      
   71.3170782454731762860384754846275463      
   70.1637264249876238868283600396602039      
   69.0504489287058463357641825638469512      
   67.9754135343112952392705212585901575      
   66.9368853132768729940252815223896229      
   65.9332214341292135249661616453007956      
   64.9628661438640640236262473428194724      
   64.0243459527973798683200993212886306      
   63.1162649504234543280758287524805832      
   62.2373004745704191716383822285513131      
   61.3861990119909302912278616208117007      
   60.5617720775393945955050023150651939      
   59.7628926803929020058463443667393216      
   58.9884915931504398540053017373396067      
   58.2375542636462035655324959542096649      
   57.5091175340795994593973789031540528      
   56.8022666799700086715670956208397036      
   56.1161326902228257069898760272265708      
   55.4498897041677050688807367989359149      
   54.8027525019443975172060610831363807      
   54.1739742196731516575293194713446725      
   53.5628441868992847342609636624415904      
   52.9686859017896316840083927275074640      
   52.3908551150980355871613483422616509      
   51.8287380589207009391440750982552189      
   51.2817497861556858779359478878541288      
   50.7493325200722452899954660530629558      
   50.2309542575261888011166829286120892      
   49.7261072636857617664767086659671343      
   49.2343070039032963966297652154123877      
   48.7550904605868851292690896378667179      
   48.2880155264063593854154748080941516      
   47.8326595106595122871583784700571088      
   47.3886183419417111117253733536125222      
   46.9555054036004106028270203987477710      
   46.5329508606106723397306017672267912      
   46.1206006278319818889879149069429344      
   45.7181156193824343814929192545907832      
   45.3251710337427104310799826669097523      
   44.9414555633784968764264502920572155      
   44.5666708252090499376660985048588763      
   44.2005305900231367115415576040482142      
   43.8427603093949311380476653593279676      
   43.4930964964256621696417140426695789      
   43.1512861561285723753141208661733903      
   42.8170863649472100133666204459471026      
   42.4902637212503633932061964676425819      
   42.1705939297202455149157064642455689      
   41.8578613766175235167417785464100169      
   41.5518586960907302138536562716530896      
   41.2523864311341259066856080144663417      
   40.9592526457796808820501559351130654      
   40.6722725881406845342573568683642838      
   40.3912683695020046760321721213553979      
   40.1160686515475181206386586877065008      
   39.8465083617135970961054127871695123      
   39.5824284189369045261707594183927195      
   39.3236754560332689696208655659360412      
