   91.9024000948784202170827437330254962      
   91.9024000948756103372976966772670622      
   91.9024000947781154036684974976726514      
   91.9024000938787693816519559026916570      
   91.9024000896844288202618510629767573      
   91.9024000766383934662215388113302106      
   91.9024000450117361798510694164861989      
   91.9023999762874426694754945954776415      
   91.9023998183483736383356317742458235      
   91.9023994036952332625333305935447316      
   91.9023982669257146505938092466937984      
   91.9023953407678589477720522776057483      
   91.9023885526131436635647204504671960      
   91.9023743796610077472426144081227413      
   91.9023474336116951435479714473980556      
   91.9023001355581599218387820220484281      
   91.9022225184093217330895572127142225      
   91.9021021685543506475117575469981133      
   91.9019242974288988648003532693634277      
   91.9016719196635722357808957930213867      
   91.9013261072854611516785630461715173      
   91.9008662874795772527509170168361624      
   91.9002705531022978534846359243977614      
   91.8995159591538887986912325436285829      
   91.8985787839500825223048182256787354      
   91.8974347401373798149067699521822306      
   91.8960591272473512893333748136039380      
   91.8944269240944635910615897956031052      
   91.8925128250116125132212142707132969      
   91.8902912283985056028760595409584353      
   91.8877361895162165571377832333272861      
   91.8848213510897399979493207816376987      
   91.8815198655859346423339181899822676      
   91.8778043221662048094420994426658800      
   91.8736466894327511733050962692096598      
   91.8690182826044374735848024110770997      
   91.8638897609758256933233597609785458      
   91.8582311586844529190359241727339760      
   91.8520119492229286244122093660807166      
   91.8452011418107478854853943812081762      
   91.8377674060000681113557262346124161      
   91.8296792194534806550011822544323804      
   91.8209050330318514775703632439196612      
   91.8114134469027717510118482086449081      
   91.8011733802073620730380737503986307      
   91.7901542911172354077024840631269906      
   91.7783262916698494773704431214418067      
   91.7656603436480132159338113232335746      
   91.7521283937926139048264353834971643      
   91.7377034978336530869898488226493485      
   91.7223599223420702428148698423197615      
   91.7060732224626083899228177264690374      
   91.6888202947709424676092769841797482      
   91.6705794047867158205436044651111465      
   91.6513301893922265382909635063555703      
   91.6310536350887911028669396411473870      
   91.6097320332504538246532738092269258      
   91.5873489138973925360979713026071085      
   91.5638889598680276877631461724580065      
   91.5393379037258707128023212369946213      
   91.5136824087448348797303728949979638      
   91.4869099372115265008292470239087157      
   91.4590086075328343718315201307748544      
   91.4299670426125789669661275098903873      
   91.3997742119859965315372528600507510      
   91.3684192683958122770639131394219388      
   91.3358913828779666516220969089959310      
   91.3021795775729359724389179418319619      
   91.2672725600486168387043132474806695      
   91.2311585596339903816648881275514569      
   91.1938251658152225600593173505926813      
   91.1552591725601652046173855064415795      
   91.1154464266403918869240744378281432      
   91.0743716827677533346044135280346578      
   91.0320184638415487811827004658687975      
   90.9883689304602975343153111358995617      
   90.9434037537785025124657480654088497      
   90.8971019997638222229623065089251342      
   90.8494410185500434732337906415578800      
   90.8003963413074942959250075923630354      
   90.7499415909633533089248517790633350      
   90.6980483855152154604003990427647514      
   90.6446862584200132919419959054876102      
   90.5898225822459309766297696240922272      
   90.5334225018215768731374586450628015      
   90.4754488682565179824788901271421970      
   90.4158621799271599989349653144123495      
   90.3546205270549707064555926574242788      
   90.2916795477952112579282387629908626      
   90.2269923681959923112150357434179034      
   90.1605095563436833498968322624946651      
   90.0921790868524882272673130627278970      
   90.0219462973613197718840814560116537      
   89.9497538509156335456327792926619984      
   89.8755417065564672446111798235204283      
   89.7992470587092769764445151937576898      
   89.7208042896202561033076333202501071      
   89.6401449478863499026815759316308512      
   89.5571977060624273694752805199422842      
   89.4718883082997796861758261527811953      
   89.3841395171981758135702890189839488      
   89.2938710623079042269874937094496179      
   89.2009996749840023908060817802814588      
   89.1054388218963971811299659228626369      
   89.0070988187861028906030290350653176      
   88.9058867476617192679160906970943153      
   88.8017063464680987576264513065362977      
   88.6944578770926366902534215228902722      
   88.5840380936625748877982802884950129      
   88.4703402963293822053620412107675692      
   88.3532539650635633448316107723012480      
   88.2326647411108061981613207483929418      
   88.1084545197315340425543352062849459      
   87.9805011040690186732810123640959574      
   87.8486780310517507837485195189537990      
   87.7128546535377219708886287983819427      
   87.5728960011639155296948476323195472      
   87.4286621618351181880589680600484718      
   87.2800088610454800501707418601315861      
   87.1267865726382943925054111164233194      
   86.9688408299235272710266491366902708      
   86.8060117206225157647182740391000266      
   86.6381337997836478954554047564926514      
   86.4650359130278263655963312150973206      
   86.2865408482331784324021636847034324      
   86.1024650456055854628102556136591973      
   85.9126185926075733838662395952090176      
   85.7168044722891196513619242162439097      
   85.5148187741496453241360778800966456      
   85.3064500077705348465166868591554905      
   85.0914788865161869778305585220967470      
   84.8696779840934456739420523827062040      
   84.6408112161028004191369852733154478      
   84.4046336372072756778253642792479729      
   84.1608910428632896288696177057908945      
   83.9093192448135336044905502985506125      
   83.6496434966859944406661103188489447      
   83.3815787016926547409928500085639233      
   83.1048280696847300354600456283028065      
   82.8190829510407641736866923532113821      
   82.5240221486041373469531579952386834      
   82.2193114715982498864267296846091526      
   81.9046025993340935641715665620858432      
   81.5795329409287919036278316173655692      
   81.2437244015319884816737513495898376      
   80.8967829989459425452815994218649576      
   80.5382978207925334862019224706873227      
   80.1678400689230437401660480899301273      
   79.7849626724465768555601893130389664      
   79.3891985059156096203708772915243434      
   78.9800602014109352610941109426308250      
   78.5570387044406838088545588675056487      
   78.1196020662373885844873776472401642      
   77.6671949847927692696112582955488129      
   77.1992371139754356184740797606990021      
   76.7151218140612387726633788538824655      
   76.2142161195035635948012421704997339      
   75.6958580858036594664885715144405389      
   75.1593568167654074595622343816117673      
   74.6039911644956102397813343314908720      
   74.0290085483555421627963263325915285      
   73.4336248398640053159347345855867489      
   72.8170232235549085813995516406181859      
   72.1783543495285644219534260787814063      
   71.5167365390398491231286351412648216      
   70.8312562701436531558301835514712152      
   70.1209696095995606019105117570322004      
   69.3849048846933858708679127585161477      
   68.6220656556533166279743865856950916      
   67.8314354986961541155738480273387472      
   67.0119850318712833249688596408768341      
   66.1626800567604563285771172351473477      
   65.2824929224727380171096871545479078      
   64.3704184001954967220217108216066543      
   63.4254899140076707224768782500515207      
   62.4468066434178701722322085480494590      
   61.4335573388030821515658879510974561      
   60.3850583563187950747599334718786453      
   59.3007955880044156790781001853744387      
   58.1804726095534893445990888614376726      
   57.0240689234005446057576873669075429      
   55.8319050093037271869255144988939947      
   54.6047130065766136095983543864890440      
   53.3437142255156609186853039202622116      
   52.0506952705344454848599769057313891      
   50.7280800599607654115519056806566473      
   49.3789906542817149875914181315655208      
   48.0072869606290435478682691129044683      
   46.6175733445521426910411424467602811      
   45.2151631940256688445363259217700637      
   43.8059942205282534908391371293560022      
   42.3964891585686963417096079953839717      
   40.9933645904485177003249601827275801      
   39.6034049077880584434599072077884392      
   38.2332157197274533821876240204864964      
   36.8889855976775994316113855344166570      
   35.5762778583791542965415786665491927      
   34.2998733473064279569607352813865977      
   33.0636735991432126734427707122263521      
   31.8706666719098265158930793065111300      
   30.7229481374984328542819668054521767      
   29.6217853117030943506876974866256913      
   28.5677100310657173549816365289382774      
   27.5606276263034085838713921677377874      
   26.5999290763087430441271288626949067      
   25.6845986290139705886099039996688054      
   24.8133125260700781818740817917931302      
   23.9845242813791703443381422079114078      
   23.1965371195316508122878558944205198      
   22.4475631138337715336448542182069399      
   21.7357702467051259876818802375802491      
   21.0593193977066229720381924235171272      
   20.4163919220868652178572113440459128      
   19.8052106557911079931138438336843616      
   19.2240544526973358971135011375011987      
   18.6712683003087758479979581499988591      
   18.1452696732081650801931757944654619      
   17.6445521719296423407558283883960406      
   17.1676870079142063650576678559699604      
   16.7133227673119616147658075594449067      
   16.2801841834679063158237140726029794      
   15.8670699110153232904220089775585311      
   15.4728499088355650893275136616087619      
   15.0964622925672800050968505647981991      
   14.7369100439390235920008574227930968      
   14.3932575653552067964039884739419679      
   14.0646273294169802790411761131339104      
   13.7501963646218845570961807669766066      
   13.4491930762682086422409594219992450      
   13.1608939587067667655865596285963754      
   12.8846205488943985554963037547053695      
   12.6197365617869431071534792248486518      
   12.3656450854651457161280688283571223      
   12.1217860039918347760030995494192067      
   11.8876335233627759597662050059085532      
   11.6626939314713542411854487046880067      
   11.4465034119275232148141631106816334      
   11.2386260596411625065034886010505604      
   11.0386519885427593480191197649054827      
   10.8461956319707515893913148890580019      
   10.6608940871267517234799459815323750      
   10.4824056114449728999081630000704505      
   10.3104082422124629751931235547755318      
   10.1445984547913756589024352978693867      
   9.98468999909625538717741881433524315      
   9.83041274839077568078593345497530033      
   9.68151161148525371819672671330682243      
   9.53774564737351914792114944765020106      
   9.39888709240784409882329204474969998      
   9.26472056559120915228757237370585925      
   9.13504223275902584707156985236341904      
   9.00965914879673897611483713060055016      
   8.88838852011302541063288706464129937      
   8.77105711745149307028360125522878006      
   8.65750067855602828134351275241094105      
   8.54756334318113014083749925392768310      
   8.44109718925640512474991573411063655      
   8.33796169898438582907598446889187823      
   8.23802338975704965827729730712589844      
   8.14115533543463234259088751204069936      
   8.04723682276036315659828102698613383      
   7.95615298619188422875622340600309720      
   7.86779446334553547016078054566902177      
   7.78205708909880129907337050604869769      
   7.69884158725379033685445140616765321      
   7.61805332775450848944581106040117597      
   7.53960204165782840414082086131753527      
   7.46340160010461268465620613608207326      
   7.38936976988093069010326648932044472      
   7.31742802258080619606921797784559678      
   7.24750132554183771629797628416624624      
   7.17951795226590168949720073993140366      
   7.11340932093674717636004313646365716      
   7.04910982404456812817996255731222340      
   6.98655667205503877471735778249357811      
   6.92568974814974473868962205262906462      
   6.86645148320287819849646291199089084      
   6.80878671364782778440420409099669597      
   6.75264257034876255687177969749827169      
   6.69796836140400092229365695232532317      
   6.64471546322774220013542317561847218      
   6.59283722478125945114284412206845353      
   6.54228886828799552953072831057246051      
   6.49302740149583162140346291911084309      
   6.44501153065142409195855677597633122      
   6.39820158119719914516108483747866351      
   6.35255942502454545731000271429677008      
   6.30804840393359196503195690802998299      
   6.26463326362975947827870382056519889      
   6.22228009192859826649096883145303022      
   6.18095625544796407292719386558732443      
   6.14063034218304763998016491278492722      
   6.10127210811687800982527068098892610      
   6.06285242483554028290864131533689022      
   6.02534323073421768328078940521038440      
   5.98871748465026684055623691207927242      
   5.95294912083704067828647220741976444      
   5.91801300834693068101262287282306119      
   5.88388491085331710069108216023904904      
   5.85054144790079882946620280939565704      
