   91.9024000948784202170827437330254962      
   91.9024000948756103372976966772670622      
   91.9024000947781154036684974976726514      
   91.9024000938787693816519559027311124      
   91.9024000896844288202618514146511460      
   91.9024000766383934662216935918515883      
   91.9024000450117361798632488631373021      
   91.9023999762874426698018150196558114      
   91.9023998183483736425948950020934937      
   91.9023994036952332961170279471069979      
   91.9023982669257148340603873508706943      
   91.9023953407678597090170172296095539      
   91.9023885526131462288544059560042835      
   91.9023743796610152542586532875035008      
   91.9023474336116990038707152940859688      
   91.9023001355581977296737372094590773      
   91.9022225184096048377397205848631420      
   91.9021021685560497312239752797211787      
   91.9019242974373632793611511673837426      
   91.9016719196995660263155176173774641      
   91.9013261074190960827286285048245413      
   91.9008662879208439811321586601524849      
   91.9002705544119844958244107423404758      
   91.8995159627233168984759181539077740      
   91.8985787929429546539264997824222020      
   91.8974347612721612440064102772789205      
   91.8960591739398056132739048073817812      
   91.8944270217097786623561568929070671      
   91.8925130192294674035487879357767309      
   91.8902915979785891915489171892112922      
   91.8877368650517364798938264286715475      
   91.8848225416376450253378991128149194      
   91.8815218953497580984223196915163089      
   91.8778076796667182276859504122221733      
   91.8736520918205331031383759854601233      
   91.8690267579385544648936453693243959      
   91.8639027514075319955086105933793114      
   91.8582506475418662542041703862843537      
   91.8520406149920597976385077832811099      
   91.8452425419530364337131357058428302      
   91.8378261934371510709322697137817330      
   91.8297613944011988650946725574580104      
   91.8210182326644157891258412033785428      
   91.8115672751091102095827122707517638      
   91.8013797904302769507480849405925753      
   91.7904279721689518770623398200457066      
   91.7786851560154424526760383648757338      
   91.7661260261446269526229325750078846      
   91.7527268059713973690716620546466838      
   91.7384654297082547291976967200359860      
   91.7233216918174209485165263022553555      
   91.7072773721163147588193974090478324      
   91.6903163353865638485815136709176463      
   91.6724246047435414202534849287142671      
   91.6535904086580961556425021042206650      
   91.6338042022276845477185994903640832      
   91.6130586636307579042074230490893474      
   91.5913486669195461808569450667250082      
   91.5686712329137696522049038924465604      
   91.5450254600080727628921238581541037      
   91.5204124365672840661567574910054505      
   91.4948351373623215016927982373202024      
   91.4682983058777011156444265041853868      
   91.4408083186436367588033665961089222      
   91.4123730679036768938578019047476530      
   91.3830017827430832196313635560942044      
   91.3527048952387388578841181530765448      
   91.3214938777719040621468333539491973      
   91.2893810825664779314036117988570579      
   91.2563795801088806459373355603864798      
   91.2225029974840535262300185750904100      
   91.1877653585671852255947865582841135      
   91.1521809265284729185915023934057851      
   91.1157640497523809905091438784780632      
   91.0785290122314526376701097062148456      
   91.0404898887203273999280469036965674      
   91.0016604048933651529326115425445339      
   90.9620538042283077533079335832923663      
   90.9216827205350554348674987278233029      
   90.8805590571052547976826693861163251      
   90.8386938731857688780258632156656008      
   90.7960972752691609786813241119245456      
   90.7527783157306597435687714288334645      
   90.7087448972359431142195148969774682      
   90.6640036860916600561438146062174695      
   90.6185600285513960745907661991961593      
   90.5724178755431470191875851408024044      
   90.5255797100658020214131601005528309      
   90.4780464851419312170439364830997393      
   90.4298175603827045146894443660312289      
   90.3808906435003921444171142413581260      
   90.3312617429123268250382364438717638      
   90.2809251185481605646870745144982078      
   90.2298732387577013510861232701860049      
   90.1780967417350883673244642349131965      
   90.1255843988601961240645697970617014      
   90.0723230654622562803168697490843444      
   90.0182976615507130827258293475763076      
   89.9634911362901197448597713495974208      
   89.9078844419272913455558125308944393      
   89.8514564968168865566467294736720089      
   89.7941841654623512048033731409117115      
   89.7360422333827769478757566031484845      
   89.6770033657614013255831802283699447      
   89.6170380827975031493994094644561386      
   89.5561147395352102081051446036525580      
   89.4941995101293320550848836630425552      
   89.4312563286669950818042756557666852      
   89.3672468558363014108287887582982902      
   89.3021304659479388293835533226633628      
   89.2358642402454185924148106863028929      
   89.1684028579198026790316812273653888      
   89.0996985767619369836898303576728898      
   89.0297012372358214507816718779975837      
   88.9583582032367494564953987985302142      
   88.8856142098768621866454106832927384      
   88.8114114591270961105744874529633449      
   88.7356895063962714524871572127704592      
   88.6583850627104982280728302272471385      
   88.5794322186427378341137498486722358      
   88.4987620934826748568469898268160822      
   88.4163028796566459777300875686214547      
   88.3319796975096187433763062703297529      
   88.2457146391280227823639132869931320      
   88.1574264443990705238040692352178839      
   88.0670306557190942301941411623945531      
   87.9744392315613399327783313145263020      
   87.8795606475572436731256260558584152      
   87.7822996538312193075561349271629801      
   87.6825571055364136807772306578789212      
   87.5802298828269029339155365088235628      
   87.4752106937810442745816715596139879      
   87.3673878089629831852413635129870613      
   87.2566450766806663265006192151488101      
   87.1428614354239441791935070842774339      
   87.0259109340608861184043341338554797      
   86.9056623922662143059274737832361606      
   86.7819790396206434750983086005333586      
   86.6547184096756846735319013382715016      
   86.5237319683927855090493902212098402      
   86.3888647890090131827280465155419956      
   86.2499550895529495908809796625989744      
   86.1068340429916953596467743871147146      
   85.9593253359615242813292634605682311      
   85.8072446234511596668764924440316360      
   85.6503990179996306399930472543857109      
   85.4885869023332995629799534255267794      
   85.3215969047914000675550483517641247      
   85.1492077394778778806154159312212613      
   84.9711872711805633060816413391220250      
   84.7872919690195532232760476487459089      
   84.5972661123891820032264037022132381      
   84.4008409179895745383922464451521922      
   84.1977337308759453242749723232825827      
   83.9876472129778242458762380126412150      
   83.7702679775568955695914235291987594      
   83.5452657006449790070269400576933395      
   83.3122918824696523585781359322000895      
   83.0709784976067152921141981485859591      
   82.8209365575087835836989507824159538      
   82.5617547132147909581010783853871312      
   82.2929973597140311056805346852324561      
   82.0142029784701694285351363738866143      
   81.7248822832460211737600962997092813      
   81.4245158065047365244869466106050201      
   81.1125518462989375654002621796764395      
   80.7884040335569363873980003928034390      
   80.4514486146475853109016502103826642      
   80.1010215406803453804444264329322158      
   79.7364157313371220638237736914594583      
   79.3568776672344364446827028104640086      
   78.9616041259069349554717511396809873      
   78.5497385222664245341379080902076172      
   78.1203673837739413669728564237700477      
   77.6725166259159921679903658219505694      
   77.2051477106553029763511234967542890      
   76.7171544535925411736933929949799823      
   76.2073589816852495109181202576147937      
   75.6745092005690656358738485253562332      
   75.1172763412816332887753332034498687      
   74.5342537939773947984277601686852970      
   73.9239568622945949474300281065904351      
   73.2848250418872808383616082106937868      
   72.6152261933209551740858876218006166      
   71.9134644677092005911001196819006956      
   71.1777923617966128144375900622360374      
   70.4064274152069823569320753048237222      
   69.5975763149779676285894989891627051      
   68.7494656617016699230317964451659315      
   67.8603817575636400300419152098431265      
   66.9287197754989567234081033364313508      
   65.9530448252148526411097386095218425      
   64.9321591294498400056463694485109444      
   63.8651843948737322205211900912298674      
   62.7516441692645400233641510008767345      
   61.5915556156826978110342855887864260      
   60.3855166760056915685935346899591510      
   59.1347865794468744715866326529819386      
   57.8413518871475641180318784595818137      
   56.5079698526555567620212250887047826      
   55.1381917019035018635202889777884303      
   53.7363419206427924225027313027573906      
   52.3074717059522887835363888539400938      
   50.8572741775250256287613426341740585      
   49.3919655198983053555676685600632516      
   47.9181692555411803904574702211214467      
   46.4426374799907973344562134684276723      
   44.9722198767390461857410457926047815      
   43.5135882049607488146419005523024379      
   42.0730815366067573626752998393648811      
   40.6565535257943001161773872848348764      
   39.2692466032796711169035514240033550      
   37.9157032093027399941501152759959895      
   36.5997145317067550479618954703397158      
   35.3243055616258707388216501267297378      
   34.0917538976844163937751509885200433      
   32.9036335813922585939700844051988436      
   31.7608778772149245771097747854203331      
   30.6638542270686324148241409590953729      
   29.6124440144717542691399689609238440      
   28.6061226300632536023288057391105143      
   27.6440357776181504224643709496630263      
   26.7250697106568812801088585220811547      
   25.8479137300000457022525231119173319      
   25.0111143590307180634319241389533095      
   24.2131213036239268695564124985329812      
   23.4523261194160713361026892537226213      
   22.7270932297672785160831543490432922      
   22.0357850812526426158879614871637073      
   21.3767816963464880671895895472252265      
   20.7484958116554493148001044004684978      
   20.1493841629120845154170435920057958      
   19.5779555737804434501147760259355060      
   19.0327764489228975601091963720217447      
   18.5124743422628496896134085356618752      
   18.0157398451140403161759446249977717      
   17.5413271416781767640833885901911994      
   17.0880536539947270713669369613278208      
   16.6547989847640812661705886710041733      
   16.2405031325638512629051865268127282      
   15.8441646679841550893527180588866074      
   15.4648382638456216338154257922578853      
   15.1016322522116333398386337919018172      
   14.7537061003703657393642629176718449      
   14.4202678024373177879419235389404194      
   14.1005712614769935628301847985869108      
   13.7939137650187745410841086467016867      
   13.4996335228696867086227542638487246      
   13.2171072677234649519098240627839172      
   12.9457479498675471422566363369345543      
   12.6850025622849254143530892085914112      
   12.4343500705376696910619779689499182      
   12.1932994264288516478271317570237745      
   11.9613877167711264785084740683994081      
   11.7381783947144320996584502533432055      
   11.5232596736599296093924729846544038      
   11.3162429469399090454649677847695024      
   11.1167613288438731296485631924952337      
   10.9244683237753636697056679555023964      
   10.7390365499788376834124867203857741      
   10.5601565235134763873150506726208859      
   10.3875355841138471920399206132650505      
   10.2208968330851006887866043868450974      
   10.0599781663301567092186437783491397      
   9.90453136541077064558093910697167279      
   9.75432126666020965076258458520912482      
   9.60912495974266053706884802155064952      
   9.46873104438414804251169529754832026      
   9.33293895071607841228696687879658929      
   9.20155828821797783344270963317345311      
   9.07440825608315260792549981343673968      
   8.95131706258000874785177166130914618      
   8.83212141698016664592538958589125506      
   8.71666602745885807863368443465791307      
   8.60480316326241483280508663297436786      
   8.49639216007589638822880411737842518      
   8.39129910577040928853963453053666822      
   8.28939642271203269254936982369700070      
   8.19056249377274495163202939769907863      
   8.09468136828713561540427057796927994      
   8.00164242958157531198483006839630993      
   7.91134011904093252209088386195759745      
   7.82367364209911134900547292945025083      
   7.73854674409262101105316988554095077      
   7.65586744283889484433873853577598170      
   7.57554780986622991186139836290256703      
   7.49750377414188468172140517849556828      
   7.42165489580684303055761658209013868      
   7.34792420542000015851586452394546111      
   7.27623800731807174718960520813066515      
   7.20652572350527352258651646566921788      
   7.13871974106403669859509252241879003      
   7.07275525059545893894817733648361565      
   7.00857012274781211247104640784228694      
   6.94610476724663314022154838628890923      
   6.88530201659496508266294320335017730      
   6.82610700027486804798727128282325787      
   6.76846704377111757364792948705992685      
   6.71233156232596567439857052077257856      
   6.65765195694273428457414185029160164      
