   91.9024000948784202170827437330254962      
   91.9024000948756103372976966772670622      
   91.9024000947781154036684974976726514      
   91.9024000938787693816519559023725998      
   91.9024000896844288202618493585011340      
   91.9024000766383934662210193567262762      
   91.9024000450117361798202533291893414      
   91.9023999762874426688178816491418613      
   91.9023998183483736312343654047960730      
   91.9023994036952332149105422231503790      
   91.9023982669257144245915438925061992      
   91.9023953407678581173881414115782531      
   91.9023885526131410950064279078251397      
   91.9023743796610133501163139730830023      
   91.9023474336116763480505724295717025      
   91.9023001355579998032609686357664143      
   91.9022225184082612116540951505536614      
   91.9021021685486578136429722519357648      
   91.9019242974032959976856166879305878      
   91.9016719195645031598162195066993952      
   91.9013261069484692940690192405936690      
   91.9008662864539785021569850799344377      
   91.9002705502687624334199762594878692      
   91.8995159519604402592854200632786031      
   91.8985787669979069080639657201196029      
   91.8974347027318285571701084348437840      
   91.8960590493975676958492443604362686      
   91.8944267703063587794374742726810654      
   91.8925125350846452461397175642317645      
   91.8902907043184838209175274727628596      
   91.8877352774444740507948477488136891      
   91.8848198173916147569203382005596005      
   91.8815173658233066554634827830194118      
   91.8778003620010196668404342701201018      
   91.8736405764497807722642710075707005      
   91.8690090681567891424356319582776143      
   91.8638761712805690157264572172464596      
   91.8582115145404235596377296096003860      
   91.8519840738810079827923591105031014      
   91.8451622566911412706406036748450096      
   91.8377140141186032757762249958276690      
   91.8296069765752191761703064668850043      
   91.8208085957353425482008918010884570      
   91.8112863495821845684082508195021177      
   91.8010078547400654784291311525142113      
   91.7899410705540576136667329005334033      
   91.7780544526590621061072900107485330      
   91.7653171036079176092214912055344188      
   91.7516989079900808199365061271654501      
   91.7371706487773401205145292606384403      
   91.7217041024365391132531040875493638      
   91.7052721108783332544869889701736331      
   91.6878486295515347400353176659637375      
   91.6694087511952753059378013375007260      
   91.6499287055262151377098195629023663      
   91.6293858358098540434348685441849347      
   91.6077585534183863209627325199078202      
   91.5850262719372575084707401835393494      
   91.5611693225856373793863942196794261      
   91.5361688534206479032862518998388114      
   91.5100067133245810668795300889208195      
   91.4826653243106254457321353037109284      
   91.4541275432923055091781434257361633      
   91.4243765158957203148696209356557491      
   91.3933955247431845996202637932858660      
   91.3611678324190472640475219252773615      
   91.3276765238920195273509173047592308      
   91.2929043465721067225949973761613378      
   91.2568335525360152107510425815660856      
   91.2194457429882531880093640597688964      
   91.1807217144848609233393416775163985      
   91.1406413118222097658948146115622937      
   91.0991832842327856996061130271011018      
   91.0563251490853758728423436655251203      
   91.0120430588316823867760591463150755      
   90.9663116800942815133688392985795307      
   90.9191040715718446182103157878735075      
   90.8703915754067823567453054329090103      
   90.8201437164333708678349095069826155      
   90.7683281007682436410443446400766326      
   90.7149103319878566433092268733822564      
   90.6598539229151729972987150236902288      
   90.6031202159841599571603290932730047      
   90.5446683120371046597867548317170692      
   90.4844550060864612038704700725655739      
   90.4224347229056516321384696764330991      
   90.3585594589531270598520927158290458      
   90.2927787290000104180183332957951626      
   90.2250395212491417866792238105307605      
   90.1552862313733996460403379225489213      
   90.0834606195953109099228578361400848      
   90.0095017703374697811352799353692013      
   89.9333460454037948190827159176539516      
   89.8549270433808677461304012262358392      
   89.7741755658324236399335479287897940      
   89.6910195399262439857418400180853669      
   89.6053839750188027643316347446281107      
   89.5171909238428281972157345070752821      
   89.4263594520384385766514043238843333      
   89.3328055076250335818820741656684845      
   89.2364420133416857486584541435254289      
   89.1371786671672294233268226881932572      
   89.0349218818545441921731461857105518      
   88.9295747620892035605584480809737054      
   88.8210370048119763007466702010986561      
   88.7092048957324049120982958572905398      
   88.5939711174220314967694555950050274      
   88.4752246234774801171569122485825854      
   88.3528506442739098017908486255181574      
   88.2267306802698180357187826147547403      
   88.0967420299397737616650232015609050      
   87.9627579180582381847733778791487425      
   87.8246475244599508525454652285190385      
   87.6822754531742462990676571264021174      
   87.5355017414220547671628778174513012      
   87.3841819003359497581760421967768191      
   87.2281665015546794236334016512172956      
   87.0673009692626234051549179530351313      
   86.9014257017111337525852343130691066      
   86.7303753719967327146789700531026643      
   86.5539793205026549501777014516672560      
   86.3720606148097548102921561420330804      
   86.1844365688462201129211983204632515      
   85.9909178026310196512642216103329648      
   85.7913083831184624457507917772585135      
   85.5854055139772731631184196500454380      
   85.3729989153875827920770567979680280      
   85.1538709403748530786363539952275598      
   84.9277958630282651192803993963594123      
   84.6945396516485130435160649076530959      
   84.4538598250152255584813289899977493      
   84.2055046511528819746088222473752719      
   83.9492128011310455315802997806228568      
   83.6847131503572097007268146142097325      
   83.4117242840714478908131721884816072      
   83.1299535695230354492069477404963218      
   82.8390972397243094163095926852708141      
   82.5388393262165282930490491788857281      
   82.2288512996772580827785674669330514      
   81.9087916088963537652567958431126301      
   81.5783048370341493860646464627255876      
   81.2370209198238809554454894516030092      
   80.8845546936169110701893970672812462      
   80.5205051567481010942884686806269935      
   80.1444545184410116760184906053410956      
   79.7559673783638322130544178026068098      
   79.3545899796246577844430752255169508      
   78.9398495195174451802597214754902569      
   78.5112526891672461778838199839561368      
   78.0682854638228921771330824521918422      
   77.6104117287784528944481466646865061      
   77.1370721074845365808662920066613960      
   76.6476832621947563000954386446282893      
   76.1416373621272587640195745853188703      
   75.6183003725663745488931172157434448      
   75.0770114485194068273992531001818402      
   74.5170819995076842295590440610386508      
   73.9377953006765222116439670396625523      
   73.3384055001610485683560088915064080      
   72.7181375194170429253541024947390444      
   72.0761867806892861182680267251749305      
   71.4117193119900679109098561500722214      
   70.7238728563989969442328281807984529      
   70.0117577867063583384953557522375713      
   69.2744593813182807537447296402015186      
   68.5110405937031028835501950485589540      
   67.7205468756156371161231075345463519      
   66.9020113517775245904976101729030706      
   66.0544629931113235554944847575675554      
   65.1769354945610223591626337415924226      
   64.2684827297286397818559213587173843      
   63.3281908333988565196713420938201587      
   62.3552042044143805998412508628407196      
   61.3487447541794140747949994074749399      
   60.3081459884963545746894063895570367      
   59.2328899861404277365490058736087262      
   58.1226504403530143816509633029266945      
   56.9773445264180847173755315298894197      
   55.7971915823522769483479704001756437      
   54.5827790044506704889880276528445035      
   53.3351337214378352861136697801689094      
   52.0557964861369700548185949884281601      
   50.7468931812072181874741515917255452      
   49.4112036894893300081948641764247245      
   48.0522068126585796574805497501223385      
   46.6741122361186463991258678493186520      
   45.2818430734664898794374605134483839      
   43.8809823035814709969226057312945085      
   42.4776676597511673179738034938012200      
   41.0784238302492106948131133730153756      
   39.6899594202495857915934328001815214      
   38.3189267991571390636328093342277470      
   36.9716777533264368808672858739108815      
   35.6540359760902637342621549173184470      
   34.3711104687671033702511562344774346      
   33.1271661633621868680478250152709642      
   31.9255583265633530954025063038726439      
   30.7687279904432273923066360656023168      
   29.6582478888771736979346681027567339      
   28.5949057916823632699599971811241841      
   27.5788093603215419318019750058589632      
   26.6095011628701561690995308183678040      
   25.6860714643254590044460021364628823      
   24.8072637858761597325476191676661223      
   23.9715678475503010169808896014090731      
   23.1772988693041391321389429030698073      
   22.4226629675428835898767032608783929      
   21.7058094503328871266451618837335818      
   21.0248718733107382883537846980401735      
   20.3779989005924656818289248880499572      
   19.7633777360864533750782668022511631      
   19.1792503501208638752004257538940084      
   18.6239248112987146357045225636937211      
   18.0957826982387099656745969988699175      
   17.5932831090022860888574925547415300      
   17.1149644991926006199432758246768723      
   16.6594447092593061234424097398348686      
   16.2254198008530261501334315334237273      
   15.8116618633541939686871265229537750      
   15.4170162665686966934713578029402486      
   15.0403985243165939626522769573670143      
   14.6807908443655513725934552208693526      
   14.3372386708645635223963484334831460      
   14.0088470897681347406857818203075707      
   13.6947773537488880981955547356166721      
   13.3942433792218086069393693561812234      
   13.1065085871055320478899698615581493      
   12.8308826276016463677833052970031880      
   12.5667184128762289095253495870539928      
   12.3134092437827082205518816715500675      
   12.0703861515441952188584261922515914      
   11.8371153726091246023812448416941322      
   11.6130959693868534915619062601274161      
   11.3978576241830474705677478415387328      
   11.1909585580712284664983235928575413      
   10.9919836435443977415895413975544226      
   10.8005425695101574840015736080979776      
   10.6162682039342146899880870290982137      
   10.4388150132386414057727191713389728      
   10.2678576419749019774605613861055304      
   10.1030895408203417499216926193588039      
   9.94422178506264838420862022453834390      
   9.79098183662364295580434513727401080      
   9.64311251429592434463476540034547607      
   9.50037100894444509410507342133115665      
   9.36252791743579699795871144179699542      
   9.22936641185516532688611133806348530      
   9.10068142802348545215025887291187256      
   8.97627890609090448645015565696149599      
   8.85597513955201313188633562332633054      
   8.73959609598447025073849798888987957      
   8.62697681642274640086108880798157588      
   8.51796089381119598663607837486408122      
   8.41239991302045128799714591783870484      
   8.31015300604544446403110122774855803      
   8.21108636630324339409964943954456313      
   8.11507284369217131352387256598515850      
   8.02199156684322135069413493590752094      
   7.93172755701512741376350163410405512      
   7.84417139420019548088772671892914476      
   7.75921890609349808614786120044146101      
   7.67677086229122957106294079721212303      
   7.59673267133324010456282091774515112      
   7.51901418205054760186910820821948127      
   7.44352938735410105776742367281675965      
   7.37019621141555108945028821629935976      
   7.29893629116706027982836248547816242      
   7.22967479278989365126987424824516634      
   7.16234020067872938404904850584282342      
   7.09686415644999829908410408009601612      
   7.03318128435714805481741655042355668      
   6.97122904507019309114757216459629465      
   6.91094757888993121539397557085595830      
   6.85227957561211260246429299682622273      
   6.79517014300354334110239058901077088      
   6.73956668191118130111893334496088149      
   6.68541877807328446298133140874769832      
   6.63267808694894755725851766709616113      
   6.58129823924777837915622602102890694      
   6.53123473749533102787000686791764862      
   6.48244487015054192225623752896663285      
   6.43488762628115878920690523741342510      
   6.38852361152578583625882233829520494      
   6.34331497524776975295632327537483753      
   6.29922533533924983486912063430800786      
   6.25621971347762427057104390913444378      
   6.21426446853131956321104623290445700      
   6.17332723527206231578461234994741277      
   6.13337686681347282765004338014116093      
   6.09438338111198486325320894496301324      
   6.05631790745208802003073135319261241      
   6.01915263934045608976477585600442907      
   5.98286078482181100761239874664929134      
   5.94741652507636042489360362192387914      
   5.91279497092018262585096551865500435      
   5.87897212320479765654213282147951050      
   5.84592483468550089626064455148544410      
   5.81363077520114480582085533783058806      
   5.78206839568989958846962350849721733      
   5.75121689637316164850533869086948350      
