 0.14499199287322E+03
 0.14499199287317E+03
 0.14499199287240E+03
 0.14499199286797E+03
 0.14499199285118E+03
 0.14499199282264E+03
 0.14499199264393E+03
 0.14499199220181E+03
 0.14499199122568E+03
 0.14499198986381E+03
 0.14499198327077E+03
 0.14499198204316E+03
 0.14499197360985E+03
 0.14499196951728E+03
 0.14499196654811E+03
 0.14499196819326E+03
 0.14499197659000E+03
 0.14499199940880E+03
 0.14499204582131E+03
 0.14499213333283E+03
 0.14499226022922E+03
 0.14499245297373E+03
 0.14499272253105E+03
 0.14499307621454E+03
 0.14499356085620E+03
 0.14499415930076E+03
 0.14499492065400E+03
 0.14499584629974E+03
 0.14499697742691E+03
 0.14499833135643E+03
 0.14499993903870E+03
 0.14500181266114E+03
 0.14500398934354E+03
 0.14500654054020E+03
 0.14500941198733E+03
 0.14501268237918E+03
 0.14501639683021E+03
 0.14502053844858E+03
 0.14502517817976E+03
 0.14503031066654E+03
 0.14503596186818E+03
 0.14504216740921E+03
 0.14504892101069E+03
 0.14505628135618E+03
 0.14506429659286E+03
 0.14507287893304E+03
 0.14508210649249E+03
 0.14509198965390E+03
 0.14510248183916E+03
 0.14511356540759E+03
 0.14512531549501E+03
 0.14513776394225E+03
 0.14515069985272E+03
 0.14516437754609E+03
 0.14517852664899E+03
 0.14519329005404E+03
 0.14520864290783E+03
 0.14522444167758E+03
 0.14524081750195E+03
 0.14525775465408E+03
 0.14527519980390E+03
 0.14529301311738E+03
 0.14531122797699E+03
 0.14532998077734E+03
 0.14534904004428E+03
 0.14536854523127E+03
 0.14538834837404E+03
 0.14540856041753E+03
 0.14542916573714E+03
 0.14545003252088E+03
 0.14547128058998E+03
 0.14549287020817E+03
 0.14551473538617E+03
 0.14553701344467E+03
 0.14555963706868E+03
 0.14558262739816E+03
 0.14560615092898E+03
 0.14563006219318E+03
 0.14565437251413E+03
 0.14567917993272E+03
 0.14570464785921E+03
 0.14573067910310E+03
 0.14575739644012E+03
 0.14578482303781E+03
 0.14581311659726E+03
 0.14584229342173E+03
 0.14587235704715E+03
 0.14590367189140E+03
 0.14593606835520E+03
 0.14596983700026E+03
 0.14600497950282E+03
 0.14604176890560E+03
 0.14608013584336E+03
 0.14612052181363E+03
 0.14616295104296E+03
 0.14620762543933E+03
 0.14625463732427E+03
 0.14630445807045E+03
 0.14635698841949E+03
 0.14641273607743E+03
 0.14647181479096E+03
 0.14653459558299E+03
 0.14660124108607E+03
 0.14667219718312E+03
 0.14674782155091E+03
 0.14682830388436E+03
 0.14691424004376E+03
 0.14700583130168E+03
 0.14710371104346E+03
 0.14720822389041E+03
 0.14732008124107E+03
 0.14743961027714E+03
 0.14756730128320E+03
 0.14770409204548E+03
 0.14785043129038E+03
 0.14800718962784E+03
 0.14817476214131E+03
 0.14835434555660E+03
 0.14854745105453E+03
 0.14875435626897E+03
 0.14897500714968E+03
 0.14921355920526E+03
 0.14946751373498E+03
 0.14974072371322E+03
 0.15003430454990E+03
 0.15035029046958E+03
 0.15068795910679E+03
 0.15105180386317E+03
 0.15144194947464E+03
 0.15186137816378E+03
 0.15231554294349E+03
 0.15280241986169E+03
 0.15332757197963E+03
 0.15389395253443E+03
 0.15450464483645E+03
 0.15516709125751E+03
 0.15587695070576E+03
 0.15665183891553E+03
 0.15748471297309E+03
 0.15838904995055E+03
 0.15937183223832E+03
 0.16044463405001E+03
 0.16160122415136E+03
 0.16287170868350E+03
 0.16425274522452E+03
 0.16576167968796E+03
 0.16741471964462E+03
 0.16922890593952E+03
 0.17123667838549E+03
 0.17343016508665E+03
 0.17584320989946E+03
 0.17852086769709E+03
 0.18147133685844E+03
 0.18475918029870E+03
 0.18840706082254E+03
 0.19246578887805E+03
 0.19696067170597E+03
 0.20197242221832E+03
 0.20750740467097E+03
 0.21366537801079E+03
 0.22048204552565E+03
 0.22797157698332E+03
 0.23620359955718E+03
 0.24521960009005E+03
 0.25493965319429E+03
 0.26544192364582E+03
 0.27672732191937E+03
 0.28863075240869E+03
 0.30124335852349E+03
 0.31450982971636E+03
 0.32838892732372E+03
 0.34297945008795E+03
 0.35797117282165E+03
 0.37345146554882E+03
 0.38946740294734E+03
 0.40587140234602E+03
 0.42272175986200E+03
 0.43988787843634E+03
 0.45740983691066E+03
 0.47527882324665E+03
 0.49347779771395E+03
 0.51199290866913E+03
 0.53070605209155E+03
 0.54965916369483E+03
 0.56909163193560E+03
 0.58860366806638E+03
 0.60838311726298E+03
 0.62835591920707E+03
 0.64866043070245E+03
 0.66909636016499E+03
 0.68972900945442E+03
 0.71065355185485E+03
 0.73179582948543E+03
 0.75311746486430E+03
 0.77472370833176E+03
 0.79652255205867E+03
 0.81843961882041E+03
 0.84065130962677E+03
 0.86301857238651E+03
 0.88554544108461E+03
