 0.13628526479576E+03
 0.13628526479576E+03
 0.13628526479591E+03
 0.13628526479727E+03
 0.13628526480368E+03
 0.13628526482384E+03
 0.13628526487274E+03
 0.13628526497353E+03
 0.13628526516517E+03
 0.13628526552759E+03
 0.13628526623692E+03
 0.13628526765493E+03
 0.13628527044280E+03
 0.13628527567948E+03
 0.13628528496318E+03
 0.13628530047963E+03
 0.13628532502973E+03
 0.13628536201720E+03
 0.13628541540259E+03
 0.13628548963359E+03
 0.13628558956254E+03
 0.13628572036223E+03
 0.13628588745014E+03
 0.13628609642989E+03
 0.13628635305696E+03
 0.13628666323305E+03
 0.13628703303108E+03
 0.13628746874959E+03
 0.13628797699279E+03
 0.13628856476994E+03
 0.13628923960623E+03
 0.13629000965637E+03
 0.13629088381190E+03
 0.13629187179419E+03
 0.13629298422608E+03
 0.13629423267698E+03
 0.13629562967802E+03
 0.13629718870581E+03
 0.13629892413517E+03
 0.13630085116267E+03
 0.13630298570416E+03
 0.13630534427052E+03
 0.13630794382604E+03
 0.13631080163492E+03
 0.13631393510053E+03
 0.13631736160271E+03
 0.13632109833749E+03
 0.13632516216341E+03
 0.13632956945805E+03
 0.13633433598773E+03
 0.13633947679270E+03
 0.13634500608974E+03
 0.13635093719324E+03
 0.13635728245560E+03
 0.13636405322706E+03
 0.13637125984311E+03
 0.13637891159166E+03
 0.13638701677231E+03
 0.13639558270185E+03
 0.13640461576913E+03
 0.13641412149774E+03
 0.13642410462157E+03
 0.13643456917153E+03
 0.13644551857200E+03
 0.13645695574556E+03
 0.13646888322449E+03
 0.13648130326742E+03
 0.13649421797988E+03
 0.13650762943779E+03
 0.13652153981212E+03
 0.13653595149420E+03
 0.13655086722034E+03
 0.13656629019512E+03
 0.13658222421254E+03
 0.13659867377442E+03
 0.13661564420530E+03
 0.13663314176365E+03
 0.13665117374938E+03
 0.13666974860631E+03
 0.13668887601997E+03
 0.13670856701203E+03
 0.13672883402881E+03
 0.13674969102501E+03
 0.13677115354459E+03
 0.13679323879426E+03
 0.13681596571611E+03
 0.13683935505303E+03
 0.13686342941390E+03
 0.13688821333099E+03
 0.13691373331793E+03
 0.13694001792359E+03
 0.13696709778198E+03
 0.13699500566069E+03
 0.13702377651434E+03
 0.13705344751779E+03
 0.13708405812850E+03
 0.13711565011261E+03
 0.13714826760485E+03
 0.13718195714164E+03
 0.13721676771458E+03
 0.13725275081203E+03
 0.13728996046743E+03
 0.13732845331011E+03
 0.13736828862116E+03
 0.13740952838134E+03
 0.13745223733202E+03
 0.13749648304093E+03
 0.13754233597083E+03
 0.13758986954408E+03
 0.13763916021315E+03
 0.13769028756853E+03
 0.13774333439868E+03
 0.13779838679721E+03
 0.13785553431317E+03
 0.13791486990302E+03
 0.13797649026809E+03
 0.13804049584333E+03
 0.13810699096096E+03
 0.13817608405248E+03
 0.13824788773962E+03
 0.13832251902897E+03
 0.13840009954836E+03
 0.13848075570475E+03
 0.13856461891523E+03
 0.13865182582698E+03
 0.13874251860796E+03
 0.13883684518637E+03
 0.13893495956456E+03
 0.13903702214865E+03
 0.13914320007109E+03
 0.13925366757848E+03
 0.13936860639968E+03
 0.13948820619252E+03
 0.13961266507768E+03
 0.13974219000061E+03
 0.13987699740831E+03
 0.14001731376781E+03
 0.14016337618174E+03
 0.14031543316838E+03
 0.14047374526558E+03
 0.14063858597488E+03
 0.14081024252358E+03
 0.14098901689265E+03
 0.14117522677659E+03
 0.14136920673863E+03
 0.14157130942324E+03
 0.14178190689524E+03
 0.14200139212019E+03
 0.14223018017602E+03
 0.14246871058642E+03
 0.14271744873033E+03
 0.14297688804442E+03
 0.14324755229073E+03
 0.14352999791627E+03
 0.14382481683439E+03
 0.14413263942242E+03
 0.14445413763882E+03
 0.14479002879783E+03
 0.14514107928540E+03
 0.14550810921743E+03
 0.14589199690769E+03
 0.14629368445836E+03
 0.14671418348381E+03
 0.14715458152188E+03
 0.14761604949427E+03
 0.14809984939487E+03
 0.14860734315492E+03
 0.14914000249688E+03
 0.14969941942190E+03
 0.15028731861195E+03
 0.15090557036450E+03
 0.15155620477453E+03
 0.15224142850408E+03
 0.15296364212799E+03
 0.15372545924741E+03
 0.15452972806681E+03
 0.15537955373046E+03
 0.15627832347110E+03
 0.15722973279967E+03
 0.15823781324878E+03
 0.15930696154308E+03
 0.16044196881633E+03
 0.16164805000701E+03
 0.16293087165337E+03
 0.16429657656251E+03
 0.16575180364284E+03
 0.16730370048843E+03
 0.16895992342556E+03
 0.17072862451941E+03
 0.17261842768595E+03
 0.17463836155431E+03
 0.17679778547274E+03
 0.17910627422103E+03
 0.18157346814141E+03
 0.18420888831764E+03
 0.18702171456073E+03
 0.19002053233484E+03
 0.19321305424078E+03
 0.19660582977147E+03
 0.20020392712435E+03
 0.20401077865663E+03
 0.20802787028636E+03
 0.21225446668367E+03
 0.21668782012962E+03
 0.22132301959765E+03
 0.22615316447330E+03
 0.23116958935471E+03
 0.23636215869723E+03
 0.24171960796964E+03
 0.24722990193620E+03
 0.25288058007713E+03
 0.25865907013780E+03
 0.26455295444681E+03
 0.27055017913612E+03
 0.27663920951023E+03
 0.28280913574160E+03
 0.28904973228955E+03
 0.29535148300726E+03
 0.30170558022288E+03
 0.30810390177089E+03
 0.31453897895230E+03
 0.32100395221518E+03
 0.32749252737360E+03
 0.33399892679023E+03
 0.34051784407584E+03
 0.34704440004521E+03
 0.35357410106681E+03
 0.36010280230431E+03
 0.36662667196115E+03
 0.37314216142730E+03
 0.37964597667882E+03
 0.38613505334695E+03
 0.39260653533972E+03
 0.39905775465555E+03
 0.40548621430297E+03
 0.41188957204333E+03
 0.41826562968364E+03
 0.42461231751317E+03
 0.43092768568807E+03
 0.43720989485072E+03
 0.44345720744827E+03
 0.44966798114405E+03
 0.45584066208889E+03
 0.46197377850812E+03
 0.46806593692594E+03
 0.47411581699009E+03
 0.48012216780318E+03
 0.48608380399493E+03
 0.49199960300593E+03
 0.49786850220416E+03
 0.50368949651175E+03
 0.50946163568241E+03
 0.51518402260337E+03
 0.52085581175003E+03
 0.52647620682995E+03
 0.53204446004063E+03
 0.53755987004359E+03
 0.54302178095075E+03
 0.54842958122231E+03
 0.55378270212351E+03
 0.55908061731412E+03
 0.56432284119900E+03
 0.56950892859694E+03
 0.57463847331484E+03
 0.57971110742775E+03
 0.58472650068566E+03
 0.58968435927046E+03
 0.59458442529807E+03
 0.59942647588929E+03
 0.60421032226678E+03
 0.60893580927108E+03
 0.61360281357594E+03
 0.61821124554794E+03
 0.62276104485782E+03
 0.62725218213260E+03
 0.63168465731464E+03
 0.63605849930981E+03
 0.64037376468199E+03
 0.64463053734818E+03
 0.64882892755414E+03
 0.65296907091992E+03
 0.65705112798278E+03
 0.66107528321734E+03
 0.66504174424098E+03
 0.66895074104030E+03
 0.67280252524715E+03
 0.67659736913702E+03
 0.68033556510054E+03
 0.68401742468117E+03
 0.68764327787221E+03
 0.69121347228728E+03
 0.69472837244700E+03
 0.69818835891185E+03
 0.70159382766796E+03
 0.70494518922847E+03
 0.70824286801724E+03
 0.71148730158917E+03
 0.71467893985269E+03
 0.71781824446389E+03
 0.72090568802497E+03
