   305.833180578303937092587233033696728      
   305.833180575022340737581358857491305      
   305.833180532493682552876769675744081      
   305.833180317415642248021071425271435      
   305.833179632392474606900637713402025      
   305.833177969232262644846303331003361      
   305.833174579617336740321073246248757      
   305.833168435966822020983390518042706      
   305.833158097792574077757816884530062      
   305.833141311978921597648638324317169      
   305.833114152912262155117423686462589      
   305.833069624130483279744658188284982      
   305.832995839476813135638628875868287      
   305.832874054572463233133451863236974      
   305.832676856786172450900469085548685      
   305.832366754670400446039762075451730      
   305.831895289979133924520175129163962      
   305.831202679250376521474522876471442      
   305.830217907938193700860849544515044      
   305.828859156530342462779731076938155      
   305.827034429363777117903748641798968      
   305.824642271753562221539436112823377      
   305.821572488334487527442001963929494      
   305.817706806470077100530169055413641      
   305.812919457566793988158801111253996      
   305.807077673117900216524921996237908      
   305.800042110087200550913712546506360      
   305.791667231756148439217608084067571      
   305.781801675954529358991608249948606      
   305.770288643554661886505126764368725      
   305.756966337258898487868549864097739      
   305.741668475118887250544941446199832      
   305.724224895928740211439179128409500      
   305.704462265576714073039705960881036      
   305.682204885425987164508274551533134      
   305.657275596457738140825279923136045      
   305.629496766697092189399309510094673      
   305.598691344621772078303674822519441      
   305.564683957928763967217720078914947      
   305.527302035177435104591257345748185      
   305.486376927310187856452720186563274      
   305.441745006680292776035309588128634      
   305.393248722763551123793606297991514      
   305.340737595958944875324941899268979      
   305.284069133567759055099100273466949      
   305.223109654976685525742800021499889      
   305.157735016088252725758482908294351      
   305.087831226001560723800731939440867      
   305.013294951743116388364815522348362      
   304.934033909409276942131252165250471      
   304.849967142362761492509993261360448      
   304.761025189090280370808303353689322      
   304.667150144994869553650202614830646      
   304.568295623737858509532528108594023      
   304.464426624807648915574089548866568      
   304.355519314781519260493284198001332      
   304.241560730282276025887262530083884      
   304.122548410976676956053460667115905      
   303.998489971101318398928213293223963      
   303.869402613543131150112707186983299      
   303.735312620111786864494078897975731      
   303.596254765604005016851167688921114      
   303.452271740501632137858916846207635      
   303.303413534138918702471615912805849      
   303.149736806394298190488602337259298      
   302.991304250758961917859405903769486      
   302.828183954676985910615204858367871      
   302.660448762349169497084045420150399      
   302.488175644365765052447618453136990      
   302.311445078732870242264373116877458      
   302.130340446548561189986022063904199      
   301.944947445468022194059787310910543      
   301.755353523609100437161652703329440      
   301.561647335884197219652729977443239      
   301.363918224373821612846692518961347      
   301.162255724326159670039449570258609      
   300.956749096269345235799890448278137      
   300.747486884612097718113268328223688      
   300.534556503778293928772499266968693      
   300.318043851422575201680810772696377      
   300.098032947210666380991585242616801      
   299.874605598759183624086466824834958      
   299.647841093127051617912626702367876      
   299.417815911425776193260796845987619      
   299.184603469420727773484657176727248      
   298.948273877900060512086072205191727      
   298.708893726756142830903486842630020      
   298.466525886438142798353763470581810      
   298.221229331282316774879224784289543      
   297.973058977590766228579179472207281      
   297.722065538178209876811327751836520      
   297.468295394157706987230086799775959      
   297.211790475540395865691365938517324      
   296.952588154705229263001167836925866      
   296.690721160662965457984696995584744      
   296.426217479211642036913035151683579      
   296.159100291972004793999535751203086      
   295.889387891255877105961843775084106      
   295.617093629947169087169847371432151      
   295.342225847338911122488518411646624      
   295.064787822156988308981331242402762      
   294.784777714010898251887937687523030      
   294.502188512737357199198535192234983      
   294.217007978561400708953055774343048      
   293.929218598493091641831438256563365      
   293.638797527147451971590873814322846      
   293.345716525168429763351869890925253      
   293.049941896812144508101849150597679      
   292.751434431306615819832817460737590      
   292.450149335665937180970621635887818      
   292.146036138471332694565531483378749      
   291.839038627205498552001569198933101      
   291.529094750279875520608952721891517      
   291.216136511910154206916554977749236      
   290.900089870164703029658155685591634      
   290.580874610799559564484639635472097      
   290.258404232487994948250366852153528      
   289.932585737467252511247966196991569      
   289.603319674572272474995367974760113      
   289.270499694992117970966985983498818      
   288.934012570066642905485007723574810      
   288.593737897066662846262808447286129      
   288.249547921270059527473218175829612      
   287.901307288822413173671973813646918      
   287.548872819352576420361453544484868      
   287.192093197014733738096272475650402      
   286.830808681160052081205654891873478      
   286.464850798307841617651898303297426      
   286.094041975780438485153570810480885      
   285.718195205676570803820226513607569      
   285.337113569207690606583897584840522      
   284.950589876276625061131099235352548      
   284.558406170004971884827793738746224      
   284.160333201650334675146409308752063      
   283.756129894509450848044362506358017      
   283.345542753618842488644198007191084      
   282.928305216362751019253833062184470      
   282.504137007969034803330514075847350      
   282.072743326123884209447432107636074      
   281.633814121622398543080146482851230      
   281.187023179149920489844410839298400      
   280.732027188271188692373683940682837      
   280.268464747684642968095722655566461      
   279.795955271587826498220403229423545      
   279.314097779694301315683401323112306      
   278.822469642488818440732846932091601      
   278.320625198149458843734870003733402      
   277.808094249616219730115241788088632      
   277.284380374638397048691392605153148      
   276.748959205200748126809597908600111      
   276.201276531117435594469952146915514      
   275.640745991016269418997275897212997      
   275.066747437941873433262301870769333      
   274.478623563395980627356779848851384      
   273.875677786397937974831161778182284      
   273.257171163723215390538836286880080      
   272.622319198342695851669399243363545      
   271.970288304851724609559412443979959      
   271.300192025927140671571366046621564      
   270.611086844994619204533338529567326      
   269.901967803219237057059749494460653      
   269.171763213850184016524177855966211      
   268.419329424252328916422251406505116      
   267.643444820197924523700113363975063      
   266.842803565231109419741317195094408      
   266.016008150792034929738853834177338      
   265.161561873462234210746307532946268      
   264.277860641044782047494867931808690      
   263.363183332340835658475285393917034      
   262.415682518554057917729487909567143      
   261.433373265349368065428403756580935      
   260.414121700992646778124944528705232      
   259.355632976070692827021869180017710      
   258.255437283003821361762080522048032      
   257.110876429732966840710100920250312      
   255.919089982182131515224780555365574      
   254.676998401333991207911766821116346      
   253.381289366069934912369590685631203      
   252.028401835957370554511976538508037      
   250.614512140792752052892900845265845      
   249.135521206268379273675779430255159      
   247.587043767082472221978231766395569      
   245.964403135590967156378740654709410      
   244.262629569180486853358311758985533      
   242.476467276840712697702073612859213      
   240.600392534984586729105780303885691      
   238.628643159107224884057587450310037      
   236.555268183971872922528234480547023      
   234.374195985238768447196953761341148      
   232.079328502304939399546635619241468      
   229.664667547178090319937853355865976      
   227.124465898683821456265337908982604      
   224.453429839312397387128577276641573      
   221.646931308301280060688149758199319      
   218.701274171086865303354657706532982      
   215.613973570669384874611131210673906      
   212.384051201483048382747404746267254      
   209.012326176580851069026101068825771      
   205.501684850969743728962576531064179      
   201.857291513365742961680049151320696      
   198.086785974005701250930697424130722      
   194.200296068794941357143920202349582      
   190.210422306087174250246859662440715      
   186.132064904908166727341510239622045      
   181.982237645589174886987873726641155      
   177.779261140326498158154505160537417      
   173.542801392831511531457035210789870      
   169.292954476011235751344979376374298      
   165.049722851257627833704523179551209      
   160.832431949066770517473267352865592      
   156.659207831662774384862375531917231      
   152.546551158954449106087162029431261      
   148.509028064266646244518475638361284      
   144.559082532153145576369174561160610      
   140.706971774426292438455609204057011      
   136.960799105906682792103131364321319      
   133.326628306549109370826639742465232      
   129.808654963624330717936956929031124      
   126.409412417592316837644204698600051      
   123.129993695430371205050316057978301      
   119.970272303019741298202104354878012      
   116.929114554922700012659369805964257      
   114.004574677659306615402700497072724      
   111.194068618619088185258419306455435      
   108.494525692669722126960858936282392      
   105.902519274645807338343936324663460      
   103.414375434961658658961481299038325      
   101.026263117724416292365341228274064      
   98.7342678934812728336399716257657385      
   96.5344509355567964319620803465383748      
   94.4228955450362997588873165555768498      
   92.3957431249275670424643730063450467      
   90.4492212138802962956255585209702305      
   88.5796633093507339641138037403399819      
   86.7835235932851141860212859441286206      
   85.0573867815343109006008283561864744      
   83.3979741444010679044976546833940922      
   81.8021468397522293283050985643608586      
   80.2669059892755825333973888432447976      
   78.7893926475077379843879798365818674      
   77.3668847600602116711445943397277819      
   75.9967938853957280824165580282453575      
   74.6766611978407121097574176756272177      
   73.4041526042854827167074860905392595      
   72.1770539349752121796888076876908184      
   70.9932656999551632590240239449549709      
   69.8507978450431949350111961309132816      
   68.7477644176903123880208355801802593      
   67.6823783872589447981927292156540585      
   66.6529466126473341754890451142323141      
   65.6578648276095126295571081978853759      
   64.6956128600798468112440046564776875      
   63.7647500382771033192747873416287894      
   62.8639108555655915914685053026932952      
   61.9918007486601086707583764388184798      
   61.1471921178692404098432849439144892      
   60.3289205276178054190739796374435351      
   59.5358811900314407966151728032296147      
   58.7670255135845705238003935763668851      
   58.0213579909541174697057501151951903      
   57.2979331168486459588902469659061060      
   56.5958526151228508660753891363527303      
   55.9142627111020971751695130509580924      
   55.2523516773286498974152163482083084      
   54.6093474075039182919728084015274553      
   53.9845152503140440729733588361521596      
   53.3771558947714089569509606285234430      
   52.7866034131388835312426053661573733      
   52.2122233892849834190815999335631790      
   51.6534112370114691377230361469593118      
   51.1095905367179792662102604385486369      
   50.5802114837362974011885530502608421      
   50.0647495035956240022851022301065133      
   49.5627038971121766406535942888822574      
   49.0735963936477915445348707726786017      
   48.5969702469729797173960130971722727      
   48.1323889299330946450216046439780578      
   47.6794350742227732440801958936372292      
   47.2377095335592938404694684439367109      
   46.8068303930081406377721688481191731      
   46.3864321276114854613737320340780863      
   45.9761647403186232654977012426599674      
   45.5756929872489505795945906684800848      
   45.1846956419404214066097706336006018      
   44.8028647903812910247058475432991465      
   44.4299051735437661700978818582478700      
   44.0655335787442200696407511070934245      
   43.7094782376415436088352444436975372      
   43.3614782793433320079966117989711144      
   43.0212832088597815318909808645630349      
   42.6886524142473218165919343373391236      
   42.3633546947834436512517415507192903      
   42.0451678205722494398587024315238008      
   41.7338781166976038867360253999766457      
   41.4292800700346022718170460989817142      
   41.1311759501852327293082091160979063      
   40.8393754544033404719392692478428416      
   40.5536953788604659170138055137372051      
   40.2739592914506366395628018691903294      
   39.9999972350931173144104278098389737      
