   482.989325854482766625225197452827150      
   482.989325854498234655481154983509087      
   482.989325855059819086560773405629421      
   482.989325860516629894659871621309713      
   482.989325887322284515814506978045416      
   482.989325967435644092579296817248483      
   482.989325968950923145095324976474416      
   482.989323869000587490727192199016610      
   482.989307850192948670154369860147145      
   482.989234838319703637110355345744296      
   482.988991240619911306387791957786053      
   482.988340383513761375335211079791607      
   482.986868773418214889554243978201639      
   482.983944755005546225201145741886703      
   482.978698901874597822102170564240855      
   482.970029030597576030242539440321438      
   482.956627172603875508181276245048836      
   482.937022557309722253619765095670988      
   482.909633640881302770780814252721754      
   482.872822787406495634769855194552744      
   482.824948608071898470215159274240825      
   482.764412594922411719311373198662747      
   482.689698184370748393361115701440097      
   482.599401580038044087026188013326157      
   482.492254511354351936536576399708495      
   482.367139633494643292420629256555839      
   482.223099548704288446290881436309236      
   482.059340516783607892318049613153788      
   481.875231889694152299419754367645324      
   481.670302203286937980880261404336214      
   481.444232724834675018853733656376352      
   481.196849117091009520183637922685449      
   480.928111752163465853684339519008779      
   480.638105099103259925581109155814078      
   480.327026520881246846348073511922154      
   479.995174747616421981755512928820452      
   479.642938240845000449165643618697051      
   479.270783624800908862709631326844663      
   478.879244330883268766543972943721254      
   478.468909578975086466060984328397260      
   478.040413799898316083964520553932364      
   477.594426587293500494623417735969592      
   477.131643251730241867632670737881691      
   476.652776035447002813551964326674574      
   476.158546032421860829655251737495841      
   475.649675843928301001360258264191640      
   475.126882987759385772556434675355389      
   474.590874066191030545241227776139532      
   474.042339687127284965991057704908990      
   473.481950121684874989936208611420063      
   472.910351673297815650757656373833245      
   472.328163726103949302338218229296793      
   471.735976432949168737324371116999125      
   471.134348999569096251386945502224269      
   470.523808517946211572478099649444597      
   469.904849298838311199653277842781817      
   469.277932652487220433128834239884438      
   468.643487067243297438783201058935909      
   468.001908731640493133684115187530530      
   467.353562369028050358609780205286133      
   466.698782295503527476993567206712355      
   466.037873710066087108450455122933598      
   465.371114136285069859784544188051516      
   464.698754992296904508015892313317628      
   464.021023250220458969658406073246927      
   463.338123153235973944024418956148672      
   462.650237962035235042433993697253818      
   461.957531703827812690812932794748627      
   461.260150903194347368463779148578770      
   460.558226274780390014995026516035180      
   459.851874361346198859005580870456572      
   459.141199105396800785477083915660531      
   458.426293341977250064495825943172538      
   457.707240204944025437858336837267582      
   456.984114441461707313801060141530243      
   456.256983628578195381830429874342537      
   455.525909291119020209843673151886665      
   454.790947919514820145374479058517059      
   454.052151887476433771860439436323123      
   453.309570272036948515361561450884322      
   452.563249578315283475334433624598059      
   451.813234370151162148219964817863155      
   451.059567813484288752617770519382124      
   450.302292134554796344130268571297782      
   449.541449001586123435497673005703892      
   448.777079829460881462688751910631890      
   448.009226017721767738515101274805931      
   447.237929121686059129220936150789056      
   446.463230971174054388079105730851087      
   445.685173728777252475918616929097903      
   444.903799900059521394597352570987651      
   444.119152308143615483634923793621281      
   443.331274023308699759063296535686690      
   442.540208261071506895001641191832281      
   441.745998251951833422754978743051404      
   440.948687084173656818864874482192767      
   440.148317504923212958980354191219663      
   439.344931740205269028358509970343667      
   438.538571268263025430477964265375567      
   437.729276598337215635456382593502326      
   436.917087019834919491214973496467987      
   436.102040364046419172852195080658415      
   435.284172754484233857148568429334129      
   434.463518321977141041312698301546537      
   433.640108957787828897932248534982019      
   432.813974051724672695513552491716153      
   431.985140247652691016945825783755348      
   431.153631139130843661878460554999718      
   430.319467003612567057833606860320295      
   429.482664568568008779923020713237217      
   428.643236790946346030624197169734677      
   427.801192492606666580800171779304932      
   426.956536145531790216363545993694689      
   426.109267678876135709633860653013216      
   425.259382197003908922415581090237060      
   424.406869601319247478376887346456277      
   423.551714507502790133338774733822054      
   422.693896069702170989670970873798794      
   421.833387366850901800533538841740492      
   420.970155514843965172477391068193631      
   420.104161294323316107926937814975390      
   419.235358806096478173583987419223661      
   418.363695326201387170335374139701842      
   417.489111074716672531694830650281928      
   416.611538752514709338292333130990699      
   415.730903568405487671530117336408863      
   414.847122595765862075090227408080605      
   413.960104860578809908206915382291361      
   413.069750713821111555806058010432642      
   412.175951824057817162101260247872146      
   411.278590465237575968284529666891931      
   410.377539642649551163067073141345292      
   409.472662261107322985159091750105438      
   408.563811196892877126547620892827784      
   407.650828539200896443788182867889171      
   406.733545319189005162509529179398972      
   405.811781206706947218286987617863388      
   404.885343772668380332006791770107064      
   403.954028075481173618797764025903333      
   403.017616192147642311122904004037053      
   402.075876705853190401083067019225781      
   401.128563968690405990778871157132705      
   400.175417371474898654792595934247736      
   399.216160876025035522780568399109778      
   398.250502241583394005493581016406395      
   397.278131967941983989556443187392488      
   396.298722779806629658768504215231871      
   395.311928490243532379105846393609423      
   394.317383143304155238375908017059399      
   393.314699905734803626988613905191233      
   392.303470069264124160426859985906197      
   391.283261491804647329070156955474255      
   390.253618099596094154822301740619856      
   389.214057520730441931520101234624102      
   388.164070316522540334327736823884271      
   387.103118264386293603533517556349020      
   386.030632590642760783029137858063266      
   384.946012363098844784575496027451365      
   383.848622488999499874048512513153513      
   382.737792033996164686350291147938475      
   381.612811922605804580806200388411188      
   380.472932691937491189304118208516569      
   379.317362526910190503369452417307573      
   378.145265037014890779631726013604611      
   376.955756353652592105079839889311882      
   375.747903482987550528710477456782459      
   374.520721631783918346481729400162342      
   373.273172282954142396071828373997334      
   372.004160735322903368861678282906798      
   370.712534822052977533676536117245065      
   369.397083419896463338296123472121461      
   368.056536003996897465849081242160004      
   366.689562924856298980818174390576214      
   365.294776214191593701984386690503905      
   363.870734315612363864445590513294830      
   362.415945307235773729314713710912615      
   360.928876039802772210333149115009564      
   359.407963429655956352504618269636800      
   357.851630512100739425648803835955486      
   356.258308837375998645943860714485425      
   354.626467445278464850907336228829408      
   352.954651998648500502660869081376363      
   351.241535059204348524434870291807795      
   349.485980803789070869841011718764441      
   347.687126412297553324519539828932912      
   345.844484660659717409116431564121979      
   343.958070465777386405936358653036538      
   342.028554126453456564201585066816507      
   340.057445427401166704750207509247856      
   338.047311877771707292456958063057332      
   336.002023966993113692183377850007701      
   333.927028629274405844358957684016362      
   331.829667718890126429295751577139901      
   329.719451496794333998984197045680141      
   327.608371690514142503849516040269708      
   325.511146965128570845629207430053799      
   323.445397943115127093865613834222947      
   321.431707147158351038693029146012429      
   319.493523700087885831349468576402961      
   317.656849378058402280863953687950702      
   315.949841391584803713327256308807675      
   314.401982186318366433341071621091648      
   313.043261164741251891507999700130537      
   311.903288089246908296277196910422821      
   311.009683888140981032674053729525410      
   310.387800404452984852355891700479974      
   310.059365954287803198887186764684763      
   310.041907026459769583508504533339759      
   310.348320114856315478465440962680626      
   310.986713862486542082785749271574087      
   311.960505679950425328850699109465876      
   313.268730349538786556725121538258931      
   314.906505356362719775219157088765135      
   316.865595088626129282279608811108819      
   319.135016297375065619848869638274196      
   321.701643923352728610249069681421945      
   324.550781084880594563517958147073336      
   327.666671239895159598124889152655669      
   331.032942321680095190260842738129601      
   334.632977769518560792788209266613315      
   338.450216628812985336656227834880470      
   342.468387283536193093861598346621820      
   346.671684298569545144069536234166341      
   351.044894600683635601788790005169520      
   355.573484108423003655112143202614233      
   360.243648399028279915904611530948913      
   365.042338645774561856095083659562347      
   369.957267893029227653907487376365113      
   374.976900768175725400511253099644026      
   380.090433317627269032932634674544733      
   385.287763704081177301986475775327229      
   390.559459720616396061926861302970381      
   395.896722234014354181272213407903302      
   401.291347857793873284572476701848511      
   406.735690266433953894062041266677207      
   412.222623717462942579892484702445210      
   417.745506842778925332702223771263045      
   423.298147851754044255984061919122274      
   428.874773577615769425588678373948319      
   434.469995560468088604821416453673882      
   440.078784690152623098099066609525210      
   445.696443682318585110399855358981196      
   451.318581750216212613245540190381925      
   456.941093024690231473528940887088394      
   462.560135453426269607818720808571896      
   468.172111880903974110951390543437510      
   473.773652031345976224343856822377059      
   479.361596969007767327377154698813103      
   484.932984487907689010656569169040977      
   490.485035723598966606851505044619544      
   496.015142394881550585449558741048480      
   501.520856398346665285784655882403972      
   506.999879385833034192666003782378334      
   512.450053043178923556867004906863145      
   517.869351161264863968965835921799618      
   523.255871086530039731298254580625243      
   528.607827684098998752711502850370826      
   533.923545584193059969765009850523508      
   539.201453853742079207917640312972470      
   544.440080662072450429429482091941867      
   549.638047169912935490472193364344382      
   554.794064203855488099484857091475033      
   559.906926722612306792046383070078588      
   564.975510801862863146466931547123912      
   569.998769087960965319661470044083787      
   574.975727760111847530892927869113602      
   579.905482929986151723928262918648373      
   584.787198643749519155927737209336063      
   589.620102631915025620761543158516059      
   594.403484740505885959772138963988336      
   599.136693839534586578739098592599869      
   603.819136052563588677411024117424763      
   608.450271728160414354685773683434572      
   613.029613767041932561556352597447682      
   617.556726476734186699638416691677738      
   622.031222253550706375940118924449870      
   626.452759443762671120566119464035395      
   630.821042661946744699273841866716104      
   635.135819297646664569616291295985393      
   639.396878811918735000878724471101883      
   643.604050124378275040063034133083440      
   647.757201745448947412849974874449893      
   651.856238659884147624430624157830591      
   655.901102114284320649127038257344683      
   659.891767208284182720327749584917927      
   663.828242690758172362979495273588584      
   667.710568572780076537859496982549044      
   671.538815585096101270736003075081024      
   675.313083786113131549463970322246220      
   679.033500874446108064373073962725481      
   682.700221870975804657628859335216497      
   686.313427180536168203849079940344860      
   689.873321833209364185676999120837122      
   693.380134605608173907566996563116235      
   696.834116248763313051581106105625513      
   700.235539255207467016949930920917866      
   703.584696239764984506169431826674466      
   706.881899244218759662373997538554918      
   710.127478696895707752133540012886439      
   713.321782352772428421102470037972243      
