   6.91360382032448847522976250442333937      
   6.91360382032448897452856100055816334      
   6.91360382032452743201328781372421293      
   6.91360382032516444341181800519017884      
   6.91360382032990751712095170071618119      
   6.91360382035170981779289177470883299      
   6.91360382042467998402730095069099692      
   6.91360382061958405575427361934744943      
   6.91360382105548862151168506280132829      
   6.91360382188595357240718513994417038      
   6.91360382321898980226622464226976647      
   6.91360382491702757131621606074041865      
   6.91360382622650346021712795711850621      
   6.91360382520635179001552174180271350      
   6.91360381795271752165723629070898169      
   6.91360379764466425565518689819353411      
   6.91360375345691108674570068426727264      
   6.91360366939923738907505967007402779      
   6.91360352314906138947934561031408373      
   6.91360328494557376486055656282820386      
   6.91360291661219057924771017917380035      
   6.91360237076949463192409896952752139      
   6.91360159029288972253550096463824715      
   6.91360050805799594008967222060000579      
   6.91359904700140707429605266670513506      
   6.91359712050666891453658766881420025      
   6.91359463310518921131483966503529646      
   6.91359148146267600856912014965090018      
   6.91358755560452915804127328585554644      
   6.91358274031974924891999065041134223      
   6.91357691667543652456413972241569337      
   6.91356996357066741009287968782746705      
   6.91356175926102433288892740584521451      
   6.91355218279173153727100278508498103      
   6.91354111528732716523798348274890288      
   6.91352844105768674747932416198544525      
   6.91351404849305655839173810066723884      
   6.91349783073310937490301967637791486      
   6.91347968610679339227721175717085279      
   6.91345951834915954995702755669578501      
   6.91343723660977445830189847706037710      
   6.91341275525192102363354348328893061      
   6.91338599358511777338306064488487476      
   6.91335687527837538368765070134947910      
   6.91332532783367560897666960489495468      
   6.91329128189492677005022623906298184      
   6.91325467051301195561963740203112458      
   6.91321542837412611019680162055891269      
   6.91317349101137823390534025063102608      
   6.91312879401650075063759591429162086      
   6.91308127226547294765971093180385261      
   6.91303085916902879886110783036332558      
   6.91297748595642958341163528145483960      
   6.91292108099776290644648505615633530      
   6.91286156916860347557909269514296038      
   6.91279887125844596998087846287863747      
   6.91273290342254310163985258600003244      
   6.91266357667626306500778642004433996      
   6.91259079642868094719187041409085388      
   6.91251446205347008874576966226565277      
   6.91243446649120071170410070882962704      
   6.91235069588109296527517854688222796      
   6.91226302921601743932676016848932186      
   6.91217133801731229209322818947833973      
   6.91207548602550260139207245481374137      
   6.91197532889894088138371872302733629      
   6.91187071392296990022183129945503695      
   6.91176147971777768167264845752928140      
   6.91164745594785527602497707286883863      
   6.91152846302785678922595963417938036      
   6.91140431181687229872253914875296262      
   6.91127480330862831020896160943435576      
   6.91113972830423050720765127552846576      
   6.91099886707488048581257615127092296      
   6.91085198900010682794887164715532005      
   6.91069885219896410749994714426148110      
   6.91053920313289738925941518194377570      
   6.91037277618347853198575300714967522      
   6.91019929321793104507295935423820520      
   6.91001846313038702664746403944396517      
   6.90982998135963947381418731106953457      
   6.90963352936789401106972376628891925      
   6.90942877409447331369864081682421518      
   6.90921536739545591334983949997784073      
   6.90899294545163703502102218974426238      
   6.90876112814187782471224109191427145      
   6.90851951838431180239875667981978416      
   6.90826770146130579894292851691255128      
   6.90800524431847238716653024572068814      
   6.90773169474473234294656232898266048      
   6.90744658062058228454645006243707922      
   6.90714940909639540661483428566551033      
   6.90683966572642923381759274497575691      
   6.90651681359395768150115183419955125      
   6.90618029237378494380642222240567811      
   6.90582951725891918952342008236196625      
   6.90546387794288571971332580540594877      
   6.90508273746123884283429795058840385      
   6.90468543154267733905582770272237989      
   6.90427126668064714918198016618843051      
   6.90383951937619301987944132595489041      
   6.90338943485779882116516570806712972      
   6.90292022535854042626464293790022908      
   6.90243106894405986203840071840431581      
   6.90192110796483876533451883682738192      
   6.90138944778942244564271810924133340      
   6.90083515459133136039346733370564725      
   6.90025725372201491200509665614359446      
   6.89965472845628312509942871978052855      
   6.89902651787193477831827064060460063      
   6.89837151395352629371623216544490845      
   6.89768856078420068724229242639233194      
   6.89697645213155321099454516770009720      
   6.89623392829218364074109575758070215      
   6.89545967402047222679788138937282056      
   6.89465231734886405817496898539318426      
   6.89381042408572911433681344531149161      
   6.89293249841718847326507517003118830      
   6.89201697692760044787037114325578121      
   6.89106222782582177101094393431297267      
   6.89006654578016386975087595927436370      
   6.88902815053297655455297729134086261      
   6.88794518119212759251520746094761755      
   6.88681569470187109132780142691995147      
   6.88563765955021970212763220070963733      
   6.88440895407826360336442334798024011      
   6.88312735997426221907287548278248871      
   6.88179055970006098906151180238540233      
   6.88039612996471277960281875455369639      
   6.87894153802223337604154263397892831      
   6.87742413503573974796841495790221805      
   6.87584115267580834286799254883702238      
   6.87418969581473461214455592335839018      
   6.87246673601340461879798527609679971      
   6.87066910681501096257224666012335259      
   6.86879349632813597495463030742034561      
   6.86683643993654320049009589318882144      
   6.86479431331330913722004713919073839      
   6.86266332576653065397614058024974419      
   6.86043951079988296588024190232323273      
   6.85811871855719015703242874399694436      
   6.85569660661084652824049182779938506      
   6.85316863307987739254839057500594961      
   6.85053004386557270690444216679121555      
   6.84777586524700663836193743706458846      
   6.84490089355810429633085382272505710      
   6.84189968417409632346150354374912650      
   6.83876653986160670005809995350853171      
   6.83549550093996759750811275663166084      
   6.83208033222801982504836733183239583      
   6.82851451343957269342254870602425480      
   6.82479122429647376719110723632049770      
   6.82090333274221880472102496658050919      
   6.81684338311122631227779952584154561      
   6.81260358264126151717309104175015609      
   6.80817578854568867865512938117103215      
   6.80355149553470570575730168330182031      
   6.79872182314165336781602836318533931      
   6.79367750338686903354061792280438726      
   6.78840886932435359091953585607848202      
   6.78290584411356946381267168401791015      
   6.77715793128379590678840964464758198      
   6.77115420666528148681996756216811292      
   6.76488331172959289362977380820496537      
   6.75833345080260623456863452059401006      
   6.75149238815074982208807383195449052      
   6.74434745014237005308408864770151650      
   6.73688553611600502237172950557179368      
   6.72909312184352635099726044574040201      
   6.72095628324931041595152860787915829      
   6.71246071543529757757032201343409359      
   6.70359176355568741879934289932895492      
   6.69433446111914812639886239667944091      
   6.68467357093253668089459312823481213      
   6.67459364113949347376008305792555178      
   6.66407905846287115455592983028879740      
   6.65311411322003136623791671228173890      
   6.64168306017841951779799186218691634      
   6.62977018144784555517626109301473712      
   6.61735983877696266545793723975232406      
   6.60443651263965418847530078700323055      
   6.59098481960013398139631859893810853      
   6.57698949876341837414376971411549261      
   6.56243536842766461210708400534104359      
   6.54730724205677835863329344820244384      
   6.53158980303228195377894627707773736      
   6.51526745508846386054311741393160055      
   6.49832415309243170647287393116904650      
   6.48074322606824026166348892637513844      
   6.46250722741952736443239737651437532      
   6.44359781472444951170313987609147881      
   6.42399568340475888341383331384603134      
   6.40368055653690234467342376901302938      
   6.38263123333310043644805955399869468      
   6.36082568627009191752383098720827724      
   6.33824119791973900803931184949540734      
   6.31485452344784617410256283306939271      
   6.29064206248982858167448213003622618      
   6.26558003393475894034834555349195689      
   6.23964463743600071539894711512781207      
   6.21281219991429569269210020658793543      
   6.18505930015291298738237102869445534      
   6.15636287173426111620350572976255366      
   6.12670028149567022940609303582451863      
   6.09604938804448498658282797710375257      
   6.06438857943288174263256008953916654      
   6.03169679495367896673302499880982124      
   5.99795353215376252485239788338752817      
   5.96313884301414283007771029664844600      
   5.92723332035997223546059562315848498      
   5.89021807802417249796872783724800158      
   5.85207472591842292317110417969083950      
   5.81278534186950183096544974706463751      
   5.77233244140181721332392105568800326      
   5.73069894642260780382629643381105147      
   5.68786815381631168220693533196716182      
   5.64382370438298281628355439428960751      
   5.59854955273250704785733700433167735      
   5.55202993817794844315940905730120376      
   5.50424935715123641522366623404361512      
   5.45519253703733232490880773357925015      
   5.40484441158759116664899553097997353      
   5.35319009804589502624081577796523236      
   5.30021487563798608429673345659798844      
   5.24590416584159365738075069465454151      
   5.19024351390941233968062431947277039      
   5.13321857196028242771339159182098372      
   5.07481508333036578015775476081515290      
   5.01501886817129236229690709189502998      
   4.95381581022797767839436055776846252      
   4.89119184470054868434824700077147003      
   4.82713294708759253137268717580962672      
   4.76162512300043567482841797473387811      
   4.69465439877472548676024880088518970      
   4.62620681291417691208408185489496288      
   4.55626840823382434481472027933564029      
   4.48482522467354081167860642368828337      
   4.41186329271937030397759742216438403      
   4.33736862737163641059668499216540623      
   4.26132722262711407390836104125484340      
   4.18372504645309321773707670170973922      
   4.10454803613150409105656159864499070      
   4.02378209400928641799589256593584284      
   3.94141308366730034330707893949716836      
   3.85742682635315367927713458175573263      
   3.77180909767388446015281793750035962      
   3.68454562467504342844720548339128788      
   3.59562208307499940828192237276817381      
   3.50502409472900704340282740068226594      
   3.41273722538647692203052416456485747      
   3.31874698253534205257676423281246045      
   3.22303881348289088926977279938255439      
   3.12559810357822318800165132556858288      
   3.02641017460261549735103626649555014      
   2.92546028321426664079513307194360112      
   2.82273361964999991881418844389789537      
   2.71821530642715334231962115706079795      
   2.61189039723036161558231395343735717      
   2.50374387577344045710806924266764591      
   2.39376065492071338743328732478784181      
   2.28192557570508831679211326617576569      
   2.16822340670539812329401005492534804      
   2.05263884301697676027422592650582076      
   1.93515650578049601123818040715333730      
   1.81576094149851626234412500735358332      
   1.69443662146922372264499683942066337      
   1.57116794124735209827511302875108006      
   1.44593922020380538647724589426445857      
   1.31873470109678252901383594840968804      
   1.18953854963070756909854073735461179      
   1.05833485416339730852856467741219885      
  0.925107625354020302570200642513224001      
  0.789840795903010837699265375821134172      
  0.652518220220974893522537502025249632      
  0.513123674298242898988189307289873493      
  0.371640855419085630816017587301906104      
  0.228053382029943552085203989752839867      
   8.23447935255613224707620789788691641E-0002
  -6.55014498468491384753343263726403870E-0002
 -0.215501967123608855971063324156646767      
 -0.367673456747417648597366026443861389      
 -0.522032696621103673713752539839617211      
 -0.678596544216616370889702352758467646      
 -0.837381936618537869672973791071197236      
 -0.998405890547345561848941516270205818      
  -1.16168550243741061356089749234159896      
  -1.32723794841614677579585877996518762      
  -1.49508048434356853196288796533704740      
  -1.66523044579321632953535536306907170      
  -1.83770524804519190481861357438345291      
  -2.01252238609226587046017891128021506      
  -2.18969943455924078368217780216495447      
  -2.36925404772959736078659451489971183      
  -2.55120395944886502059116797151124924      
  -2.73556698310836564320507474662261177      
  -2.92236101158943988870474314364963297      
  -3.11160401717607964987937109250361946      
  -3.30331405150646610946617550935020742      
  -3.49750924549207417547544735265667119      
  -3.69420780923613377909921474899546766      
