   6.91360382032448847522976250442333937      
   6.91360382032448897452856100055816334      
   6.91360382032452743201328781372420908      
   6.91360382032516444341181800519020272      
   6.91360382032990751712095170087858100      
   6.91360382035170981779289183450234258      
   6.91360382042467998402730528911670750      
   6.91360382061958405575438671653947664      
   6.91360382105548862151316700701138474      
   6.91360382188595357241913902505549479      
   6.91360382321898980233381592427177298      
   6.91360382491702757160871902864448400      
   6.91360382622650346125161172693550412      
   6.91360382520635178966179610182074972      
   6.91360381795271752218167690931381621      
   6.91360379764466427491713613433447537      
   6.91360375345691122294628166528230964      
   6.91360366939923817201627292890186187      
   6.91360352314906516818580897625175048      
   6.91360328494558947738290023340291905      
   6.91360291661224806083702666462940557      
   6.91360237076968283809995138712079491      
   6.91360159029344911057452200477752920      
   6.91360050805952314781493930096434846      
   6.91359904700527523744734417408205971      
   6.91359712051583516493032172760803944      
   6.91359463312565752668484188842621326      
   6.91359148150601310420438526605488369      
   6.91358755569199641252897865162967937      
   6.91358274048881552353727933840838083      
   6.91357691698967403025967714724064843      
   6.91356996413430223463330027718975356      
   6.91356176023970996348970780726631971      
   6.91355218444143255148612450710885531      
   6.91354111799353435226507120686325962      
   6.91352844538752929915477164776815653      
   6.91351405526322626726755103375853942      
   6.91349784109686036228225420679792772      
   6.91347970166362902211006603141133311      
   6.91345954128115973417507411285699616      
   6.91343726984884455110042778717430241      
   6.91341280270350268215766184830017279      
   6.91338606031609109049284825979199533      
   6.91335696785605895511153664540307412      
   6.91332545465073532759736308786503767      
   6.91329145356645581994856786273309988      
   6.91325490031694540328530711726455675      
   6.91321573283238341116636488051352187      
   6.91317389044665789120772604431933574      
   6.91312931325275741443033380373399379      
   6.91308194140192219819597152564669332      
   6.91303171444866225633629461335559666      
   6.91297857073522744915978375608843094      
   6.91292244682079154196910591159428628      
   6.91286327695885087056204056315667354      
   6.91280099262388605271252865691973651      
   6.91273552208673882921736934988373472      
   6.91266679003711166611078715191189015      
   6.91259471724978309368767125727300156      
   6.91251922029140009676416333813776334      
   6.91244021126246848915606168179628134      
   6.91235759757071950111698007491182815      
   6.91227128173013681778716658382045919      
   6.91218116118075184631377561712909390      
   6.91208712812468341136821918939853557      
   6.91198906937157498201407644815107388      
   6.91188686619194251388807580787869679      
   6.91178039417020263467776709671666823      
   6.91166952305657751214673398534204206      
   6.91155411661291158634415469546797042      
   6.91143403244681518579758238640024738      
   6.91130912183569294578640369345097117      
   6.91117922953365811758105010632698169      
   6.91104419356141191743857029816152048      
   6.91090384497487021614803105056297172      
   6.91075800761511491847295523397482549      
   6.91060649782900326198257014918307236      
   6.91044912417222933079459859206479647      
   6.91028568708235020064864755305029211      
   6.91011597852803504632346751071418179      
   6.90993978163568414052702953434017697      
   6.90975687027325153064780898494613306      
   6.90956700862368108912709022940711983      
   6.90936995070552165310150757249065573      
   6.90916543989593125878283611707893383      
   6.90895320840123972729393633259677129      
   6.90873297670758587417523768878541764      
   6.90850445299209044260969484846337719      
   6.90826733252951933061802333105129262      
   6.90802129702307728925877149359019110      
   6.90776601391563468788596019141530309      
   6.90750113570270008013984739432754461      
   6.90722629918384958661441019927728132      
   6.90694112468722809266314439332312505      
   6.90664521528611716943033227867493482      
   6.90633815590761354640142072599081202      
   6.90601951240759536991913484634658922      
   6.90568883070735826344226360262319049      
   6.90534563582291773086488863260141771      
   6.90498943083745139552120392471004607      
   6.90461969584163587828264883906968068      
   6.90423588687673970596950388961189946      
   6.90383743478564190012263933003744775      
   6.90342374383388666265982058697664601      
   6.90299419055049504199091144967605142      
   6.90254812283408770961179277808125050      
   6.90208485798544050592899162895658492      
   6.90160368141923421668190645070786693      
   6.90110384522499679097466919444765990      
   6.90058456689087444141502693639264053      
   6.90004502733754170796816483883505315      
   6.89948436889615130860544819404944454      
   6.89890169425212783340121905203713219      
   6.89829606428709503318316916024996371      
   6.89766649548274924403103048939396840      
   6.89701195867923492274742206595005174      
   6.89633137689052931082749853680238597      
   6.89562362211000042061880932006508983      
   6.89488751368848491648127756207318233      
   6.89412181610112439176808868236450401      
   6.89332523509257088225150080725876448      
   6.89249641652962123011294125346883693      
   6.89163394161545478489073554527801182      
   6.89073632585314785217216382143663958      
   6.88980201382824841076443871829710448      
   6.88882937773624093809208544742780367      
   6.88781671185380264656615653339545367      
   6.88676223060256795986851005733475014      
   6.88566406357748171416186545233253451      
   6.88452025109421514878752782564299152      
   6.88332874119142901979299658629171339      
   6.88208738332875082803316565808273978      
   6.88079392495142561802716379905231719      
   6.87944600546347103984928736403784336      
   6.87804115127880966252056943455829733      
   6.87657676952027150293133407407230209      
   6.87505014356062204024437673852937617      
   6.87345842485067402051259840503478432      
   6.87179862786236685276531662225599012      
   6.87006762147549371648661707787750388      
   6.86826212267424785346137025247848466      
   6.86637868952663338329093830268312220      
   6.86441371078609779408868015023174628      
   6.86236339894205693465033091131791796      
   6.86022378067692589398381979845124334      
   6.85799068725569666925265753410611219      
   6.85565974441407620331717701559234222      
   6.85322636125650769117580055125160819      
   6.85068572005923322512341424193699461      
   6.84803276305696191081278685678954374      
   6.84526218121172775268199275950186167      
   6.84236840030287479715264115036793150      
   6.83934556769658868367095696621382002      
   6.83618753736707536615546269549253747      
   6.83288785593057996965540866923559419      
   6.82943974542147700565545828336141334      
   6.82583608651474527930489459442807454      
   6.82206940286242032629663451574662773      
   6.81813184141450553929724347572201111      
   6.81401515558737819725577519798917325      
   6.80971068356020871181183378015495891      
   6.80520932953182094846156922554380712      
   6.80050154382778580477561632284454755      
   6.79557730049894255938569842184386821      
   6.79042607776546905425914354807286858      
   6.78503683566889622738653768251498155      
   6.77939799633114293686970798232449582      
   6.77349742176713094148534499052482234      
   6.76732239583220093137142921807995587      
   6.76085960514758304900259067863286029      
   6.75409512299562978513527910276197976      
   6.74701439582666688883446986483976071      
   6.73960223233620182439800426767116388      
   6.73184279739334414369268989259654537      
   6.72371961075597061750500631323243096      
   6.71521555333410817713238504377545789      
   6.70631287885349533630716572519708399      
   6.69699323463407345044774875573294233      
   6.68723769601334530081635762018200099      
   6.67702680149336957620557840488847298      
   6.66634061091491723596132609920039742      
   6.65515876691028466257918966724273782      
   6.64346056875360684876622708839114383      
   6.63122505430591845238622891641125592      
   6.61843108973080471308403175508597606      
   6.60505745778539456898469343558390648      
   6.59108294464669413630432090602555123      
   6.57648641243589073787228674595015091      
   6.56124685940377174488609666520971393      
   6.54534344823255044955717563788995684      
   6.52875551261425521068061939102405911      
   6.51146252008327331293784429190542227      
   6.49344401971661374240180270706292975      
   6.47467955170872018484658495838182267      
   6.45514855442980018379314583659026949      
   6.43483026835958150732601863098989507      
   6.41370365812158866541981973105429170      
   6.39174736780644495359342117280747560      
   6.36893970981940507441870691683703993      
   6.34525869665649412669544339056826318      
   6.32068210726132151030974260270766719      
   6.29518758188848306692251191786544862      
   6.26875273288277137550354165621004721      
   6.24135526143935379787968373149642584      
   6.21297306908214913862087907607168134      
   6.18358435941035055532144933191685026      
   6.15316772140718798020486883171691481      
   6.12170219461416920804761560886654850      
   6.08916731512054031379062939626779325      
   6.05554314379911610164048647730405646      
   6.02081027820625927770132711223506020      
   5.98494985090380452744417516631552613      
   5.94794351730312817303225823321266115      
   5.90977343505659323614491934007195796      
   5.87042223726329156737773378687224374      
   5.82987300235108572154980324197208048      
   5.78810922081763117665813072757166296      
   5.74511476130449261042594994374799742      
   5.70087383660217074691117054364035004      
   5.65537097036775926601641505442230767      
   5.60859096494083829167461146903072554      
   5.56051887078198735110490936633806320      
   5.51113995780124161938075224809928693      
   5.46043968857893390847385051092399325      
   5.40840369336688804561096490071631187      
   5.35501774722208555221266773110853910      
   5.30026774886240360791139839812929086      
   5.24413970147048669574301149963752327      
   5.18661969502661508262632877155010143      
   5.12769389016515887702427360729307152      
   5.06734850373239304141446054078529919      
   5.00556979545782895644327048005945682      
   4.94234405594094074396875772029735826      
   4.87765759574813517857464393625443634      
   4.81149673554584712876578291983746182      
   4.74384779716807889610701020526114783      
   4.67469709552948965723726806384937480      
   4.60403093129460826241035130947695143      
   4.53183558424771173248478991255712542      
   4.45809730731586173381178006068628586      
   4.38280232113827624099021572474569224      
   4.30593680914377207974358379094077907      
   4.22748691310821681278483592065307183      
   4.14743872915273492922423029064543659      
   4.06577830408317981251862294813264894      
   3.98249163210282471132272789702481012      
   3.89756465182019535231285902137990125      
   3.81098324355177478314082399625302801      
   3.72273322687754244731658463352281176      
   3.63280035841825513045732349493728498      
   3.54117032983309146406771467622138975      
   3.44782876600456344494844269153437829      
   3.35276122339027657626653136362463695      
   3.25595318854446085784515485528157894      
   3.15739007675953938269335418559733095      
   3.05705723086545761548482757182908643      
   2.95493992011577347045928681302534379      
   2.85102333921248044488223168298222402      
   2.74529260738507653453701173031191674      
   2.63773276763007355145314716259894069      
   2.52832878591930493782768427249061285      
   2.41706555062362655785355073862078836      
   2.30392787185600970127387408289477822      
   2.18890048101209644732475638028005370      
   2.07196803025527070681679741942187407      
   1.95311509209395805155568323719104501      
   1.83232615912765245361206521139393818      
   1.70958564352960026780176911732813786      
   1.58487787690046974202327060279638924      
   1.45818710999015289198873552369017340      
   1.32949751244701295407090676744432911      
   1.19879317265315684674215399018017640      
   1.06605809757872041934601613630099437      
  0.931276212603287564563555917681726813      
  0.794431361460216738538107396399985671      
  0.655507306109260785303087300722367500      
  0.514487726671037305326056329420961269      
  0.371356221394383854228040340997014504      
  0.226096306606500531667870631648677731      
   7.86914166986842519965406798405527381E-0002
  -7.08750958719956058500844413953116116E-0002
 -0.222619960579632601674309902906727485      
 -0.376559988812472719502227336759267582      
 -0.532712073840891915135656120797133428      
 -0.691093190756798186775088355360275995      
 -0.851720396445455500581988796347245805      
  -1.01461082950221237090598492487635720      
  -1.17978171017892935603748898395409273      
  -1.34725034031165671862074116275385088      
  -1.51703410322441014406428298022476289      
  -1.68915046362541162082499722746838759      
  -1.86361696754289303638695490587007683      
  -2.04045124221230151759086751552749627      
  -2.21967099595169523918959065580656977      
  -2.40129401806682572414621476549645916      
  -2.58533817873389639360026814167773720      
  -2.77182142887820075176096777896816698      
  -2.96076180004016406979164595738921956      
  -3.15217740426334465970448764771312826      
  -3.34608643395306293911851742385322103      
