   6.91360382032448847522976250442333937      
   6.91360382032448897452856100055816334      
   6.91360382032452743201328781372420754      
   6.91360382032516444341181800518924284      
   6.91360382032990751712095169799163589      
   6.91360382035170981779289117210108670      
   6.91360382042467998402727085687799870      
   6.91360382061958405575368483183982093      
   6.91360382105548862150554338490414761      
   6.91360382188595357236604758261723094      
   6.91360382321898980206673163842095502      
   6.91360382491702757055103602122025442      
   6.91360382622650346113142462797217890      
   6.91360382520635178639944193021226907      
   6.91360381795271748597913198381447706      
   6.91360379764466398820196085847284498      
   6.91360375345690948922230810693304649      
   6.91360366939922949564813136236118882      
   6.91360352314902815725522786145368290      
   6.91360328494545169124495597044990456      
   6.91360291661179174759997174574377685      
   6.91360237076831733274729771728861319      
   6.91360159028970879524197621308529189      
   6.91360050805004361579670082216542255      
   6.91359904698284342175192296318758957      
   6.91359712046589203626557539941915832      
   6.91359463302034802659798645096186884      
   6.91359148129452491789677704376196599      
   6.91358755528550925164210302651739154      
   6.91358273973790304066586401251691694      
   6.91357691565147116955717198043536154      
   6.91356996182618489803662121418216988      
   6.91356175637564563036367438685778540      
   6.91355217814656073426737886261342066      
   6.91354110799193939908146402003754772      
   6.91352842985758036626877401274325676      
   6.91351403165428756862506626979665084      
   6.91349780590062736545297781123623501      
   6.91347965011276570381458423400076011      
   6.91345946706013151776228254071022100      
   6.91343716463610024133547296164403352      
   6.91341265569783518122443490881067578      
   6.91338585766207247610824091718417081      
   6.91335669197329100308800782608013267      
   6.91332508345706453287666844789849742      
   6.91329095958485725609360584888260686      
   6.91325424967523771310828691756689997      
   6.91321488405384920921384848369974517      
   6.91317279319228680682951167336284378      
   6.91312790684269493557598190233107765      
   6.91308015318225605251136132239618095      
   6.91302945797850947031195481712489938      
   6.91297574378441689619852339992263237      
   6.91291892916856997082549179796084953      
   6.91285892798478634503344080733135350      
   6.91279564868310490123062108390007256      
   6.91272899366195574779047322313459512      
   6.91265885866150690548323319639662990      
   6.91258513219486749406820319944713792      
   6.91250769501668421660832729793934525      
   6.91242641962224146045229974889162908      
   6.91234116977747505112370744765663664      
   6.91225180007230598886360156394055587      
   6.91215815549612230358981102894108584      
   6.91206007103107403925458306156146584      
   6.91195737125404177790497955377196492      
   6.91184986995419789589231268259929055      
   6.91173736974977674149402313517574778      
   6.91161966171091383993028337390685018      
   6.91149652498281294803454129069014090      
   6.91136772639755601429443555891684279      
   6.91123302009040379614621571804478262      
   6.91109214709177486203476129559635726      
   6.91094483493784096650053647830902809      
   6.91079079721716065180672118404270422      
   6.91062973315843882550713750294006792      
   6.91046132715150719431808137060985159      
   6.91028524828395341165091989260991325      
   6.91010114984005355680882763147511134      
   6.90990866879097209503187218200704548      
   6.90970742525694542148754791244271961      
   6.90949702193220898279519875738275152      
   6.90927704347318257440429271340806100      
   6.90904705590125716987680854778998406      
   6.90880660594548969745090067022501905      
   6.90855522036441499953881085366345807      
   6.90829240521999501565747701078280401      
   6.90801764517343619148718719224215789      
   6.90773040268857271643235705378983215      
   6.90743011711980477000207767427415165      
   6.90711620393606878813223103699768235      
   6.90678805380572920830716809903696788      
   6.90644503155951944704870058604458950      
   6.90608647560770183939087269802409874      
   6.90571169633136050965427186620353085      
   6.90531997522270434432000342111232662      
   6.90491056385712931001277069676778693      
   6.90448268247918699893177292405346578      
   6.90403551891248838689905389260091049      
   6.90356822709005943356115692237963029      
   6.90307992608819603051214282877547049      
   6.90256969803296608634493648407490330      
   6.90203658681172772603462792623759496      
   6.90147959654998016528937350553600856      
   6.90089769012372529589160122367150083      
   6.90028978718190265368056205310970044      
   6.89965476179191465992059148522798902      
   6.89899144116455921172733998973117619      
   6.89829860400608973833479539669037881      
   6.89757497677875508602390754267781257      
   6.89681923271050199288830842612838543      
   6.89602998955061601481979425370181749      
   6.89520580629609042515160125248987936      
   6.89434518065524888323369643701628818      
   6.89344654737021922738531145770994269      
   6.89250827316153355013880214399504450      
   6.89152865679759655511538528272898673      
   6.89050592238810088489933783540649226      
   6.88943821948023252701970693246455417      
   6.88832361652910060429731149279828989      
   6.88716009988679143580594571468559882      
   6.88594556726851371344445947508340592      
   6.88467782664076589365645835058358317      
   6.88335458989485705298738979416503058      
   6.88197346911140315501977642672410307      
   6.88053197202246191123980244504764285      
   6.87902749719838969809896333500203146      
   6.87745732807538144617822070084952705      
   6.87581862995026567613318512699710029      
   6.87410844204427819155755325455184087      
   6.87232367267539631682726402922830873      
   6.87046109429757902357645871424227359      
   6.86851733472582642388921336069819704      
   6.86648887329293908955036033992299216      
   6.86437203228378464592699453706458930      
   6.86216297113435040289660725350141503      
   6.85985767787423181565635903689401044      
   6.85745196230624716927904711066048538      
   6.85494144757166436881028469172772462      
   6.85232156299942405809820329497953418      
   6.84958753350365201476342568574581553      
   6.84673437366184341248040769901120413      
   6.84375687717904546330448478478953530      
   6.84064960644698251186426411047126751      
   6.83740688723634810455811521358135601      
   6.83402279448794685637446837763706385      
   6.83049114519503422874555852297612605      
   6.82680548755697271735751228399676017      
   6.82295909200013447964502670847724120      
   6.81894494097477826028081827790462347      
   6.81475571897216850720973369174374924      
   6.81038380354004989337685582868191998      
   6.80582125559516056437372178906837912      
   6.80105981139309948345893403945591960      
   6.79609087536587046341616398121136182      
   6.79090551212800416083423570155287622      
   6.78549444127314194572646092332979088      
   6.77984803368669799721745408772367602      
   6.77395630953523195305361687236453571      
   6.76780893809546496104186451313714758      
   6.76139524087609431880801497574336470      
   6.75470419969978066626448200251471823      
   6.74772446386637610382419652264883858      
   6.74044437061861543881944055862749820      
   6.73285196139320331495305372661804143      
   6.72493500987287433945111082178034161      
   6.71668105645298284864763118525817089      
   6.70807744635748032475023551501500978      
   6.69911138163786270696047412104478537      
   6.68976996994609267959825415455162630      
   6.68004028917937660723443294885253048      
   6.66990944971037568830377516785685442      
   6.65936466056032822460285598359121372      
   6.64839329437275326715259823131511077      
   6.63698293909704827320681839044623155      
   6.62512143433438719490740214704091611      
   6.61279689539233011263416149592259162      
   6.59999768428653351167308550676613438      
   6.58671236415556904282535949807317603      
   6.57292959148700450574780060990822925      
   6.55863796711117282077186596332342289      
   6.54382585478375232682995902402561565      
   6.52848115169073658447168018833592607      
   6.51259106658287656692533098987068588      
   6.49614189269672771133378931143823363      
   6.47911882004731592149828757983302191      
   6.46150579603313800112624814853492672      
   6.44328545049522767353492051715787418      
   6.42443908495428130333493931469487780      
   6.40494672762419338287512522596365778      
   6.38478724156709002140756670683352486      
   6.36393847403226773671197179796858956      
   6.34237743463464468904043830827879149      
   6.32008048459459815086853544458433182      
   6.29702353182688901634535178042023138      
   6.27318221542053184362121129989616302      
   6.24853207732245780637540500399167854      
   6.22304871463348844917138480765917937      
   6.19670790981782148927528194671701830      
   6.16948573926007074272540786169433728      
   6.14135865916402630342506604524785532      
   6.11230357101152962512938390635810014      
   6.08229786889456451559426245326952614      
   6.05131946960997379501723473337583364      
   6.01934683017512804299601302647183782      
   5.98635895249387290702822942330987365      
   5.95233537944539065612852081991860114      
   5.91725618313092432033046674442997743      
   5.88110194767893139629447852150730667      
   5.84385374759988835898531533007339950      
   5.80549312319189747590009787614668377      
   5.76600205395540141663941166197292592      
   5.72536293096417582667163535785609755      
   5.68355852861851932504945971919713263      
   5.64057197657461416851189688118378916      
   5.59638673207114023828699026342962947      
   5.55098655297994346624690779246780237      
   5.50435547194571602479009238279109700      
   5.45647777156471961334606222746834848      
   5.40733796079998040946363196287317207      
   5.35692075277894656612234282148374532      
   5.30521104377309108431370509734765058      
   5.25219389354312769979543675202562264      
   5.19785450699394709983670228431925619      
   5.14217821700526149502445397391676330      
   5.08515046849456854067852106725590246      
   5.02675680363430044580037855866984285      
   4.96698284810008938480158503646644502      
   4.90581429838412756795080183621254874      
   4.84323691002193123807841744004111828      
   4.77923648675823593164231027737268656      
   4.71379887049378878912500121260366846      
   4.64690993205516793075042986123007049      
   4.57855556264519330760853460205276937      
   4.50872166598052028638411730148255172      
   4.43739415108310969497623598165550080      
   4.36455892548365143434219998727446948      
   4.29020188918888769582374877338405387      
   4.21430892893724579241710315676374855      
   4.13686591301716431436071896842623009      
   4.05785868638862806189964098146900019      
   3.97727306630556840164491484023151616      
   3.89509483816531473710013237373261859      
   3.81130975178326791477252983949980905      
   3.72590351792080688268604136607329550      
   3.63886180504575958036167818226498563      
   3.55017023637525000486254511407810456      
   3.45981438717630441303518043310468492      
   3.36777978224686250795512592320102898      
   3.27405189355288533338960918967656567      
   3.17861613815237861547134357602319178      
   3.08145787613863531017623258839634627      
   2.98256240890296597705362843170214962      
   2.88191497733913898778265594871429937      
   2.77950076038646734265764309338991938      
   2.67530487354438342396030970152933938      
   2.56931236755426501860808284973072460      
   2.46150822709144974605830026700430316      
   2.35187736990615527557996534646633942      
   2.24040464537149213894756978108239537      
   2.12707483382777011123997207853310221      
   2.01187264555549575285417423541405189      
   1.89478272001869065702401645589187313      
   1.77578962503137243622996673222829873      
   1.65487785614493414858713877702067653      
   1.53203183592160750635244001154835250      
   1.40723591340298948170386625908590317      
   1.28047436352654363895420134513974950      
   1.15173138663401886823848021728797809      
   1.02099110802059223638655559761093738      
  0.888237577481960408715658097788365311      
  0.753454768971440987056002483215370033      
  0.616626580197512949165943401087561749      
  0.477736832319405310434192461917418485      
  0.336769269689578688852454109760140739      
  0.193707559503036219081366441565183889      
   4.85352916416812871953520093319778718E-0002
  -9.87640216075362709886153207486741345E-0002
 -0.248206945723107686910131825421201738      
 -0.399810124125429625906619944190815177      
 -0.553590278342790195291319095851589141      
 -0.709564208144063937377067465174587751      
 -0.867748791664541952602763152819109464      
  -1.02816098552222828121550494545877257      
  -1.19081782487843969912786392581974682      
  -1.35573642356465937517119405324563400      
  -1.52293397407886112329621690070551858      
  -1.69242774772356809887131629295091064      
  -1.86423509455664582064929920034412268      
  -2.03837344348080341642678754909247177      
  -2.21486030225658399222864072007837683      
  -2.39371325746835921857357366379008658      
  -2.57494997458073691981851159792637935      
  -2.75858819788592908776145805594247177      
  -2.94464575051296587422760749378169998      
  -3.13314053438292837705787985842508834      
  -3.32409053019241328805767605222107670      
  -3.51751379737316778368985814438798869      
  -3.71342847402153263078113499380851312      
  -3.91185277688350984567609690329536314      
