   305.833180578490118847143771537581802      
   305.833180575208522449485551403157112      
   305.833180532679864089517132468032692      
   305.833180317601823404850585586754072      
   305.833179632578655134427431678284457      
   305.833177969418442227807402201750558      
   305.833174579803515330156899770745397      
   305.833168436153001172797195748630099      
   305.833158097978758590771119321921638      
   305.833141312165118124855743861078794      
   305.833114153098472658450870922366350      
   305.833069624316697083448263321881970      
   305.832995839663004613729614084632246      
   305.832874054758594239218138987162773      
   305.832676856971741041709032131467243      
   305.832366754854883450815483091024238      
   305.831895290162490260309376880136451      
   305.831202679432472844083771259081132      
   305.830217908118266541506471826928876      
   305.828859156705029682787376455033099      
   305.827034429520988771858872194394575      
   305.824642271854494853211105136904836      
   305.821572488268526622358781417913709      
   305.817706805949636131251598183175068      
   305.812919455903255928568040861512032      
   305.807077668774466087293437049299636      
   305.800042099844988579023381344991101      
   305.791667209235092080606593405706082      
   305.781801629125410091118670631051143      
   305.770288550726187878747209216862967      
   305.756966160852707996461331956527357      
   305.741668152345300836845737803169406      
   305.724224325250403031576679034106746      
   305.704461287602337623334640619733120      
   305.682203256623164978311912309324843      
   305.657272953805980539537169197652250      
   305.629492581148350002052625177112592      
   305.598684860981618318624384937795665      
   305.564674118543485239399497437831327      
   305.527287384604957854135339795570560      
   305.486355494983786727824060115057216      
   305.441714164432752556268565338737515      
   305.393205014007925746754391087877638      
   305.340676533270643053752478603658541      
   305.283984952765820159690129463026612      
   305.222995063224453168279031208867325      
   305.157580854286309422756643647487336      
   305.087626115198525541572099894101375      
   305.013024886502594344841591844638179      
   304.933681802360162731598528504139733      
   304.849512317931851252639614378760157      
   304.760442824757649517740702755138016      
   304.666410658849702556772272665236287      
   304.567364007446682795044147833306515      
   304.463261721571749713173819194672935      
   304.354073042294260514054567806367559      
   304.239777249036008126222002328861938      
   304.120363238757024855358767706516779      
   303.995829044716013869951217891858078      
   303.866181303937222971031644048157572      
   303.731434681405286649561887398973405      
   303.591611259975529366785586705612374      
   303.446739903391118289709048711415542      
   303.296855600122945318225193468545336      
   303.141998795141841373132807872838511      
   302.982214714919944059393323915711429      
   302.817552693350572983047164440319981      
   302.648065501459298501639151789204137      
   302.473808687508694881265352791560952      
   302.294839930720217552923030462690534      
   302.111218410817972763490987784082884      
   301.923004198993392749734795126802742      
   301.730257669918691978731523717569298      
   301.533038938670473049046485689042445      
   301.331407321302483627660750469463973      
   301.125420825450657480055751506976142      
   300.915135662154527015662349704241323      
   300.700605790302990159048754395377699      
   300.481882485188863942015989214101035      
   300.259013934107862673784874830445508      
   300.032044864897657260034465510808410      
   299.801016184652485134973656424584081      
   299.565964653570899380568410008433055      
   299.326922578499731303918923228929984      
   299.083917531741611399309564658649882      
   298.836972085548031546579959531733554      
   298.586103567333076823113924194445036      
   298.331323831198070811972818649649258      
   298.072639053067941786251050833859388      
   297.810049518807468756938589235996632      
   297.543549436459872792039060074719606      
   297.273126767849017182811299406554181      
   296.998763058927105762205403416100998      
   296.720433282348315958638023050956207      
   296.438105694419757067856627925615983      
   296.151741659984373269230197454668595      
   295.861295495574495160362405609397970      
   295.566714343419200163148615879039731      
   295.267938023663058878699008136816883      
   294.964898874337237417935072453900362      
   294.657521588954258065941982225472918      
   294.345723063383563856574234348230576      
   294.029412295234656649838439098787059      
   293.708490039975662112965084935268847      
   293.382848750835565420302806541656030      
   293.052372412700106769290404932909165      
   292.716936273341450732340433053054926      
   292.376406555099397193635947974044792      
   292.030640282581209511644737174652005      
   291.679485214974842025613622510686134      
   291.322779218340069256022881234416879      
   290.960350093089497427829282893234471      
   290.592015534352063727350845488230912      
   290.217582473797058295817223491631470      
   289.836846682574884587193728067409102      
   289.449592666509898964852982212386105      
   289.055593256442849529042153102013973      
   288.654608541171231311066590625956746      
   288.246386417664906218517715124571793      
   287.830661064505195766280620638948455      
   287.407153147391720978884535322900119      
   286.975568708275773292825703610119473      
   286.535598833655771252140205213737664      
   286.086918923766901569508140642303640      
   285.629187914852075331189529034869009      
   285.162047373171277250600830731747434      
   284.685121089910300222987930225639731      
   284.198013530412701212158106104783033      
   283.700309553553816341322197760963545      
   283.191572790571858470053874431573326      
   282.671345091511058227738228545778709      
   282.139144902570486473906126807998147      
   281.594465970458472563473847819853220      
   281.036776448452768357449167077691183      
   280.465517229193920312612325861844695      
   279.880100015027521573407619766630660      
   279.279905931551984818506763054285952      
   278.664283709409672852688804966565879      
   278.032548023777927694975100115822330      
   277.383976617053990601087954352785019      
   276.717808740922047619383856878606695      
   276.033242763422176947870575224913228      
   275.329432757539170405841183016559880      
   274.605486803273710801699737596951287      
   273.860463143211580862500268521368704      
   273.093367219238346689200847191603311      
   272.303148377646895330118011701974086      
   271.488695394529661520091811688340679      
   270.648833853837959588879794898586640      
   269.782319845061123088433769983357648      
   268.887837084823558590959479035663046      
   267.963990532156975003685875578602506      
   267.009301613947366869847370124305280      
   266.022202718533382543496558064852132      
   265.001030072235046506159548421792071      
   263.944018042317893315619985907125165      
   262.849291316836457355496380026034851      
   261.714857696690348448672229515596821      
   260.538599973111518857437859564850537      
   259.318267866209470217729092676227967      
   258.051468392253132048188368377617281      
   256.735658008721309985991233627679378      
   255.368131898294599364109725343452158      
   253.946015585335431956499346288347275      
   252.466254777970336369297489319777648      
   250.925606583884551508219758847201831      
   249.320631193818513681038509069489795      
   247.647684956093542072143001000786684      
   245.902914203012857139019368249726084      
   244.082253299230423618316989764762991      
   242.181424996127519473615274712665813      
   240.195945847583218197142590157306375      
   238.121139521037380750009505364100117      
   235.952157132208030428751351374401408      
   233.684006636731688122572449856193872      
   231.311610196142743328537222494668047      
   228.829852252344242808432886996086023      
   226.233674442846629035344902617279850      
   223.518188452004409761667850462245606      
   220.678814720939499725507726942273406      
   217.711462135553612563804225586044277      
   214.612742744422668177981705367330890      
   211.380228184008623065607873182737984      
   208.012744544247300150274405480917566      
   204.510695767249481907645940885542525      
   200.876408842757812148913096795449952      
   197.114468788365151781747070997507731      
   193.232026648740802061926503503793054      
   189.239022262647669519240666817869178      
   185.148281064331873727657692487463987      
   180.975447187908589896829195956763545      
   176.738719925244816677204931753834703      
   172.458362084389853309384443831427154      
   168.156040541680571910477830555767765      
   163.854020132893259639231278302843874      
   159.574313604251280743585996304284110      
   155.337867416496132266977109919612110      
   151.163868190394482522009212427904879      
   147.069223764315558746779674763207915      
   143.068245099833103311568826550117032      
   139.172523085652067163575226745755986      
   135.390971510602643121833933690670864      
   131.729995962006416829864640557557067      
   128.193747185819290243710123390951412      
   124.784417328774966360535933074720960      
   121.502548783419549115273314202683439      
   118.347333631540288456545044248161372      
   115.316888698879251400817509926790433      
   112.408499246337223728937963023674451      
   109.618828879464575596823450587356966      
   106.944094387988305363546603369662643      
   104.380209857696794283127039164344433      
   101.922904406807566978865031726778462      
   99.5678138385152025726658080241690097      
   97.3105534433280885535401605793039780      
   95.1467738611467222807657182653378476      
   93.0722028261844869253011243124297189      
   91.0826765467429687417956567956939464      
   89.1741618503711645320523965871733932      
   87.3427711414870227421895663407870065      
   85.5847721688739915231871220732476906      
   83.8965932775352125703126629298164189      
   82.2748256727643535515076453276982079      
   80.7162226594007834362560395146021296      
   79.2176973863871374250721608252093762      
   77.7763190118693351385796519785657238      
   76.3893076273493877372144931294214985      
   75.0540294713281245367328044146329838      
   73.7679903374226080820907277566993621      
   72.5288296298585421695884752759342951      
   71.3343139213926282275628728889196319      
   70.1823308627939165255072964238636191      
   69.0708827446028648019957419546082183      
   67.9980804406606330346241902092454369      
   66.9621374664796807376590543128821368      
   65.9613643447973443739974647199802406      
   64.9941630864469142667714473455043403      
   64.0590219859341811144161059095042339      
   63.1545105794131669972911444187056309      
   62.2792750812755904464351368831893151      
   61.4320337614466961805578119617556564      
   60.6115728416274198367844335629348997      
   59.8167423628510349608142786883031711      
   59.0464526867211124599913444560092167      
   58.2996707561761540552064126885221017      
   57.5754167816053814421767781440192251      
   56.8727612940976376849713225963031128      
   56.1908220737474638170650375742265120      
   55.5287613365311373990694615736793542      
   54.8857835261810151497965675143051892      
   54.2611323041710507559780990115488922      
   53.6540888577521312289893688832559219      
   53.0639693525227267807723133993593012      
   52.4901232550415226838757023429900601      
   51.9319311828163278171000407040313679      
   51.3888033464614862022314067771054497      
   50.8601778799328887014562113341932586      
   50.3455191179547464636603288845322210      
   49.8443164331154907544948494069293664      
   49.3560826080528660521804209750179029      
   48.8803527076605805334270831875488110      
   48.4166828693896716843833788310367433      
   47.9646491173911849027546482081966100      
   47.5238463855729389237517609739894116      
   47.0938873448814017361011719138958082      
   46.6744017403911524696998195947786668      
   46.2650352917112022537375478111237320      
   45.8654489707067324226965966768812520      
   45.4753181448375488938522175378896491      
   45.0943319244201609465959029406611935      
   44.7221924333891462939404211679517263      
   44.3586141232182325214578857041706009      
   44.0033232152392783457610373104753324      
   43.6560571019664285426735239899051785      
   43.3165637927065333040794887466461813      
   42.9846013905620606206990804547855827      
   42.6599376302686111413197624373143851      
   42.3423493917633169340576041123864214      
   42.0316222881743149401747170107575671      
   41.7275502484557430771042391402106806      
   41.4299351062137795613879273178292504      
   41.1385862639845506756143276967945526      
   40.8533203341276357204861867895736752      
   40.5739608038516563359386089000345302      
   40.3003377268996496678050092434906739      
   40.0322874237263563503455419770078822      
   39.7696522161920615039041955288592796      
   39.5122801491064216395613159661492525      
   39.2600247298023953513749303488970409      
   39.0127447142351724663811450055344121      
   38.7703038641519371809194721205740193      
   38.5325707291635910260867520786966109      
   38.2994184477906034481241716162125386      
   38.0707245541020040702491944059298184      
   37.8463707893830536411217136396795604      
   37.6262429312765774970784142789720344      
   37.4102306172825866894757539200985561      
   37.1982271974138569276187590056914725      
   36.9901295726245680202448071770123237      
   36.7858380584255075322144736111372923      
