   6.91360382032448847522976250442333937      
   6.91360382032448897452856100055816334      
   6.91360382032452743201328781372420908      
   6.91360382032516444341181800519020272      
   6.91360382032990751712095170087918112      
   6.91360382035170981779289183500665427      
   6.91360382042467998402730535396447587      
   6.91360382061958405575438928679026153      
   6.91360382105548862151321333532740939      
   6.91360382188595357241961896859186016      
   6.91360382321898980233713434479294673      
   6.91360382491702757162564434701500307      
   6.91360382622650346131989620533341540      
   6.91360382520635178989113142289350744      
   6.91360381795271752285040750496876912      
   6.91360379764466427501344584528419143      
   6.91360375345691122384974539143549150      
   6.91360366939923817861592215452533666      
   6.91360352314906520758041397434261827      
   6.91360328494558967540363156339175187      
   6.91360291661224891966967340029485936      
   6.91360237076968611659564379970792047      
   6.91360159029346030881482285719116910      
   6.91360050805955784433427655767879816      
   6.91359904700537388469930121042737932      
   6.91359712051609505101335459578575091      
   6.91359463312629725056847243411128502      
   6.91359148150749498994337526290931061      
   6.91358755569524674579625709942398991      
   6.91358274049560221707623514080572616      
   6.91357691700322706607422823428568170      
   6.91356996416029452540716870773111165      
   6.91356176028775539424153748533371051      
   6.91355218452730393590909614423715208      
   6.91354111814235658545807828452620389      
   6.91352844563826169088498033737380562      
   6.91351405567481228772791522560108894      
   6.91349784175649204304354799562613416      
   6.91347970269764649756883696756941339      
   6.91345954286918295219364969425917682      
   6.91343727224181291026086167100777258      
   6.91341280624638021480442777707731400      
   6.91338606547607529734900544297610661      
   6.91335697525721576875641363524783809      
   6.91332546511606157408493664692362541      
   6.91329146816845373630217393872033693      
   6.91325492045739842196573750653231408      
   6.91321576024453352027836392391356920      
   6.91317392737095884685565261170397431      
   6.91312936247840703464121127807965824      
   6.91308200639127636605487821518092820      
   6.91303179946555567318020423988780267      
   6.91297868099119160137090472324513332      
   6.91292258864067490464978443545908674      
   6.91286345796733648875929136154668608      
   6.91280122195438631369310582535049814      
   6.91273581061413934066857249075089955      
   6.91266715063576554920346922227843569      
   6.91259516507814129538692958007100056      
   6.91251977310451382292354234641526006      
   6.91244088975364820418686244353828739      
   6.91235842574338827237279808495743936      
   6.91227228730093317867320871024696519      
   6.91218237601474937252093948901919422      
   6.91208858870343898215036386171169689      
   6.91199081729483350386422523852090029      
   6.91188894871325577703640541663339231      
   6.91178286476711994280883170125066924      
   6.91167244203551256788139731015805860      
   6.91155755174878701276321355018769529      
   6.91143805965778128692930707957113099      
   6.91131382589249415023546494970718888      
   6.91118470480398767430925643914318498      
   6.91105054478735566420353304077639759      
   6.91091118808697030725292991762001488      
   6.91076647057735975016555483496882908      
   6.91061622151881128491401343912824540      
   6.91046026329253285456868581268404011      
   6.91029841110606854530449723013819060      
   6.91013047267413751356519578898480840      
   6.90995624787579511870912442990385421      
   6.90977552837219255386773906115846611      
   6.90958809720009782071731457300780502      
   6.90939372834128893282515639710547677      
   6.90919218625722196730555534585256069      
   6.90898322539700523747707713902883858      
   6.90876658967655988860715138595866176      
   6.90854201191767833471096834155011822      
   6.90830921328283829560118419856867453      
   6.90806790263885811851668373313354677      
   6.90781777589797161006005001276459083      
   6.90755851535819780021506273298409319      
   6.90728978898676743342391634378870702      
   6.90701124967547762721542320775615293      
   6.90672253448498346277893817870373323      
   6.90642326380004418752119702645457041      
   6.90611304043316420125169546748350247      
   6.90579144879641795880794037398641726      
   6.90545805396814243917689588979046609      
   6.90511240070744439892624180190619303      
   6.90475401243939280963994091296418937      
   6.90438239023075472740533586300699640      
   6.90399701170467346211799369777618754      
   6.90359732972011414174349796886116096      
   6.90318277135395333394897488845170962      
   6.90275273652765286668802153507751018      
   6.90230659711872300385288796891928833      
   6.90184369481849899697354623538232930      
   6.90136334017306370208747863750436439      
   6.90086481121053048007885943201858840      
   6.90034735176349272251604626520475370      
   6.89981016940724541710946132091275197      
   6.89925243430608527837136757903724079      
   6.89867327752537501053081517101179908      
   6.89807178828861899561709918183759918      
   6.89744701279230185334351779152100664      
   6.89679795223113032706669433625489408      
   6.89612355993497542970458644113956902      
   6.89542273929289602588337418504953363      
   6.89469434225491481654232153374121555      
   6.89393716522963617376238605803451980      
   6.89314994814198872746617604813851622      
   6.89233137017305983242947558481245126      
   6.89148004810085207723233007588348629      
   6.89059453209827304556776761584858369      
   6.88967330382067814468715857003004685      
   6.88871477140100444470866159823362236      
   6.88771726773327041466683460896206164      
   6.88667904476365162769495393419306657      
   6.88559827154074235004531878751793256      
   6.88447302827583653506867827923256666      
   6.88330130304937706890446412443314942      
   6.88208098705571069186855687468763430      
   6.88080986905444570770802265536292264      
   6.87948563141245240192002374353972246      
   6.87810584342782714325662398187205978      
   6.87666795681023070586568198402006362      
   6.87516929785459547388500149824419630      
   6.87360706411402883428809358122347335      
   6.87197831446444118859009051492977342      
   6.87027996395999248973863087037416231      
   6.86850877567126558860408503199655754      
   6.86666135256037145986046781160177962      
   6.86473413031216107262222040957636489      
   6.86272336715439834239937668440474905      
   6.86062513492145672773044344688630791      
   6.85843530966614297077710527738095483      
   6.85614956112361014390699041488974633      
   6.85376334183655919694938257985108605      
   6.85127187436153376030506999880787372      
   6.84867014104548205503620173381302333      
   6.84595286963205586404474782970160312      
   6.84311452052237800925956825167481598      
   6.84014927172666041842406298686730067      
   6.83705100348999167164377951306967977      
   6.83381328436761390131781363056790318      
   6.83042935136132962554902210090399450      
   6.82689209527432006030046188359980136      
   6.82319404054667074737785616211690304      
   6.81932732645117014444891313733357913      
   6.81528368599457830216825264414104133      
   6.81105442766660357747128210284447894      
   6.80663041083604403645425774248185879      
   6.80200202389311462601702896386230548      
   6.79715916211922295570199749035425671      
   6.79209120292586648536105340167768134      
   6.78678698243030083887469311615816765      
   6.78123477142888828201207191921805226      
   6.77542225156939760661752861749640333      
   6.76933649118444718815527823831117263      
   6.76296392360670835527570871579717503      
   6.75629032690209608252954907544122252      
   6.74930080392226101097254824854609337      
   6.74197976776027605794394413350704071      
   6.73431093018077595464134413684278652      
   6.72627729484930851983355952408163541      
   6.71786115599847352015692535459920511      
   6.70904410711011917239820890420849433      
   6.69980705847621533636419914751733864      
   6.69013025756799903745014375151298824      
   6.67999333298394750562201367109839758      
   6.66937534161803311732412583858198074      
   6.65825483198599917655530718923433408      
   6.64660991959485187711305458062423194      
   6.63441837506562187513555215297932143      
   6.62165772087549445132910127219144882      
   6.60830533210721633324913257406449607      
   6.59433854143674819551597652835315627      
   6.57973473454746167376087893027771643      
   6.56447143517622217140866504266725826      
   6.54852636880238127156369490049133346      
   6.53187749501950827193685504060122439      
   6.51450301850814498001691527762181116      
   6.49638135588557789736723253965889529      
   6.47749108262022275963283702123925324      
   6.45781085308332004275997472035587342      
   6.43731932084702379758319460514915582      
   6.41599505959077964480163607318279543      
   6.39381650624303762929185659912521483      
   6.37076193313934437081199956528607960      
   6.34680945606587045889677649481066614      
   6.32193707563564149574336762516556914      
   6.29612274686410007301621339981523510      
   6.26934446751273931323881048334148856      
   6.24158037510677791918681413726428370      
   6.21280884323848992454756489111277257      
   6.18300856881005598371215310653315741      
   6.15215864657329615160722665760962757      
   6.12023862581686917230408505001222662      
   6.08722855027613035274532522406278348      
   6.05310898111222809857105886190750575      
   6.01786100538292040395655688383890342      
   5.98146623121715617727166362883065984      
   5.94390677355929976937789201453020891      
   5.90516523158076554356771770974634067      
   5.86522466074142204145552984923948468      
   5.82406854192294049221666233335648724      
   5.78168074741718871646893305859821090      
   5.73804550690471994657869432630931119      
   5.69314737339756324085807236656563791      
   5.64697119018589839805953877951528583      
   5.59950205894237356262065765295944129      
   5.55072530974760049470737366607904497      
   5.50062647291622916365632914065294575      
   5.44919125295346527643094697491549151      
   5.39640550428320659504957669458218874      
   5.34225520908961824190613663397003096      
   5.28672645703711656048768763025772006      
   5.22980542682626458676802111743436075      
   5.17147836929738089339618371037724547      
   5.11173159208859057955676104804467360      
   5.05055144597770558613156993046448231      
   4.98792431224618487394827839352067306      
   4.92383659140331968558947717297035241      
   4.85827469294053012218909761970477430      
   4.79122502612849168328782978010417974      
   4.72267399170009516723595587050009300      
   4.65260797433924090364142038314883357      
   4.58101333589301316096819763275359295      
   4.50787640927521316175365214034850359      
   4.43318349297985664525964722483138430      
   4.35692084608642162998373583706436365      
   4.27907468379513463128829033584902999      
   4.19963117337070530770206756357161760      
   4.11857643052677815103919687966273500      
   4.03589651611594877812691620331705508      
   3.95157743317750405749963108952899965      
   3.86560512424308221056001904943034792      
   3.77796546895384668821603919795110258      
   3.68864428186224198318395135249136576      
   3.59762731047592617034005716025711252      
   3.50490023349235345181613668352582210      
   3.41044865920400920688953007709825984      
   3.31425812406202240744830610422503938      
   3.21631409138139033544484568319120418      
   3.11660195018447157930129282579641655      
   3.01510701415271845279828396516759995      
   2.91181452068661097538577285952590046      
   2.80670963007079028157229667258770832      
   2.69977742471201545287853811867546834      
   2.59100290847226235876371903386686516      
   2.48037100607726791738828951649914122      
   2.36786656255042388061994066208157801      
   2.25347434278849241927020868820203640      
   2.13717903108840607405526935510308049      
   2.01896523082358497092314084464895901      
   1.89881746406781834017053294196310368      
   1.77672017141496977805738442688900270      
   1.65265771161018500766622429504688352      
   1.52661436139990663397963003632949501      
   1.39857431539130633087672911198345682      
   1.26852168582167206973353653271802033      
   1.13644050251826730504343717652771000      
   1.00231471274019020666566338781286060      
  0.866128181131868252988584035389634817      
  0.727864689684513529702670556873487694      
  0.587507937643892746307754110764737395      
  0.445041541568047740455903389633527856      
  0.300449035261136655584665093489760545      
  0.153713869820872943503206890322008445      
   4.81941363263577715417787834462572382E-0003
 -0.146251047542697073467719334410104648      
 -0.299514310579029580083956890607666569      
 -0.454987254886514865036569227674534614      
 -0.612686842356004628291833373419892198      
 -0.772630117280022923735696259928805143      
 -0.934834206283470130714419042153766415      
  -1.09931631819685553772721701459584365      
  -1.26609374399620030286016208479990835      
  -1.43518385666951124350833312436270197      
  -1.60660411111581167419795838995987848      
  -1.78037204403489681884735825657207422      
  -1.95650527380206806971297417033883455      
  -2.13502150032910001667998124718409689      
  -2.31593850494784771694421258417380400      
  -2.49927415029499974841050685626032747      
  -2.68504638013489457072669431401921507      
  -2.87327321924231773814840195639542908      
  -3.06397277326525356073352578862985841      
  -3.25716322856734842176506902175447529      
