   91.9024000948784202170827437330254962      
   91.9024000948756103372976966772670622      
   91.9024000947781154036684974976726514      
   91.9024000938787693816519559026752019      
   91.9024000896844288202618509497670329      
   91.9024000766383934662214982840483411      
   91.9024000450117361798483826001973227      
   91.9023999762874426694133098915778928      
   91.9023998183483736376213029483669567      
   91.9023994036952332575042378097679381      
   91.9023982669257146257766171031724836      
   91.9023953407678588537765776023649546      
   91.9023885526131433693809987968711038      
   91.9023743796610068967053264443454176      
   91.9023474336116938989520066704392333      
   91.9023001355581486174022966706270355      
   91.9022225184092427697164101871290966      
   91.9021021685539065093549511818937722      
   91.9019242974268171314701625447838838      
   91.9016719196552150032828168329409871      
   91.9013261072560796769607805258667001      
   91.9008662873874588844315215225967583      
   91.9002705528408442003953350278939587      
   91.8995159584736737529289830330059857      
   91.8985787823107819712219846333343678      
   91.8974347364451601386730939010000334      
   91.8960591194163555619374326496084457      
   91.8944269083524145220439008271602362      
   91.8925127948505839640826137221857986      
   91.8902911730540995985643597798315179      
   91.8877360918431809566237596955145014      
   91.8848211846907372110753625435545064      
   91.8815195910436357729112568418629898      
   91.8778038822275941354459458577448736      
   91.8736460029986139217033926219880456      
   91.8690172373860628771676117419687393      
   91.8638882046944652546429439977141479      
   91.8582288887061510378456530215400438      
   91.8520087005410843785009715054840329      
   91.8451965733101784879983519754567857      
   91.8377610849589613003164780229080948      
   91.8296706042615816195021553606099930      
   91.8208934541259873566784935349998422      
   91.8113980859407287135799319680707734      
   91.8011532465992960492381929517461186      
   91.7901282003505485946734328539627755      
   91.7782928371731965613897225254057213      
   91.7656178702319555890043861708141590      
   91.7520749689712350256893726393867806      
   91.7376368818686212732391818135751974      
   91.7222775371349680784296021889109472      
   91.7059721194255848833497064140648824      
   91.6886971218168067892026328216620481      
   91.6704303725795573779134030494218508      
   91.6511510370055372363159043890243398      
   91.6308395952220307194446699195034552      
   91.6094777971494892014840846516536368      
   91.5870485961308104146451708149453094      
   91.5635360630975683721175395759376666      
   91.5389252836284941798441299208272778      
   91.5132022391983425462328343200285792      
   91.4863536758961974594010955264646906      
   91.4583669620567846708272368387271575      
   91.4292299372827396357959413557318420      
   91.3989307553402386006883501181109082      
   91.3674577215480907402724333514852097      
   91.3347991288210517674214549185456949      
   91.3009430914455373282797139276562392      
   91.2658773804727710839686104047623626      
   91.2295892611692965804119737824304157      
   91.1920653325067099769034427756573663      
   91.1532913726908057705352110383649052      
   91.1132521886160150273852532678191298      
   91.0719314723218693830623603282154901      
   91.0293116617644784672466866648347089      
   90.9853738126716671810846866862596808      
   90.9400974712323042461019732316520923      
   90.8934605600463325144628967535875967      
   90.8454392674764924336990484934887551      
   90.7960079495783812856464714644179154      
   90.7451390336730316704840277084626299      
   90.6928029302690225443588652352025664      
   90.6389679500985430008890995136754614      
   90.5836002292803680929540963490515595      
   90.5266636629458176562960517460097150      
   90.4681198395805908206159591490370225      
   90.4079279822616559017737528746528656      
   90.3460448936374744598618658597538581      
   90.2824249119781048753679384691758262      
   90.2170198505218756421736550424006443      
   90.1497789519962173099950823669252809      
   90.0806488525270669566511881693086902      
   90.0095735379108982690665435484654760      
   89.9364943054766431224220298871229134      
   89.8613497343277100445132769895882780      
   89.7840756224233216727620552576924036      
   89.7046049395506771998487650085115972      
   89.6228678013421858848224654185016372      
   89.5387914397892606158272678554174111      
   89.4523001223678756489017606193588233      
   89.3633151235649330444099747386380588      
   89.2717546673732909454024779036737880      
   89.1775339266137987178278349402342896      
   89.0805648249171210051843074531555554      
   88.9807560768713593370599591771739171      
   88.8780131444919187549381869160783202      
   88.7722381084976500376774915873237545      
   88.6633295375437796103397466461592482      
   88.5511824596283335870852435878922848      
   88.4356884135679662462140784001354645      
   88.3167350599944410642219163753565353      
   88.1942061819504873217633867718975461      
   88.0679817872234931733116082469886230      
   87.9379377098140477269250722830742125      
   87.8039454794618053072598923889459578      
   87.6658723870698925265429795743400113      
   87.5235813322095938902444421898959976      
   87.3769302006252570668399759631973872      
   87.2257724744471047344026724364324398      
   87.0699562695797498007794628121286163      
   86.9093247435132486936752724531319383      
   86.7437154469219989089357514150491379      
   86.5729604032834535947855040149917641      
   86.3968857320445498276062200155967916      
   86.2153115759490144923325624697819551      
   86.0280514103336626268407536746055809      
   85.8349123835168243699520404926592168      
   85.6356944642451853165244485473642774      
   85.4301905052493010828683418050739904      
   85.2181856532338449365363376291918216      
   84.9994573289548961363689879377140057      
   84.7737744714560330166953040276674259      
   84.5408972700341149015321462891492510      
   84.3005770382813100369701080520737101      
   84.0525554700310487507416544506423322      
   83.7965642050960722235540279536518849      
   83.5323243753655627736117764541692614      
   83.2595462458230714352171467107226922      
   82.9779285325104302611270104664913228      
   82.6871575085121206551881951026347594      
   82.3869072253761505925499945417357152      
   82.0768380797263996837160433192905732      
   81.7565963920023194453893383657660171      
   81.4258139680750705125161690746172520      
   81.0841069277006495742728893944767220      
   80.7310750995650563712487982238802648      
   80.3663014635395139827022046743476958      
   79.9893506213503415990415591462223539      
   79.5997686686974701454690054279433491      
   79.1970817848157520879456359018830596      
   78.7807953185349868543925639910171634      
   78.3503925814039489305283708620616117      
   77.9053343152881255632490557153927665      
   77.4450572681710185548976188019849303      
   76.9689729971216661027245028272542739      
   76.4764671664791100539226404222392798      
   75.9668979617707881368443330853050317      
   75.4395954011484433617382895613504308      
   74.8938601519896681252904970949569110      
   74.3289626056329276529204766136443804      
   73.7441421333047387336409310369442289      
   73.1386065264187061234005035742241919      
   72.5115314393425007792528151555540888      
   71.8620606581208909992562495172369818      
   71.1893062156668817306980894992164274      
   70.4923494069746170711464438704484709      
   69.7702427690158033935889849453786833      
   69.0220128178192260729413908367275126      
   68.2466634535366484395713980990754686      
   67.4431821051093547351768644778395947      
   66.6105465084983295921659237071957872      
   65.7477344919846021542261264832077538      
   64.8537367656224519280507452194610428      
   63.9275727984565879988652580424856247      
   62.9683099258254010476454761902514473      
   61.9750918331882282291021803913712329      
   60.9471643863018435909311418847043221      
   59.8839161741656085196626272270437276      
   58.7849222167021751225337020570618365      
   57.6499960032332599942981168189125111      
   56.4792493038883793805867173076990632      
   55.2731591959339765883638056974638328      
   54.0326414416934732550415173676092483      
   52.7591276514054236865012035942900351      
   51.4546389423633524144346863269864557      
   50.1218572604527319935448886818319994      
   48.7641751405760921523401295253604928      
   47.3857284560529838454440018587943222      
   45.9913866922036314534447705619566741      
   44.5867014754323975597738930380440585      
   43.1777994469965717693296707867755763      
   41.7712268952808544045281758749425360      
   40.3737414813379262670674246458640427      
   38.9920774894568634225655000386332475      
   37.6326984145092460965849755869066477      
   36.3015679119543192576426370877376942      
   35.0039580167062059062894459814665349      
   33.7443138725287678829889465786693628      
   32.5261806432905592524342867063924701      
   31.3521912266841428766796861360103071      
   30.2241057090178590733677947049075073      
   29.1428875592132846765610806099185540      
   28.1088056667934511269425916831599169      
   27.1215448970467564082394629357233653      
   26.1803184372962721516353909716600035      
   25.2839725822650390140724018548722269      
   24.4310806569066555417478406474701472      
   23.6200237099000120962331208153220099      
   22.8490576628787230856112204525354281      
   22.1163677585187153781892755812219667      
   21.4201115943152622315410484131966789      
   20.7584518661812843376089925708611849      
   20.1295816987545256817218393082689321      
   19.5317424382430829692782560640556254      
   18.9632364724319269353266940722612450      
   18.4224356800840114970613515732708720      
   17.9077865107453383859874207857743264      
   17.4178126512346306300265000710025439      
   16.9511157627382324078146278281678189      
   16.5063747553196110383883313930695813      
   16.0823440281589372210460187270549279      
   15.6778510829727358466256749695115994      
   15.2917936483009283059494802038513459      
   14.9231364150395440248205260669725975      
   14.5709076616395949659243621766079806      
   14.2341958230611809308601848422072580      
   13.9121459818511323164121973992636029      
   13.6039566476404020179985127707359813      
   13.3088763391859476080852270004482617      
   13.0262004690660641926916423641343063      
   12.7552683490631344001033483042420192      
   12.4954603329945444413285076243846805      
   12.2461951147861885436199913704435734      
   12.0069271798959293635183218358007982      
   11.7771444148265131779374026142945389      
   11.5563658948440768053986829669084564      
   11.3441397770567499975699200361015949      
   11.1400413499890923424137251377156617      
   10.9436712205067403759523633969009450      
   10.7546536165734573191579741229021164      
   10.5726348204332901648516998046110189      
   10.3972816954180212363194201653490446      
   10.2282803057655380699754503597918332      
   10.0653346998276814156401007684195781      
   9.90816566422220475168621401061785502      
   9.75650971055292088699918830781647543      
   9.61011797857167547047813779387084777      
   9.46875535487369480606588634364987601      
   9.33219954761725359967703779521397827      
   9.20024032492603498560970565293878853      
   9.07267868562807256414862510992917485      
   8.94932623791703552674292139841966215      
   8.83000444994705932603980023645058299      
   8.71454414470420223821723244164528434      
   8.60278482129730973406722526281163964      
   8.49457420785397493096525688044528163      
   8.38976774262383564620994404811249651      
   8.28822809091055171228484489214608348      
   8.18982475684378305448862797769081795      
   8.09443365428322528569323452773831338      
   8.00193673665960837730241850708680074      
   7.91222166863771030329085603143757363      
   7.82518146526486862121745564174557309      
   7.74071423407951463345993078244211251      
   7.65872282916139086465979806529694472      
   7.57911464968399330602048046247272714      
   7.50180134701772782017158904028375457      
   7.42669860852253637152915187988708573      
   7.35372592750660763406631504230592195      
   7.28280641111403768124507796712900896      
   7.21386658253676872428600960565052827      
   7.14683619251433258521554715262844170      
   7.08164805902653549538137673021729270      
   7.01823790770410155808048993497297503      
   6.95654421703397482795002078776241491      
   6.89650807996362544823171682318730831      
   6.83807307198686804059114868753317907      
   6.78118512433748025937893049635049512      
   6.72579240847668774957567290449570931      
   6.67184522672849434868002633640625622      
   6.61929590244561141494552589910846140      
   6.56809868578913494557214511314996461      
   6.51820966204515323053259222690628915      
   6.46958666093076757987440340368234204      
   6.42218917479706228753726118271085448      
   6.37597827916845359934209594403687682      
   6.33091656251228561173562598113684552      
   6.28696805333119172246127805433495852      
   6.24409815305039889762676154845807903      
   6.20227357585352276368280193786103861      
   6.16146228960177094256882404808730912      
   6.12163345715808744394743933830989616      
   6.08275738514631575723214756484599372      
   6.04480547239440154397252398792160564      
   6.00775016257293720481080043087934616      
   5.97156489915229578422615653021314815      
   5.93622408179143860696892065243526775      
   5.90170302504885277075114138972281053      
   5.86797791952914450358406611361404202      
   5.83502579635458354047077538356876652      
