   92.211259828003278     
   92.211259827930306     
   92.211259826169695     
   92.211259814632825     
   92.211259774846326     
   92.211259679308654     
   92.211259495033573     
   92.211259181584950     
   92.211258666113977     
   92.211257758444475     
   92.211255964249773     
   92.211252175983049     
   92.211244266587371     
   92.211228644050891     
   92.211199838871622     
   92.211150184135079     
   92.211069623186958     
   92.210945660462272     
   92.210763439025968     
   92.210505923120749     
   92.210154157550193     
   92.209687569228336     
   92.209084276691172     
   92.208321388353795     
   92.207375262944197     
   92.206221714791695     
   92.204836168591996     
   92.203193747785278     
   92.201269309456123     
   92.199037432189570     
   92.196472373784246     
   92.193548001646349     
   92.190237724883588     
   92.186514429156389     
   92.182350428531507     
   92.177717447564163     
   92.172586633688496     
   92.166928601462246     
   92.160713520428899     
   92.153911223129654     
   92.146491353313394     
   92.138423528281621     
   92.129677527684791     
   92.120223480378414     
   92.110032069874961     
   92.099074722801831     
   92.087323800883581     
   92.074752771416399     
   92.061336364623060     
   92.047050709612606     
   92.031873440920833     
   92.015783791559059     
   91.998762645451336     
   91.980792573511451     
   91.961857838566090     
   91.941944375061126     
   91.921039744251857     
   91.899133068496283     
   91.876214942534986     
   91.852277324860424     
   91.827313415725470     
   91.801317518323287     
   91.774284890441152     
   91.746211580154593     
   91.717094262222176     
   91.686930064541869     
   91.655716390490582     
   91.623450742256949     
   91.590130538417796     
   91.555752947817084     
   91.520314701618361     
   91.483811935810337     
   91.446240026689637     
   91.407593421029034     
   91.367865506179754     
   91.327048440677657     
   91.285133037233976     
   91.242108631573103     
   91.197962949217953     
   91.152682014740407     
   91.106250029988360     
   91.058644397857293     
   91.009854587860630     
   90.959854442223133     
   90.908620006090501     
   90.856125099755062     
   90.802341263642973     
   90.747237699964742     
   90.690781213314509     
   90.632936171640026     
   90.573664498005741     
   90.512925553003853     
   90.450676177251694     
   90.386870643224881     
   90.321460610371176     
   90.254395068118185     
   90.185620379786869     
   90.115080132650803     
   90.042715303655356     
   89.968464083126477     
   89.892262008733496     
   89.814041399643713     
   89.733732080177361     
   89.651260982782432     
   89.566552115962253     
   89.479526378409076     
   89.390101827911806     
   89.298193400366770     
   89.203712930930607     
   89.106569120000046     
   89.006667397566261     
   88.903909976257111     
   88.798195589037960     
   88.689419456111565     
   88.577473691005054     
   88.462246323579649     
   88.343621834143107     
   88.221480582982664     
   88.095699170897774     
   87.966150158627102     
   87.832701553558238     
   87.695217352556810     
   87.553556784196644     
   87.407574168729454     
   87.257119181108038     
   87.102036468179023     
   86.942164900245487     
   86.777338098788078     
   86.607383611372256     
   86.432123897319471     
   86.251373828107134     
   86.064942215902974     
   85.872630085572254     
   85.674224092831821     
   85.469527582532081     
   85.258312097377299     
   85.040344915625496     
   84.815395401693365     
   84.583208080043548     
   84.343530125029289     
   84.096092364523429     
   83.840617214848933     
   83.576814170174643     
   83.304382696442588     
   83.023008889637282     
   82.732364442702092     
   82.432108232368506     
   82.121884305833362     
   81.801320252727592     
   81.470028924905009     
   81.127604487122639     
   80.773622852181518     
   80.407643726803371     
   80.029201761254257     
   79.637813719772225     
   79.232973478414863     
   78.814151870927404     
   78.380794987578838     
   77.932322513991238     
   77.468131006132523     
   76.987584359594848     
   76.490021846415132     
   75.974752358422194     
   75.441055169223588     
   74.888178787284545     
   74.315324151556581     
   73.721713477161742     
   73.106490414626990     
   72.468787427047616     
   71.807711084943236     
   71.122347462552042     
   70.411762908841411     
   69.675015507144309     
   68.911159118533931     
   68.119255057896197     
   67.298384148174407     
   66.447661976254480     
   65.566259501151592     
   64.653422661535870     
   63.708500943337590     
   62.730976921445382     
   61.720502075920685     
   60.676930533779490     
   59.600369792345006     
   58.491215289289109     
   57.350204765245685     
   56.178455762577620     
   54.977510050094672     
   53.749370105674231     
   52.496520791066018     
   51.221944772905786     
   49.929108662057871     
   48.621941602043336     
   47.304776145763789     
   45.982284752889122     
   44.659367191433951     
   43.341043906535774     
   42.032323553017214     
   40.738066107268040     
   39.462789836453076     
   38.210869388332000     
   36.985990070125467     
   35.791381439127690     
   34.629710059350828     
   33.503093146403693     
   32.413087336017846     
   31.360744333061099     
   30.346647373686885     
   29.370975163298599     
   28.433552933778447     
   27.533912764598519     
   26.671348861110726     
   25.844972008921712     
   25.053729368100342     
   24.296483864385952     
   23.572019877850959     
   22.879073617103909     
   22.216361102542365     
   21.582592677446410     
   20.976490112490829     
   20.396795228672207     
   19.842280252318222     
   19.311753806646788     
   18.804065623238788     
   18.318109193881089     
   17.852822731145071     
   17.407191497183515     
   16.980247600586001     
   16.571069956609591     
   16.178780553301010     
   15.802548828423538     
   15.441583993955216     
   15.095137762726468     
   14.762504585726900     
   14.443006733108767     
   14.136012353467070     
   13.840920262148275     
   13.557162198347161     
   13.284200032576432     
   13.021525026390803     
   12.768655812670485     
   12.525137180036300     
   12.290538272072149     
   12.064451354398960     
   11.846490569985592     
   11.636290494745969     
   11.433505173202711     
   11.237806768042793     
   11.048884743871227     
   10.866444488173563     
   10.690206891176867     
   10.519907085274081     
   10.355293710113756     
   10.196128205204317     
   10.042183962883128     
   9.8932457231138553     
   9.7491089129454167     
   9.6095790298965991     
   9.4744710505559606     
   9.3436089457381026     
   9.2168251294881234     
   9.0939600509722549     
   8.9748616774298000     
   8.8593851044730876     
   8.7473922397827035     
   8.6387513209010525     
   8.5333366434737119     
   8.4310282028566643     
   8.3317114329192865     
   8.2352768802584198     
   8.1416199452801923     
   8.0506406368845074     
   7.9622433395819918     
   7.8763365834271379     
   7.7928327972700879     
   7.7116481820978677     
   7.6327024643526187     
   7.5559187395963185     
   7.4812233174121889     
   7.4085455314312734     
   7.3378176214074005     
   7.2689745909850174     
   7.2019540626332548     
   7.1366961436295036     
   7.0731433417627319     
   7.0112404254122023     
   6.9509343175322389     
   6.8921740119157295     
   6.8349104726626217     
   6.7790965274480186     
   6.7246868111560278     
   6.6716376702353761     
   6.6199070723189681     
   6.5694545668051632     
   6.5202411880608198     
   6.4722294016039834     
   6.4253830376959744     
   6.3796672379349841     
   6.3350483934698678     
   6.2914941038114272     
