   6.91360382032105060219110298214517828      
   6.91360382032105110148990120050159411      
   6.91360382032108955897461395071538087      
   6.91360382032172657037300039129441259      
   6.91360382032646964407827706415172816      
   6.91360382034827194454909996337541744      
   6.91360382042124210775840530959546053      
   6.91360382061614616007291978557954234      
   6.91360382105205065483227300966704596      
   6.91360382188251542740234021598297131      
   6.91360382321555130734206072116200394      
   6.91360382491358848530897177140452392      
   6.91360382622306345639764168856492801      
   6.91360382520291047042126977802265055      
   6.91360381794927827036391809109073363      
   6.91360379764123045674416514395289480      
   6.91360375345348257134680946460211251      
   6.91360366939581437434378483853862190      
   6.91360352314564596436927780643019591      
   6.91360328494217469979563609828041977      
   6.91360291660884321833397358513761117      
   6.91360237076628433192464490433013961      
   6.91360159029007204786510164640240065      
   6.91360050805619318234182895027947936      
   6.91359904700207550036857666458119102      
   6.91359712051292111728500675156737807      
   6.91359463312339033876625886839975173      
   6.91359148150525327928422720130747138      
   6.91358755569446030684837838907594571      
   6.91358274049785484065244642944626618      
   6.91357691701156325719371038884137224      
   6.91356996418033198490575924124585025      
   6.91356176032947550151564214317234379      
   6.91355218460784760529727504049157497      
   6.91354111829024019404133066760855480      
   6.91352844589960108250042529642091350      
   6.91351405612224471696795128881792214      
   6.91349784250177139122039594364466526      
   6.91347970390890053439297121147099769      
   6.91345954479430745949039488486444279      
   6.91343727523951829655523536230983655      
   6.91341281082685637184051332464447221      
   6.91338607235340309150866116178948381      
   6.91335698541611396854905433383590362      
   6.91332547989585946596136164540670070      
   6.91329148936752453042813933318488978      
   6.91325495046169166852656798450086872      
   6.91321580220112099565212947909745058      
   6.91317398533247363817959485166915662      
   6.91312944167071582812022951192818171      
   6.91308211347056706151510587925192602      
   6.91303194283632140233598953361816202      
   6.91297887117854179749426520947476737      
   6.91292283872348495377266332508402091      
   6.91286378407877976478835781160373279      
   6.91280164385683434779354602398396743      
   6.91273635235567284447013549583272150      
   6.91266784129549222630329388914261157      
   6.91259603960804750927472763257064430      
   6.91252087327502035725889795777031443      
   6.91244226519616489323728444857846128      
   6.91236013516650607274583264577147580      
   6.91227439975614045099353367593239315      
   6.91218497234406413687051871566810256      
   6.91209176311578182279079528896051170      
   6.91199467909021558896651312024716866      
   6.91189362415977286995035519589010172      
   6.91178849913859205443310204806203733      
   6.91167920181343597044291533197615001      
   6.91156562699424369244303890262262244      
   6.91144766655938459412813089955733449      
   6.91132520949219318715229252707995376      
   6.91119814190573704031548126797712789      
   6.91106634705252070545486660705695013      
   6.91092970531636682167373515380582904      
   6.91078809418517942860066971396928240      
   6.91064138820141193627083629782370505      
   6.91048945888804568224588208524711617      
   6.91033217465110702967728171517139211      
   6.91016940065629829193384180707421309      
   6.91000099867504959936561664304285156      
   6.90982682690555357246076171636564021      
   6.90964673976537151750857371890452176      
   6.90946058765036406860565058722070800      
   6.90926821667115601186906605907946036      
   6.90906946835145465560278576338819229      
   6.90886417930335112985889314361937379      
   6.90865218086427533395368634343823360      
   6.90843329871269101522882477577955043      
   6.90820735244527797020643481513399399      
   6.90797415512450667833266787119293622      
   6.90773351280290636972642199024600413      
   6.90748522400282054259730926966988976      
   6.90722907916771482570710531980982796      
   6.90696486011131678793415130878572263      
   6.90669233936675382754246089953094668      
   6.90641127959280083416442213449617710      
   6.90612143285792081331368655713390059      
   6.90582253997473236868747776904134621      
   6.90551432972045625152636016508245332      
   6.90519651808951046205707155862116597      
   6.90486880747124303108893712128926995      
   6.90453088581084127407709041096610018      
   6.90418242570541672359118923776057314      
   6.90382308350969530841336527973841009      
   6.90345249836237750968406432534688000      
   6.90307029117117692046761464840640596      
   6.90267606356331232222561077610865170      
   6.90226939681242583776581399706896550      
   6.90184985070870986164411975574309220      
   6.90141696231969809506793676506944038      
   6.90097024480624704352829016000570099      
   6.90050918611313575962122531864329532      
   6.90003324760431618119458674968883250      
   6.89954186267398187420282898697900210      
   6.89903443525733698551838760985570966      
   6.89851033833347608645820137704277340      
   6.89796891214828871746073364742181303      
   6.89740946303723048834129268442476880      
   6.89683126096864362628079593892530866      
   6.89623353821677103320578295378043006      
   6.89561548719416267233357747497753803      
   6.89497625853186133751845269876096643      
   6.89431495893031462151231049599478435      
   6.89363064901072138548114797807470435      
   6.89292234089783771939131067414909843      
   6.89218899579167981331222832974852924      
   6.89142952143502027490775173979231718      
   6.89064276935344784500404320464817215      
   6.88982753211678067341746760671729681      
   6.88898254016983833920704970071021129      
   6.88810645883749041536229826134012931      
   6.88719788498508968022051706417436646      
   6.88625534340389985280892679579185417      
   6.88527728321269351825371344272817818      
   6.88426207388098551812508516929853735      
   6.88320800108423815233314070799250762      
   6.88211326243823438762973311575674989      
   6.88097596272255898812966933815981735      
   6.87979410909842285510657226972555318      
   6.87856560587696164738562270919666613      
   6.87728824898743703923592618767248568      
   6.87595972001581039937432727283325552      
   6.87457758035364031805248201915714845      
   6.87313926416345428663951867683438872      
   6.87164207165152806388698533534561009      
   6.87008316142796845952488338111713857      
   6.86845954278464320439975143005997398      
   6.86676806679154330731865254783852293      
   6.86500541796129255134040996574669724      
   6.86316810372040657166212947323604287      
   6.86125244482898570565334105216985482      
   6.85925456383721462883570765035977938      
   6.85717037448386271016024014918997358      
   6.85499556741293340570457587896884645      
   6.85272559784344916378092926423473773      
   6.85035567096600522070505515927361512      
   6.84788072641442538264489450820293171      
   6.84529542171430183461338300952634745      
   6.84259411476850438725345360471370532      
   6.83977084497438939245633005037671057      
   6.83681931230833857285729968111092205      
   6.83373285598388394092264786984168900      
   6.83050443076855054343702891218193470      
   6.82712658251795122486691732537569254      
   6.82359142057593203965254387140039593      
   6.81989058923736601866505831808555637      
   6.81601523751145285315737564754196840      
   6.81195598561208801691820397278025727      
   6.80770289057638871697905475288318227      
   6.80324540891439155235830645496402961      
   6.79857235704241088685782305346342955      
   6.79367186998431714916776497775278482      
   6.78853135755377286146378425590254496      
   6.78313745757895620734797852471403929      
   6.77747599124192677167436416553783577      
   6.77153191094939676609426925374589323      
   6.76528925312947815921947991178649559      
   6.75873108742390690407464458142273035      
   6.75183946889061818623621154204359115      
   6.74459539097459328218117073216473284      
   6.73697874380908193112678415626179807      
   6.72896827859517632543413131892381377      
   6.72054157853875012106801980107979676      
   6.71167504377952778466497671652991477      
   6.70234389012430278554847200461260626      
   6.69252216542618283786366831068150526      
   6.68218279067341754919455404336112444      
   6.67129762624950699569497154941294705      
   6.65983756583866034300613319117348330      
   6.64777266742214242866915520494474392      
   6.63507230916450219971367065706951474      
   6.62170538233776182508867269075687031      
   6.60764050647389143458887626212477060      
   6.59284626415503242156530695144043298      
   6.57729144163658581752897243643119158      
   6.56094526368465862266184292713911260      
   6.54377760657376454146471187766580292      
   6.52575917624352108864747172450560945      
   6.50686164132846766741553025002439529      
   6.48705771589912488154725512944104061      
   6.46632118802559223422873433013109797      
   6.44462690549003659011701462477155729      
   6.42195072595831611114185520215259846      
   6.39826944842626474641591940364395601      
   6.37356071558310827691664391251204939      
   6.34780295757889920129095414641926193      
   6.32097530721159577025725399518817723      
   6.29305754737838934247511963950755918      
   6.26403006823141942667258659332184683      
   6.23387383633348193942828093633670110      
   6.20257037241132671077005075674846846      
   6.17010173332985017131902136336978308      
   6.13645049493898454290146094068767723      
   6.10159973349632890766442080538094232      
   6.06553300471032710894953085631508957      
   6.02823431831528984856593659486098973      
   5.98968810977245808865221228184441591      
   5.94987920914738622651471611250159523      
   5.90879280781352719380730283247535990      
   5.86641442413764930908554748859829067      
   5.82272986886052329284454481087920419      
   5.77772521102016144556792144042467482      
   5.73138674520567224204201770861606754      
   5.68370095965448977624848984873139040      
   5.63465450736092515124797268212661857      
   5.58423417817720455631938047423781154      
   5.53242687369918803040609800602029596      
   5.47921958420457543568545998275165856      
   5.42459936772888211449532015200551807      
   5.36855333116755748220228095582085269      
   5.31106861334351979159411169375694433      
   5.25213237001478510966029471585258852      
   5.19173176028051028717985241069823027      
   5.12985393475331795560352713625572894      
   5.06648602497057786905198803045480329      
   5.00161513402676380921077406623794245      
   4.93522832850425240836399465411167548      
   4.86731263113461225299837126453320175      
   4.79785501436804824235853999543671399      
   4.72684239505287271309768383150462877      
   4.65426162937485757696515383636110862      
   4.58009950865886206099412934740124114      
   4.50434275559490322777181098303408877      
   4.42697802098693231425395273403934471      
   4.34799188097059216853623458985192285      
   4.26737083447961066914931035114344809      
   4.18510130111636668751515999475201839      
   4.10116961928557950158540757219872879      
   4.01556204459778594508106393022017530      
   3.92826474848440284580302272254702087      
   3.83926381696758472172852938147522349      
   3.74854524966406490399630992147688200      
   3.65609495891849572184579561249592900      
   3.56189876905242072981040812282748123      
   3.46594241576090310641026740629978175      
   3.36821154557535598773923813346749092      
   3.26869171546806982328708491279745386      
   3.16736839249978869901783834086873071      
   3.06422695354810326358134000065896208      
   2.95925268511333882575668462261464947      
   2.85243078316519167769672238010709781      
   2.74374635304447811063607534754184254      
   2.63318440941370976156617693901712016      
   2.52072987624390331810504919098807341      
   2.40636758682565552139234057792358188      
   2.29008228383162555155698907819266686      
   2.17185861938690372606214965923407584      
   2.05168115517745149237458510606288420      
   1.92953436256751109560702690797347861      
   1.80540262274383592997419711686005748      
   1.67927022687529547361631113460331734      
   1.55112137628469748440072938616143615      
   1.42094018263359505202531805943748422      
   1.28871066811695175691408483858601428      
   1.15441676567595629439569444496920721      
   1.01804231920669398270749044449737921      
  0.879571083784756889559391675472414130      
  0.738986725892480071588764453009348906      
  0.596272823655010371910997564340940022      
  0.451412867076805567278227374558158546      
  0.304390258285259120441617047970155179      
  0.155188311777655105025151500837993115      
   3.79025466796552013449317180311254918E-0003
 -0.149820773060658970234456585957375330      
 -0.305661718302413426804078808911239268      
 -0.463749614578230148692391724578484784      
 -0.624101581776162783904233813376790972      
 -0.786734825897617397281958991654875423      
 -0.951666638800048682437585928949805695      
  -1.11891439794361326486969744935256000      
  -1.28849556612891212048325031501279576      
  -1.46042769124635340542287019402159513      
  -1.63472840601563237959358422170147481      
  -1.81141542773570655755460210969057507      
  -1.99050655802734518080248985572028701      
  -2.17201968257759180905019424128726061      
  -2.35597277089371701650335257350208191      
  -2.54238387604406781473440767995338909      
  -2.73127113441382469061555887525392628      
