   6.91360382032448847522976250442333937      
   6.91360382032448897452856100055816334      
   6.91360382032452743201328781372420677      
   6.91360382032516444341181800515216021      
   6.91360382032990751712095164592725449      
   6.91360382035170981779288411258426116      
   6.91360382042467998402702221556502949      
   6.91360382061958405574994015041857750      
   6.91360382105548862147366840779992281      
   6.91360382188595357218432565875396825      
   6.91360382321898980128313625114608832      
   6.91360382491702757114162527260464985      
   6.91360382622650345328051626368140104      
   6.91360382520635170115405881100444856      
   6.91360381795271680384611319379105518      
   6.91360379764465973252027486423186853      
   6.91360375345688787045289593003623557      
   6.91360366939913699393765580089957885      
   6.91360352314868575059859108824368053      
   6.91360328494433145470698579051301233      
   6.91360291660849575231175810121094475      
   6.91360237075947146859262142468291111      
   6.91360159026779745827008729047456699      
   6.91360050799945829289067171855454825      
   6.91359904687309872942175158057499753      
   6.91359712024058372588506392950230981      
   6.91359463258000267210940242947032841      
   6.91359148047103925542903995678728527      
   6.91358755380541886477231158397933075      
   6.91358273717127817150456648534712048      
   6.91357691134282719618341565885290880      
   6.91356995480343187277083340331851260      
   6.91356174523279477606367288553760739      
   6.91355216089565096868200223365752041      
   6.91354108187945207910803682019338499      
   6.91352839112048756198026204002769956      
   6.91351397530260017031648426053233490      
   6.91349772535100188269250099241077512      
   6.91347953684696915292885958173694202      
   6.91345931013596605144727287744708410      
   6.91343695023217629898724173555135234      
   6.91341236652523981208559744516224684      
   6.91338547231366683216802018677240657      
   6.91335618419084059695159230158019387      
   6.91332442131099798744386621100862997      
   6.91329010456122386627394265188253517      
   6.91325315566488762995868655762116252      
   6.91321349623867640907047893967949825      
   6.91317104682395167205512532930110613      
   6.91312572590913241253768651642146024      
   6.91307744895824588672431352886913302      
   6.91302612745641246521495588670258004      
   6.91297166798217896615587065609601423      
   6.91291397131257272534813652258784099      
   6.91285293156553197303266368436130781      
   6.91278843538283299051919602471897808      
   6.91272036115361254084394783183205634      
   6.91264857827967730600100599143208610      
   6.91257294647905383099284520446566473      
   6.91249331512991578291870485113707371      
   6.91240952264547610848310634540539678      
   6.91232139588526660244510576509440654      
   6.91222874959028527401223863940136912      
   6.91213138584744967296321766796199299      
   6.91202909357514799505160322379484564      
   6.91192164802033022607201173578030977      
   6.91180881027982556973651992736158270      
   6.91169032682107813675232884738874242      
   6.91156592902034976835760378691246609      
   6.91143533269643303069096077175424849      
   6.91129823766155629056321780093863986      
   6.91115432724237438061568178478282607      
   6.91100326781780811399490823407932937      
   6.91084470835450674499448944928725445      
   6.91067827990493360165748254569473873      
   6.91050359512799099761622746919575061      
   6.91032024775596371708988974308322649      
   6.91012781207093601580098374966004542      
   6.90992584236618618739681840319374024      
   6.90971387237586679933539543200566793      
   6.90949141468948929798703588747686549      
   6.90925796011777554666860684911505985      
   6.90901297701230400583032401982968033      
   6.90875591063840658581474599694096856      
   6.90848618243391067767513008167892036      
   6.90820318928248901417123242966611462      
   6.90790630271365485236388635806804120      
   6.90759486805579114274492113325437716      
   6.90726820385229936265660501493168394      
   6.90692560035419247199055334324420574      
   6.90656631903825295925181541559480367      
   6.90618959147676525838281041578111095      
   6.90579461831243644194452352925263144      
   6.90538056812537107810354845112394420      
   6.90494657618772373854353792493379316      
   6.90449174328924644245109946888490660      
   6.90401513432350359547067468139074202      
   6.90351577707120022577626675146169628      
   6.90299266063498902420770232508769213      
   6.90244473422832670265367587448056900      
   6.90187090523281810580530148343733903      
   6.90127003731926401982581738248845490      
   6.90064094902223729339521040276033367      
   6.89998241207089524546048766860103049      
   6.89929314940592523069968355825206186      
   6.89857183205701603902331980449157879      
   6.89781707815244778721691868005368291      
   6.89702745093428209352410685155105886      
   6.89620145511015551345383568839715074      
   6.89533753419814539329015179930924525      
   6.89443407050248953373187023918977835      
   6.89348937859992849134470207006102882      
   6.89250170559928041496425874690933720      
   6.89146922609832237707108806181586172      
   6.89039003987863567677544723854561664      
   6.88926216805324406417169834666413534      
   6.88808355098205315374833659732792933      
   6.88685204204293657996048674552751784      
   6.88556540642306962695091213576651282      
   6.88422131472366144047360380752214181      
   6.88281734089260937019526405246559376      
   6.88135095651906967718386284159699908      
   6.87981952668101502658154323682125255      
   6.87822030476190948996531566876914907      
   6.87655042875993712644697647079410797      
   6.87480691373867728979885583348723931      
   6.87298664902279004442364673435362196      
   6.87108639080631335553477562533567145      
   6.86910275685652143969517880975250129      
   6.86703222078298781478190109800991922      
   6.86487110517142074591011794654314170      
   6.86261557556429468095555248515789511      
   6.86026163335141021135077478958157658      
   6.85780510971916029412740928125802686      
   6.85524165751111531439373699926343352      
   6.85256674397089425158779973691689972      
   6.84977564320120337369381180354307635      
   6.84686343154628737718991366033621602      
   6.84382497467316338601392572872119133      
   6.84065492316244679831609781897936759      
   6.83734770375086972682821785542987756      
   6.83389751179895387079777634538542675      
   6.83029830270218604435985274355157437      
   6.82654378531876557391088650106068371      
   6.82262741332239234894258358983997557      
   6.81854237846786839430644465903801619      
   6.81428160496133462719460348390808005      
   6.80983774188600440400647533892860218      
   6.80520315938597300532425344740641399      
   6.80036994367573351193711459703289247      
   6.79532989545097813636347945920211273      
   6.79007452744277676666433211750353560      
   6.78459506681980954421122508885577444      
   6.77888245814508965918617667152865041      
   6.77292737155763018893792423135182655      
   6.76672021223993798825220387500484047      
   6.76025113386086308654894305412867332      
   6.75351006137698329267324932395092142      
   6.74648671736904555096489853159407017      
   6.73917065299455198498964113735684090      
   6.73155129036820726239309331077663468      
   6.72361797128378791389604399298665682      
   6.71536001764071836943239883245937596      
   6.70676679244298722550777581936436288      
   6.69782777956900254646572219259057238      
   6.68853265734303979694551278535042053      
   6.67887138998816653385753265888457172      
   6.66883429438010691769527958718665977      
   6.65841212563638848281863001585575533      
   6.64759612082601268335176986470183064      
   6.63637803381356402301911519322237168      
   6.62475012365793503210924534690686687      
   6.61270510173706045032109874278113220      
   6.60023602636278666647640066796053833      
   6.58733612262972969183459647301392567      
   6.57399857815306047400477281135972421      
   6.56021626149232377856198313951410559      
   6.54598143783193696701083530252110098      
   6.53128547084584051201040917317633972      
   6.51611855308049682629903526470512062      
   6.50046948331728725959483567272354497      
   6.48432550411067525668072463765197902      
   6.46767221469025014815555571981170981      
   6.45049355397404269730465574626212871      
   6.43277185083032770310920092677968029      
   6.41448792783200550356698488669943550      
   6.39562124891415939709109038749380045      
   6.37615009422050902949079473242315509      
   6.35605175516977985280438127468546504      
   6.33530273082845145044911609445747069      
   6.31387892514095426067348488812172627      
   6.29175583247332414246968358637863639      
   6.26890870873427632669027182206311349      
   6.24531272479390898396772133806532547      
   6.22094310045494608150774067353479668      
   6.19577521872821192476631440522734299      
   6.16978472040209608118035217832119577      
   6.14294758077927097536399091143151313      
   6.11524016974268693036235235311753620      
   6.08663929695351773206560065514553141      
   6.05712224349736439425920208861559237      
   6.02666678284048723703726066115363472      
   5.99525119133894585031818823920975324      
   5.96285425142095536214465917403572435      
   5.92945524753618858830851794573937265      
   5.89503395674646294866575050239398352      
   5.85957063510678605510980486714999245      
   5.82304600053743332749835221664300296      
   5.78544121323606366075506800489565149      
   5.74673785416703850650042808423875910      
   5.70691790240317382964908504204602278      
   5.66596371175243878927896012719501853      
   5.62385798694907881734008759342749559      
   5.58058376003562511899546546395724227      
   5.53612436696703651861595443268922331      
   5.49046342470547180941947517393916546      
   5.44358480904416110159556866751763258      
   5.39547263323399369566626731120206867      
   5.34611122748703412298854587285796565      
   5.29548511941664618877834238115444408      
   5.24357901554111852915641591469429677      
   5.19037778361628663477049804041834513      
   5.13586643618684334127880055250101338      
   5.08003011495377695709868749912667536      
   5.02285407614170011257006584914394088      
   4.96432367682149863241460141369586377      
   4.90442436210496307276606021719855425      
   4.84314165317388380491431481970264066      
   4.78046113613594481336437273352251954      
   4.71636845177109290722745377351729312      
   4.65084928551900829524818474704334973      
   4.58388935897887930185646763093055860      
   4.51547442118423756478374846827993511      
   4.44559024101585775459676811911821279      
   4.37422259998680147539691793888056997      
   4.30135728560345752318618364304058597      
   4.22698008510728956959593437066995282      
   4.15107677971850456226261537921079153      
   4.07363313941299559031221942448897520      
   3.99463491789670795274815091271741598      
   3.91406784805403628159681335843007872      
   3.83191763767289582542840860201500002      
   3.74816996556297238894540567601555550      
   3.66281047779570857072606326333362544      
   3.57582478444619977137582039435796829      
   3.48719845636274671796449116449439339      
   3.39691702222688888544040333477625896      
   3.30496596595189885070018205820313334      
   3.21133072402953627652355891972241291      
   3.11599668331858231420292248860529892      
   3.01894917880821132282594064879069065      
   2.92017349159255612438748614723752529      
   2.81965484708759582758474412004249385      
   2.71737841310055022357718624009784116      
   2.61332929860866133219866818884009719      
   2.50749255174575679931953196704972162      
   2.39985315877433832627648096911020354      
   2.29039604266668698064053645210293832      
   2.17910606189687480564533523357605856      
   2.06596800937289042939060692459214953      
   1.95096661133723955383202203311484777      
   1.83408652643843909366818056214034492      
   1.71531234482885318987376798213228912      
   1.59462858731161207195558883643874538      
   1.47201970460260406432113451546433936      
   1.34747007657744427061882586090077757      
   1.22096401162871577056438244849018083      
   1.09248574602736645895416559154882709      
  0.962019443381463339961791283339291168      
  0.829549194075089953181196711918017762      
  0.695059014784613513167651839459618893      
  0.558532848035594663755575646982314205      
  0.419954561777417325166451016171661053      
  0.279307948997653243726861905236051939      
  0.136576727363950375291787367083370360      
  -8.25546110884991231591539619369165509E-0003
 -0.155205050340592633438704015712877283      
 -0.304288550496241537902606359123989726      
 -0.455522548179831303621076597097004322      
 -0.608923706735828101350020961386878901      
 -0.764508766401840405441624632355122830      
 -0.922294544532772049196660542917140121      
  -1.08229793573702949774559153802884558      
  -1.24453591206644167886034496200990642      
  -1.40902552312770397231154995259896302      
  -1.57578389620213894908264204697989675      
  -1.74482823637321138244122110039904892      
  -1.91617582659942497940778786621445823      
  -2.08984402780424264990269065040173374      
  -2.26585027892035767460318139524305377      
  -2.44421209698093654461884363608842212      
  -2.62494707713802713656422069332731095      
  -2.80807289269695785560317762183806582      
  -2.99360729515145634540919076765677286      
  -3.18156811417980739434647090299361718      
  -3.37197325766389128729129570725970354      
  -3.56484071168083147971567087982226842      
  -3.76018854049504989764843836964023806      
  -3.95803488652625026080971471295349230      
  -4.15839797033373252867542345240494231      
