 0.13628526479576E+03
 0.13628526479576E+03
 0.13628526479591E+03
 0.13628526479727E+03
 0.13628526480368E+03
 0.13628526482384E+03
 0.13628526487274E+03
 0.13628526497353E+03
 0.13628526516517E+03
 0.13628526552759E+03
 0.13628526623692E+03
 0.13628526765493E+03
 0.13628527044280E+03
 0.13628527567948E+03
 0.13628528496318E+03
 0.13628530047963E+03
 0.13628532502973E+03
 0.13628536201720E+03
 0.13628541540259E+03
 0.13628548963359E+03
 0.13628558956254E+03
 0.13628572036223E+03
 0.13628588745014E+03
 0.13628609642989E+03
 0.13628635305695E+03
 0.13628666323303E+03
 0.13628703303102E+03
 0.13628746874943E+03
 0.13628797699237E+03
 0.13628856476896E+03
 0.13628923960404E+03
 0.13629000965173E+03
 0.13629088380248E+03
 0.13629187177585E+03
 0.13629298419168E+03
 0.13629423261463E+03
 0.13629562956848E+03
 0.13629718851888E+03
 0.13629892382459E+03
 0.13630085065926E+03
 0.13630298490672E+03
 0.13630534303391E+03
 0.13630794194604E+03
 0.13631079882904E+03
 0.13631393098431E+03
 0.13631735566067E+03
 0.13632108988808E+03
 0.13632515031717E+03
 0.13632955306825E+03
 0.13633431359271E+03
 0.13633944654922E+03
 0.13634496569654E+03
 0.13635088380424E+03
 0.13635721258199E+03
 0.13636396262782E+03
 0.13637114339511E+03
 0.13637876317797E+03
 0.13638682911420E+03
 0.13639534720484E+03
 0.13640432234922E+03
 0.13641375839412E+03
 0.13642365820192E+03
 0.13643402370118E+03
 0.13644485600193E+03
 0.13645615546728E+03
 0.13646792181711E+03
 0.13648015423261E+03
 0.13649285146522E+03
 0.13650601194910E+03
 0.13651963391540E+03
 0.13653371550790E+03
 0.13654825489874E+03
 0.13656325040358E+03
 0.13657870059535E+03
 0.13659460441629E+03
 0.13661096128707E+03
 0.13662777121321E+03
 0.13664503488857E+03
 0.13666275379459E+03
 0.13668093029571E+03
 0.13669956773194E+03
 0.13671867050641E+03
 0.13673824416872E+03
 0.13675829549580E+03
 0.13677883256638E+03
 0.13679986483430E+03
 0.13682140319587E+03
 0.13684346005613E+03
 0.13686604938891E+03
 0.13688918679620E+03
 0.13691288956445E+03
 0.13693717671557E+03
 0.13696206906018E+03
 0.13698758924767E+03
 0.13701376180534E+03
 0.13704061319763E+03
 0.13706817185602E+03
 0.13709646823524E+03
 0.13712553484788E+03
 0.13715540631549E+03
 0.13718611940192E+03
 0.13721771306750E+03
 0.13725022850673E+03
 0.13728370920161E+03
 0.13731820096046E+03
 0.13735375197071E+03
 0.13739041285429E+03
 0.13742823672245E+03
 0.13746727922776E+03
 0.13750759862272E+03
 0.13754925583932E+03
 0.13759231454301E+03
 0.13763684121045E+03
 0.13768290521443E+03
 0.13773057890235E+03
 0.13777993769308E+03
 0.13783106016334E+03
 0.13788402815955E+03
 0.13793892698114E+03
 0.13799584527540E+03
 0.13805487544841E+03
 0.13811611366239E+03
 0.13817966000472E+03
 0.13824561865798E+03
 0.13831409805958E+03
 0.13838521111090E+03
 0.13845907538670E+03
 0.13853581333597E+03
 0.13861555254598E+03
 0.13869842595924E+03
 0.13878457219855E+03
 0.13887413584464E+03
 0.13896726772263E+03
 0.13906412531711E+03
 0.13916487310092E+03
 0.13926968296556E+03
 0.13937873465340E+03
 0.13949221623007E+03
 0.13961032459448E+03
 0.13973326608144E+03
 0.13986125696192E+03
 0.13999452424802E+03
 0.14013330626066E+03
 0.14027785350884E+03
 0.14042842948957E+03
 0.14058531155721E+03
 0.14074879203929E+03
 0.14091917919897E+03
 0.14109679849075E+03
 0.14128199380197E+03
 0.14147512896699E+03
 0.14167658918121E+03
 0.14188678287939E+03
 0.14210614317140E+03
 0.14233513049756E+03
 0.14257423441441E+03
 0.14282397622031E+03
 0.14308491163537E+03
 0.14335763376840E+03
 0.14364277647705E+03
 0.14394101791597E+03
 0.14425308449600E+03
 0.14457975564585E+03
 0.14492186834066E+03
 0.14528032287413E+03
 0.14565608858910E+03
 0.14605021086233E+03
 0.14646381853274E+03
 0.14689813192321E+03
 0.14735447234498E+03
 0.14783427198307E+03
 0.14833908546522E+03
 0.14887060230517E+03
 0.14943066070203E+03
 0.15002126301405E+03
 0.15064459301200E+03
 0.15130303344169E+03
 0.15199918768854E+03
 0.15273590111380E+03
 0.15351628555960E+03
 0.15434374462523E+03
 0.15522200109212E+03
 0.15615512562154E+03
 0.15714756485780E+03
 0.15820417104065E+03
 0.15933022916870E+03
 0.16053148127386E+03
 0.16181414682178E+03
 0.16318493411440E+03
 0.16465104341024E+03
 0.16622015374228E+03
 0.16790039566213E+03
 0.16970029793978E+03
 0.17162872178123E+03
 0.17369474590072E+03
 0.17590754454376E+03
 0.17827622714187E+03
 0.18080965299854E+03
 0.18351622626248E+03
 0.18640366891253E+03
 0.18947881389276E+03
 0.19274735794809E+03
 0.19621366512928E+03
 0.19988057979228E+03
 0.20374933290065E+03
 0.20781924493012E+03
 0.21208796345182E+03
 0.21655131838653E+03
 0.22120345915946E+03
 0.22603701597617E+03
 0.23104331566815E+03
 0.23621263648249E+03
 0.24153448370660E+03
 0.24699786454359E+03
 0.25259154930160E+03
 0.25830429854448E+03
 0.26412505763989E+03
 0.27004310877033E+03
 0.27604818332697E+03
 0.28213053798173E+03
 0.28828099884159E+03
 0.29449098161846E+03
 0.30075248959136E+03
 0.30705810006090E+03
 0.31340093920670E+03
 0.31977464897234E+03
 0.32617335373598E+03
 0.33259162368385E+03
 0.33902443770294E+03
 0.34546714973901E+03
 0.35191545408128E+03
 0.35836535560575E+03
 0.36481314056046E+03
 0.37125535065073E+03
 0.37768875943484E+03
 0.38411035087755E+03
 0.39051730113955E+03
 0.39690695971536E+03
 0.40327683529805E+03
 0.40962458364057E+03
 0.41594799234425E+03
 0.42224497211913E+03
 0.42851354687925E+03
 0.43475184541711E+03
 0.44095809424654E+03
 0.44713060981996E+03
 0.45326779380155E+03
 0.45936812761844E+03
 0.46543016763491E+03
 0.47145254097352E+03
 0.47743394215784E+03
 0.48337312963850E+03
 0.48926892311262E+03
 0.49512020117377E+03
 0.50092589808463E+03
 0.50668500268637E+03
 0.51239655611378E+03
 0.51805965033487E+03
 0.52367342619152E+03
 0.52923707263252E+03
 0.53474982482404E+03
 0.54021096326983E+03
 0.54561981283756E+03
 0.55097574147854E+03
 0.55627815955075E+03
 0.56152651849488E+03
 0.56672031051697E+03
 0.57185906740899E+03
 0.57694235956992E+03
 0.58196979564827E+03
 0.58694102168659E+03
 0.59185571992468E+03
 0.59671360872232E+03
 0.60151444079276E+03
 0.60625800484199E+03
 0.61094412144302E+03
 0.61557264443899E+03
 0.62014345996415E+03
 0.62465648532258E+03
 0.62911166851797E+03
 0.63350898726605E+03
 0.63784844844311E+03
 0.64213008724473E+03
 0.64635396623136E+03
 0.65052017491613E+03
 0.65462882867297E+03
 0.65868006809241E+03
 0.66267405817354E+03
 0.66661098754412E+03
 0.67049106766265E+03
 0.67431453198688E+03
 0.67808163526883E+03
 0.68179265271821E+03
 0.68544787920644E+03
 0.68904762847606E+03
 0.69259223241408E+03
 0.69608204023090E+03
 0.69951741767488E+03
 0.70289874634790E+03
 0.70622642285383E+03
