   91.9024000948784202170827437330254962      
   91.9024000948756103372976966772670622      
   91.9024000947781154036684974976726021      
   91.9024000938787693816519558724958119      
   91.9024000896844288202617799875693515      
   91.9024000766383934662087272301355523      
   91.9024000450117361793212472560165910      
   91.9023999762874426607659262195878988      
   91.9023998183483735610480024087627992      
   91.9023994036952328173634420744347519      
   91.9023982669257127715127878643400020      
   91.9023953407678524423509988857782756      
   91.9023885526131396157572926915565839      
   91.9023743796609297217013559070506263      
   91.9023474336109116636300706370562807      
   91.9023001355526890746049741033337000      
   91.9022225183788606387832801365755620      
   91.9021021684139346311315166841009218      
   91.9019242968768712545567392706428140      
   91.9016719177681809775261111076935109      
   91.9013261014912835944232942315476250      
   91.9008662714587271024808207127359305      
   91.9002705125103306206757251671547462      
   91.8995158638795216796186326871296366      
   91.8985785748942178271359681387955150      
   91.8974343079616923806676731370911698      
   91.8960582799494526208332188092719071      
   91.8944253397528220954586234081231627      
   91.8925099856514805929637977702477033      
   91.8902863307005849657092817646547948      
   91.8877280280455546435860623289464640      
   91.8848081698696974839142415572121575      
   91.8814991741696105921663813473388933      
   91.8777726728379307186760294752507083      
   91.8735994127764351960333902723490192      
   91.8689491793578684435423405953882250      
   91.8637907488190941275109068394094714      
   91.8580918733457523727216217616060761      
   91.8518192999973833716980843923438623      
   91.8449388073192829344076787672104706      
   91.8374153417574536439418246379971436      
   91.8292130465983987311460713815565131      
   91.8202954361534542366192132500720063      
   91.8106255240222553440042577047773079      
   91.8001659703725167907097970485893252      
   91.7888792310296525159831049380699845      
   91.7767277029819811547698952086748462      
   91.7636738613862796603915287336283783      
   91.7496803840141391268505477270559583      
   91.7347102597658320918521918532731337      
   91.7187268788954582187671388687692604      
   91.7016941028074105126633739940317780      
   91.6835763128389020254163242365465265      
   91.6643384373098977223012144748475387      
   91.6439459570550723529871764309596499      
   91.6223648903852582639960255869459906      
   91.5995617582298367250531779316705866      
   91.5755035311244391563214405577113135      
   91.5501575592969428613726352167694664      
   91.5234914888179353315419533806265223      
   91.4954731634500154049424345093725033      
   91.4660705169369507195647143512959277      
   91.4352514554360495993178840566603338      
   91.4029837333900481370404569113713989      
   91.3692348247882258962699888045343082      
   91.3339717885382022196102623575222605      
   91.2971611352967013461706263383968153      
   91.2587686903527696071265195285298188      
   91.2187594596056074829210451602190015      
   91.1770974976018881826326631609231591      
   91.1337457750044735795347818180221153      
   91.0886660547640742586182906499873516      
   91.0418187674292255684230198263815685      
   90.9931628953335859569674076282229358      
   90.9426558601139566011847687433203331      
   90.8902534146882879791929689197406545      
   90.8359095368063966888318022545491156      
   90.7795763368882340249433050212139743      
   90.7212039634562360818744215260154303      
   90.6607405195900905055943279068184277      
   90.5981319823224550970947699283719692      
   90.5333221211708416181550136083591748      
   90.4662524164806351441900135288183357      
   90.3968619971838333582186974849593810      
   90.3250875722869654717650216647750414      
   90.2508633645990922552291637039090023      
   90.1741210442807155119389967795317675      
   90.0947896792870240842445442928398956      
   90.0127956749761181325469674224675418      
   89.9280626760031040798563682087533243      
   89.8405115378535417595525060108366356      
   89.7500602584584544447750851973193520      
   89.6566239149790226182361180054112953      
   89.5601145843830514836065989588632926      
   89.4604413809856406996862199308454911      
   89.3575101941151063648126714755410597      
   89.2512237140292450483202639762630086      
   89.1414814044329904834696024530460785      
   89.0281793303152995865493742134291842      
   88.9112100984828041018708160283221925      
   88.7904628715989850576566690980918339      
   88.6658230971257349288032010388799456      
   88.5371724583479398281660263590493068      
   88.4043887960251959351472528171386807      
   88.2673460097158313256391100356195332      
   88.1259139630576573719053396192200148      
   87.9799581541931532624119718000630785      
   87.8293396804399264990798755602601583      
   87.6739153897805920460946770317617920      
   87.5135371572714505614993662062015866      
   87.3480520200116850634440062251690183      
   87.1773021516679621426425527218738030      
   87.0011245037917271286825893172344636      
   86.8193502631648302001858745855006986      
   86.6318055036254467104927363865799550      
   86.4383099022369068539705664626376047      
   86.2386774402244842429828511819062207      
   86.0327155283692298491057377889998276      
   85.8202250450870215475355411733794964      
   85.6009998663503095809939096322958709      
   85.3748268839428156578167678785677427      
   85.1414852237879866004675350697719960      
   84.9007463746917976526881975629127358      
   84.6523734511647981969678611462377568      
   84.3961213696617347858368856580787353      
   84.1317358634850551260615504122193451      
   83.8589535104848522340488889643664042      
   83.5775009112287470029901281131938689      
   83.2870947647550257182050904028218486      
   82.9874409727521004166151744524264179      
   82.6782344281506698178259614004209633      
   82.3591583666291063183869192015258132      
   82.0298837586342499353121320314897022      
   81.6900690609751104108828547049475904      
   81.3393593158077860436043083281300326      
   80.9773856461442902170620613589774837      
   80.6037647736883339906831437107885778      
   80.2180980218341496639596582302567582      
   79.8199710926386406396796984276917693      
   79.4089528437972894814536235860070917      
   78.9845950955797628688355191289874148      
   78.5464313831514364848515520505985171      
   78.0939767659505000514731695378967306      
   77.6267259962132848276740418204829374      
   77.1441542552326846187863800125471363      
   76.6457149221048120524235277474133460      
   76.1308398478305463114390014661622394      
   75.5989377498880337205647381156130300      
   75.0493942121273819128748822186435122      
   74.4815706573713367992388246417976036      
   73.8948035756608727354551186432412948      
   73.2884048166398838765307219977272493      
   72.6616604283821239170304408110016755      
   72.0138310440091638381542213618619159      
   71.3441522048896011705698634521579199      
   70.6518347713982332298876323302411589      
   69.9360660163431776597738692550737761      
   69.1960111910760094092841033506802619      
   68.4308164520124722468210040950355681      
   67.6396114872763235470129326372072833      
   66.8215149913818428405521702420038377      
   65.9756403004291268677717963462650696      
   65.1011034084991432220888546915200867      
   64.1970335731760699874485879371454785      
   63.2625858620212979739939765739376488      
   62.2969572162812911250671135951127680      
   61.2994096087400342133689580029996823      
   60.2692899995732117815052961722155906      
   59.2060644997073119839458007643165977      
   58.1093529056423252743805015053968284      
   56.9789725414908905106866252446192432      
   55.8149869606288656248036273687607470      
   54.6177624988608176243753475473690538      
   53.3880318989383822085986308534809074      
   52.1269603569048895901856987654675328      
   50.8362167095566574650558012438634060      
   49.5180397495018491498174123997681174      
   48.1753009871439885230157104596041591      
   46.8115506455824438350803108525275248      
   45.4310386968211088923238252072874376      
   44.0387090350494692448893260538513238      
   42.6401398885836402756068343361759807      
   41.2414474798554938724174913306357284      
   39.8491243353788197244621045021256143      
   38.4698380527733903986723913539060099      
   37.1101958947367105691312775870707213      
   35.7764952962197069561212380217522502      
   34.4744932235680100782829584508073639      
   33.2092116585733166754501752705163007      
   31.9848023838159871002654165515878006      
   30.8044777342439693348705449542794541      
   29.6705050891545170880435124852473873      
   28.5842572142396031642268097552414597      
   27.5463021526112731397056942633742051      
   26.5565164948437216925046266129024198      
   25.6142101681173927553234250551292785      
   24.7182474071536732866906422076192987      
   23.8671595069544999710735660269833535      
   23.0592429935664740356904368399239565      
   22.2926423423563726910593903266424400      
   21.5654166255862023614567562592511259      
   20.8755921570351508345168680319620242      
   20.2212022664888727733610734199434086      
   19.6003167322352596642510308759740270      
   19.0110622998010430633423143738117307      
   18.4516371194233636021382348194325848      
   17.9203194550671145796145214887319104      
   17.4154726801117448747605750824934087      
   16.9355472518503848365183154389780346      
   16.4790807335657486741481505711208262      
   16.0446961627757828492604888824796871      
   15.6310994234496251055183817381614526      
   15.2370760607980312852916920646326361      
   14.8614874994641488407265458257638638      
   14.5032671674224354296637508453555176      
   14.1614164758462762759624716109254969      
   13.8350007677208802236267355156405787      
   13.5231454711702251745623428558953056      
   13.2250322514481330654487922276437572      
   12.9398954141658979716674708000788457      
   12.6670183445557705659394040540037300      
   12.4057303490628248342527274190428732      
   12.1554034759504052924616481221057744      
   11.9154496314558578144789470772305805      
   11.6853178671731253099289199300076210      
   11.4644918195276870719205156208769225      
   11.2524873429637596524081721287876131      
   11.0488502997841236119461669900051705      
   10.8531544849037019631084534020465913      
   10.6649997229381794991389770172661564      
   10.4840100970771533825010584106010639      
   10.3098322727555524289355837215546560      
   10.1421340007209492968533282044311228      
   9.98060262166435466533954561388330973      
   9.82494385735834324295281872676064175      
   9.67488044683511550288731754779627160      
   9.53015113760352917475717286767554336      
   9.39050953955436311279705190521384723      
   9.25572321296905016672522598484158028      
   9.12557271539042112626084201201478667      
   8.99985071836754402832000110668964661      
   8.87836135350557532961691401699775713      
   8.76091934736146686817074979749142684      
   8.64734944376324309273570286684311080      
   8.53748570104218703575554522328019258      
   8.43117097623709104374860109635139767      
   8.32825632557454951647467302006879678      
   8.22860052193392269489414598460402823      
   8.13206958562461192631802372604373785      
   8.03853635817160278206194729325308496      
   7.94788007030504801460257426181885946      
   7.85998596373504901055229469961710020      
   7.77474495300215712790836833223928866      
   7.69205328665204219494662324614300176      
   7.61181223549282079225152103746683889      
   7.53392779601038109965540174686655685      
   7.45831044028005212892896329045519660      
   7.38487485005519348214756938715169126      
   7.31353968864969635791095893335297492      
   7.24422735830978924874888663888869789      
   7.17686383265135280017721524062175992      
   7.11137842690398468229953113080806589      
   7.04770363819120642103368998171746514      
   6.98577496393090617463119555756251055      
   6.92553074911394637429741973175640426      
   6.86691202959380134666049036807131904      
   6.80986239966121545691495452819824917      
   6.75432787093755807768299605485165089      
   6.70025675709118293524309095633212948      
   6.64759954897522456116825904085943090      
   6.59630880920624659401858063675498407      
   6.54633906696757527849764317171157151      
   6.49764672141470551509147935943958327      
   6.45018994765855921537637695038921258      
   6.40392861341454607497039931647107671      
   6.35882419341841994860259981502183135      
   6.31483969528317602531218339757851698      
   6.27193958511235914972534691964391637      
   6.23008971723468926673397720686972770      
   6.18925727405947403176336155135466563      
   6.14941069837598874964053082757504926      
   6.11051963985710356197326291905134526      
   6.07255489743464481706035042177479045      
   6.03548836793489963068836911357973268      
   5.99929299687712775692973393296006126      
   5.96394273193162215948269938678964522      
   5.92941247753012032760985043358139231      
   5.89567805350229612288984736411697930      
   5.86271615573983339854207310939015693      
   5.83050431606334761763941741092345747      
   5.79902086999807217557594304454473817      
   5.76824491847870420719639593696861054      
   5.73815629884717161402887842220744589      
   5.70873555165947095798112425243981891      
   5.67996389240993237234234756586344009      
   5.65182318369210045373212226354214697      
   5.62429590738765497186644814206123128      
   5.59736514111545958891742552254005394      
   5.57101453325534786898336210299319546      
   5.54522827967460763381848206071117774      
