   6.91360382032448847522976250442333937      
   6.91360382032448897452856100055816334      
   6.91360382032452743201328781372420908      
   6.91360382032516444341181800519020503      
   6.91360382032990751712095170087932826      
   6.91360382035170981779289183517905350      
   6.91360382042467998402730538217433289      
   6.91360382061958405575439063412041745      
   6.91360382105548862151324151564764965      
   6.91360382188595357241994861491648787      
   6.91360382321898980233965608683076904      
   6.91360382491702757163965386862710334      
   6.91360382622650346138070236415956763      
   6.91360382520635179010850223528381089      
   6.91360381795271752351662653613101929      
   6.91360379764466427421357597885485726      
   6.91360375345691122413011008404699573      
   6.91360366939923818087146170224595721      
   6.91360352314906522228059316064841058      
   6.91360328494558975545101070478376395      
   6.91360291661224929320773932202560221      
   6.91360237076968764169827772255728754      
   6.91360159029346585110848666373423466      
   6.91360050805957602956991927979188404      
   6.91359904700542841164515971556130120      
   6.91359712051624598685389918659307052      
   6.91359463312668633068630942420662692      
   6.91359148150843600034015582732476748      
   6.91358755569739586683376250758366451      
   6.91358274050026315298966633744743616      
   6.91357691701287329526578269370777110      
   6.91356996417942740233415752291217785      
   6.91356176032426323066896352348411790      
   6.91355218459454444851702323669886807      
   6.91354111826225371345996122992506490      
   6.91352844584578797396350468353086511      
   6.91351405602431962636086649849526551      
   6.91349784233045627432653839869757059      
   6.91347970361850436980590591808259332      
   6.91345954431506284676464009560392620      
   6.91343727446709176564144975224297047      
   6.91341280960813904907405154634207804      
   6.91338607046766994327376875576404897      
   6.91335698255033219576041638401892050      
   6.91332547561277712282757269845107921      
   6.91329148306498526895313406487853956      
   6.91325494132137072981170638590191540      
   6.91321578912457524424232356327191356      
   6.91317396686222183479195050081975551      
   6.91312941589383765722828304146365066      
   6.91308207788690734048038251349139146      
   6.91303189425824450084329479932076701      
   6.91297880552717660442950616762475368      
   6.91292275084217842414027145465287892      
   6.91286366750096119755952332051602713      
   6.91280149053535522382272007177567723      
   6.91273615234923709089034834571218309      
   6.91266758240779632117662379351985208      
   6.91259570697473091550287886846079665      
   6.91252044889392820104536814785140613      
   6.91244172741036951433328574114598752      
   6.91235945802589816164099870134590769      
   6.91227355238416094697828365609728712      
   6.91218391817940295703931314717480519      
   6.91209045908420794197799073739121276      
   6.91199307468957217522167336092162571      
   6.91189166045449233254998587276749066      
   6.91178610765769194911586750044475732      
   6.91167630334937187172027945643386751      
   6.91156213029793594284169517609148123      
   6.91144346692650713207290949808871754      
   6.91132018723906803990614220587358575      
   6.91119216073043737721441820082779996      
   6.91105925227779822145638439043965500      
   6.91092132201378925828306733642632794      
   6.91077822517579370144998434936281144      
   6.91062981192998481482519434850502123      
   6.91047592717349084791582798029842704      
   6.91031641030732873451446266089501379      
   6.91015109498341657558932780483113273      
   6.90997980882683796512898326144063563      
   6.90980237312016506855180844129208361      
   6.90961860246385703610288838653837999      
   6.90942830440225914898933562699940075      
   6.90923127903183045236576071250456888      
   6.90902731856550604934525346824051626      
   6.90881620687499829482083568817539319      
   6.90859771899936529736550571017692848      
   6.90837162062921808469185453979442762      
   6.90813766754448581253289703844539244      
   6.90789560501745835236433623874606786      
   6.90764516721404077107107881115030019      
   6.90738607654083252097478314234808486      
   6.90711804296675810238099195205625865      
   6.90684076332601687107350521015916105      
   6.90655392056115333091826065032284586      
   6.90625718288563383004060424388096466      
   6.90595020303198517010315888345230476      
   6.90563261738057455079424652973837212      
   6.90530404508207099143210232519301797      
   6.90496408708575131358562086715287646      
   6.90461232522972321683315169727877604      
   6.90424832122082145332182597776314335      
   6.90387161549651658194668234180990200      
   6.90348172615627835189054252313556957      
   6.90307814789911773842360352668098908      
   6.90266035083915901402828164552886077      
   6.90222777907860231629046861067717185      
   6.90177984944420427436421746322985279      
   6.90131595018785281565713915982941517      
   6.90083544001477139427988641662829852      
   6.90033764555362183816065800081183477      
   6.89982186052580613448307572227152006      
   6.89928734432963666345433372785500078      
   6.89873331964382342741418890217526689      
   6.89815897092116943026025032052923111      
   6.89756344309193957445577714237727254      
   6.89694583871987724985754262414544866      
   6.89630521623776759621415480400687401      
   6.89564058826979240421804360450383061      
   6.89495091894452575520844220841308562      
   6.89423512125093085273373211429412815      
   6.89349205547515746767154653109998255      
   6.89272052531915180400494111653231184      
   6.89191927660619799007084910417094121      
   6.89108699284197425894499415276672875      
   6.89022229379660612095369571602636369      
   6.88932373066792609726546731768084835      
   6.88838978431832891575203008618454527      
   6.88741886020337768920678857652962697      
   6.88640928594291003883798446544861952      
   6.88535930657404746097619590364626814      
   6.88426708037705051077949211045808562      
   6.88313067536437728797186948006847526      
   6.88194806344901768367795266653381667      
   6.88071711652696656199367003519414167      
   6.87943560076010980863862011777616063      
   6.87810117148128229078007262183573811      
   6.87671136653848974645147088679370718      
   6.87526360209583991270518423853360918      
   6.87375516423948837718624446631705295      
   6.87218320255794965002222622944257069      
   6.87054472417529472807128041513482303      
   6.86883658448454357278078845705583449      
   6.86705548008237577339539362143085766      
   6.86519793984662219557559425255854628      
   6.86326031525125026791497973108901852      
   6.86123877183543698139556026268477758      
   6.85912927828268598612576781501145816      
   6.85692759552714918950581577007632992      
   6.85462926519783222672224114062899360      
   6.85222959772291244882811918742991206      
   6.84972365918432180399184099942179156      
   6.84710625729212305809034354607814873      
   6.84437192729119546777695587329548238      
   6.84151491551370946050229668679906801      
   6.83852916436260315893421526635936406      
   6.83540829347852063306233321947050010      
   6.83214558226422475965476657190456972      
   6.82873394938697053756925908650181410      
   6.82516593357091830037958495978151512      
   6.82143367048295559492408339610369053      
   6.81752886940113756146246897115111456      
   6.81344279080747091408772257633697449      
   6.80916621963867034449353878046085346      
   6.80468943857206956707344633431605442      
   6.80000220151005842802892472900812713      
   6.79509370340874261975814005867709853      
   6.78995255152994630971297303355522667      
   6.78456673449912869226502303625531773      
   6.77892359196027372201299987280386402      
   6.77300978320738992803883877978487697      
   6.76681125602840360014831216513503867      
   6.76031321756060248067572576985510906      
   6.75350010577647619391994996876195218      
   6.74635556256264260835368965782732016      
   6.73886241203457936628371973723535908      
   6.73100264284530560519247016640563643      
   6.72275739563420378656421894508998483      
   6.71410695903291784185870710721465228      
   6.70503077620402492127827654180948804      
   6.69550745931765623475544833517191103      
   6.68551482381022063186361285051865881      
   6.67502992964204365585145920772057905      
   6.66402914446544834449968111517914670      
   6.65248822585687576854273905827685408      
   6.64038241476622757119977357210320413      
   6.62768655151568819124677825013251389      
   6.61437520248535308970725849574902690      
   6.60042279604574047289350563084214635      
   6.58580376136643936839317548987200735      
   6.57049266489103469063387276456201645      
   6.55446432884462710607400009448866363      
   6.53769393342922818087346054704190642      
   6.52015708245894582291316582082499604      
   6.50182984113167446963466569864354710      
   6.48268873184787081515479991796744476      
   6.46271070544796245049901053086873902      
   6.44187308746791556369716316258658717      
   6.42015350828953578417590699549397910      
   6.39752984017495026318558093681770486      
   6.37398014568718815022337389908728043      
   6.34948264859311175723882368951778403      
   6.32401572872778773664643102824465643      
   6.29755794399330254394583789666797819      
   6.27008806966437917454061342996416770      
   6.24158515237040691053622997760821661      
   6.21202856716586237132027604326591971      
   6.18139807212381968032615330974489914      
   6.14967385680769753847589022880289390      
   6.11683657701415587728378663651116817      
   6.08286737785522817763225062382399237      
   6.04774790406500274741004028860354805      
   6.01146029819306365703204873875653430      
   5.97398718865338877408343966519695439      
   5.93531167004266124617927922997763365      
   5.89541727700169432816999362415926566      
   5.85428795427393038216095151422902783      
   5.81190802377901232417676430409982573      
   5.76826215097747995732523755410570203      
   5.72333531065262394807970788910135459      
   5.67711275373482206766248144466602714      
   5.62957997525437145554108750515374284      
   5.58072268393618349275953144118030882      
   5.53052677379702362050064022691534891      
   5.47897829777363437128210380411378744      
   5.42606344349347897950179909937213836      
   5.37176851092565477296585527023202957      
   5.31607989213561346277014686281834720      
   5.25898405296728542938068193098464798      
   5.20046751636651941151186894687892731      
   5.14051684740509604841230876152545358      
   5.07911863975275180704592137774764383      
   5.01625950343427373029816934126391018      
   4.95192605418627911075069246681673966      
   4.88610490345923487143915720805116088      
   4.81878264972140429147451996856317055      
   4.74994587061220199107179870592411003      
   4.67958111593309568664211871762570872      
   4.60767490134254783368431028605425168      
   4.53421370270402486528216014874287873      
   4.45918395106514321723803932028188825      
   4.38257202818544435755306981770434791      
   4.30436426246041398897720821998881754      
   4.22454692532414672214985993496086207      
   4.14310622803086598152486885399944407      
   4.06002831877950330263105925364095509      
   3.97529928012236947316085498824763134      
   3.88890512666093087559929254208260582      
   3.80083180299741196412170257850083551      
   3.71106518189843466687552586979411779      
   3.61959106263484701030517661878185970      
   3.52639516954968110019224629950483557      
   3.43146315073960443541868389360665422      
   3.33478057689597923228765289068962677      
   3.23633294029354326634160309475601623      
   3.13610565385431133360724519543044339      
   3.03408405036637253198922029537894686      
   2.93025338175614468886608161713723922      
   2.82459881846857773212773216013214143      
   2.71710544891688972470170255517188966      
   2.60775827900597913810852133509942745      
   2.49654223171412010665088648925038182      
   2.38344214673419054134798835170809180      
   2.26844278017000537651514418613637393      
   2.15152880426763491549857939698070738      
   2.03268480720870341280762623436956785      
   1.91189529291617673110716503053757527      
   1.78914468091585393890516830161184372      
   1.66441730624659727194135724633031233      
   1.53769741932621744558449077981413147      
   1.40896918592738637017783593043934886      
   1.27821668713799697664435720602253049      
   1.14542391932640067418775276731092181      
   1.01057479417358495103202537720433642      
  0.873653138684964995609961489871074606      
  0.734642695218134519454417241865422063      
  0.593527121556617531243779465263300288      
  0.450289990967457243123624238538272148      
  0.304914792266902450770288025597900814      
  0.157384929931232439122253613828096223      
   7.68372417977514803223606116578016365E-0003
 -0.144205588898793190671224702916781333      
 -0.298299857253257315608612506445599255      
 -0.454616012735944882196017742811260596      
 -0.613171070952979020370411310274137033      
 -0.773982131165695749716522986835541478      
 -0.937066376118730726350545496851040537      
  -1.10244107189454608360256427833763472      
  -1.27012356777609452818549265955252281      
  -1.44013129608128303255976538863968109      
  -1.61248177200750678151457725625332732      
  -1.78719259346820577238319928945328248      
  -1.96428144092024839168457060507317811      
  -2.14376607720013120264063123485011752      
  -2.32566434736285204236569228410317599      
  -2.50999417849307566129312159337313015      
  -2.69677357953056637542386013924653214      
  -2.88602064111278248971897986356320624      
  -3.07775353537831998335208661006080951      
