-0.53918155184634E-09
-0.34652804236796E-09
-0.18697731958626E-09
-0.10447278702176E-09
-0.74116262826002E-10
-0.44083430839732E-10
-0.36872753346060E-10
-0.30354647644658E-10
-0.22794007562974E-10
-0.11843853526989E-10
-0.81689854302818E-11
-0.17550430164654E-10
-0.79886781839653E-11
-0.73953110753045E-11
-0.57253618497400E-11
-0.39474561575575E-11
-0.11455861108538E-10
-0.74951577258878E-11
-0.72793265277064E-11
-0.35223065239700E-11
 0.21815842233931E-11
 0.15164576187888E-10
 0.57799579216271E-10
 0.18071425907940E-09
 0.46927833573563E-09
 0.11291518576572E-08
 0.25078800445004E-08
 0.52499084460387E-08
 0.10390388289213E-07
 0.19593858164324E-07
 0.35403626335995E-07
 0.61559667860538E-07
 0.10341147220569E-06
 0.16837300884838E-06
 0.26646817534091E-06
 0.41093317856974E-06
 0.61888366419986E-06
 0.90956802762116E-06
 0.13203534878737E-05
 0.18681397261419E-05
 0.26014639173468E-05
 0.35729431097877E-05
 0.48378509950625E-05
 0.64589714754101E-05
 0.85095720888654E-05
 0.11076527993101E-04
 0.14261298313701E-04
 0.18178698454491E-04
 0.22955361299491E-04
 0.28729534864929E-04
 0.35652557166159E-04
 0.43890515466888E-04
 0.53627164060918E-04
 0.65066892924219E-04
 0.78422284220198E-04
 0.93925066945478E-04
 0.11182333092355E-03
 0.13238108221273E-03
 0.15587834069207E-03
 0.18261086632314E-03
 0.21288981666431E-03
 0.24704127557052E-03
 0.28540569617960E-03
 0.32833724365201E-03
 0.37620304187491E-03
 0.42938237971292E-03
 0.48826578994234E-03
 0.55325413267517E-03
 0.62475758069993E-03
 0.70319456763168E-03
 0.78899077678338E-03
 0.88257785542736E-03
 0.98439321343512E-03
 0.10948769122090E-02
 0.12144730886807E-02
 0.13436274628071E-02
 0.14827866905279E-02
 0.16323974281535E-02
 0.17929051286263E-02
 0.19647536064560E-02
 0.21483842921947E-02
 0.23442352444194E-02
 0.25527411080009E-02
 0.27743320834696E-02
 0.30094334712335E-02
 0.32584655146593E-02
 0.35218429909529E-02
 0.37999746938394E-02
 0.40932641386229E-02
 0.44021093998605E-02
 0.47269027232402E-02
 0.50680292410588E-02
 0.54258768927198E-02
 0.58008134814363E-02
 0.61932110089230E-02
 0.66034419651081E-02
 0.70318660131472E-02
 0.74788525675499E-02
 0.79447562281984E-02
 0.84299325246654E-02
 0.89347383782707E-02
 0.94595218460158E-02
 0.10004650563998E-01
 0.10570469983484E-01
 0.11157350603095E-01
 0.11765649287443E-01
 0.12395740848711E-01
 0.13047997735654E-01
 0.13722806462670E-01
 0.14420536300746E-01
 0.15141589852575E-01
 0.15886375814212E-01
 0.16655305130717E-01
 0.17448803599754E-01
 0.18267316054079E-01
 0.19111289988959E-01
 0.19981186987144E-01
 0.20877523016787E-01
 0.21800733895165E-01
 0.22751421356537E-01
 0.23730020816324E-01
 0.24737202850017E-01
 0.25773440373209E-01
 0.26839399715249E-01
 0.27935638855092E-01
 0.29062860691003E-01
 0.30221696741189E-01
 0.31412846006200E-01
 0.32637024073126E-01
 0.33894962097953E-01
 0.35187456022726E-01
 0.36515221235395E-01
 0.37879155005397E-01
 0.39280027448584E-01
 0.40718744210687E-01
 0.42196192072989E-01
 0.43713271991237E-01
 0.45270910406615E-01
 0.46870089348537E-01
 0.48511784290101E-01
 0.50196967675226E-01
 0.51926646894737E-01
 0.53701881677580E-01
 0.55523663039316E-01
 0.57393011318765E-01
 0.59310996258469E-01
 0.61278627045246E-01
 0.63296909451150E-01
 0.65366862804325E-01
 0.67489425688161E-01
 0.69665542139692E-01
 0.71896085466228E-01
 0.74181859497810E-01
 0.76523597455455E-01
 0.78921913224165E-01
 0.81377339069348E-01
 0.83890247519505E-01
 0.86460852897245E-01
 0.89089145681051E-01
 0.91774942673370E-01
 0.94517724008213E-01
 0.97316713355250E-01
 0.10017074131410E+00
 0.10307821358348E+00
 0.10603706020580E+00
 0.10904465403013E+00
 0.11209774807074E+00
 0.11519232585873E+00
 0.11832358425385E+00
 0.12148574023721E+00
 0.12467196925847E+00
 0.12787426344592E+00
 0.13108330838236E+00
 0.13428833020879E+00
 0.13747700262789E+00
 0.14063537690731E+00
 0.14374773497061E+00
 0.14679669045031E+00
 0.14976316123874E+00
 0.15262652521635E+00
 0.15536494911835E+00
 0.15795562149713E+00
 0.16037540919216E+00
 0.16260146789687E+00
 0.16461214943404E+00
 0.16638803760453E+00
 0.16791341857180E+00
 0.16917771680182E+00
 0.17017719441421E+00
 0.17091642828822E+00
 0.17140922047843E+00
 0.17167869787882E+00
 0.17175628776916E+00
 0.17167977931632E+00
 0.17149030091229E+00
 0.17122905790195E+00
 0.17093426497668E+00
 0.17063865093708E+00
 0.17036783101747E+00
 0.17014000181312E+00
 0.16996607026125E+00
 0.16985110658847E+00
 0.16979532323242E+00
 0.16979574419592E+00
 0.16984734081533E+00
 0.16994412475444E+00
 0.17007984495025E+00
 0.17024850591956E+00
 0.17044463596332E+00
 0.17066342017613E+00
 0.17090074074854E+00
 0.17115314562557E+00
 0.17141776986934E+00
 0.17169226033793E+00
 0.17197468906219E+00
 0.17226348340938E+00
 0.17255735071608E+00
 0.17285522419671E+00
 0.17315621848889E+00
 0.17345959253773E+00
 0.17376471902640E+00
 0.17407106394862E+00
 0.17437816902171E+00
 0.17468564045398E+00
 0.17499313812466E+00
 0.17530036585253E+00
 0.17560706530271E+00
 0.17591301401410E+00
 0.17621801936722E+00
 0.17652191458976E+00
 0.17682455644989E+00
 0.17712582309638E+00
 0.17742561250525E+00
 0.17772383859480E+00
 0.17802042922715E+00
 0.17831532685140E+00
 0.17860848551526E+00
 0.17889986905517E+00
 0.17918945070745E+00
 0.17947721156697E+00
 0.17976314032869E+00
 0.18004723086507E+00
 0.18032948212461E+00
 0.18060989764697E+00
 0.18088848497153E+00
 0.18116525409729E+00
 0.18144021779170E+00
 0.18171339072324E+00
 0.18198478943480E+00
 0.18225443146650E+00
 0.18252233511524E+00
 0.18278851972497E+00
 0.18305300465607E+00
 0.18331580945217E+00
 0.18357695388612E+00
 0.18383645753460E+00
 0.18409433933257E+00
 0.18435061848164E+00
 0.18460531279816E+00
 0.18485844051189E+00
 0.18511001925790E+00
 0.18536006548456E+00
 0.18560859487354E+00
 0.18585562296235E+00
 0.18610116432036E+00
 0.18634523329695E+00
 0.18658784337936E+00
 0.18682900763541E+00
 0.18706873780425E+00
 0.18730704534777E+00
 0.18754394149869E+00
 0.18777943646227E+00
 0.18801354031663E+00
 0.18824626232054E+00
 0.18847761130756E+00
 0.18870759581572E+00
 0.18893622366767E+00
 0.18916350257751E+00
 0.18938943979688E+00
 0.18961404216941E+00
 0.18983731615789E+00
 0.19005926823300E+00
 0.19027990416118E+00
 0.19049922971525E+00
 0.19071725068432E+00
 0.19093397202664E+00
 0.19114939908330E+00
 0.19136353700910E+00
 0.19157639032589E+00
 0.19178796393643E+00
 0.19199826249488E+00
 0.19220729046835E+00
 0.19241505236344E+00
 0.19262155255805E+00
 0.19282679551202E+00
 0.19303078547898E+00
 0.19323352671840E+00
 0.19343502359680E+00
 0.19363528040258E+00
 0.19383430142396E+00
