   305.833180578490118847143771537581802      
   305.833180575208522449485551403157112      
   305.833180532679864089517132468032840      
   305.833180317601823404850585586740119      
   305.833179632578655134427431583441732      
   305.833177969418442227807366772105904      
   305.833174579803515330154427547023371      
   305.833168436153001172736856353642549      
   305.833158097978758590040617823942500      
   305.833141312165118119442645067530558      
   305.833114153098472630368837721425389      
   305.833069624316696971747238840154036      
   305.832995839663004248072301635932757      
   305.832874054758595889644052019637943      
   305.832676856971739833997068342842989      
   305.832366754854872298519864776957849      
   305.831895290162410470191848656408995      
   305.831202679432012239142985355091569      
   305.830217908116047468509231546526571      
   305.828859156695862916130717248152785      
   305.827034429487801833851775758266931      
   305.824642271747292656742759188331134      
   305.821572487954942472938529858881916      
   305.817706805108671777143307326684237      
   305.812919453814066527222193665880734      
   305.807077663924178877931279088096419      
   305.800042089242786626117852135234135      
   305.791667187274168501230443720105348      
   305.781801585780805968594412847952923      
   305.770288468816712339501576736917690      
   305.756966012031501619538676281784920      
   305.741667891419008807728608529321512      
   305.724223882364425458002053918124229      
   305.704460557772087463353692753546998      
   305.682202086041574068419017997508137      
   305.657271122317718139843841085552972      
   305.629489780253444959714098905117052      
   305.598680666716593465733645107803472      
   305.564667958587596241392814752917659      
   305.527278498973059801940924396466694      
   305.486342889696695629046130369614118      
   305.441696557597213134307960184794794      
   305.393180773797304303289661692267336      
   305.340643597836733580283218966574066      
   305.283940785072327328756444970131179      
   305.222936515626846728123350969123766      
   305.157504099066441167312388935811122      
   305.087526530572329849101306293266287      
   305.012896939792687544716932869790451      
   304.933518923900749000985380376355708      
   304.849306765949335054704445883094782      
   304.760185541553973134008131611571690      
   304.666091118725272647479275714986777      
   304.566970056863351851415837577380802      
   304.462779412137191317616073189496691      
   304.353486457219047418309455524934023      
   304.239068323736841257188496682292631      
   304.119511576341672812625769538769881      
   303.994811727064409932139024705878187      
   303.864972699181150546368322341580925      
   303.730006248450009227097094379463989      
   303.589931350862963233871786337743661      
   303.444773564122854638561693193027105      
   303.294564370613522811119587665600621      
   303.139340508929003288540428403755689      
   302.979143298968663558701808474415321      
   302.814017968664691129523888295890612      
   302.644012984603478589175799262165444      
   302.469179393517972419762666107441239      
   302.289570177632115582419490751533951      
   302.105239625695519188086664400730820      
   301.916242725884831208503286049657038      
   301.722634579343349388788431949793408      
   301.524469838913126806403749844624769      
   301.321802170750401407375978706487493      
   301.114683746580795894043467011216697      
   300.903164755625338130618941214023322      
   300.687292948972161731683614124926551      
   300.467113211344117578926202488199284      
   300.242667152470670187189245833019045      
   300.013992733866609121112495334811326      
   299.781123910151138108293214927812176      
   299.544090296408662053696862860251466      
   299.302916860015211025051054215609876      
   299.057623635487251190451506419421757      
   298.808225453952352229204640598465829      
   298.554731692715396321306613067292465      
   298.297146041464285648928642168527467      
   298.035466289646832152245186733169497      
   297.769684103233316847515310657528133      
   297.499784831012341418203522700905152      
   297.225747324673402347669211960957539      
   296.947543758110191708673884692214106      
   296.665139458931666169549407618178104      
   296.378492753069427472379235492464680      
   296.087554766257350988455590082277739      
   295.792269261080704050796448664209783      
   295.492572484809169873427401592262485      
   295.188393025070352635417056137648512      
   294.879651556724440334196800287326172      
   294.566260826289321212318171163016114      
   294.248125324591453341968631639376825      
   293.925141099372900220116111332018143      
   293.597195603880004745359762112013243      
   293.264167459983796525352708387653364      
   292.925926320011935865409014605553752      
   292.582332520840252807582385472674402      
   292.233236777928048127028261720009184      
   291.878480027705498407284440271267000      
   291.517893289092609030037727717851408      
   291.151296913613988857506671558775700      
   290.778500515815526762063470557633472      
   290.399302871758973860507712599974033      
   290.013491036370684500909231901621907      
   289.620840113450490860391314553100136      
   289.221113046345409279839817209730623      
   288.814059961407661654935783131525469      
   288.399417408093032903660228970045789      
   287.976908481209627164876439115228430      
   287.546241363571482642641756939396589      
   287.107109665292654026685047655749598      
   286.659190721502435628535812340288373      
   286.202145957154034041578312438339685      
   285.735619129837811538874253554718367      
   285.259236220198562543674451189053560      
   284.772604229904515047115188987109725      
   284.275310196322534751975713371365196      
   283.766920494268452560549753162045994      
   283.246979311316692791071594624755702      
   282.715007819300951739412201587688710      
   282.170502672614459401375634755694959      
   281.612935327195694813122187832235053      
   281.041749454836864572260848045707736      
   280.456360533160819814849361355404869      
   279.856153578732769022162771314180331      
   279.240481238691196673484031987404121      
   278.608662813168592136682648259461466      
   277.959981004224952627372572118230145      
   277.293680532324848344355528057283234      
   276.608965607567099925174216980784194      
   275.904997140093018132660854837082412      
   275.180890397874344170628294113425841      
   274.435711827341796975307893235215721      
   273.668475978638220271571818087935139      
   272.878142156068543910076901511893568      
   272.063610565172333218293931340910547      
   271.223718779724861256233478529350885      
   270.357237430145274754976019051146632      
   269.462865011352239387254506902255827      
   268.539223989340566649521721203409815      
   267.584855149493537304805313256593707      
   266.598211949382915754052388991403519      
   265.577654203873909791200322346474137      
   264.521442871470277303029935445476867      
   263.427731886292116777965986838125599      
   262.294561662295484713633040661824776      
   261.119851018523930287932773064320913      
   259.901389388896162888026142934826077      
   258.636828246293147708297021371554248      
   257.323672496807631076210817579669590      
   255.959270969859060610324165812041539      
   254.540808082938503699794240037875281      
   253.065293638424059339482845753355470      
   251.529555058481589209326764509750091      
   249.930228567239288748646125159848883      
   248.263752133622740207816810135598675      
   246.526359805834949618494277428884486      
   244.714079341098013783475268694428496      
   242.822730874056532512401041498714833      
   240.847931947515379178207019759381444      
   238.785109429986550653246880135336262      
   236.629516462452171584024910767421126      
   234.376258791544766283799328175695641      
   232.020348215255846119995048555384418      
   229.556743657982284289157600236716186      
   226.980441397189714944314439303875615      
   224.286575116872924378642678979985806      
   221.470548102654971260310150211880697      
   218.528196775194868604331935388731940      
   215.455995207033192139501302173056040      
   212.251294410624076345379334909321601      
   208.912604289612996279208528557127134      
   205.439906699954539951378704253300458      
   201.834990510478140869088735561556506      
   198.101798950807240061685308637736802      
   194.246738846073299872485540393974311      
   190.278934924796541480986147664477004      
   186.210375646542065341794627433071722      
   182.055903565952646879190772331890846      
   177.833000979440488877057395660206267      
   173.561380981990043303091801881371307      
   169.262360772769546477467033205250262      
   164.958093203447676100073955518773738      
   160.670715936478028177853330208986913      
   156.421512948107084610111649709487623      
   152.230175374541961797198040604780874      
   148.114228631030526143813656986498138      
   144.088657097226526917336299939840501      
   140.165731042074511470278247087708249      
   136.355011162789528645026751194588469      
   132.663491547270817362094498065444113      
   129.095839739470677113830171203694275      
   125.654686766762588302832198486928256      
   122.340939268864898886048765546432631      
   119.154084303334451725686447527562593      
   116.092473201842461583483309728608390      
   113.153572884045557808735789872407861      
   110.334184857674319851352023235659928      
   107.630627541630821806138458090026288      
   105.038887647236303669481933901545134      
   102.554741592707818247895756828116780      
   100.173853991556637002511878366108628      
   97.8918527941931645343564881422842583      
   95.7043892668061407269610462668710302      
   93.6071819697937406383236317066145388      
   91.5960499527903514217907482868775385      
   89.6669368135488815108698705034791995      
   87.8159273721439824171148063549608657      
   86.0392583393951342837411438123500514      
   84.3333246798570628121658546405918787      
   82.6946823352880277175042448881888825      
   81.1200484673187540194645252960544115      
   79.6062996841164474910496904373869064      
   78.1504685309039238813343567328172653      
   76.7497391041709465807223786949917403      
   75.4014415729863775801005934166672912      
   74.1030470297551454285305409299527174      
   72.8521610237399372435383745499069747      
   71.6465174465015762217418711049509360      
   70.4839723277476556304463819261504390      
   69.3624976302808861191506300215628999      
   68.2801752577067237553906936391398490      
   67.2351910792066776321862670841649515      
   66.2258292286764456788443635004195516      
   65.2504665806069331188058733656302479      
   64.3075676305927477627105610241562988      
   63.3956793750151676888654173598478230      
   62.5134266760845820990246191649479791      
   61.6595075545112294151711838130704103      
   60.8326891547289262398979026593610110      
   60.0318035190983116006856420446087059      
   59.2557440589928633989320552434278074      
   58.5034615836386461106218940931801717      
   57.7739613132640303728795018084847351      
   57.0662995208562517827553647824129774      
   56.3795806374163749325518711458096566      
   55.7129543097701054907003259650295427      
   55.0656130069253167511634067413535460      
   54.4367894114563105705554234101268517      
   53.8257540433453950972407238540418912      
   53.2318134210535548564079769380456332      
   52.6543074982559245670590741327493498      
   52.0926083430390162159005254768233640      
   51.5461178665765490700243640847728614      
   51.0142664840449908520290737649937716      
   50.4965113258715515212016506182890402      
   49.9923348487657160508060080686917381      
   49.5012434439397588139836695632458655      
   49.0227661457035574496201252478573566      
   48.5564533267955577657491481027457359      
   48.1018756905539646982103563348289796      
   47.6586230605540685517152232165425842      
   47.2263034835124824287785596644138330      
   46.8045420624179234329685499607568400      
   46.3929803669289539823005843225178679      
   45.9912753294581125003366587704105391      
   45.5990986108012399424775165126228337      
   45.2161357661307806895984615369029831      
   44.8420855423016439039667202196816527      
   44.4766592531965453891611856003168366      
   44.1195801376170031761475314071461250      
   43.7705827747132858630164141357507760      
   43.4294124982509796532078385503725568      
   43.0958249144896406858237286170323850      
   42.7695853723203384903109808153132605      
   42.4504685115825263869197245527506900      
   42.1382578127485301925152953810030649      
   41.8327451853888813621660743576053863      
   41.5337305752377673596651854487933687      
   41.2410215736803360639849402450518581      
   40.9544330835225283842745729282165213      
   40.6737869768211262471395417471021307      
   40.3989117731358683577477667060975042      
   40.1296423387141375424829863267001020      
   39.8658196152579606121086301184800342      
   39.6072903327203419854729015421687289      
   39.3539067708422177756689357128574648      
   39.1055264944522418307720986642498155      
   38.8620121463070257347514564657662468      
   38.6232312121883037024873589983992379      
   38.3890558227700933975788339493988024      
   38.1593625449789011424706507332438619      
   37.9340322106424845663647856421038490      
   37.7129497218116831646273998714722285      
   37.4960038923523111300633489919962428      
   37.2830872791686741331612568315151619      
   37.0740960365365251934030356359495369      
   36.8689297613221043321274726135362388      
   36.6674913592434536025483516588227741      
   36.4696869097661689151327200666824907      
