   305.833180578490118847143771537581802      
   305.833180575208522449485551403157112      
   305.833180532679864089517132468032889      
   305.833180317601823404850585586757474      
   305.833179632578655134427431715675873      
   305.833177969418442227807421197532447      
   305.833174579803515330158587155369700      
   305.833168436153001172847386109150415      
   305.833158097978758591489216434311565      
   305.833141312165118131002909319495903      
   305.833114153098472694651196502334686      
   305.833069624316697244515031460188192      
   305.832995839663005192515148981457423      
   305.832874054758596016439085789955220      
   305.832676856971741510506886808233299      
   305.832366754854888362516129001658397      
   305.831895290162529278679573065818776      
   305.831202679432720577695770994110053      
   305.830217908119569444895422479465955      
   305.828859156710868470493451883321019      
   305.827034429543797751356135561217441      
   305.824642271932964215269082756425392      
   305.821572488513668736463908836488098      
   305.817706806649110439997662339038139      
   305.812919457745872878404132716997962      
   305.807077673296833062462727205460347      
   305.800042110266694190015293060772973      
   305.791667231936335487739406435186641      
   305.781801676136152871044360292457921      
   305.770288643740350189278372017817013      
   305.756966337454743406675488686329559      
   305.741668475337933256734562017530005      
   305.724224896197914469977067189189530      
   305.704462265948710200684129948203379      
   305.682204886002199402010708089026130      
   305.657275597424461168379505915875414      
   305.629496768385464264125265994245884      
   305.598691347600475622383423227102698      
   305.564683963145856325879723337114001      
   305.527302044170717650543549250947210      
   305.486376942513217300757784089347043      
   305.441745031851388903039038911778338      
   305.393248763583459641642419631274953      
   305.340737660842643617956468465400500      
   305.284069234745484114909510122773103      
   305.223109809910383153780080287429085      
   305.157735249305692308866629601483902      
   305.087831571424538442621368473844467      
   305.013295455608173612517923136165696      
   304.934034633889668810017971764605537      
   304.849968169995018980501433449995007      
   304.761026628125731771242888231235525      
   304.667152135811620848844902210120046      
   304.568298346424766555723443286319812      
   304.464430308058828219455275957811043      
   304.355524246237167798719785594975407      
   304.241567268437467379471567489906998      
   304.122556998803116978069701628785232      
   303.998501151465693787463474460918906      
   303.869417051046805986097502568091174      
   303.735331108457345520075477104205066      
   303.596278255569227633187642745180684      
   303.452301373000772827325071276149120      
   303.303450654630669851316175952856145      
   303.149782997014604510089987124617214      
   302.991361361152228126558631616403365      
   302.828254135450321366404400609775957      
   302.660534500712068994484338021521060      
   302.488279802500936330989523578074953      
   302.311570934665542353600889063965441      
   302.130491737218187609671866256407660      
   301.945128412519974681150303242512555      
   301.755568961509307762902035984426765      
   301.561902642283952804472926197939226      
   301.364219453136391392856543078388107      
   301.162609640559570775203293821763480      
   300.957163233112862430742893317600237      
   300.747969602856626453690939975557076      
   300.535117053108177513976417336078591      
   300.318692433429081654712158331299524      
   300.098780782055305676617494244258352      
   299.875464992332529305527112919560304      
   299.648825505542846127119280366576957      
   299.418940027281219077059246909929858      
   299.185883270560907664061431464060324      
   298.949726717623480259786619824257580      
   298.710538405986052170554504460224544      
   298.468382730840993664865672142495576      
   298.223320272806330659487701994314050      
   297.975407634943594273216217239322196      
   297.724697296017701765420372232858982      
   297.471237487122786023788178144418843      
   297.215072074286304892892319082621184      
   296.956240456243354141035064319175254      
   296.694777474693665116014674640097833      
   296.430713332735161806086289830857218      
   296.164073501142328245821221703547884      
   295.894878668681991406975680354500160      
   295.623144674158689248088558021224710      
   295.348882452434801268178072642217568      
   295.072097974579506635859817724591702      
   294.792792199246983768485157657235880      
   294.510961033318325183279341727775921      
   294.226595252479851441749103976446626      
   293.939680467749536420992912397729017      
   293.650197076796245397894690310778656      
   293.358120231579337978422039237573910      
   293.063419739079334250128070941966567      
   292.766059997705501465794924558614110      
   292.465999960985391876365597311167183      
   292.163193109099610036339196379407684      
   291.857587264031063616413718607966247      
   291.549124538046357601796907042958775      
   291.237741310827410195054254448522641      
   290.923368106207465814473672570974294      
   290.605929330729900983285789889796030      
   290.285343379122069909970507585974888      
   289.961522412284310344660788228943998      
   289.634372007312470200443236817576017      
   289.303791459656504845456576367233592      
   288.969673167768875421197320560886996      
   288.631902637667676813943312754784211      
   288.290358200357516572450355232916248      
   287.944910989098527056333173094622331      
   287.595424355350269235894357731130525      
   287.241754019463688693777272031625104      
   286.883747356423410378506439114845136      
   286.521243473324220256904959890007393      
   286.154072661373685457299048642144063      
   285.782056067701619316303787131659988      
   285.405005332592932851819862636452691      
   285.022722273021689769958646711937882      
   284.634998142787463347178481513931587      
   284.241613592924532004760221155233276      
   283.842337662279760510249560662639319      
   283.436927603450558093058453413341615      
   283.025128153541347161390962777144258      
   282.606670704336353429028889259417862      
   282.181272762895616174190644181167511      
   281.748637325355953794009909959798040      
   281.308451716066353933511329191668739      
   280.860386862598698251101264383864124      
   280.404096513302012996624654522191497      
   279.939215848632144358904528606810535      
   279.465360435060877408223974021579627      
   278.982125276526916940051014838316208      
   278.489083279124065242803561774679461      
   277.985783553559784380618252744698885      
   277.471750434544209323020777456773754      
   276.946481196542114647619279060495116      
   276.409444649572218087579307352698881      
   275.860078938489416759822778713804413      
   275.297789162513006195520785732457100      
   274.721945705621222244944982068254864      
   274.131880770522640217769103837591858      
   273.526885925988901854904509825900451      
   272.906209299394758526546860565023074      
   272.269051778425457758423739053244825      
   271.614563546985535303391204984651548      
   270.941840125535698360638902454327279      
   270.249917891753721488791072836325226      
   269.537769362032163006591087743946094      
   268.804297840008455012722479679610618      
   268.048331877961076334759148613757636      
   267.268618746742346637286143857498173      
   266.463817577958967509884353590033400      
   265.632492480842899935157615433288135      
   264.773103685616063464294374577479088      
   263.883998849834148286292968383945356      
   262.963403628920222227624606675396985      
   262.009410966184841392915879341320309      
   261.019969962189689291340143307440527      
   259.992873262064052107083959106290734      
   258.925744357285010954055987422609612      
   257.816023815524348103434524952014768      
   256.660953841877535501536093508097059      
   255.457564735653277851586617986577592      
   254.202657158235067027849229895929053      
   252.892787707318919260978871285638286      
   251.524253551382328811239070026073193      
   250.093078210229730779329495512476736      
   248.594999405230612293582792575811065      
   247.025460254216076508462877640917725      
   245.379605112468577119718535242927334      
   243.652282326038325493300973671012942      
   241.838056255454650575060758061544818      
   239.931230552334898508751726342601541      
   237.925888961622753533952773907387945      
   235.815953985537604866430833797799068      
   233.595269438642625338026388060601755      
   231.257713487654183783286641670844836      
   228.797339101896516235213672513375931      
   226.208549017636447834307904334501628      
   223.486317397804979300971551790967541      
   220.626420017560143383452518981614728      
   217.625714289581610796912171130439112      
   214.482426249775100237899675817928169      
   211.196439658424202937819436934079824      
   207.769572447428762166321925461483011      
   204.205808023199104800878379976236298      
   200.511502439900715446850126726237912      
   196.695454136663990109595476187084229      
   192.768921971934609940757725985268916      
   188.745515490773457565130294086910196      
   184.641054966095934778542538578878436      
   180.472905977345045907770062926560049      
   176.259974525529092525250844339568647      
   172.021912242342913302862926767891197      
   167.778607316315033742547106420457649      
   163.549605302934737995293086095924410      
   159.353569523062663574791751316427035      
   155.207810542177687885985952260866539      
   151.127917513237328243500289443019281      
   147.127505029438964347038079541435968      
   143.218074924558447019857195242925114      
   139.408990641573706268709408067042437      
   135.707537848840282229462436767181527      
   132.119056957136702997533398437011767      
   128.647121849301679250156013498384822      
   125.293746880034277661516705193390222      
   122.059602278505940602965553520057803      
   118.944227833600010222344134814278295      
   115.946235104162718513189518607749714      
   113.063490791662737846028197997196812      
   110.293279608118712111419338938437024      
   107.632447700842077431246930006104119      
   105.077522420142136685381752971877142      
   102.624814321036346219555802988529741      
   100.270500503327526357303426132337214      
   98.0106924850650084481514067187762219      
   95.8414908435062681642286409719235733      
   93.7590280614894900831246188492451048      
   91.7595017205469117001569877967422400      
   89.8391993919940196685619520394063966      
   87.9945172761576011659285775376367821      
   86.2219734323426478099535125705450981      
   84.5182162562833437802014736062859968      
   82.8800298047711852402682285717572209      
   81.3043363682921860519917366395944111      
   79.7881964894023389907566347135655378      
   78.3288082797455972223829245321085442      
   76.9235042784651745888529823508516569      
   75.5697480808381043063585328280569816      
   74.2651302705437145123641760782503656      
   73.0073637118181246833449674630077544      
   71.7942784914370303895992287067678341      
   70.6238169096248953581341386460269304      
   69.4940282932277173329366172634715165      
   68.4030638108049953999096866935947886      
   67.3491712928693937416265875041021499      
   66.3306903430815198368054515194962685      
   65.3460474796908200228211593577034389      
   64.3937514238122663005718799034447065      
   63.4723886071983382587215525761462349      
   62.5806189466663234783772931618095923      
   61.7171718012728643666310377284078246      
   60.8808419119004576662187513984823888      
   60.0704858957982560438355579639121719      
   59.2850186273070346079759581921124557      
   58.5234101072750117638716634673119477      
   57.7846821590111337904114574253864414      
   57.0679055815102243144719966515510346      
   56.3721974116984478105051043739976028      
   55.6967183276669660092453261157309644      
   55.0406700685791684559207307034212832      
   54.4032932891369068567836016549371551      
   53.7838653028773523510939060178509179      
   53.1816980353489025559486527328447638      
   52.5961361452975580709595879791358569      
   52.0265552165386817265558798359630428      
   51.4723600612814058924521107370975870      
   50.9329830992639313626767880427590263      
   50.4078828737298104796884917902130883      
   49.8965427756489388385321742175380767      
   49.3984693225162824538116084148646440      
   48.9131914728042826442256040208949793      
   48.4402590035988655100697436684425299      
   47.9792417122950663645008479359893144      
   47.5297280728861596130802490288107232      
   47.0913245916647095116612541122269216      
   46.6636546157917684399484431330778475      
   46.2463576655350655629764021476306118      
   45.8390884461412928318859630804251427      
   45.4415162454572592640172958666077303      
   45.0533240848563700683183098828192036      
   44.6742080758484582171618714408693326      
   44.3038768129585249449356057216399186      
   43.9420507150276702931599032037624052      
   43.5884614613555134641506846419568072      
   43.2428514512163429950382399438512025      
   42.9049733215710850964338709890165836      
   42.5745894118716602229104300546598720      
   42.2514713351283419572539778167676382      
   41.9353995494618254778763855105145870      
   41.6261629177413077403975075568861576      
   41.3235583632391692023958718500943403      
   41.0273904586118335102185678820511523      
   40.7374711060238806570003808780193892      
   40.4536192067782630797503714217174564      
   40.1756603194050179764327792265568559      
