 0.13628526479685E+03
 0.13628526479685E+03
 0.13628526479700E+03
 0.13628526479836E+03
 0.13628526480478E+03
 0.13628526482493E+03
 0.13628526487383E+03
 0.13628526497463E+03
 0.13628526516627E+03
 0.13628526552868E+03
 0.13628526623801E+03
 0.13628526765602E+03
 0.13628527044388E+03
 0.13628527568056E+03
 0.13628528496426E+03
 0.13628530048070E+03
 0.13628532503080E+03
 0.13628536201827E+03
 0.13628541540365E+03
 0.13628548963464E+03
 0.13628558956359E+03
 0.13628572036328E+03
 0.13628588745119E+03
 0.13628609643094E+03
 0.13628635305801E+03
 0.13628666323408E+03
 0.13628703303207E+03
 0.13628746875049E+03
 0.13628797699348E+03
 0.13628856477013E+03
 0.13628923960539E+03
 0.13629000965345E+03
 0.13629088380497E+03
 0.13629187177984E+03
 0.13629298419849E+03
 0.13629423262654E+03
 0.13629562958934E+03
 0.13629718855493E+03
 0.13629892388572E+03
 0.13630085076073E+03
 0.13630298507152E+03
 0.13630534329592E+03
 0.13630794235421E+03
 0.13631079945272E+03
 0.13631393192011E+03
 0.13631735704098E+03
 0.13632109189158E+03
 0.13632515318162E+03
 0.13632955710590E+03
 0.13633431920860E+03
 0.13633945426261E+03
 0.13634497616603E+03
 0.13635089785662E+03
 0.13635723124521E+03
 0.13636398716844E+03
 0.13637117536043E+03
 0.13637880444299E+03
 0.13638688193382E+03
 0.13639541427833E+03
 0.13640440686383E+03
 0.13641386411140E+03
 0.13642378952016E+03
 0.13643418575181E+03
 0.13644505471960E+03
 0.13645639768558E+03
 0.13646821536517E+03
 0.13648050803693E+03
 0.13649327565705E+03
 0.13650651797658E+03
 0.13652023466058E+03
 0.13653442540856E+03
 0.13654909007426E+03
 0.13656422878489E+03
 0.13657984205870E+03
 0.13659593092001E+03
 0.13661249701160E+03
 0.13662954270443E+03
 0.13664707120259E+03
 0.13666508664504E+03
 0.13668359420297E+03
 0.13670260017184E+03
 0.13672211206144E+03
 0.13674213868062E+03
 0.13676269021853E+03
 0.13678377831833E+03
 0.13680541615100E+03
 0.13682761848184E+03
 0.13685040173739E+03
 0.13687378406170E+03
 0.13689778537833E+03
 0.13692242744858E+03
 0.13694773391863E+03
 0.13697373037163E+03
 0.13700044437481E+03
 0.13702790552298E+03
 0.13705614548355E+03
 0.13708519805555E+03
 0.13711509919970E+03
 0.13714588708459E+03
 0.13717760212583E+03
 0.13721028704113E+03
 0.13724398688426E+03
 0.13727874908630E+03
 0.13731462353080E+03
 0.13735166258666E+03
 0.13738992115808E+03
 0.13742945671969E+03
 0.13747032941569E+03
 0.13751260212305E+03
 0.13755634048868E+03
 0.13760161296150E+03
 0.13764849097510E+03
 0.13769704898362E+03
 0.13774736449130E+03
 0.13779951817837E+03
 0.13785359411867E+03
 0.13790967973423E+03
 0.13796786583603E+03
 0.13802824710479E+03
 0.13809092187760E+03
 0.13815599241292E+03
 0.13822356513800E+03
 0.13829375069788E+03
 0.13836666414536E+03
 0.13844242527445E+03
 0.13852115860826E+03
 0.13860299392760E+03
 0.13868806618236E+03
 0.13877651607811E+03
 0.13886849005604E+03
 0.13896414098590E+03
 0.13906362806178E+03
 0.13916711759464E+03
 0.13927478303324E+03
 0.13938680564313E+03
 0.13950337493595E+03
 0.13962468893083E+03
 0.13975095501908E+03
 0.13988239037507E+03
 0.14001922259192E+03
 0.14016169030772E+03
 0.14031004407190E+03
 0.14046454719333E+03
 0.14062547634486E+03
 0.14079312265661E+03
 0.14096779284039E+03
 0.14114981027487E+03
 0.14133951602162E+03
 0.14153727051764E+03
 0.14174345464262E+03
 0.14195847163696E+03
 0.14218274848008E+03
 0.14241673818846E+03
 0.14266092168603E+03
 0.14291581014833E+03
 0.14318194741729E+03
 0.14345991291666E+03
 0.14375032458918E+03
 0.14405384233892E+03
 0.14437117149400E+03
 0.14470306717367E+03
 0.14505033877323E+03
 0.14541385476615E+03
 0.14579454830252E+03
 0.14619342338231E+03
 0.14661156158821E+03
 0.14705012945655E+03
 0.14751038701351E+03
 0.14799369688288E+03
 0.14850153468776E+03
 0.14903550001924E+03
 0.14959732950126E+03
 0.15018891019884E+03
 0.15081229557115E+03
 0.15146972136944E+03
 0.15216362542988E+03
 0.15289666723689E+03
 0.15367175040660E+03
 0.15449204611326E+03
 0.15536101935660E+03
 0.15628245577277E+03
 0.15726049007192E+03
 0.15829963521936E+03
 0.15940481125817E+03
 0.16058137361962E+03
 0.16183513805953E+03
 0.16317240173155E+03
 0.16459995706027E+03
 0.16612509676129E+03
 0.16775560257909E+03
 0.16949972009629E+03
 0.17136611933496E+03
 0.17336380913668E+03
 0.17550204734088E+03
 0.17779020581126E+03
 0.18023760949552E+03
 0.18285334330115E+03
 0.18564603105233E+03
 0.18862359675562E+03
 0.19179299612148E+03
 0.19516001174662E+03
 0.19872895262506E+03
 0.20250248214306E+03
 0.20648150284827E+03
 0.21066482761801E+03
 0.21504946651577E+03
 0.21963048072968E+03
 0.22440115722665E+03
 0.22935322019276E+03
 0.23447708775691E+03
 0.23976217167590E+03
 0.24519718804751E+03
 0.25077045642647E+03
 0.25647017678285E+03
 0.26228465979352E+03
 0.26820251798424E+03
 0.27421280810401E+03
 0.28030512960325E+03
 0.28646968557854E+03
 0.29269731235664E+03
 0.29897948527624E+03
 0.30530830434710E+03
 0.31167646853411E+03
 0.31807724473538E+03
 0.32450442534261E+03
 0.33095229066304E+03
 0.33741556690972E+03
 0.34388938815091E+03
 0.35036925934960E+03
 0.35685102087998E+03
 0.36333081743099E+03
 0.36980506827368E+03
 0.37627044262695E+03
 0.38272383490644E+03
 0.38916234345161E+03
 0.39558325266934E+03
 0.40198401591391E+03
 0.40836224031156E+03
 0.41471567509168E+03
 0.42104219717463E+03
 0.42733980316740E+03
 0.43360659956371E+03
 0.43984079417114E+03
 0.44604068951064E+03
 0.45220467649841E+03
 0.45833122857618E+03
 0.46441889667322E+03
 0.47046630490916E+03
 0.47647214707008E+03
 0.48243518242296E+03
 0.48835423294403E+03
 0.49422818081803E+03
 0.50005596561933E+03
 0.50583658242663E+03
 0.51156907895873E+03
 0.51725255506218E+03
 0.52288616026869E+03
 0.52846909267695E+03
 0.53400059661989E+03
 0.53947996314981E+03
 0.54490652756319E+03
 0.55027966866244E+03
 0.55559880733216E+03
 0.56086340683543E+03
 0.56607297030220E+03
 0.57122704126318E+03
 0.57632520160369E+03
 0.58136707187277E+03
 0.58635230924878E+03
 0.59128060797960E+03
 0.59615169799755E+03
 0.60096534368578E+03
 0.60572134426663E+03
 0.61041953158661E+03
 0.61505977189769E+03
 0.61964196152303E+03
 0.62416602907143E+03
 0.62863193266272E+03
 0.63303966112431E+03
 0.63738923123344E+03
 0.64168068836928E+03
 0.64591410527124E+03
 0.65008958082326E+03
 0.65420724027999E+03
 0.65826723306858E+03
 0.66226973368750E+03
 0.66621493921324E+03
 0.67010306978712E+03
 0.67393436743347E+03
 0.67770909476681E+03
 0.68142753499583E+03
 0.68508999066949E+03
 0.68869678281723E+03
 0.69224825073367E+03
 0.69574475039716E+03
 0.69918665450297E+03
 0.70257435088102E+03
 0.70590824257057E+03
 0.70918874666542E+03
 0.71241629332675E+03
