 0.13628526479685E+03
 0.13628526479685E+03
 0.13628526479700E+03
 0.13628526479836E+03
 0.13628526480478E+03
 0.13628526482493E+03
 0.13628526487383E+03
 0.13628526497463E+03
 0.13628526516627E+03
 0.13628526552868E+03
 0.13628526623801E+03
 0.13628526765602E+03
 0.13628527044388E+03
 0.13628527568056E+03
 0.13628528496426E+03
 0.13628530048070E+03
 0.13628532503080E+03
 0.13628536201827E+03
 0.13628541540366E+03
 0.13628548963469E+03
 0.13628558956377E+03
 0.13628572036388E+03
 0.13628588745299E+03
 0.13628609643584E+03
 0.13628635307036E+03
 0.13628666326310E+03
 0.13628703309614E+03
 0.13628746888439E+03
 0.13628797725975E+03
 0.13628856527653E+03
 0.13628924053041E+03
 0.13629001128253E+03
 0.13629088658024E+03
 0.13629187636670E+03
 0.13629299157247E+03
 0.13629424418409E+03
 0.13629564728646E+03
 0.13629721507737E+03
 0.13629896285451E+03
 0.13630090697678E+03
 0.13630306480263E+03
 0.13630545460942E+03
 0.13630809549806E+03
 0.13631100728764E+03
 0.13631421041883E+03
 0.13631772579039E+03
 0.13632157472387E+03
 0.13632577881686E+03
 0.13633035986283E+03
 0.13633533977294E+03
 0.13634074051246E+03
 0.13634658405354E+03
 0.13635289234469E+03
 0.13635968729774E+03
 0.13636699079201E+03
 0.13637482469521E+03
 0.13638321090029E+03
 0.13639217137733E+03
 0.13640172823901E+03
 0.13641190381809E+03
 0.13642272075623E+03
 0.13643420210144E+03
 0.13644637141339E+03
 0.13645925287487E+03
 0.13647287140726E+03
 0.13648725279034E+03
 0.13650242378242E+03
 0.13651841224260E+03
 0.13653524725151E+03
 0.13655295923042E+03
 0.13657158005967E+03
 0.13659114319201E+03
 0.13661168376387E+03
 0.13663323870156E+03
 0.13665584682491E+03
 0.13667954894340E+03
 0.13670438795266E+03
 0.13673040892127E+03
 0.13675765917600E+03
 0.13678618838261E+03
 0.13681604861426E+03
 0.13684729443433E+03
 0.13687998296301E+03
 0.13691417394474E+03
 0.13694992980880E+03
 0.13698731573395E+03
 0.13702639970917E+03
 0.13706725259498E+03
 0.13710994817493E+03
 0.13715456323245E+03
 0.13720117761457E+03
 0.13724987428722E+03
 0.13730073940542E+03
 0.13735386238075E+03
 0.13740933594306E+03
 0.13746725624623E+03
 0.13752772296266E+03
 0.13759083934900E+03
 0.13765671234366E+03
 0.13772545268168E+03
 0.13779717501578E+03
 0.13787199804072E+03
 0.13795004451519E+03
 0.13803144166711E+03
 0.13811632112825E+03
 0.13820481912221E+03
 0.13829707669212E+03
 0.13839323996634E+03
 0.13849346030346E+03
 0.13859789433788E+03
 0.13870670456008E+03
 0.13882005947900E+03
 0.13893813364442E+03
 0.13906110823090E+03
 0.13918917143251E+03
 0.13932251853309E+03
 0.13946135226968E+03
 0.13960588382948E+03
 0.13975633234140E+03
 0.13991292623109E+03
 0.14007590311490E+03
 0.14024551068616E+03
 0.14042200717891E+03
 0.14060566187934E+03
 0.14079675597209E+03
 0.14099558326326E+03
 0.14120245065872E+03
 0.14141767949584E+03
 0.14164160591904E+03
 0.14187458219855E+03
 0.14211697762504E+03
 0.14236917964460E+03
 0.14263159516857E+03
 0.14290465166836E+03
 0.14318879856183E+03
 0.14348450909385E+03
 0.14379228182108E+03
 0.14411264209080E+03
 0.14444614439761E+03
 0.14479337418399E+03
 0.14515495033088E+03
 0.14553152728372E+03
 0.14592379839107E+03
 0.14633249809054E+03
 0.14675840573621E+03
 0.14720234857046E+03
 0.14766520583296E+03
 0.14814791305516E+03
 0.14865146590425E+03
 0.14917692632586E+03
 0.14972542676858E+03
 0.15029817706883E+03
 0.15089647097997E+03
 0.15152169262553E+03
 0.15217532520405E+03
 0.15285895993444E+03
 0.15357430409176E+03
 0.15432319383396E+03
 0.15510760418155E+03
 0.15592966227343E+03
 0.15679166184003E+03
 0.15769607778834E+03
 0.15864558387653E+03
 0.15964307094782E+03
 0.16069166687181E+03
 0.16179475903692E+03
 0.16295601813189E+03
 0.16417942313631E+03
 0.16546928935931E+03
 0.16683029746975E+03
 0.16826752308049E+03
 0.16978646883171E+03
 0.17139309541085E+03
 0.17309384997298E+03
 0.17489569361404E+03
 0.17680613236806E+03
 0.17883321917574E+03
 0.18098556875602E+03
 0.18327234125935E+03
 0.18570321431063E+03
 0.18828832150984E+03
 0.19103815781145E+03
 0.19396344406125E+03
 0.19707493520939E+03
 0.20038317437429E+03
 0.20389818744495E+03
 0.20762911302699E+03
 0.21158378439406E+03
 0.21576828446041E+03
 0.22018650369264E+03
 0.22483973306164E+03
 0.22972636694275E+03
 0.23484173360907E+03
 0.24017811062639E+03
 0.24572492718291E+03
 0.25146914281555E+03
 0.25739576645436E+03
 0.26348845064733E+03
 0.26973010597495E+03
 0.27610347069256E+03
 0.28259160064472E+03
 0.28917824857275E+03
 0.29584813587259E+03
 0.30258711157626E+03
 0.30938223011064E+03
 0.31622175902590E+03
 0.32309513355482E+03
 0.32999288534542E+03
 0.33690654926408E+03
 0.34382856562375E+03
 0.35075218252526E+03
 0.35767136084613E+03
 0.36458069188562E+03
 0.37147531651233E+03
 0.37835085910642E+03
 0.38520336785471E+03
 0.39202926289442E+03
 0.39882529227484E+03
 0.40558849244755E+03
 0.41231615684667E+03
 0.41900580678521E+03
 0.42565516787762E+03
 0.43226214831577E+03
 0.43882482142517E+03
 0.44534140976499E+03
 0.45181027256958E+03
 0.45822989218786E+03
 0.46459886629181E+03
 0.47091589587999E+03
 0.47717977974538E+03
 0.48338940696597E+03
 0.48954374992982E+03
 0.49564185956361E+03
 0.50168286037267E+03
 0.50766594640530E+03
 0.51359037653285E+03
 0.51945547154197E+03
 0.52526061078223E+03
 0.53100522954043E+03
 0.53668881611704E+03
 0.54231090954858E+03
 0.54787109744168E+03
 0.55336901391450E+03
 0.55880433811859E+03
 0.56417679171173E+03
 0.56948613732127E+03
 0.57473217877808E+03
 0.57991475729669E+03
 0.58503375129292E+03
 0.59008907442120E+03
 0.59508067635748E+03
 0.60000853854477E+03
 0.60487267550205E+03
 0.60967313287150E+03
 0.61440998561653E+03
 0.61908333912417E+03
 0.62369332511115E+03
 0.62824010422403E+03
 0.63272386149907E+03
 0.63714480842898E+03
 0.64150318008630E+03
 0.64579923485846E+03
 0.65003325374860E+03
 0.65420553922597E+03
 0.65831641501089E+03
 0.66236622399985E+03
 0.66635532841037E+03
 0.67028410825900E+03
 0.67415296155433E+03
 0.67796230233168E+03
 0.68171256065021E+03
 0.68540418156901E+03
 0.68903762429228E+03
 0.69261336134252E+03
 0.69613187815981E+03
 0.69959367234755E+03
 0.70299925226890E+03
 0.70634913733460E+03
 0.70964385652309E+03
 0.71288394815727E+03
 0.71606995910879E+03
 0.71920244409872E+03
 0.72228196517102E+03
 0.72530909088199E+03
 0.72828439599327E+03
 0.73120846070536E+03
 0.73408187002464E+03
 0.73690521336634E+03
 0.73967908403808E+03
 0.74240407847519E+03
 0.74508079597026E+03
 0.74770983814502E+03
 0.75029180839258E+03
 0.75282731151041E+03
 0.75531695319541E+03
 0.75776133967504E+03
 0.76016107727019E+03
 0.76251677199898E+03
 0.76482902916605E+03
 0.76709845313312E+03
