   91.9024000948784202170827437330254962      
   91.9024000948756103372976966772670622      
   91.9024000947781154036684974976726267      
   91.9024000938787693816519558943379898      
   91.9024000896844288202618257939835131      
   91.9024000766383934662161758961524614      
   91.9024000450117361796026642231089950      
   91.9023999762874426650410632576184595      
   91.9023998183483735964598429973062028      
   91.9023994036952330094359002368167470      
   91.9023982669257135432454414602430841      
   91.9023953407678550820555669200418747      
   91.9023885526131311150581475474925941      
   91.9023743796609868167936451183065777      
   91.9023474336114166034128782707267888      
   91.9023001355560910996149591627467226      
   91.9022225183971634372348169664785438      
   91.9021021684955740268965010240679705      
   91.9019242971878763977481451660591783      
   91.9016719188043397155149418114164516      
   91.9013261045689204691509298438521976      
   91.9008662797374760517211756903531665      
   91.9002705329420377032943123869449986      
   91.8995159106458777184633782430639134      
   91.8985786750776180977075819556151194      
   91.8974345103701095656923477288794697      
   91.8960586681663741249001400849851202      
   91.8944260505893038276750717138713672      
   91.8925112342258629133102973041507355      
   91.8902884433556933929316271381223090      
   91.8877314842339070921181996526200133      
   91.8848136540004325091251001613175694      
   91.8815076382276383990989594348796680      
   91.8777854103710673768669211117905608      
   91.8736181446124634065475921793625677      
   91.8689761511775769037655603033242876      
   91.8638288404824412615261412009381015      
   91.8581447196579943112903182657221983      
   91.8518914224163274843010829708856497      
   91.8450357708801690062351627449791760      
   91.8375438521667524239520448388519262      
   91.8293811853269189835440300475866853      
   91.8205127820007645692263812421928111      
   91.8109033382987175542137045301077436      
   91.8005173769699383809457775626659945      
   91.7893194010937363003022275030116855      
   91.7772740431277789328243828073596001      
   91.7643462044512213464930922182702751      
   91.7505011813262349870775760606491856      
   91.7357047739764148038749817814488799      
   91.7199233764022982324520393141184838      
   91.7031240448978880867490093072658038      
   91.6852745446554230046027402372030295      
   91.6663433738370798201850026909921419      
   91.6462997653700957513477722099304570      
   91.6251136674113022913388696413575997      
   91.6027557033764309772321673825458098      
   91.5791971131595408105392154554896855      
   91.5544096769944927846243771500276651      
   91.5283656247273774393174059417086837      
   91.5010375306633034051368770681993640      
   91.4723981982387964459198343284025745      
   91.4424205348047595596998308857735858      
   91.4110774194813836584540038322248137      
   91.3783415662675780716034692963664048      
   91.3441853816231005132167539514837339      
   91.3085808229247774392247819045755201      
   91.2714992537117424282233223404551677      
   91.2329113018009286251865587527730482      
   91.1927867196519749430698745160512877      
   91.1510942451436414536403686402969378      
   91.1078014703274206061308078648151885      
   91.0628747110846202722286009320823902      
   91.0162788858837402191651440892813137      
   90.9679773925824134256598986039374377      
   90.9179320065259045166282779740703119      
   90.8661027601259445248033583167742297      
   90.8124478514984234236381677996250153      
   90.7569235462033861708472847696181176      
   90.6994840911838385998003672445124391      
   90.6400816327536840607693852686717634      
   90.5786661341940496909302684177257187      
   90.5151852965499237179557602110737033      
   90.4495844939856241672048695992264517      
   90.3818067079089625312933877340594519      
   90.3117924630801665106384040313698275      
   90.2394797647648275341976275940033999      
   90.1648040476987234244738423771963262      
   90.0876981257183014969963581855694514      
   90.0080921021672174607066741382975548      
   89.9259133386657023232033087425664102      
   89.8410863971603894051923191713528531      
   89.7535329825672144026263977461966133      
   89.6631719004596899571729521479806338      
   89.5699189911947235948056840378912229      
   89.4736870076724537784532339498216316      
   89.3743856737989338516593858077909389      
   89.2719215046491526248909972169930399      
   89.1661977669003029048986995716089565      
   89.0571144226822162652357804664976881      
   88.9445680495446223162118588062212482      
   88.8284517870209286603359039331837593      
   88.7086551155770165186110250347112256      
   88.5850638719180729079127767273155338      
   88.4575601197724231649536954857151676      
   88.3260221440115699497500790779140530      
   88.1903240902289258546695311790807317      
   88.0503359429486422012391018860396956      
   87.9059236221837883911908967327600258      
   87.7569485435441839961720123147051794      
   87.6032674194224867145696561119940497      
   87.4447324322530807543667006697571617      
   87.2811909394758238753956531299296009      
   87.1124849948489633725361867225338745      
   86.9384515096891537396873512536178345      
   86.7589220423400961626497030094682506      
   86.5737221944250416638819210489626508      
   86.3826720468694544232658338684795822      
   86.1855851079360692703031255009290057      
   85.9822688859522362567604476828164874      
   85.7725238953865378668533991890040985      
   85.5561439101774683202981428560405839      
   85.3329153069176033849521664658657781      
   85.1026169921517310009736948877993448      
   84.8650199738908304990884086733165774      
   84.6198869502541978163655393384243507      
   84.3669720968336354531009431898949365      
   84.1060205070607606818159402655332576      
   83.8367678019040608689929134555080796      
   83.5589401182222508319804340814493606      
   83.2722528046806102779609200325394833      
   82.9764107186568802848924448117322514      
   82.6711075796754506039197814982875846      
   82.3560251450959402173575807784202804      
   82.0308328092613344379777974558710896      
   81.6951873302351535210431224469368641      
   81.3487317635710187575092872620036897      
   80.9910951337820116773755289115777793      
   80.6218917851641651942371797843837425      
   80.2407203988130346326402333524040116      
   79.8471636832118285899622290148149078      
   79.4407874666373957509239664687311644      
   79.0211398748068263267248346623326724      
   78.5877507610197056374774117850153182      
   78.1401305839162931226833887960610892      
   77.6777699547735785878892888971606361      
   77.2001383528312276635298569516589326      
   76.7066838257382109618029898631836950      
   76.1968320619288797960289487374000919      
   75.6699851127313607105554221707039259      
   75.1255211348524067372131181660213362      
   74.5627935863909517678277701545990809      
   73.9811304860592548833712989250486826      
   73.3798340490064346896453545870522758      
   72.7581802099481229549132105766311946      
   72.1154187417152440923360876438583000      
   71.4507733764955272479087281294028643      
   70.7634422833533166702200845168873969      
   70.0525992235107566491652478651487947      
   69.3173951588135942422225764701508784      
   68.5569608711436041373617501426542681      
   67.7704103059449821925356709365863726      
   66.9568452450457824644156293323600458      
   66.1153618833534034445380903319332036      
   65.2450583561817799881202342184908908      
   64.3450460470726856351543420944461318      
   63.4144622018262770775283407858440075      
   62.4524860943349853103058643009603529      
   61.4583628993960826013629767537367494      
   60.4314244284239806217219067490168058      
   59.3711230145468109284606847187128273      
   58.2770676401649837497763742319845176      
   57.1490683964038942938046656180037885      
   55.9871858529061914938669016955903372      
   54.7917890321012027667112057894533124      
   53.5636193619738106403379228346998515      
   52.3038598914117478162650462745910073      
   51.0142043979079272932986015484614096      
   49.6969276487676299075740458009096162      
   48.3549447299126050712963541727492147      
   46.9918581242236557145286382214568179      
   45.6119754348543394951673050573874961      
   44.2202975799774259158494454128872064      
   42.8224578086982229114381782101932042      
   41.4246100499793322753200015481057496      
   40.0332664244649970431020254230980157      
   38.6550888268389750097553002718157561      
   37.2966496806827097712175130616326082      
   35.9641863882538666833180580866175532      
   34.6633746821283569240655563855807662      
   33.3991447316261497046854538475922352      
   32.1755552887863022873991931834532747      
   30.9957344070480905662620304699026861      
   29.8618821380020230228207494109938233      
   28.7753247768269633465950140382697450      
   27.7366062947390373519975718804707198      
   26.7456009515780191268842317582707097      
   25.8016342976237008580233248766991136      
   24.9036005358081352415411640721642045      
   24.0500706166365561997358433863355201      
   23.2393866650977860565690929373405881      
   22.4697409689714976671037968036506083      
   21.7392402273439742264794591212167508      
   21.0459560052787037823614801759087469      
   20.3879633101049568998683837692249300      
   19.7633692954445836517948875524338350      
   19.1703336042511769843621805378333474      
   18.6070828291526494369393458498511302      
   18.0719194272461492507515291648356074      
   17.5632269676219811931673431175222611      
   17.0794727674028393495066129807919612      
   16.6192080942188826552776410469006549      
   16.1810671556782061845709743048742926      
   15.7637648202662132239461096240424774      
   15.3660937116288384418884995712410885      
   14.9869207924776413900787448215458349      
   14.6251837130248879853354778772994790      
   14.2798870565327278396114750736417222      
   13.9500985024860104349370292029158679      
   13.6349450509444211692221485484888294      
   13.3336093837676514414021712057790195      
   13.0453262993277219781097194999409163      
   12.7693793052163375526971440386281239      
   12.5050975146023478979934108296118848      
   12.2518525174151904379428219801648499      
   12.0090555512916854073526450382864368      
   11.7761547997042406235838972948546889      
   11.5526329133400499315218422757502550      
   11.3380046321606598283007761467803083      
   11.1318146147388353896749424063148166      
   10.9336353882273459346621957913513728      
   10.7430654503950191608758049314869431      
   10.5597274869829228747414375388948030      
   10.3832667738618099223663829845194118      
   10.2133495913044911080551130394258363      
   10.0496618786587923465869473489809372      
   9.89190783866307546572895706683608178      
   9.73980880445068692296303918178461548      
   9.59310203760241822427134001722056566      
   9.45153969854349736856961069452003803      
   9.31488790646975346904564035606014413      
   9.18292573335773985781694848689334340      
   9.05544454843951722430626422063812498      
   8.93224700286913115101835174683569118      
   8.81314648641389973330271496294690088      
   8.69796638417203959102900945263906991      
   8.58653943809506326190214298125571258      
   8.47870718735449458171460702248642048      
   8.37431942013448946171059926122993598      
   8.27323366717427489442243519362947801      
   8.17531472361425026950359434483838067      
   8.08043424012867319804458000271364881      
   7.98847027612320878403304520825052203      
   7.89930694651459964283630427408356471      
   7.81283404496173308772015803606821397      
   7.72894674645752991894914532979916548      
   7.64754526264133453737939968283976328      
   7.56853456995562861294893454305182032      
   7.49182413878032575432310211110107886      
   7.41732768624803107623361743919615368      
   7.34496291136774193001509095559730697      
   7.27465131642183064093431093137074532      
   7.20631796941639494603208980772157998      
   7.13989132772543376439873655683088157      
   7.07530303885680082024144741192003803      
   7.01248778213323123362845139191382767      
   6.95138310535902812473916858795367630      
   6.89192927400161404147588124536738253      
   6.83406913075077686726369570155670467      
   6.77774795988252387394356788623380385      
   6.72291336876225894212963705570183040      
   6.66951516046642018304950166099131880      
   6.61750523456286347171268323311708753      
   6.56683747367842496606436698229222257      
   6.51746765096291134863881762682430393      
   6.46935333325766234980949379321402889      
   6.42245379970660946773384019893355522      
   6.37672995236357363343212105647902302      
   6.33214424525696232834500266240181202      
   6.28866060634816832906076803896465188      
   6.24624436900828779498647869629953732      
   6.20486220856319902035096106679700034      
   6.16448207852043701161851961729574809      
   6.12507315154542463091687524489156386      
   6.08660576562742670621859869862106258      
   6.04905137033891998761423972351559993      
   6.01238247688228107783271279519788120      
   5.97657261227652651280618931544200487      
   5.94159627259920177606459897120481357      
   5.90742888186093849673281009025923868      
   5.87404675188798824520883992679115960      
   5.84142704230921665996855043321671647      
   5.80954772711219004682062684408229773      
   5.77838755794027700479924572261509842      
   5.74792603139621793500135902306624724      
   5.71814335873387700513772650903859118      
   5.68902043590570004550319566290189364      
   5.66053881503807789366651097737208758      
   5.63268067799097968039440341493806686      
   5.60542881008269680218288033524374495      
