   482.989325854482766625225197452827150      
   482.989325854498234655481154983509087      
   482.989325855059819086560773405629421      
   482.989325860516629894659871621301183      
   482.989325887322284515814506850606120      
   482.989325967435644092579217506451470      
   482.989325968950923145087401705917250      
   482.989323869000587490475423624091241      
   482.989307850192948666432650584016142      
   482.989234838319703604955477299320611      
   482.988991240619911118636295364401290      
   482.988340383513760559103994144929804      
   482.986868773418212062067367097368417      
   482.983944755005537984452297400459796      
   482.978698901874576160239604550048481      
   482.970029030597560926658961091282843      
   482.956627172603746223590843287446755      
   482.937022557308860258214110188307289      
   482.909633640876604872875211582961234      
   482.872822787384884366558756071153937      
   482.824948607986634207878644603153270      
   482.764412594623057436845517626743891      
   482.689698183427814489596788238717094      
   482.599401577337042780495400246436288      
   482.492254504238137832894783532352342      
   482.367139616083424721184394399787808      
   482.223099508818066277687504781066219      
   482.059340430628659474149265628657438      
   481.875231713159143636052434330923120      
   481.670301858338605557626076840962490      
   481.444232079128199583833549633705966      
   481.196847954541952369245880574550253      
   480.928109731894990927364761720484299      
   480.638101699912428632323509323748686      
   480.327020968186904560440524329399515      
   479.995165919777936006268836105583500      
   479.642924551788752080096786469112214      
   479.270762880063590808671597946215554      
   478.879213554473905520159826285340861      
   478.468864808859277433513473311710207      
   478.040349850399723465266361818638998      
   477.594336777262090224396177733467227      
   477.131519097925958871920149636668649      
   476.652606911185151002374607317564368      
   476.158318792120397272712685643217198      
   475.649374414727318198980624732653781      
   475.126487923875641337238974433035884      
   474.590362096294756680898911387672226      
   474.041683203542433806932363369943035      
   473.481116664793116996225984948848728      
   472.909303389493509991829537674335039      
   472.326856806486973149000317548386780      
   471.734360535214278911792263778236903      
   471.132366655326677599565762139127603      
   470.521394527437227393062807240313574      
   469.901930114727987750031565881393637      
   469.274425754007712178824594542812735      
   468.639300325625386412459294283852212      
   467.996939770482841819280428541343321      
   467.347697905167342206615950720897538      
   466.691897487923429590306756826704067      
   466.029831490089808591912758263949889      
   465.361764530836230228334089252098985      
   464.687934436923817985155065675265281      
   464.008553890910699034071454319590804      
   463.323812135414749058637989389972252      
   462.633876705975006064194569603464898      
   461.938895164657179133439123753380312      
   461.238996814432122069246250955781277      
   460.534294374299150624329411178075524      
   459.824885597981387467181073347120849      
   459.110854825741163825491966627525265      
   458.392274455890102884895537303204540      
   457.669206329365215273016327525435497      
   456.941703020690248708222960775012613      
   456.209809032002074700253216785250506      
   455.473561885736241447044905180357988      
   454.732993118609675058689729416392026      
   453.988129173960262826431414790503355      
   453.238992196748155723916952936411797      
   452.485600733771293034310800125685764      
   451.727970336315977160642430702385268      
   450.966114080095191565949680985100960      
   450.200042993168219136651389239634301      
   449.429766414377342128336348841454610      
   448.655292270212478390659878341806861      
   447.876627285377945305577348237960076      
   447.093777126240888801963678889642962      
   446.306746494030236361854440666085502      
   445.515539149685635997570364783834603      
   444.720157893704935040454078433245671      
   443.920604513057318967453941918531458      
   443.116879679481373746206254441423767      
   442.308982814638491476547477776263518      
   441.496911933117871142935635842886248      
   440.680663434760325087624229388507711      
   439.860231873861161030673556202991544      
   439.035609740840925553816500315636419      
   438.206787204081284079057189080190621      
   437.373751831716283492492613308358367      
   436.536488304832226440956295184425053      
   435.694978135310123727443077938785147      
   434.849199361551670620285460996528821      
   433.999126175471919817938786736077865      
   433.144728636808500926027037839337677      
   432.285972481459701667291811931456843      
   431.422818604608334043123797992258577      
   430.555222769188555025686645703241534      
   429.683135293166034840307839785750402      
   428.806500806699736059705566912447195      
   427.925257812200599903663373764989809      
   427.039338230059566179550025821634208      
   426.148667301814796187981634189173348      
   425.253163168604467482059166100484914      
   424.352736287585594506913912611979211      
   423.447289369559626220709720804939685      
   422.536717020476579869703976191449002      
   421.620905066201336711863223852833784      
   420.699730421755736477993912722629899      
   419.773060857805659933194676599441360      
   418.840754145523367642378027097911809      
   417.902658276316919669278607317222318      
   416.958610360833979224849716174754038      
   416.008436979203991797694623958845939      
   415.051952992788867544254824159562894      
   414.088961844015652909445924646363578      
   413.119254362287979782885211642158425      
   412.142608965746026213526692973647596      
   411.158790793410368236421462588130683      
   410.167551147655999277187816526084419      
   409.168627364712311834739702814736664      
   408.161741835056143621921203610987214      
   407.146601738858041792531038646679389      
   406.122898236756096252150493667503864      
   405.090306197548182163721615519095813      
   404.048482938028298080987094437849418      
   402.997068731720929618076908443818079      
   401.935684557645450355908496675295284      
   400.863932768324520054691561165163863      
   399.781395694172706369117868048050765      
   398.687635056945297054766593064086414      
   397.582191153340007568805273625985947      
   396.464582305436911038055793733136424      
   395.334303711181264739948602751061320      
   394.190826911707974669856366693738572      
   393.033599149243715786480826507936938      
   391.862042225685396108335527671352139      
   390.675551928592016875902282418874205      
   389.473497591694886370786513586916104      
   388.255220924574253034893014080219938      
   387.020036070285773598580446964793799      
   385.767228648433685196233850898570492      
   384.496055838252498272009992596232505      
   383.205746088729571918330080316631009      
   381.895499803953082209703798026906405      
   380.564489430954942668760790917041830      
   379.211860259178951888265230581456895      
   377.836732709398984244167450839819637      
   376.438203797544595785402359894945349      
   375.015351352986580958931363437529914      
   373.567236913882845750765587266080496      
   372.092911836429511704448521321552398      
   370.591424831937862268769883808243100      
   369.061830562837771169407699830502319      
   367.503202076717112242252324771787853      
   365.914645265550897302544731510312926      
   364.295318149370216748057924128267178      
   362.644453767699460204992116913815388      
   360.961389923051948190546953478876422      
   359.245605353966654111018637756917233      
   357.496764398278595516261259372278577      
   355.714772149673548511532225030117201      
   353.899842071666471116252347269201049      
   352.052577499681010405347474023965133      
   350.174070682506627978570403025729403      
   348.266022435673854301080304410072536      
   346.330882907242901210086380963197346      
   344.372012852792991713760191883819227      
   342.393899389899415974207479413715108      
   340.402343814342156056448842753424389      
   338.404729359908178089874681814173476      
   336.410284054248688140404490740006460      
   334.430359387974891926694522070353162      
   332.478704626591387054692161139572443      
   330.571714569417087250852446548392668      
   328.728617152107001806642847057569091      
   326.971562200011020809804898725513164      
   325.325563243968994013325356925716142      
   323.818246918366351199709543072629149      
   322.479364595844131038156587948048560      
   321.340046692106984806116164956835079      
   320.431800995501315911259952286255925      
   319.785306834275783462043803271389224      
   319.429091087885678504545675709163421      
   319.388217518202404142196632615003185      
   319.683133314120122649338219467099686      
   320.328808167018886370237709938973667      
   321.334257471541195908048965766320344      
   322.702484777275271939354465597591609      
   324.430811381608650784271558484254932      
   326.511511904199586328621073656503156      
   328.932647006925399179028999217891806      
   331.678981820430748676601532495127072      
   334.732895715227489022692069075982685      
   338.075216600216475380590430416876624      
   341.685934036897721613327162291401848      
   345.544784844011729024207665971821074      
   349.631703926947376731784152336660933      
   353.927157980434445992586698733089423      
   358.412376627692146355598018361679775      
   363.069502808220311511862121311296034      
   367.881678661022881122725948689544749      
   372.833083444834621987599998030670448      
   377.908936878853260033344388013799859      
   383.095478284897343425255534481534395      
   388.379926456894891627901883742580033      
   393.750434106342463151372341064174302      
   399.196032906241596282794705595010813      
   404.706577217479385591963942931449573      
   410.272686309221891914940354523861804      
   415.885690133216635357511422790288505      
   421.537574700121262036809674047211523      
   427.220932340360358694131471897952812      
   432.928912469829237592433738665137151      
   438.655178789737269488044872260583287      
   444.393867662928469456103299235158508      
   450.139550834581893748126816231132389      
   455.887199939001077904634844635353338      
   461.632154477169411472941976996294140      
   467.370094774822072457761737037134313      
   473.097013017036713143721955548442768      
   478.809190153339671148316019169849990      
   484.503173718673449819097703295773118      
   490.175757829748481718942831822747413      
   495.823964901882141794076961784022698      
   501.445028924166210233024098244521016      
   507.036380003478236150760024372503168      
   512.595630876786555846716358053557071      
   518.120564228578985880588642075387674      
   523.609121311424339258901499418834594      
   529.059390522268802508687208835294621      
   534.469599127377465725148674954945493      
   539.838103646766600570906815861608687      
   545.163382189987384961138154331045712      
   550.444025935392414029412095361076362      
   555.678734447930429685087341852596345      
   560.866307176635391661153281409948696      
   566.005639313748543055958148093008981      
   571.095715833815638795678085651381433      
   576.135606352324390855938408091017787      
   581.124461002047555193058099535101751      
   586.061506124376711283861149532386043      
   590.946039979608190469350633327522160      
   595.777429911975064932950253755945023      
   600.555107657390147850309825791219917      
   605.278567975473194434897331708624569      
   609.947363128176189990565037159375973      
   614.561102748113548643011418962315195      
   619.119448908493965589422752731920721      
   623.622116167398161519405999465358057      
   628.068865575963172699176870811506015      
   632.459506338483945398540914311346309      
   636.793890657775615777282872729399664      
   641.071913812626778446366485418011210      
   645.293510781258387857755033743224821      
   649.458654620372772447470696611100816      
   653.567356429290598240973474274533948      
   657.619660851466852522336128331571929      
   661.615646329605632137367771103311801      
   665.555423345837356853791766667423703      
   669.439132170525186372675981221513616      
   673.266942040102124467232691160015488      
   677.039050037945959461029874969396974      
   680.755678586251925148754625604715476      
   684.417075691573363904067735541741311      
   688.023512533846484886837665588123554      
   691.575282490689304579925088743222363      
   695.072700267622156922582510931691861      
   698.516100714303948838813072999048541      
   701.905837349808286398153984086603925      
   705.242281831463453799627128187353764      
   708.525822474770927396954884176157974      
   711.756863564915271200641190624328690      
   714.935824074300231164831600999320415      
   718.063137250964550374909896220139755      
   721.139249086242764325195189013777395      
   724.164617910425382668576417162290667      
   727.139713416425998940056066406488147      
   730.065015668256209338422382018734880      
   732.941014473495909363138575902412474      
   735.768208830716117533184438249646629      
   738.547105652830634560959474873873184      
   741.278219483262290792266233494865287      
   743.962071731960536687533389980059700      
   746.599189968046935620480690834805602      
   749.190107170853292503324603912775249      
   751.735361287809412624321478516030294      
   754.235494606723999811641585593502841      
   756.691053090816409775265906844504523      
   759.102585921184661827156208285261788      
