   6.91360382032448847522976250442333937      
   6.91360382032448897452856100055816334      
   6.91360382032452743201328781372420908      
   6.91360382032516444341181800519020195      
   6.91360382032990751712095170087882058      
   6.91360382035170981779289183469083334      
   6.91360382042467998402730531207652186      
   6.91360382061958405575438758880424875      
   6.91360382105548862151318220387957426      
   6.91360382188595357241929213234930856      
   6.91360382321898980233485021511415432      
   6.91360382491702757161389158580876113      
   6.91360382622650346127213255681553039      
   6.91360382520635178972975040425228534      
   6.91360381795271752237785035039413147      
   6.91360379764466427495480018204714031      
   6.91360375345691122329133928358428109      
   6.91360366939923817448311534548720737      
   6.91360352314906518262425883785479793      
   6.91360328494558954866486392975301406      
   6.91360291661224836492453052672512195      
   6.91360237076968398136868663026927854      
   6.91360159029345296098659542471643091      
   6.91360050805953492315007640852496503      
   6.91359904700530831261359564251377828      
   6.91359712051592132164901747073277932      
   6.91359463312586737815975459941346876      
   6.91359148150649443206224505403233203      
   6.91358755569304240230734814383385863      
   6.91358274049098060208901844297989359      
   6.91357691699396237184229177615247123      
   6.91356996414246312330409252083917450      
   6.91356176025468511194579241070518960      
   6.91355218446801315032051779219720127      
   6.91354111803929994366555915145200589      
   6.91352844546415639190872087276675751      
   6.91351405538827174597381356330086571      
   6.91349784129614296280411070146951594      
   6.91347970197435130398211961853820943      
   6.91345954175593281982684791076657778      
   6.91343727056079811611921511953891611      
   6.91341280375268358517775881322145867      
   6.91338606183737431103572839294768698      
   6.91335697002881576970253087129474005      
   6.91332545771052315129952453270303707      
   6.91329145781901481064498389362395747      
   6.91325490615679029339673688054891230      
   6.91321574075698139092125250539163767      
   6.91317390108414111434679414004332481      
   6.91312932738683822339784795812483145      
   6.91308196000229809665471535577974733      
   6.91303173870577261491219116037402905      
   6.91297860209973561237104811740509628      
   6.91292248704817321534009393759310975      
   6.91286332815946473599007739389941497      
   6.91280105731889629107074362285268700      
   6.91273560327025560693909475846728545      
   6.91266689124489457557984820342908096      
   6.91259484263484749831243181462856844      
   6.91251937470682401627064445942948710      
   6.91244040035171149720685894541275422      
   6.91235782786569638675963657246663704      
   6.91227156075729499640863608469242185      
   6.91218149757534989864495282298091332      
   6.91208753175342743062096250358923855      
   6.91198955146380264211103050515481823      
   6.91188743947939002982830359809044845      
   6.91178107303550189658641527773493959      
   6.91167032369048153813440830834144454      
   6.91155505718024786166850851145187340      
   6.91143513326122465915677420026368863      
   6.91131040554301267430153427470463720      
   6.91118072130395925624719848481734804      
   6.91104592128955668468240110616082135      
   6.91090583948953311441881738075136227      
   6.91076030289604801672405409240910116      
   6.91060913123263967935244361528848857      
   6.91045213666523702753177814255208037      
   6.91028912348313335640148393036679391      
   6.91011988775598127749054678649578845      
   6.90994421696787007878404374085171597      
   6.90976188960910011489878806621242223      
   6.90957267475637718730867103480683565      
   6.90937633160156779686664542502192460      
   6.90917260898134451076314425777311867      
   6.90896124485496357954176665002049245      
   6.90874196576225230549123531055368758      
   6.90851448624157065336512252165897920      
   6.90827850824331959308614699571450525      
   6.90803372046908663043988745087935132      
   6.90777979768968797846144962732336575      
   6.90751640006538833697072570157986939      
   6.90724317240491318115464405698128485      
   6.90695974339769560301848403194854481      
   6.90666572483724797396872669817765155      
   6.90636071074151284037754047557403730      
   6.90604427643492314326214594146376398      
   6.90571597769389972942601822746784651      
   6.90537534978574783274420845306999406      
   6.90502190645088242463624895916309490      
   6.90465513885561360213821867010190840      
   6.90427451454184385785681135297758508      
   6.90387947629640016443630215332109494      
   6.90346944078520339344181450064164269      
   6.90304379741186037636448185982370520      
   6.90260190739441888069002119808851667      
   6.90214310188541121735617098096441791      
   6.90166668065573953952175230278991467      
   6.90117191068394089906929966323285906      
   6.90065802486554018064710686480763179      
   6.90012422013598669551118339718966295      
   6.89956965542683476498970197769875926      
   6.89899345057904025674286488585664566      
   6.89839468433600217186170584350208420      
   6.89777239165944560952641813633862098      
   6.89712556254405954014501107307088714      
   6.89645313987012084393751316625677207      
   6.89575401630634396898465788580919931      
   6.89502703252953137700065954279220213      
   6.89427097525812705991863127136918890      
   6.89348457322066033755477471707171950      
   6.89266649621619837351558033887554474      
   6.89181535022570292213231294702477596      
   6.89092967658004834178477336872309880      
   6.89000794654905978910040131368166094      
   6.88904856015690307193834716819815922      
   6.88804984055465782669377374833283625      
   6.88701003218239413241697356455118245      
   6.88592729567722771484197077653271966      
   6.88479970399985344834417238128995128      
   6.88362523871357619457022639782290123      
   6.88240178439750476742929544754156262      
   6.88112712496261412936005047223341548      
   6.87979893727876000670845701383265174      
   6.87841478770641018132174666050330742      
   6.87697212451992094288521642354552164      
   6.87546827295476506678041284669264846      
   6.87390042995311809724634367203631328      
   6.87226565474436268835265643619260136      
   6.87056086559222115700857316922627126      
   6.86878282900557318307326136382356491      
   6.86692815430565009575708462339309438      
   6.86499328531285500388951412849786017      
   6.86297449026538576678377031776643313      
   6.86086785433158226222121116358939409      
   6.85866926962576392598162450734255525      
   6.85637442474030988316472322427068753      
   6.85397879440400677853390873735831604      
   6.85147762890926729267564384332324672      
   6.84886594089075640868314289224413040      
   6.84613849463318588860811213441838154      
   6.84328979173929270572205831229203257      
   6.84031405772310226971672022193698323      
   6.83720522802077071978164061784234528      
   6.83395693198712158293452021312288228      
   6.83056247878959020005934323918210120      
   6.82701483767219377384312813322366920      
   6.82330662369015160585057298987809737      
   6.81943007745111697324834735623500023      
   6.81537704718416733462904436841568355      
   6.81113896983426216411866487785477490      
   6.80670684853642800858836172323976470      
   6.80207123391669580189051137318647273      
   6.79722220151578686527176384250132456      
   6.79214933093490073742613622590081132      
   6.78684168323379683535238194584915935      
   6.78128778014502547518128896049241508      
   6.77547558104798695001511282751584627      
   6.76939246375287498639151839283006688      
   6.76302520405271439108666267294784788      
   6.75635995798560437334856553478026566      
   6.74938224555676563642818060909988537      
   6.74207693989845141986860702008502122      
   6.73442825623623190171479100129612429      
   6.72641974967956591029090817545963472      
   6.71803431635271515953138465236472183      
   6.70925420630123496593918638669681438      
   6.70006103383075532392228987448532915      
   6.69043581150374458182812525692973644      
   6.68035898702171503165153991572618809      
   6.66981048769192340662205309452845236      
   6.65876978626269501941661757577548228      
   6.64721596907893871199194355349171554      
   6.63512782016964066718070333413841019      
   6.62248390845973304020957754066511202      
   6.60926268166283468581954927581549759      
   6.59544255699808977980726704878587946      
   6.58100200431994813473602028775130696      
   6.56591961618917713215080469556477168      
   6.55017415274860832377939917152332642      
   6.53374456009000740010852118317669440      
   6.51660995909310638342442044923201920      
   6.49874959656260999120368319188456094      
   6.48014278100497114985869239067291814      
   6.46076878175124680063544361973761802      
   6.44060674561871488686893614326718175      
   6.41963560839412934515575516936945882      
   6.39783403974863166371898874974399638      
   6.37518041854563685555271995857376469      
   6.35165284831251558699946838374678884      
   6.32722920882849378506240179823561884      
   6.30188723919231822765907169281641346      
   6.27560463964150428844264164874496025      
   6.24835918316178580205863738993922689      
   6.22012882463907868164328765318788864      
   6.19089180343959169393964867617525736      
   6.16062672810009086193579993854471793      
   6.12931264461314275224272910124676282      
   6.09692908585432309679387030871843614      
   6.06345610266065854764693619823857136      
   6.02887427843009832224475318677648397      
   5.99316473030714883258116621586213025      
   5.95630909850445542113082046480695912      
   5.91828952715688755515590447229892531      
   5.87908863844739240059783313289298015      
   5.83868950318692287946016919435535001      
   5.79707560770407004032019497448174743      
   5.75423081999064111847430590175563299      
   5.71013935569793402011813782826442894      
   5.66478574449623159359685773751199206      
   5.61815479769507979099352593828698264      
   5.57023157737813790203940389159013642      
   5.52100136730800754203250817133150333      
   5.47044964582933600786724028288316899      
   5.41856206062594514317539876951765186      
   5.36532440547065473951687790535102992      
   5.31072259885636272745820934288667487      
   5.25474266449259090042443743448510894      
   5.19737071348953336676153178586596275      
   5.13859292797807891131597236595194537      
   5.07839554652015038252941965160405603      
   5.01676485062290104136559174836303522      
   4.95368715260228846106822175175847641      
   4.88914878460517212473166351390442450      
   4.82313608861291001282605719850753992      
   4.75563540746588637086427534804041419      
   4.68663307672060824282645390525215313      
   4.61611541725324265009540050254440324      
   4.54406872860462671904184371279121907      
   4.47047928297996486114523919986087903      
   4.39533331977810401873243412092290239      
   4.31861704067872238977748676967216636      
   4.24031660517078629473914492024420784      
   4.16041812654872302032493024849518097      
   4.07890766825848747627661206048521670      
   3.99577124060654211257138597965046725      
   3.91099479776604519258251924728676469      
   3.82456423509445553953086947262203550      
   3.73646538669284091032737058730496126      
   3.64668402318963505055878462691332205      
   3.55520584975454406622492958237554726      
   3.46201650428701086317872960019683672      
   3.36710155578845814059083099591831735      
   3.27044650288345697903286149314828812      
   3.17203677249059674006192536453138703      
   3.07185771861675258254652534531438415      
   2.96989462126935234301168736629042411      
   2.86613268548418375937320828782563588      
   2.76055704043250580913970408327389260      
   2.65315273864361182003284478869486856      
   2.54390475526871935546586460509256586      
   2.43279798746216407163213132790727119      
   2.31981725380520900800241023929235418      
   2.20494729378682659322529687618252421      
   2.08817276734906519818610384078073749      
   1.96947825446520281078033817805885487      
   1.84884825487021690041458845784495242      
   1.72626718762096481175547984561091627      
   1.60171939086391876939817992900042472      
   1.47518912164720335927969541384840629      
   1.34666055564080783723918134296264079      
   1.21611778700035175008231341952821264      
   1.08354482821766500673509450560094124      
  0.948925609960400490455765810995465642      
  0.812243981017200977271001624532323270      
  0.673483708168757443455936128499102150      
  0.532628476165723651808732477111570883      
  0.389661887661782840514527476377341262      
  0.244567463217839945359031998526429807      
   9.73286412437024378579233619891878907E-0002
  -5.20712219631894987350974736901282249E-0002
 -0.203648852210269677301112525738392094      
 -0.357421057383402047821047859044738545      
 -0.513404727420126870997765533019883586      
 -0.671616834225085806172362639260785457      
 -0.832074431667067647262990385659090655      
 -0.994794655459894547612194508637341813      
  -1.15979472310608191796903565135327514      
  -1.32709193383807091128809068648082061      
  -1.49670366849449839712922950003639744      
  -1.66864738942741811444607568761357047      
  -1.84294064044080372745829159303908896      
  -2.01960104663685437606975354224273411      
  -2.19864631432001941937893854811240520      
  -2.38009423088867846512416491397823244      
  -2.56396266472027750553000171949837644      
  -2.75026956502576894796243023002804118      
  -2.93903296172964905543919019760739260      
  -3.13027096535290661309724274530252112      
  -3.32400176685677921095894747976051137      
