   305.833180578490118847143771537581802      
   305.833180575208522449485551403157112      
   305.833180532679864089517132468032889      
   305.833180317601823404850585586757079      
   305.833179632578655134427431710661626      
   305.833177969418442227807417636955749      
   305.833174579803515330158185407544306      
   305.833168436153001172833088427047802      
   305.833158097978758591254026924879108      
   305.833141312165118128751924970086346      
   305.833114153098472680128700559812372      
   305.833069624316697174809599059299062      
   305.832995839663004925840496165438114      
   305.832874054758595160243003083354418      
   305.832676856971739088925549377387949      
   305.832366754854887624022229778560779      
   305.831895290162522597078033013727368      
   305.831202679432673493182926219283150      
   305.830217908119298086699144378322915      
   305.828859156709548679287687716167865      
   305.827034429538246113911159642305583      
   305.824642271913023510679997096668803      
   305.821572488447549511440176130749894      
   305.817706806449862112983545387027044      
   305.812919457193956399876279874185995      
   305.807077671877969606069874755095394      
   305.800042106853526779103927702145645      
   305.791667224199210685539434487561807      
   305.781801659508036814807717931030842      
   305.770288609681103676658108634120382      
   305.756966270658883813144156076558214      
   305.741668349406833857523069012531530      
   305.724224667152541538321797473650153      
   305.704461862794032320095240351291805      
   305.682204197372164297366097214753978      
   305.657274453140598236697470196605535      
   305.629494914557512495013434986508820      
   305.598688413689209546593597080941849      
   305.564679419202273999995224402778919      
   305.527295146267989860058093881739406      
   305.486366664205167339889533449767287      
   305.441729979327429428066691371182955      
   305.393227072055646643727078416872500      
   305.340706869592586174775692456684625      
   305.284026138193880204977074183668430      
   305.223050282037408411969646237226117      
   305.157654030325828805190765379760238      
   305.087722053787922854720464802492993      
   305.013149391931599232610094237984065      
   304.933841835421692376331427432731622      
   304.849716159725718909296391386248002      
   304.760700253009448433619587871917683      
   304.666733136417925201751498512865029      
   304.567764882588523627928988665547823      
   304.463756439415457569280176264219445      
   304.354679366856124965422102330023175      
   304.240515495058076989809563599900428      
   304.121256512540675525789987975132883      
   303.996903493114565749200855585617292      
   303.867466370542570494344943556915101      
   303.732963369108699775878349480668779      
   303.593420398886329772540623370866442      
   303.448870423267780160891439053370049      
   303.299352806404515481121791093495162      
   303.144912647688235112339930840900212      
   302.985600108882198677238220567693510      
   302.821469741174264200635256510481523      
   302.652579815686690317845613963484171      
   302.478991663635022831713982362981227      
   302.300769029629392747970472072235160      
   302.117977440729598163574992742671566      
   301.930683596252112233406241928440452      
   301.738954778834379237990639905260703      
   301.542858289941385197631579362276627      
   301.342460910126711935482417193711443      
   301.137828387237147686275146226061141      
   300.929024949216163125262936227225740      
   300.716112847278358690689617252057848      
   300.499151924796314837204551163178088      
   300.278199214390702743550834268477066      
   300.053308563461744992620757860038268      
   299.824530279717710098206445278409098      
   299.591910808513321961108266424821959      
   299.355492424739183609003327612800158      
   299.115312959434089733133181156738317      
   298.871405538644263423355261429338190      
   298.623798345760594346500106556108066      
   298.372514398724584935677078798569540      
   298.117571353743970041685665888870411      
   297.858981306659165855902875639361035      
   297.596750613057903101880912365984098      
   297.330879732810815331106811828361933      
   297.061363074043593402085233293047672      
   296.788188848387749112713718619823951      
   296.511338943823677667085567557375429      
   296.230788774794114967666946128250079      
   295.946507138739241468939606264153254      
   295.658456112566507270395943937274442      
   295.366590925003420907752202370074667      
   295.070859822283780379064550055590736      
   294.771203936974119806295208100869532      
   294.467557172323204746442880130315343      
   294.159846063470314825442316372744639      
   293.847989531035032164729238695997321      
   293.531898940369299502138247960059527      
   293.211477756011310754060937265459344      
   292.886621484211355679320212386841240      
   292.557217376895143394086855059775433      
   292.223144293330892172463359297866192      
   291.884272609993980243482679224552463      
   291.540463860530614041824080352126343      
   291.191570385486485896483902256846516      
   290.837435370211478360680815114122941      
   290.477892441555992667902757157261009      
   290.112765145951842379418447790373785      
   289.741866949103919612439873659715719      
   289.365000885284359408002693417786326      
   288.981958815441126591620562846651615      
   288.592521369840694068021275715568460      
   288.196457580746633977939905159484363      
   287.793523996013798427471336869918522      
   287.383464771965516110447325012524416      
   286.966010464595875133907477476992455      
   286.540878211709177897571145791498441      
   286.107770351431656178004857319657690      
   285.666374561894933706023112900526735      
   285.216362330824141010806123709839455      
   284.757388911053882238258813254803078      
   284.289092196965645024420573067489101      
   283.811091617428386366140653541572294      
   283.322987840281267361175783725829902      
   282.824361081487384971318990448344179      
   282.314770584700417738362275253433569      
   281.793753161912478431245177164787841      
   281.260821919702569804945371089890310      
   280.715465103498052457444525752580959      
   280.157144798773768374259803665519727      
   279.585295044677633488443759696091136      
   278.999320547431672400416734819801289      
   278.398594435108936097054012413681166      
   277.782456710644423231635173687696455      
   277.150212464427950591433722962275010      
   276.501129029114925069788852353751192      
   275.834433971279977378581625754022639      
   275.149312499191332455578531750836334      
   274.444904800983614753646025330162150      
   273.720302855706070000547002614183738      
   272.974547379075089505908066386295464      
   272.206624280352469822813490001502628      
   271.415461095707480474526377856517773      
   270.599922724274838352649944308915031      
   269.758807170459331175696108566155618      
   268.890841110653470562787246709268667      
   267.994674506751365212419828699444411      
   267.068875835536254337560463934327056      
   266.111925070599934319696567576566258      
   265.122208539322435231556348559065941      
   264.098011975010169306523401794955454      
   263.037512682809310638231285093458498      
   261.938773207103710594295697661064852      
   260.799731620486016024323570733114103      
   259.618193807184986892371178936755689      
   258.391824466642847543286975237444064      
   257.118137003029296746153915463027432      
   255.794484370443050947033086501621526      
   254.418048639582094795038774464646660      
   252.985831080729253564733106095682461      
   251.494642193491920841788421153055452      
   249.941092269760995400873797945375006      
   248.321582892717035249815712502724188      
   246.632299903673305984501415253587175      
   244.869209320557337663448740764437268      
   243.028054415102864063014592831300202      
   241.104359963738706435736693272832903      
   239.093439854928564060370108799774902      
   236.990416688729951125793181861146016      
   234.790244161857811106560521432848028      
   232.487749324652145182957976193905568      
   230.077698770947365030077910786337006      
   227.554858280485167844138471386835131      
   224.914109689552655476914219216814650      
   222.150577051734567935193506953640218      
   219.259794489977704963051115473682337      
   216.237908670238452192648433707453058      
   213.081923309644363413855598694168709      
   209.789981375840597337134628753843218      
   206.361683719332643254278391028764266      
   202.798425950358071560333961563677266      
   199.103747602753909844853185366327943      
   195.283648597308860195681969888289935      
   191.346848856352042026308181715899440      
   187.304938587870062944639265176706824      
   183.172378524421652659194001397242590      
   178.966316244577941842955754005853267      
   174.706189329842766951084442313183919      
   170.413132795779898631572239267011035      
   166.109237230478816181640318423367501      
   161.816718790002969204642767079100894      
   157.557088730129512238603636456022803      
   153.350410472505418930785826255643185      
   149.214704630301632162510790179635535      
   145.165543479812188201928912605138715      
   141.215839965950008083935618380766485      
   137.375815331098434461856996027386453      
   133.653106944407853655211626285739513      
   130.052983087172236506376786314003098      
   126.578613301218002609999791828061580      
   123.231370261044608340815691083440297      
   120.011130117673726415792681339082296      
   116.916558446075375319215907244487909      
   113.945367563083484491291410842410389      
   111.094541373748458228416715631059722      
   108.360527616015798947812938728088956      
   105.739397466085706353982163313357268      
   103.226975650507460295309808134383011      
   100.818946347570259283851905538670023      
   98.5109355916594137403181967737553734      
   96.2985754263004996042225824949176042      
   94.1775538404397146850622895145927794      
   92.1436514816767281756922416404691018      
   90.1927684258936045191984799494582995      
   88.3209429149051104464410027757808532      
   86.5243641047718575086188208877919472      
   84.7993797502979738120299978141998148      
   83.1424995788899578835981594923439310      
   81.5503962503759060063093401944694934      
   80.0199037413833362827724793065343221      
   78.5480144796813582050579595258054139      
   77.1318748605797303870848095752314103      
   75.7687796945999629568605694412527953      
   74.4561670389184844342452681199920778      
   73.1916117289980327676355465069453610      
   71.9728191220599202639989484893444550      
   70.7976187184310809264133374680439326      
   69.6639578164280754346198857587599860      
   68.5698954107816128053231274100143890      
   67.5135960451032038603755485779742707      
   66.4933240083567765903936757228814595      
   65.5074377066366106859933359076835652      
   64.5543843551322482522009255414580407      
   63.6326948330320287363566801854586525      
   62.7409788328993451187380935537517700      
   61.8779202048873966519030849931650138      
   61.0422727648422453544967402326142605      
   60.2328560636735207620961468278493382      
   59.4485515815668027312062835714946613      
   58.6882990253807519008696044743281001      
   57.9510930126419704211457254701180013      
   57.2359798102226749063218082770470904      
   56.5420543057646495755738337309078443      
   55.8684571324922570479199803751375468      
   55.2143721339004246618010624352377607      
   54.5790237788991325744005581707871676      
   53.9616748600603807073876853661099391      
   53.3616242979050611115996159600142247      
   52.7782050533056644386344042029352879      
   52.2107822670855077821444279901700511      
   51.6587513651631155361105298105928244      
   51.1215364877214603162285784941695784      
   50.5985886838015751257170433422685894      
   50.0893847509399250263607450071119278      
   49.5934254647145793929362794559810039      
   49.1102345799924734388449517901346205      
   48.6393573432647036169038564999653777      
   48.1803595535729555365627260727592332      
   47.7328262554116920077343798842500875      
   47.2963608851652403376548237266061626      
   46.8705842973697577097586557039462540      
   46.4551337594008836599263298490630459      
   46.0496621568763435920591578150589995      
   45.6538371874084287723320220114694477      
   45.2673406257800436794754741579184199      
   44.8898675695389646676144977863386370      
   44.5211258383999459510999234532072395      
   44.1608352510809892785589960390378103      
   43.8087270832222132700854939837676070      
   43.4645435386264133333909734763097342      
   43.1280371384219765921702069330626930      
   42.7989702901804437660927694552624458      
   42.4771147847358747267153891435030124      
   42.1622513507856060523939040169739938      
   41.8541692306214098729874767048021327      
   41.5526657931810205612553864877316498      
   41.2575461590765212976969672940272437      
   40.9686228241257577342512474635576597      
   40.6857153374244206424275901834749929      
   40.4086499747092373937472493619175595      
   40.1372594304519749667446455890856078      
   39.8713825487453771457442744426374832      
   39.6108640385168399917899937377469089      
   39.3555542059753810072291313306401649      
   39.1053087217763288899560343866706202      
   38.8599883945406285369208631532669508      
   38.6194589301044378103421243195993960      
   38.3835907343997803914454958409573033      
   38.1522587187730841742297839378511277      
   37.9253421002891660924728191362842122      
   37.7027242210564363404944916707148287      
   37.4842923860529821411036743462908769      
   37.2699376916013006451840067395871617      
