   482.989325850007905336203016426942572      
   482.989325850023373366427372730507558      
   482.989325850584957797292430936243272      
   482.989325856041768605215061144867016      
   482.989325882847423282309279440332794      
   482.989325962960785244021862817159747      
   482.989325964476093696761238213356033      
   482.989323864525929937062029376566669      
   482.989307845718907338225854175794479      
   482.989234833847240460362827578059637      
   482.988991236150626994852476691499298      
   482.988340379049838944898842181884586      
   482.986868768962185921212204918637376      
   482.983944750559992094553883176423186      
   482.978698897441246833258675396717716      
   482.970029026180323522619038990208921      
   482.956627168204560489593150502766776      
   482.937022552929518857444246285616114      
   482.909633636520482571895821263502716      
   482.872822783063831286028245773237383      
   482.824948603749281940501529773967779      
   482.764412590613386476957181656612631      
   482.689698180071070438945382426506775      
   482.599401575747782356769201304164549      
   482.492254507048129954699865662714388      
   482.367139629200438652168171471843511      
   482.223099544452544915027235815534843      
   482.059340512538636128410313363366932      
   481.875231885464274853259900051728958      
   481.670302199121404646562278026787786      
   481.444232720798268653053354681978342      
   481.196849113313111227614773452515176      
   480.928111748892550357088515569001858      
   480.638105096799561973913483300561235      
   480.327026520351197047728491918402483      
   479.995174750220409737235587116023072      
   479.642938248855441810185351482827089      
   479.270783641848156815224899043936456      
   478.879244362648629995465650352246423      
   478.468909634037947810692118033899939      
   478.040413890940713313432664593974382      
   477.594426732638209211675379234764544      
   477.131643477331115195935155915158928      
   476.652776377452020857063393054070026      
   476.158546540128993151442549778781319      
   475.649676583518438845845043494747788      
   475.126884046714398437666417275002276      
   474.590875558592592268625841149442633      
   474.042341759614676790597320866812936      
   473.481952960392281017550357458760975      
   472.910355511892552299117008341243971      
   472.328168854556661917284919494862730      
   471.735983207411626827389320298554431      
   471.134357853405646634263875104348118      
   470.523819973662663720475340947703188      
   469.904863981030413393806730622809545      
   469.277951302074284900017495417159750      
   468.643510556461745787400284676745276      
   468.001938083296196825709480595021435      
   467.353598762179194178635571612909188      
   466.698827099833441129308785977098960      
   466.037928494768353777832526637004692      
   465.371180692758153225616172010302410      
   464.698835355083182311216545086746832      
   464.021119719022813665384656831013706      
   463.338238315972123524906633782322464      
   462.650374718449418737425677812397751      
   461.957693290511234040266327630107273      
   461.260340919107662413524927822527946      
   460.558448707637468844892854894046229      
   459.852133615336139786588150282040646      
   459.141500029237236467884422418092335      
   458.426641258051915729408180081636529      
   457.707640939558158254815596057778044      
   456.984574355301693837587343355772976      
   456.257509648688575479690531549777758      
   455.526508943704444288440466665588871      
   454.791629363229299414243435443053326      
   454.052923948003435108422217060508506      
   453.310442477491061436413488377554586      
   452.564232194191970714110471608013755      
   451.814338436372818472876527466815153      
   451.060805182446701807690011532506753      
   450.303675510168610204460719594102321      
   449.542991978555057793312170884410383      
   448.778796933456780379000857793946119      
   448.011132746146196377807083549402348      
   447.240041986049422532976894527576861      
   446.465567537650910997386841714951951      
   445.687752662013866599797143671491805      
   444.906641010476897317951650583589528      
   444.122276597246161761164767811942322      
   443.334703729654592439791333913891716      
   442.543966905016335644908010253188010      
   441.750110686130604854407856361343479      
   440.953179531003287827723836759550500      
   440.153217626232508606445008640131977      
   439.350268675165487112179904135350779      
   438.544375695050322322648347055264385      
   437.735580776880574369177615870484957      
   436.923924854912039628267163295041301      
   436.109447456033072284733344183072938      
   435.292186448586251922440006753577108      
   434.472177778420201013137296442700979      
   433.649455216658735660856351213781755      
   432.824050093707226123706210913702399      
   431.995991032684533432714110640959316      
   431.165303685436111852010811577600120      
   430.332010476562990112186400594678080      
   429.496130346019595797057137336449990      
   428.657678473403716872044835360740032      
   427.816666039602868033241843042215564      
   426.973099966568543074534406459835721      
   426.126982660076258021636427907690011      
   425.278311765601827231333348532721739      
   424.427079913341946946818005309084517      
   423.573274484357210249414755331651283      
   422.716877304135910152737052914909246      
   421.857864571750912781901747053478159      
   420.996206368323339561792068336842656      
   420.131866587543248566108812120253424      
   419.264802600929723877723474655160906      
   418.394965038882985592632086548382940      
   417.522297522047090282358296560691754      
   416.646736423522051951827462517818276      
   415.768210569617465847373646358207054      
   414.886640971164931040392240748129827      
   414.001940551470918191830051956435450      
   413.114013833857867341837886635162889      
   412.222756671123912111179204683835723      
   411.328055862432713036651622511249614      
   410.429788885995064637954315896555004      
   409.527823529709216784638449926845233      
   408.622017503737220496403724421521474      
   407.712218064666683932443278053146565      
   406.798261602309711381707422349057948      
   405.879973196094563114053367278672962      
   404.957166187062294670288276666589456      
   404.029641623317179639296722596574647      
   403.097187809579514032166117932512626      
   402.159579700633398431884945965539623      
   401.216578308100000973264728593392330      
   400.267930066667599912020595369952580      
   399.313366185565969515902167118065554      
   398.352601825424604314724213930513678      
   397.385335466813233125687174455591257      
   396.411247898012137451627149683769436      
   395.430001469010284183949290286043179      
   394.441239001693038677671693863432780      
   393.444582910263858559204810668612679      
   392.439633888668994657301924844759107      
   391.425969788004438087568008081036193      
   390.403144784302543894075704722648155      
   389.370687250889784210103289003785493      
   388.328098831579650312928173085559732      
   387.274852743225857174306820243875102      
   386.210392170750734582245255662931016      
   385.134128433943566935383754561524388      
   384.045439177865045282760804252517981      
   382.943666371066366427732590372815322      
   381.828114409253931264987940021246410      
   380.698047566735290900651565170194142      
   379.552687968658965218792583857648581      
   378.391213148235479024322872755929791      
   377.212753806310909583946123432712595      
   376.016391016833719832407296016293987      
   374.801153961109737342727900243165876      
   373.566017689737802833779443202468955      
   372.309900464910729186662825672486314      
   371.031662176571644505227596945266570      
   369.730102518976856291226745640910312      
   368.403959647558819144866022266967724      
   367.051910392893377463302485745427096      
   365.672570169107370945381464351973545      
   364.264495595656059985136273738731974      
   362.826189062772973304733342377782008      
   361.356103811516719941120592028335194      
   359.852654964728024914514399601325333      
   358.314232759196326993340759206362540      
   356.739222183423350628523429621699101      
   355.126029195975244257475417405306237      
   353.473115006748082314415435994298043      
   351.779042702697649969758401294889078      
   350.042535064322273895717383692837354      
   348.262550106840628588509216627381060      
   346.438375844032865260710832048703404      
   344.569747009632667029014391761053507      
   342.656990217355669166225940100791554      
   340.701196900526120795624103658692133      
   338.704428860337811571229226853047100      
   336.669957934803695729308807215451619      
   334.602527119187943834082297290581498      
   332.508665056711589365847808040929406      
   330.396960477614322751433179643115519      
   328.278382414092580915775602087494848      
   326.166543805936211048956205657212728      
   324.077907747878046537254086073015683      
   322.031891604267635725510678454330687      
   320.050830961247742813080200854897875      
   318.159742729630352066698292247784201      
   316.385985339800548363799785051173500      
   314.758537790106940031176866529418290      
   313.307234704067074054692954133581780      
   312.061787157201069982658952140350631      
   311.050907417377330863805242503224613      
   310.300630115607349516804293643537512      
   309.834261460490038258858242542121335      
   309.671063084041596733792867931868012      
   309.825854894675517020556538515062560      
   310.308751845450962027838108467085648      
   311.125158845230993456865665986937557      
   312.275991975008891627688138082438520      
   313.758076655128918761846837148254246      
   315.564666068996433084214850247249444      
   317.686025506613185877225480668691322      
   320.110030577590460865257531283853691      
   322.822747807671000813727333479450280      
   325.808966706887871152299375902363533      
   329.052668803961557007814000634283104      
   332.537426353290209287455474982453313      
   336.246731567286961924493855226077345      
   340.164257147923835789362312814525430      
   344.274057720729095775921093685291833      
   348.560716562011882980936062184107922      
   353.009451294413659425416077770057069      
   357.606178386177094048528592608652054      
   362.337552386132156434400523090953011      
   367.190980860930821485210018003902381      
   372.154621678542317899468068536715174      
   377.217367611463513545140932989692356      
   382.368822417187208325933917706954190      
   387.599270492756158537800946247737480      
   392.899641285089803263351537655247674      
   398.261473782522240552245603556149210      
   403.676878844730157952725741067367632      
   409.138502041535827876353559418866886      
   414.639487306145396925479465049740952      
   420.173442054587582705380619292575569      
   425.734403703072590970581061115476676      
   431.316810199825099193239576062453229      
   436.915467849912040890986380177744364      
   442.525526270604395912618570376795638      
   448.142451754483030115771814004173277      
   453.762005245783293705969293977115505      
   459.380220096174680201609130057833694      
   464.993381887100275639807020890787333      
   470.598011195151548944701616554494885      
   476.190846497659572976461503327426677      
   481.768829323037972945356861785082361      
   487.329089723679863237774509303266433      
   492.868934116432584537431104929026320      
   498.385833636580147464885819762355615      
   503.877413550010768303231963499568186      
   509.341443379767632846692156203166286      
   514.775828024362517606602213738874364      
   520.178599869759427704560981680656127      
   525.547911436890019446280490719825604      
   530.882028203102362767206732287626104      
   536.179322863422814755036319930910603      
   541.438269012591631172982764541477836      
   546.657436525745417431432872433903007      
   551.835486050286005573900593778613376      
   556.971165128583058434107521304744120      
   562.063303526221039574822828532723092      
   567.110809871759993783615863742430493      
   572.112667763595857700139492881703024      
   577.067932461324952018605468375883010      
   581.975727906256052918025660393314220      
   586.835244010517999950599003864039005      
   591.645733372313331032869732450734567      
   596.406509329305441812053397116579334      
   601.116943249406893798098855427274810      
   605.776462145594812083802975785199913      
   610.384546347370379048539024798007719      
   614.940729342238939602318299944688429      
   619.444592596024682567967116952810736      
   623.895765775802485437041558990541000      
   628.293924835412274521151520675890215      
   632.638789722368690110552901320347057      
   636.930123276670318956853746589642760      
   641.167729156226625699405024753648153      
   645.351450647943731237506633015494174      
   649.481169078660967863380474613034305      
   653.556802341326703905476387384194176      
   657.578303509348699808931561518102994      
   661.545659580875770361371774960223323      
   665.458889965141814859857626047761583      
   669.318045386789658680901355302768827      
   673.123206542607871503024462593499646      
   676.874482920792627127885764925454827      
   680.572011531160937049841115739896908      
   684.215955844455226820487775556979757      
   687.806504633323106087603853078895744      
   691.343870807816865958489061685423908      
   694.828290357353572442781891545841855      
   698.260021285482310338112175109348940      
   701.639342663487686726002001186971255      
   704.966553429241844843948079042276971      
   708.241971609535280042168360957855123      
   711.465933201942845884515567732974060      
