   305.833180578490118847143771537581802      
   305.833180575208522449485551403157112      
   305.833180532679864089517132468032889      
   305.833180317601823404850585586757424      
   305.833179632578655134427431712747621      
   305.833177969418442227807418923323124      
   305.833174579803515330158313580465858      
   305.833168436153001172837170903387156      
   305.833158097978758591314786539750515      
   305.833141312165118129282828826252298      
   305.833114153098472683279497920423674      
   305.833069624316697188812454496740439      
   305.832995839663004975751675311641819      
   305.832874054758595310936628503107727      
   305.832676856971739500867983802086728      
   305.832366754854887918399926891802870      
   305.831895290162525097254753602734288      
   305.831202679432690213756657364578157      
   305.830217908119389957486671536626205      
   305.828859156709975772559863049286901      
   305.827034429539966507104523380832598      
   305.824642271919146362096237024804615      
   305.821572488467115038079643602890813      
   305.817706806506756316636056762989942      
   305.812919457346213994981099085751834      
   305.807077672256558849611099261917993      
   305.800042107735320891095100701015957      
   305.791667226136541419391705435647119      
   305.781801663547182695252214959233766      
   305.770288617714309538989946474984179      
   305.756966285968877607374449854627477      
   305.741668377478955897806324556566242      
   305.724224716847026161571949460875722      
   305.704461947989072247412523297316388      
   305.682204339206430964460612561825831      
   305.657274683001191038193200940370497      
   305.629495277975130480618907637132337      
   305.598688975316034997907745606309603      
   305.564680269059038615204224664411314      
   305.527296407454466030652787028313596      
   305.486368502272352066209104187516069      
   305.441732613510114157013504327458388      
   305.393230788559784624708072029742710      
   305.340712037124351338801916283985923      
   305.284033225904460617257112514531390      
   305.223059880042404994960612539213148      
   305.157666874108922269439000384751118      
   305.087739047068615844526558462969835      
   305.013171638589420646197926066479434      
   304.933870670548017025442990065525753      
   304.849753184601188109771352748911155      
   304.760747373100422628523763652867418      
   304.666792602363484154373420322435784      
   304.567839334123792674895698638950526      
   304.463848952147068222535433957323675      
   304.354793501777928147324842058795540      
   304.240655350676164595402892861291090      
   304.121426779450576023583278080491563      
   303.997109510864125023301822637846773      
   303.867714186583110043095715722834527      
   303.733259799658404743588097759396408      
   303.593773091486956210920284011478229      
   303.449287920842630128198807294934231      
   303.299844612610236652112550927395631      
   303.145489293350813595330905203747228      
   302.986273219367547553592139775148241      
   302.822252104459086513362930641625153      
   302.653485451023724368868959830126491      
   302.480035890625339257821855996388835      
   302.301968537567336176983210194293112      
   302.119350358165486227948535409120658      
   301.932249560605781102140346767532151      
   301.740735006054382065964648761216477      
   301.544875644118215784472774426688693      
   301.344739973096040524426739382832064      
   301.140395528076854717937588527973747      
   300.931908393831897672863545373873393      
   300.719342747938383692004596185041611      
   300.502760429783852094118896863181715      
   300.282220537817273695239495830817975      
   300.057779055249647342365629422014821      
   299.829488496265013468698624498549575      
   299.597397583565437528966469486293814      
   299.361550941467153569990114316831033      
   299.121988823063522954809455539929696      
   298.878746850235951359290701385643399      
   298.631855777432295991548866915506832      
   298.381341270233498905793210437029603      
   298.127223710648572944925966807354450      
   297.869518001261831975434759437656751      
   297.608233387299957747071631325967850      
   297.343373303704794948788613733855858      
   297.074935221961446510997522800476178      
   296.802910508492480281557911961498746      
   296.527284300291200887607924356716172      
   296.248035360759117847890765325957788      
   295.965135939539813791857423986548098      
   295.678551673406908837972051891963278      
   295.388241463322237161120521450111972      
   295.094157345773897788834948908852582      
   294.796244367733267388667805971257182      
   294.494440474988627267710581055079355      
   294.188676383419499764436314967711601      
   293.878875374852770124767474430985878      
   293.564953191253018068463677765696406      
   293.246818023545964611490833979894450      
   292.924370151863301645248143264015080      
   292.597501810134911475222078554395187      
   292.266097028778298624012336023288982      
   291.930031536366033988214307889077732      
   291.589172449232974245975757803093744      
   291.243377910247465740525035055844210      
   290.892497109783406928059317890806012      
   290.536369965540812938851952715546861      
   290.174826555956689099490458741882398      
   289.807687147455242158158656245060734      
   289.434761867317636236451498173054876      
   289.055850018405679496501233204844365      
   288.670739927992461090874651521320848      
   288.279208742088049287345035791556053      
   287.881021424035668116577962556712330      
   287.475930995606151012101362515802912      
   287.063677229145827162067709885934411      
   286.643986981855422856339590563204651      
   286.216572716240883821617780245374297      
   285.781132745532227527134538602570711      
   285.337349706264529226115058661234776      
   284.884890596864347887028509913699713      
   284.423405521468013230900360698465612      
   283.952526937654367727894522024779831      
   283.471869034046014837021429946850618      
   282.981026329996685141547764021746733      
   282.479573129418357456865988190324473      
   281.967061828472796064114157228902856      
   281.443022558422846612100857930160645      
   280.906961032728874316675639342616047      
   280.358357653229299785797995578012787      
   279.796666419506522988002859102503682      
   279.221312111850294507752044314371228      
   278.631690201244834522602421622376886      
   278.027163568601455248607890121981756      
   277.407061436518746737137008239587575      
   276.770677230489995263395547075463188      
   276.117265624661444809575893686813367      
   275.446040772784676039720083230291609      
   274.756173465237626262017526615093555      
   274.046788090151046272123022513451762      
   273.316959661627308720441263353323463      
   272.565710806107948361398670225598454      
   271.792007465788328944974812036367238      
   270.994755868110104573646963353157709      
   270.172797750527503844617027324205422      
   269.324905969653743778294201079447188      
   268.449779942035043645950308920298172      
   267.546039941733716602475579167595921      
   266.612222403187376798297976430691391      
   265.646772269268732625657262528514706      
   264.648038131217565854887418821135466      
   263.614264131319749622024640643507173      
   262.543583032179636105291941060026362      
   261.434008661660608760548442166751847      
   260.283426176677655999983890655868513      
   259.089584372314154572629849115403963      
   257.850085552295206210204908653263740      
   256.562376269502770095065942687121969      
   255.223736774930093976561455193418758      
   253.831271423724400003260994619887024      
   252.381897445191628650215317833998595      
   250.872335997644378257562802468971510      
   249.299102325986616413028002722693022      
   247.658497778491799965608075031185695      
   245.946603019153679813922103672779025      
   244.159275450929040473510575748304689      
   242.292147490404872588486246544802199      
   240.340632873400620100229986528601848      
   238.299937470756708842739374271112166      
   236.165082869707368392748879159830292      
   233.930933214434325075348040100275038      
   231.592244886882148275734017949582461      
   229.143740592442075388080736428024034      
   226.580180033070029676774157316227859      
   223.896487782113122597254066917272842      
   221.087894644361244679905877417446322      
   218.150121767816089325276532364759529      
   215.079600238543325663636698996670084      
   211.873733366287675883881700618866420      
   208.531194856724741818077919161017857      
   205.052257156755771782893559268031579      
   201.439138091178505231239850957740949      
   197.696336243373156743614970110288151      
   193.830928679066175555915246719109410      
   189.852791151818481531524251816406347      
   185.774686249046113555100533624166833      
   181.612199237264047828441304839229907      
   177.383449704116598671924092638235440      
   173.108629794839808076902563350964189      
   168.809337538716263588866882009949842      
   164.507796225071790253193599110274103      
   160.226017290506587356385395555165200      
   155.985000777040090331500286558550156      
   151.804047484911584033966502139622235      
   147.700240950555203390187682243074947      
   143.688120130548391961834690887040234      
   139.779542586087564087994849520897904      
   135.983708904618345612089482212828765      
   132.307319456672364468014347698779352      
   128.754809370636739302278863564355590      
   125.328634455113162999389772618061837      
   122.029573110351805940175730970171344      
   118.857021345514052844190362214586226      
   115.809266650114168076484162701160491      
   112.883733094036992749017087891135782      
   110.077192790298834559134541743588674      
   107.385945061982449117949199813272325      
   104.805963546339034829107382109293503      
   102.333018384296819374693556441129993      
   99.9627708989697495895912920475787534      
   97.6908495760418581344557171054972232      
   95.5129088231168306968528654735216861      
   93.4246732015370099916317025404002575      
   91.4219703776988627371100804178882986      
   89.5007548628237147290971655264446190      
   87.6571242725098748261182908657892163      
   85.8873301726042057060147828856239473      
   84.1877839619661204724473134049815645      
   82.5550594287707785300246492982055566      
   80.9858925786132984214358437419470521      
   79.4771796806690622213575734264352346      
   78.0259736964229380066709564866621604      
   76.6294790719265161246987686737583377      
   75.2850470364239252012824506185325333      
   73.9901692740498265043871316290503301      
   72.7424717813087534298429016302206550      
   71.5397086157542656116772774599931257      
   70.3797554090110777533837039771952892      
   69.2606031907906045278367853216412589      
   68.1803522886542901841437056753739334      
   67.1372062333402662417537031573569127      
   66.1294660663371472919291943407938482      
   65.1555248727699306612219439324246860      
   64.2138624930033671418311551109421855      
   63.3030405258408075900709422796236319      
   62.4216974850492410834167752101573772      
   61.5685444488729622640157020507186593      
   60.7423607002379835450578433034990597      
   59.9419898662774383871314306597372860      
   59.1663358894222769901781637767892761      
   58.4143597429287698586950623152322932      
   57.6850760309620786339839506456341730      
   56.9775496578311342638245015042007026      
   56.2908931681018154923168503447151706      
   55.6242637718265216320109129699932664      
   54.9768609535515247021739258306700449      
   54.3479238083224718926937780381937462      
   53.7367289534544538508898061433468888      
   53.1425882461943882849976223726893666      
   52.5648469779970640713443266123740663      
   52.0028817426135282732708818649624082      
   51.4560989004422051658600325193828423      
   50.9239327347545801671612360888868691      
   50.4058440947715292824641805732141194      
   49.9013187806349455343830670349398895      
   49.4098662247391728897120371721409476      
   48.9310182396923374546314305401386705      
   48.4643278025024764663997009007832743      
   48.0093679511375481697792684202266831      
   47.5657305483195850677009579325298309      
   47.1330255213285919134733267414337826      
   46.7108798641610541544601400353046536      
   46.2989366043825983670629004387522643      
   45.8968541483197561316615942419264272      
   45.5043054009032433491835307935308696      
   45.1209770336112272925065171431049209      
   44.7465688525293482837018467483849953      
   44.3807930470613395558356538156007019      
   44.0233736735637926135541005087174788      
   43.6740460056354118996469323308671168      
   43.3325560149885485996675367878364957      
   42.9986598166180403578271069287874319      
   42.6721232402474230669167215069744916      
   42.3527213213989333406284853539211620      
   42.0402378732612311916698642961548680      
   41.7344650838637041213776470633189918      
   41.4352031234884322614669258789142342      
   41.1422597535644171876829213763448672      
   40.8554500227104260817583776803662869      
   40.5745958890185267521034882082368067      
   40.2995259221959576547729885926407400      
   40.0300750312834673324415541417649586      
   39.7660841460248501860948031413158340      
   39.5073999586922028931779955816790430      
   39.2538746994206346447342176704183954      
   39.0053658598399652852905855169310294      
   38.7617359765793223946290286551386676      
   38.5228524203264914084844191472372870      
   38.2885871951377063628226968153500550      
   38.0588167243316298592831102023902502      
   37.8334216748804530996688148329448169      
   37.6122867855852100428082501446104427      
   37.3953006881437967280947561727943796      
