   482.989325854482766625225197452827150      
   482.989325854498234655481154983509087      
   482.989325855059819086560773405629421      
   482.989325860516629894659871621225255      
   482.989325887322284515814506168729397      
   482.989325967435644092578926694802151      
   482.989325968950923145065652750198863      
   482.989323869000587489927753661231942      
   482.989307850192948659759545076213015      
   482.989234838319703556052208908288888      
   482.988991240619910871101033437696940      
   482.988340383513759609594468702127379      
   482.986868773418209102044133831619623      
   482.983944755005529810892798118503893      
   482.978698901874589134229520846556059      
   482.970029030597488935764820748740353      
   482.956627172603214070947422411079186      
   482.937022557305713600544527556763466      
   482.909633640861192128046702996927212      
   482.872822787320557817782510837506048      
   482.824948607752583007021046866092779      
   482.764412593866625892658864925553454      
   482.689698181222438070872382125593366      
   482.599401571461495414759082894930651      
   482.492254489778089228213468057829704      
   482.367139582907183936713890855210614      
   482.223099437300738939173091743694282      
   482.059340284804901783457746570849964      
   481.875231430291462521745591333440107      
   481.670301333715799842599960521444510      
   481.444231144777263814765167145855208      
   481.196846350464208175752818104850120      
   480.928107068436345346887574831151970      
   480.638097409954979535269116050766382      
   480.327014248005000639794962275120081      
   479.995155657629307035861363019767918      
   479.642909243599052275481704793748068      
   479.270740531893681409326193605809373      
   478.879181571815178419868679360394742      
   478.468819873163465054758115860720304      
   478.040287783596561386167619242670272      
   477.594252395330411813735657308644477      
   477.131406054855442250887932402589330      
   476.652457534868397269791320672134743      
   476.158123907778831481865302068267118      
   475.649123186322871056128379536718610      
   475.126167666922037881128345660107391      
   474.589958087146217570599714634454149      
   474.041178515674840359066814503180273      
   473.480491987300322951937205267098257      
   472.908536853257178364922931642542543      
   472.325923814334865733242334208347455      
   471.733233596779565949034358052827102      
   471.131015227041387354750439146224913      
   470.519784857831956905560416958157154      
   469.900025094993653835065497497151590      
   469.272184773513933803267540144485297      
   468.636679131907763303266646070249130      
   467.993890333040720215023347716941006      
   467.344168282330623191648413436860087      
   466.687831695798685386738828234637547      
   466.025169372731226157271775569934444      
   465.356441630584335287026803658580209      
   464.681881863946632910529999467330980      
   464.001698191040485346194001707824175      
   463.316075155126819624055503567829828      
   462.625175453941343669299339919047820      
   461.929141668793362486557140293348232      
   461.228097973870000087972034624175084      
   460.522151805734190905941734206761247      
   459.811395475558343211344654120544764      
   459.095907714404025472074307053597595      
   458.375755137538166138590475818197405      
   457.650993621773126260390942673114687      
   456.921669588661133181797850664661156      
   456.187821191097889880931322275580983      
   455.449479397721515455808118012661411      
   454.706668979356195966215610417727033      
   453.959409393373736074781316355690393      
   453.207715570143773473105466147327068      
   452.451598608678392906103021573266025      
   451.691066367713937625686865567278111      
   450.926123977167136777187363972153020      
   450.156774262305944864859555129172281      
   449.383018091814798839090101577972322      
   448.604854647620491747703203344113185      
   447.822281627046087599257816391430209      
   447.035295379598205838598009505682940      
   446.243890992355975238850177403950590      
   445.448062303821626050787839104046465      
   444.647801877595207230117434663682158      
   443.843100940423625755790340264426561      
   443.033949271241368712356606259355550      
   442.220335058993568410821029878109289      
   441.402244736465123489850962581935232      
   440.579662757045967124876786240148494      
   439.752571357124517157249913118671385      
   438.920950326515025957788138734702784      
   438.084776739992241419181229229197130      
   437.244024666067599955538279319408212      
   436.398664863378670383285961889931744      
   435.548664498619294165976922610151516      
   434.693986769785821979579876064464310      
   433.834590665351829292225494672790538      
   432.970430506919291614546528901760177      
   432.101455741882351806601617419156080      
   431.227610537116429287039324175761601      
   430.348833360798208994265066986560872      
   429.465056681804152564782475416904554      
   428.576206767543803137642943582189844      
   427.682203056751291964686488239465792      
   426.782957839483859658755349269444239      
   425.878376133077179504952302572372948      
   424.968355091560761596654421967670139      
   424.052783523334312278896360580224036      
   423.131541774111884167849976580669240      
   422.204501368550770746992357229021725      
   421.271524073521160477496336951859992      
   420.332462305960593381435605933397875      
   419.387158010834131090089128204843016      
   418.435442713802792846951106111546761      
   417.477136764301779159762169456281778      
   416.512049118269913035424332131861506      
   415.539976872151816439669481161433309      
   414.560704636356771187565060539566857      
   413.574004144672557813988437157680974      
   412.579633976888959638583201521758505      
   411.577338519389955352119478153510027      
   410.566848109548527087413971479867584      
   409.547877953282171423693984460425527      
   408.520127899078296938668260905334046      
   407.483281476016941830812846532317812      
   406.437005882220916429742673033633469      
   405.380950862503588616104399451439470      
   404.314748296373600002682765626047183      
   403.238011643887347118080333596137546      
   402.150334832573130361682838895757760      
   401.051292140448079188912810235808634      
   399.940437393811316008316536985229939      
   398.817302608043323896380419794718584      
   397.681398416388642823870393914253555      
   396.532212557551909094667401846743172      
   395.369209240190186552139863801612673      
   394.191828769659218961815489350745340      
   392.999486887655394999284681387280056      
   391.791573949315435264261610099553698      
   390.567454636455148112572582401949892      
   389.326467413875059798876964559947167      
   388.067924361956111939143324253330403      
   386.791110849234910237476893928704642      
   385.495286046324841712162308567933330      
   384.179682844320663483644889129733138      
   382.843508241936685461310298571842393      
   381.485945430984682663185813896070744      
   380.106154630334125169035011900934562      
   378.703275672955504706696099786332078      
   377.276431440199915037595544227214640      
   375.824731014838051449822966763517417      
   374.347275932556494932166733036043252      
   372.843167079260862356836307572193324      
   371.311512902498345175118960178551478      
   369.751441144647890417670316396800513      
   368.162112748935082819512445149858309      
   366.542739212930227459682507822495927      
   364.892604806544597629935135815624665      
   363.211093281927003711133534058081183      
   361.497721280684807361298225135054288      
   359.752179930642355996365481411627052      
   357.974385343664373457736980158519006      
   356.164539531405330290527102757161901      
   354.323206206872804285782423376619712      
   352.451400721222158239875346522727715      
   350.550699146071328282122645827361970      
   348.623367866569774398718688264143334      
   346.672517166588943258193496942028739      
   344.702272970197183621040800351743005      
   342.718007894336737277906411967549334      
   340.726535524380495741075693339330682      
   338.736392139653442495308122450954950      
   336.758101280666572554196120198168697      
   334.804452006568731739800342106071627      
   332.890762371623902330814000944381399      
   331.035102170317941932298633905124911      
   329.258442727890912201130122062488530      
   327.584685347051215352604196966577273      
   326.040525857383320081568800967949144      
   324.655103579315232508573314631876121      
   323.459399851753836442145404165624566      
   322.485366119825627572879198455354355      
   321.764805019670020947483349329448445      
   321.328060064273937160553815336886651      
   321.202626895194482877118721980446456      
   321.411827835269776874997214668045991      
   321.973704987826070464216428735389879      
   322.900266096438526701804674116552854      
   324.197166731615495420855205776285810      
   325.863840597546004012242354876164318      
   327.894022820593623646484668150537921      
   330.276561507948916150421087220951112      
   332.996390970906938300570024150187817      
   336.035547163317552402214379940386737      
   339.374128597226141146157690301819899      
   342.991142087095148823349024642491623      
   346.865198471825460281230655245435681      
   350.975055963406716264583101670795578      
   355.300020724294704251789407491404950      
   359.820222429390376624015282294148946      
   364.516791671733831044538293022005486      
   369.371957277751831684494652889440719      
   374.369087071281660588287498254737757      
   379.492688009948282593566090184458103      
   384.728377063598652999433962247222804      
   390.062836190145448987744246824767281      
   395.483752815457096955852788210251431      
   400.979757794355711204785231312193174      
   406.540361059413234097963580423639367      
   412.155887013999950184592175231448670      
   417.817412430192315728465043274069338      
   423.516706859258281719167784883738405      
   429.246177223813341392389117037593600      
   434.998816804662178595951648140047525      
   440.768156784805587701140807627491585      
   446.548222258230443317567578959051300      
   452.333492196189957765532757281010271      
   458.118862499284733092306398422125587      
   463.899612549424775427992279209670170      
   469.671373892690244169402819683229902      
   475.430103599884419312956236127065845      
   481.172056959684380895547341905469283      
   486.893765781457871194020887086318983      
   492.592017215611961895494088736208206      
   498.263833761463541894222155737289458      
   503.906456508040503535308945988828539      
   509.517329052909891782739647498119531      
   515.094083406123793210762582814427460      
   520.634525943664027817355933641296635      
   526.136626002967197259800224721897884      
   531.598504700931967868867237010065645      
   537.018424880193493581021212027156010      
   542.394781829101266296538872608677932      
   547.726094875660067484598243542095016      
   553.010999879944219932811153158462655      
   558.248241484614891445842519908801821      
   563.436667479294680719539073134192476      
   568.575221544697816480088585082058171      
   573.662939092988424124482408994801897      
   578.698941467136629358774096667074118      
   583.682430452890873629631127017760158      
   588.612685041516309691705902937281979      
   593.489056538350726733152722784496943      
   598.310965211910350462038774228192508      
   603.077896873745218646527869165583477      
   607.789398225854759645455845476534862      
   612.445076120556345419812201815988878      
   617.044591072049357035914226737254408      
   621.587659525861755303730896256464735      
   626.074045288320914223192736402693083      
   630.503562844298860485246854490940103      
   634.876070160471737681756191759384311      
   639.191470002172348409522319522832584      
   643.449706078690034497225776306071869      
   647.650761217646612547731634108081548      
   651.794655998755726697410553223931772      
   655.881446545790479813409561805131642      
   659.911223367673253598489393912686668      
   663.884108585192421109796393178356893      
   667.800255168987833216108236747705258      
   671.659845185741432077027385839302476      
   675.463088799803621947924901660059927      
   679.210221982702188977082113389368349      
   682.901505864841635180665160648738726      
   686.537225025125117340500747169092338      
   690.117686759164206250642288474326565      
   693.643218960187998674522124406812118      
   697.114170083025729736550732049515627      
   700.530907117445771545394193325311972      
   703.893814727150172493515574222179794      
   707.203294492279405053342595886402298      
   710.459763560650750239655542685214383      
   713.663653769312386061251205494172299      
   716.815410802462907672378629472551469      
   719.915493068054302285697490264158851      
   722.964370971571637483294375522115382      
   725.962525938533675227854086634095964      
   728.910449777914479316951179542170259      
   731.808643693990827219092614818885751      
   734.657617494844197657063123488327388      
   737.457889122700717015795125339803271      
   740.209983670316254061286995075483399      
   742.914432702104928949473860356531990      
   745.571773748144501928429603981962335      
   748.182549556943728639511255019134912      
   750.747307529143633697878291886735537      
   753.266599065491150282303509032244128      
   755.740979046043995733220748629986622      
   758.171005282188351541025515237964833      
   760.557237955634448739581830275438267      
   762.900239188984012797811052767577812      
   765.200572470573926749949140886970927      
   767.458802288341333935505677031297569      
