   305.833180578490118847143771537581802      
   305.833180575208522449485551403157112      
   305.833180532679864089517132468032889      
   305.833180317601823404850585586757474      
   305.833179632578655134427431715675774      
   305.833177969418442227807421197530918      
   305.833174579803515330158587154040075      
   305.833168436153001172847385903302043      
   305.833158097978758591489205961634199      
   305.833141312165118131002664593266722      
   305.833114153098472694647950815993939      
   305.833069624316697244486872465085748      
   305.832995839663005192338779079185261      
   305.832874054758596015583364326461642      
   305.832676856971741507120539428759157      
   305.832366754854888351157769590549718      
   305.831895290162529245433281757984498      
   305.831202679432720490840102679312352      
   305.830217908119569238685025126282899      
   305.828859156710868018477990766909115      
   305.827034429543638296403775640860862      
   305.824642271932964102286676508341215      
   305.821572488513668127549550378714991      
   305.817706806649107574889479616379872      
   305.812919457745860939526069527795823      
   305.807077673296788385803591365022720      
   305.800042110266542256241419063483344      
   305.791667231935861124776290230251140      
   305.781801676134781144104044875154233      
   305.770288643736648199192368520848477      
   305.756966337445357026901574181113785      
   305.741668475315443663067053014099281      
   305.724224896146733793517772650786757      
   305.704462265837580185001643797780281      
   305.682204885771049146954049099057022      
   305.657275596962251236917967528120676      
   305.629496767494123686307902517982576      
   305.598691345938057243027745235232119      
   305.564683960139534112920043724533280      
   305.527302038887180222115597984570835      
   305.486376933470347877324325031717071      
   305.441745016750857355410353779242512      
   305.393248738939014170438734986096812      
   305.340737621473523228028415030015828      
   305.284069173098571376449510796900325      
   305.223109715168573704982303554828885      
   305.157735106233633656865582049267161      
   305.087831358896509933666031776425016      
   305.013295144756654585077043588776666      
   304.934034185807205799890123603652171      
   304.849967532916600436920541667133588      
   304.761025734014096054303058076887097      
   304.667150896264058654349475464331072      
   304.568296647816979307714929909442967      
   304.464428005839587281207090739400692      
   304.355521158286888023086246419674310      
   304.241563167404261238752139775951161      
   304.122551603331821934540302614726859      
   303.998494116238162873225784258265532      
   303.869407955556460391040595413261531      
   303.735319439507524989891354069009202      
   303.596263411390355844303347748817600      
   303.452282622787056253712529167553398      
   303.303427137073469129011169986048765      
   303.149753698194745218628089515805633      
   302.991325094444953510419883250179396      
   302.828209519814965310296398818236971      
   302.660479937346779256635409991088191      
   302.488213449856179186372720351870074      
   302.311490681817045296905911383009405      
   302.130395175603698146354175849924392      
   301.945012806059199185663724610477590      
   301.755431215126794435938210673700869      
   301.561739268859655752489222924107513      
   301.364026538922484373342961860484690      
   301.162382809094287197528472384409063      
   300.956897607666899106439298917301738      
   300.747659767463239738461827290929314      
   300.534757012211341727900574613006163      
   300.318275570197357039889911680269797      
   300.098299815416448430061678265090535      
   299.874911932734577839869640109757483      
   299.648191609506736347626397285627522      
   299.418215750755404204018504652599244      
   299.185058221151565761851579486913649      
   298.948789605682048029906763153293784      
   298.709476994612223329506804712899459      
   298.467183784760326097709496498408462      
   298.221969506242494478403162360318609      
   297.973889658327511289310878186050510      
   297.722995561602916053995146322481419      
   297.469334233518104383709573922952466      
   297.212948269884453115036202984598642      
   296.953875741477386313214692849105265      
   296.692150103178045620555634526626895      
   296.427800111110396137736834801455881      
   296.160849727324819831638134629892073      
   295.891318069138280018574838871682033      
   295.619219338110480974851415291219232      
   295.344562771410122459325794632784829      
   295.067352567025282757033202636342419      
   294.787587846327012330718709169220967      
   294.505262606649740060519198400997387      
   294.220365640548562309032286675803295      
   293.932880500641650418977016930279478      
   293.642785448500759094088224584735043      
   293.350053420436354396872885932171128      
   293.054651924129504431424034929040951      
   292.756542972660639323635792205412038      
   292.455683045984992589882669733058015      
   292.152023060210214196037751331096775      
   291.845508174004637795267612018552983      
   291.536077738728948825158730650832025      
   291.223665271458504380576270924815635      
   290.908198322243871522934760315371507      
   290.589598211195976250103849467289537      
   290.267780134207075499467124463317157      
   289.942652867658503873653668431271390      
   289.614118698569437381966506503699293      
   289.282073172874124017248858253233520      
   288.946405014756162434272742374138464      
   288.606995844040817915567956260376279      
   288.263719962640549306348786046806767      
   287.916444301777883339216407552895630      
   287.565027843305153884924763479861734      
   287.209321756413645602927063281686131      
   286.849168661739537664887478146908425      
   286.484402740665244517221175144652571      
   286.114849079171053627218591767366707      
   285.740323529907300246661944243441192      
   285.360632027243000939153128861551085      
   284.975570541407667127897746222332612      
   284.584924191790104053060981007112131      
   284.188467203127391540570443215798149      
   283.785961912399219018763071311486090      
   283.377158506814664787894943524029778      
   282.961794357540756882472654885159676      
   282.539593190284480597226781616247664      
   282.110264370534411146258018370899807      
   281.673502347425804375516528065452214      
   281.228985498888943652093395729495246      
   280.776375483802962482548821110570815      
   280.315316157094660777591382149277413      
   279.845432105144270210253195824006596      
   279.366328295222240715899188825387210      
   278.877588001819201251944872647975854      
   278.378772029183111643388173725357755      
   277.869416721222735437295176410829963      
   277.349032683991995052082373978357405      
   276.817103293192958274999881861844457      
   276.273082006391177960347209105041580      
   275.716391031943544606732498635589477      
   275.146418610836262104341839550324723      
   274.562517183791447579987227795526088      
   273.964000048697768170782027012938591      
   273.350138668277232815817164627253604      
   272.720159795341873065568554871493196      
   272.073241675156111386552048703494370      
   271.408510440595606877618205895598177      
   270.725036005131254107301544623488385      
   270.021827484977209359222200208034718      
   269.297828521450580476565564828723160      
   268.551911594406020287855130548920540      
   267.782872315140636327343229513663312      
   266.989423077516713689600719980693923      
   266.170185672099156109464372101793358      
   265.323684426331546406963961896960057      
   264.448337193437063559801932372345006      
   263.542446689278105649630723723180626      
   262.604190380703499873825278100945270      
   261.631610241531725955743427665472672      
   260.622600642341044201155153344763687      
   259.574896706845492680284597230492820      
   258.486060813598349630033534741391010      
   257.353468404136332360298218713054984      
   256.174294408080228842297724824088775      
   254.945496641107146608963828035884577      
   253.663801213973867049894738838403002      
   252.325687493269010517221243491145986      
   250.927372758421893767641406947790488      
   249.464799634742532548243602919923079      
   247.933624650439971627925394714475083      
   246.329211331198893718837298375706586      
   244.646628133069659188561134754084681      
   242.880654245317026692765602066892158      
   241.025794262729565461862788926078803      
   239.076307487740280411793628515743899      
   237.026252599844551058699020732348164      
   234.869553496695416778847733618966228      
   232.600088973656852100514399040119162      
   230.211815375409115462600757044122958      
   227.698911975800206096945069848732701      
   225.055978606225908167460012135117874      
   222.278243149620432633947537067445956      
   219.361823563229165479437490745306232      
   216.304003848414331317213377577682880      
   213.103526156965751935667814196117543      
   209.760882139115804263925188814190403      
   206.278585618946386880990698754397062      
   202.661390456774613560415254717653638      
   198.916491762268159196971722555112280      
   195.053560290284690679596343512895440      
   191.084738417418134442456983294258979      
   187.024486308250404427908832557008296      
   182.889420453185433169524913588844315      
   178.697548611138068811219995018384549      
   174.468293017053979464574456564871261      
   170.221620101025922938259944610011332      
   165.977516650133663800910870341029911      
   161.755407869223678841571765024125277      
   157.573624995923030656621340511456049      
   153.448964104224970711219115945680204      
   149.396355031404556025680693211398734      
   145.428651662862514958530071509581571      
   141.556540135029373212962697327890669      
   137.788553984572406283912510903561359      
   134.131170415594595659519102907976978      
   130.588969642228087452682448041520774      
   127.164832077644072946157667745065275      
   123.860155759615504747638820287320207      
   120.675076677418712779700522558994997      
   117.608681659842069681290149250646012      
   114.659206161578021776838311903932111      
   111.824212074859599717078669027722549      
   109.100742603563704159046244177918519      
   106.485457920148319553946873463965002      
   103.974747308822836973330263581067457      
   101.564823448010560869700788866030862      
   99.2517994032217476331116053182905587      
   97.0317501849317053656188651427680533      
   94.9007624448734564686434332476927421      
   92.8549726225009124846604545244840271      
   90.8905963261768403885931924040199482      
   89.0039501069582302809016827603164694      
   87.1914674700735419007779880738658600      
   85.4497097006158057795258350598262549      
   83.7753727289984972762080748652670612      
   82.1652909965071246463731297595746423      
   80.6164388292241344115982795624483540      
   79.1259295236646892318809580017145846      
   77.6910138937547789793093245232119448      
   76.3090766224109080387209472661921079      
   74.9776325255030861272815976693601439      
   73.6943220682457003296875035702699504      
   72.4569064052608084157199191922825252      
   71.2632622095382548480451043666201060      
   70.1113765923276851860175722082876139      
   68.9993418015510712575512976569876694      
   67.9253500135199597264410057293857730      
   66.8876881355244977622622718246027805      
   65.8847330524780130699077313802547083      
   64.9149466419161156375926851252378906      
   63.9768712323681184120696971959308647      
   63.0691251241783588097445981773049515      
   62.1903984798133107414896231613096155      
   61.3394492331794186713135669581096365      
   60.5150992046062200475446243623586374      
   59.7162306672438017314933596047400710      
   58.9417827411657644209557874510614834      
   58.1907483526751545407787357723865768      
   57.4621710100571483030556119045423163      
   56.7551420895301036596045243974075767      
   56.0687979549977568196828285131969552      
   55.4023176479931719815184785145025227      
   54.7549202468789112756859319604346612      
   54.1258628615401304701037374305324799      
   53.5144382992662208833620837361726764      
   52.9199732120012198521519104205169925      
   52.3418261295423077804772586249798739      
   51.7793858437767720972346935009036563      
   51.2320696034652062972342472240039942      
   50.6993216571274107916485084074828181      
   50.1806117433904595106239652265252711      
   49.6754338209850445257036558364619489      
   49.1833045239857141384532343782947394      
   48.7037622852811464762830360900573823      
   48.2363659975762866987651268197017372      
   47.7806939762501877250082057856480816      
   47.3363429191548343875745835931509110      
   46.9029269860163045684602416274177964      
   46.4800769788988832341697860542612115      
   46.0674393219796616230611541914231249      
   45.6646754200947492878588881427128318      
   45.2714608593744787230737237891401851      
   44.8874846650336556294047314109629784      
   44.5124487057741152566131644403505692      
   44.1460669781245726261688207773240074      
   43.7880651208503535767457828090586590      
   43.4381797475605488343073811950469614      
   43.0961579612107917690459816196698884      
   42.7617569010240273576126352139430107      
   42.4347431816238949723394723107908490      
   42.1148925069053065938461943548702332      
   41.8019892312297874690774792107321024      
   41.4958259513562069588326137824672416      
   41.1962031284292027381128727226873075      
   40.9029287442636534013136142713569973      
   40.6158179545824913609439224131655283      
   40.3346927466749491269501664610991946      
   40.0593816591154073088576065522962663      
