   6.91360382032448847522976250442333937      
   6.91360382032448897452856100055816334      
   6.91360382032452743201328781372420908      
   6.91360382032516444341181800519020272      
   6.91360382032990751712095170087933134      
   6.91360382035170981779289183518542679      
   6.91360382042467998402730538371197302      
   6.91360382061958405575439073184069074      
   6.91360382105548862151324405886444787      
   6.91360382188595357241998396358180201      
   6.91360382321898980233996694887929750      
   6.91360382491702757164159128278277060      
   6.91360382622650346138996225074366469      
   6.91360382520635179014442346121961126      
   6.91360381795271752363457513691285807      
   6.91360379764466427455217250909801025      
   6.91360375345691122283945066109721729      
   6.91360366939923818095511522409879727      
   6.91360352314906522290791444531890028      
   6.91360328494558975933625543323946115      
   6.91360291661224931356151794213420249      
   6.91360237076968773395318801539552593      
   6.91360159029346621971554764085665706      
   6.91360050805957734821737756919780056      
   6.91359904700543269088413564079872425      
   6.91359712051625872448081350573394663      
   6.91359463312672143798267843589484092      
   6.91359148150852632668064990687369988      
   6.91358755569761433103861733719029150      
   6.91358274050076288267346028043816687      
   6.91357691701396017958600117122992332      
   6.91356996418168551586689270336111023      
   6.91356176032876312980198474722424016      
   6.91355218460317680217633849620351172      
   6.91354111827824648229877397355464752      
   6.91352844587448471177142815930737951      
   6.91351405607431967923491770695499563      
   6.91349784241524483723706848777003641      
   6.91347970375873161668275219885932003      
   6.91345954454166664793880034150854658      
   6.91343727482549769816369348632353973      
   6.91341281016381456973515824417962366      
   6.91338607131335597104133930483909471      
   6.91335698381532552030636740755398983      
   6.91332547747468937088011976726562561      
   6.91329148576445984730901931717670475      
   6.91325494518029544703020507215206859      
   6.91321579456838723382119546243381178      
   6.91317397444695927644970668758395660      
   6.91312942633865193305464683490123236      
   6.91308209212775448913480942939107409      
   6.91303191345359486599640767432766976      
   6.91297883113130096282508397921098199      
   6.91292278470247093079094489962214443      
   6.91286371188832460345265164259370361      
   6.91280154824036484739374686996751418      
   6.91273622677721458703831091747472178      
   6.91266767768677440206377103398786670      
   6.91259582807737466867139333279127310      
   6.91252060177446091731571331872719678      
   6.91244191915757907167764521012756080      
   6.91235969703324492676009814763559646      
   6.91227384853801495414380371233605032      
   6.91218428306638700961051644427611635      
   6.91209090621856740039322933773021613      
   6.91199361976151591939615955097444789      
   6.91189232160026339545682203538676388      
   6.91178690575221930884267888827920413      
   6.91167726232216289579618814560804828      
   6.91156327747282672627684303834757214      
   6.91144483338592408691515888704726539      
   6.91132180821318554487066670426713081      
   6.91119407601168811473545279384732210      
   6.91106150666116695463337185012374865      
   6.91092396576296284956082492023536050      
   6.91078131451554987090734664782961387      
   6.91063340956503983496970887319533710      
   6.91048010283363003119265195995209789      
   6.91032124131909446313394211801428929      
   6.91015666686817911412879369504441173      
   6.90998621592496461529108259269907914      
   6.90980971924196863474733676034039905      
   6.90962700156662360241822880675172970      
   6.90943788129361466994358972076639826      
   6.90924217009875615188519023551771579      
   6.90903967252940940367191606904803146      
   6.90883018557462858809666732849077237      
   6.90861349819171048691535208023589018      
   6.90838939082406506736450651097944968      
   6.90815763486781240293688049713738020      
   6.90791799208984953244672868149888932      
   6.90767021406237543148058580460919880      
   6.90741404153410577961411828810687532      
   6.90714920377812197493359364211994215      
   6.90687541791941834378076740560056702      
   6.90659238821064897148021159022364689      
   6.90629980521967044498314886374076473      
   6.90599734510642060511615791012531510      
   6.90568466877886945983149814453914142      
   6.90536142104837514223883022564539877      
   6.90502722969044937973576429688082866      
   6.90468170456111936746386816759709424      
   6.90432443661647501951442860664632844      
   6.90395499681330547313116055968001850      
   6.90357293507284920143179933565710659      
   6.90317777925388109523463227638017407      
   6.90276903400402884908333957854142056      
   6.90234617940680422130374721950246435      
   6.90190866973805875452693869143181857      
   6.90145593229895965921772865661433805      
   6.90098736613704663479197047376273075      
   6.90050234002770603461066630755064634      
   6.90000019175314493516572183038492698      
   6.89948022613552605373409832623823089      
   6.89894171333186898585737846589167579      
   6.89838388702089452732453675103005962      
   6.89780594331906320914555004990275711      
   6.89720703807538264357030619419934450      
   6.89658628508580671334336244964597950      
   6.89594275444151878923026012193493049      
   6.89527547020584257775438787121937785      
   6.89458340743038325253404081831953108      
   6.89386549120753024860724330133794615      
   6.89312059252952312899573176263269299      
   6.89234752707140607272876891547781721      
   6.89154505136099945976529506634804539      
   6.89071186077376545792529077962555721      
   6.88984658547943469931024226903091553      
   6.88894778842478610605203612688370475      
   6.88801396052474743674758728143249588      
   6.88704351860083679345354893540892508      
   6.88603480002297378711945122104774109      
   6.88498606022957035979136108897687412      
   6.88389546773192964493735926479098731      
   6.88276109926690255663105363141633327      
   6.88158093631741709970378688883014384      
   6.88035285928661344133424346275757974      
   6.87907464216940233137627480907332275      
   6.87774394753946815139331293509325795      
   6.87635832087586593517365104227784515      
   6.87491518304145565814057113539419337      
   6.87341182586109282559136137950395652      
   6.87184540262272478389094573786424149      
   6.87021292322809257589760450663548827      
   6.86851124442247426861140170056677006      
   6.86673706269835639063712720955202550      
   6.86488690462999806856496105394799353      
   6.86295711863576203864283054676536677      
   6.86094386378967900107854436295985248      
   6.85884310020836837149806635573627287      
   6.85665057758586769114798287962952404      
   6.85436182298215604254245189942306687      
   6.85197212874648830909812281604519637      
   6.84947653869807872163676025681208993      
   6.84686983372941336238131187990994480      
   6.84414651722301232591260254091441150      
   6.84130079806639935857432205447517881      
   6.83832657421741911478126767841811938      
   6.83521741395328910627555377143929786      
   6.83196653669729427987211667596811908      
   6.82856679216349209864165308236697739      
   6.82501063934581666344363910943040690      
   6.82129012264250183741023292696900609      
   6.81739684842610327661992991028109588      
   6.81332195717420135636464026362384052      
   6.80905609935691104410434272720615783      
   6.80458940458017507494823771392382246      
   6.79991145203594927738207301617359796      
   6.79501124171512177476610814231954870      
   6.78987715920151975489103376528134236      
   6.78449694400905975125576261505736679      
   6.77885765596327784394760939317375189      
   6.77294564048749826257503182466540874      
   6.76674649478013831094707366825354254      
   6.76024503440579608614771007683754667      
   6.75342526095613315727731809104335680      
   6.74627033304108092013988975145342150      
   6.73876253969087716965855160536292000      
   6.73088327874467450380895148218532683      
   6.72261304294488726579169307406511174      
   6.71393141255148751967536210161574407      
   6.70481705843138028445109811043442554      
   6.69524776018357838056230740800711165      
   6.68520043344293312454366391431576213      
   6.67465118157147811563200802083039255      
   6.66357535898897219915769632920479534      
   6.65194765762492252049425257343373571      
   6.63974221258924593982409113028002324      
   6.62693272764869775695365930663757083      
   6.61349261478472035132264894632591372      
   6.59939514766074596447562275872684459      
   6.58461361578387959631823689452955622      
   6.56912147805943894144434223598486090      
   6.55289250349968170568868158628018300      
   6.53590088488438978453051591569297964      
   6.51812132633581457611191945003851233      
   6.49952909007632610222373628690530003      
   6.48010001192332868491774126976745421      
   6.45981047528087375785858171102954090      
   6.43863736681891871373801270295106508      
   6.41655800928771694651276492372311864      
   6.39355010108901095415147169671598727      
   6.36959166012440863276230721815995368      
   6.34466098719961816675351093934610920      
   6.31873665157548358401532427581794296      
   6.29179749936620901060487544942195107      
   6.26382267826385400331701317216769518      
   6.23479167534560017734695358334006874      
   6.20468435823125304447079711169724075      
   6.17348101534972099578802232965567854      
   6.14116238831011281308162383578841037      
   6.10770969633932744072774029625598877      
   6.07310464811525604555461967764737705      
   6.03732944331635193603683321821709263      
   6.00036676450278435459458598521311883      
   5.96219975971968443921785814074804345      
   5.92281201918408169552176628848682661      
   5.88218754679436592809157243801835048      
   5.84031072864475107619905893359389842      
   5.79716629959294038892007064564453509      
   5.75273930928676250650889832721150269      
   5.70701508872962014468059876285610760      
   5.65997921774683267296419622908124835      
   5.61161749402057441902613537494297966      
   5.56191590387144160834643255815932710      
   5.51086059508823211524592966975928707      
   5.45843785202571469456431579154721729      
   5.40463407260550346092426864803445283      
   5.34943574740084833304308928119024504      
   5.29282944063416532752287726880293440      
   5.23480177311479154310377483024978569      
   5.17533940674253945746499354768791767      
   5.11442903068495054215999658245270133      
   5.05205734890111132036078753606890836      
   4.98821106888133952912351640467279900      
   4.92287689191968103405491592021070380      
   4.85604150401559118733580238171092027      
   4.78769156793524810499847590086630197      
   4.71781371614670359554137561272182649      
   4.64639454447752715437768753021266785      
   4.57342060642185262674261973701877218      
   4.49887840812376568961372867937010289      
   4.42275440387565730813966935811997393      
   4.34503499212957393123872450099596563      
   4.26570651191146406409594491557445586      
   4.18475523961924507400623303877975791      
   4.10216738623370974205492612780707640      
   4.01792909477639289493049822960342781      
   3.93202643805758712276572902070282847      
   3.84444541669374164151798150239687457      
   3.75517195732696286469084030298447781      
   3.66419191107490393117409539680338099      
   3.57149105209063494323047665362626865      
   3.47705507637378116525551382219046615      
   3.38086960065388925272571181428506122      
   3.28292016142730937689426790443765726      
   3.18319221412398316891862296974983526      
   3.08167113234165950658451906636844496      
   2.97834220721504201034695967256673054      
   2.87319064683928095915663300895829930      
   2.76620157577337216899360091913727366      
   2.65736003462908072588161023503108683      
   2.54665097969839199118048695047683329      
   2.43405928265123048689354584421980249      
   2.31956973027522243979596501099536238      
   2.20316702426514983977812762578823566      
   2.08483578105158566140755208387094608      
   1.96456053166348138144710220783925719      
   1.84232572162832870097464626003025940      
   1.71811571088533295167857739012196921      
   1.59191477379213133698236355570329655      
   1.46370709902240196646538075440899917      
   1.33347678963838363288675131034779432      
   1.20120786306824151705616396189351284      
   1.06688425116841291456910137330928680      
  0.930489800270296720556220848543387706      
  0.792008271251743928526777247522228716      
  0.651423339632911604512451417464497371      
  0.508718595645824508979571599029724680      
  0.363877544371256781695044425522445975      
  0.216883605831785279341651903202586229      
   6.77201151285117863917544915400674351E-0002
  -8.36296774158472376163126021313955916E-0002
 -0.237182606148825348002744870537706274      
 -0.392955589898266855388672359839175260      
 -0.550965631850783993977561908815938228      
 -0.711229819379687946806167922639123917      
 -0.873765323882071447513849013360760343      
  -1.03858940062012318279599594285130221      
  -1.20571938853390710840405985139397540      
  -1.37517271008489928589507777758261917      
  -1.54696687106433012379193084794709759      
  -1.72111946041970889617988983387444243      
  -1.89764815007475856691639875335454846      
  -2.07657069473397862577547256217638667      
  -2.25790493170409947596345460976106082      
  -2.44166878070627931286525078972341595      
  -2.62788024368379400170148507859891486      
  -2.81655740461143934582584333531050995      
  -3.00771842930909940905648616391299092      
