   482.989325854482766625225197452827150      
   482.989325854498234655481154983509087      
   482.989325855059819086560773405629470      
   482.989325860516629894659871620536185      
   482.989325887322284515814502221497457      
   482.989325967435644092577677530516541      
   482.989325968950923144990186491927488      
   482.989323869000587488308802853442214      
   482.989307850192948642347067050288306      
   482.989234838319703440574928014279429      
   482.988991240619910332376265238701950      
   482.988340383513757674356991756298786      
   482.986868773418203279121173329293980      
   482.983944755005541970999080458516469      
   482.978698901874546035295784468021214      
   482.970029030597116408993154870969806      
   482.956627172600718363942063147280929      
   482.937022557292196924731780313971046      
   482.909633640799990694410895019611639      
   482.872822787082581608652378151002547      
   482.824948606940440669941780401095137      
   482.764412591390408251548598464589900      
   482.689698174377144237624508021998731      
   482.599401554092808414628520452255885      
   482.492254448909728915433786315844925      
   482.367139492949431949163135938972662      
   482.223099250685902444233436839785196      
   482.059339917629037576788448272026014      
   481.875230741313870881907422472876223      
   481.670300094908849878081931454848343      
   481.444229001553908131788642054095125      
   481.196842769755363090598522988935338      
   480.928101272951310900143595932924454      
   480.638088297230142771669973215974324      
   480.327000293215953259898277630881520      
   479.995134799586431928372490544830324      
   479.642878753841114409006593177221120      
   479.270696867307090031553663301333743      
   478.879120211710276012263448918491665      
   478.468735142206162102136148391369694      
   478.040172662400282817411582510440508      
   477.594098320835748792030873642323507      
   477.131202712866970459589601392487060      
   476.652192639306555729406228062886511      
   476.157783012735174274556888264996594      
   475.648689433641623459081477647501320      
   475.125621593558536162158336828381760      
   474.589277410499539814391642019916128      
   474.040337929470561254232401342783233      
   473.479462964756388413359964298450022      
   472.907287458627655334430306926119885      
   472.324418523511812986692672214593975      
   471.731433127283858291438689983024782      
   471.128876377341123215517852229564841      
   470.517260355583388819344938188457191      
   469.897063453545786099183907406939675      
   469.268730155700945130297099393231473      
   468.632671219969947358192073529473499      
   467.989264203349519034225896471687779      
   467.338854283559884417287981587150856      
   466.681755328902320864594601671264647      
   466.018251171374313912702135893512849      
   465.348597040442155581478917131493482      
   464.673021119501916875619228188126305      
   463.991726188632802140341477976352808      
   463.304891320712372539185713523115824      
   462.612673604906986302529726952024027      
   461.915209868449583172468594572717757      
   461.212618378024562934042103218843088      
   460.505000500761450819512311745790144      
   459.792442306992731798632857738852412      
   459.075016106208378032188859408068665      
   458.352781901246125653082297803226903      
   457.625788755922252053420573992590524      
   456.894076067051856046205875690970923      
   456.157674742560053973335907583632242      
   455.416608273722379317408573042698968      
   454.670893711879304363212497089716222      
   453.920542545550945156194957481158510      
   453.165561473777950077832082708433675      
   452.405953092185413604799049914292516      
   451.641716477704372314846635929583799      
   450.872847687140002229808745961962424      
   450.099340173708450434495716989685146      
   449.321185125923126477076020460463900      
   448.538371727832515040052729445234938      
   447.750887352017549244006113228929619      
   446.958717688646344105058139557079808      
   446.161846820987752517554955066089955      
   445.360257226223505868596332921924132      
   444.553929743258695553103261853991938      
   443.742843499374548164298896231179387      
   442.926975789251258246511981985653292      
   442.106301923535126893094776230140096      
   441.280795052919830967072560859755115      
   440.450425922887297542393885548400754      
   439.615162634301163507039611127301449      
   438.774970391800396832575335995704549      
   437.929811241994597968633905748633100      
   437.079643701209968695490855639086439      
   436.224422585149955765308606226349847      
   435.364098554496325104038666056077942      
   434.498617780706342660750169752479999      
   433.627921644517353388015248969046238      
   432.751946359247919088880626284088892      
   431.870622687744311349784262777695018      
   430.983875477903172674237674719233117      
   430.091623243381206442138936266354979      
   429.193777888567737852717826604155826      
   428.290244461154320669916252455863322      
   427.380920367436152385786573939541666      
   426.465695218997491792405848360805485      
   425.544450662257214955107320237435493      
   424.617059522775194144847838904931697      
   423.683385558681408350628035516797554      
   422.743283254593867656924583390355354      
   421.796597223580586191632309256608722      
   420.843161556229930117734410345768350      
   419.882799971312598501558278300241445      
   418.915324579891850641826366777317448      
   417.940536296450220085626688230392670      
   416.958223427154400176988228946065928      
   415.968162172729558701009106593100586      
   414.970115232459438002033131807720937      
   413.963831938653393957303899332509028      
   412.949047458462271005396376812467537      
   411.925482192835347854999814988644026      
   410.892841538726452654596580332600457      
   409.850814906513116488784966049492620      
   408.799075445551843846960193640894183      
   407.737279210718886721575011331205922      
   406.665065166036295486441065199393342      
   405.582053446391960441328831582315626      
   404.487845914498990912701908582016894      
   403.382024602329219488995831563148377      
   402.264151591961887359657779549473947      
   401.133768302537631251199225647307870      
   399.990394521011087427515114608063874      
   398.833528082465272704228661950567268      
   397.662644170754978592609125799008439      
   396.477194707457563433432750498106797      
   395.276607695164490072170180247372064      
   394.060286866086746959050676702475869      
   392.827611197840324533301557359831543      
   391.577934635488638269651912707866545      
   390.310585689632224484349247551008640      
   389.024867782392894469787372984653764      
   387.720059326821693426989780451442281      
   386.395413609293264913531933387476482      
   385.050160447956577269930058023885205      
   383.683507016570363919918462944961834      
   382.294639505305414700090562450138331      
   380.882725288464101339713256008997864      
   379.446917092195279477723601400199872      
   377.986355991490927713227158101108065      
   376.500177448640874335675867721751038      
   374.987517904632179374556456672828207      
   373.447523641394640130485670356833341      
   371.879361723502202361355287378883100      
   370.282233832385272358408356245130439      
   368.655392929845605226149752489937225      
   366.998165116868354136633229648357209      
   365.309974921539222528400442471477210      
   363.590378389713250758490456486538076      
   361.839102204070962726866176087586964      
   360.056092176869294210803917006489719      
   358.241572366709233037619355175301494      
   356.396117358786205569582882202232166      
   354.520737991541260567345730304365146      
   352.616985799677462888486182430016144      
   350.687078353831605496264947349642486      
   348.734044984490365088439997841914345      
   346.761892734247532699268083523179522      
   344.775830600480312517321420021654732      
   342.782456706934980457629115431501874      
   340.790033708328758768031329305978254      
   338.808752262256638225309855410435447      
   336.851009485420088254528536722005922      
   334.931681013139162825863162254911302      
   333.068363630283949470094393033500694      
   331.281555210192396329294401649092947      
   329.594733300733148765130161532702712      
   328.034284396880651303900555662439461      
   326.629235184136235292877181669655468      
   325.410742851927360139369415836724670      
   324.411312357067035190391243680701237      
   323.663740299064815862792593624520889      
   323.199827204823778584630849307159413      
   323.048942198744021979279881607103429      
   323.236577386409956260220129486945689      
   323.783052850943855458152853150757987      
   324.702536956738716805166107838678909      
   326.002503195256501146192200782456364      
   327.683680096427259720670118668990119      
   329.740470880913435795257589107122347      
   332.161748332431134147779894392336821      
   334.931889356507306900801281173215583      
   338.031906630290070362518407827316580      
   341.440552403358587140032779462937692      
   345.135306508212471635193289247549148      
   349.093199388650760659490969979504926      
   353.291450876643696060176010151695803      
   357.707939509160797077797961278075868      
   362.321517885306261984113223886651611      
   367.112206818575574955818318933009381      
   372.061294561334115573567226832684088      
   377.151369437118267851851395459840369      
   382.366301906781390185633206932598627      
   387.691198818811289238451404441169459      
   393.112337657749921533406129204009931      
   398.617092374432248992587430948965419      
   404.193852788421794614114256529234472      
   409.831948283755548505633378282820868      
   415.521569745475367299932540112531866      
   421.253699122672462475464726991749712      
   427.020042998581236458380156881769275      
   432.812970267034272967520930753943624      
   438.625455452036728962953127423036713      
   444.451027343893909175968497074526276      
   450.283722279701419940489782411989820      
   456.118041284635155783480371501932527      
   461.948911540652050298707419781677406      
   467.771650730351324602684907203757478      
   473.581935774489432723130536841184099      
   479.375773793768311065606177856823243      
   485.149477022139584777638885549972942      
   490.899636584643037403836129248984881      
   496.623102827832042809860472246767001      
   502.316965279766960939234663710533969      
   507.978534836439957141243839392714120      
   513.605327507864475147019195459669050      
   519.195049259537056505220053328644109      
   524.745582839301420356577683477564294      
   530.254975512708891646710852129441865      
   535.721427969797242165678295961306676      
   541.143283325632250789832724191577496      
   546.519018286000671509429600765406651      
   551.847234055839345104769198509380765      
   557.126649066960041962722062906513255      
   562.356090876894262449652956434674612      
   567.534490432437047309931244443057551      
   572.660873967221107769870906103479353      
   577.734360045242046185574383407134020      
   582.754151836526150145335817824391995      
   587.719533433267042725264046353308152      
   592.629864654622526863335117128760331      
   597.484578053059298728656873200798521      
   602.283173069437642533970521277401043      
   607.025213745981216861380294397523985      
   611.710325618944311202231995727971234      
   616.338190175108698153570266359442177      
   620.908545604855717062697003962154435      
   625.421179739629894608326420902317195      
   629.875931189648191975889876138948463      
   634.272683716639638004028760322141749      
   638.611366110859391815353405089244995      
   642.891948847735371739635078195130953      
   647.114442168877901331300302872683742      
   651.278893870400944105144232485994432      
   655.385388106403956496381031266100565      
   659.434042405269226042331224232702162      
   663.425006924068194771196668990751502      
   667.358461793385339989607211959187253      
   671.234617437278748879520646811114395      
   675.053710293320008644520413492338445      
   678.816003552415539864515607616240118      
   682.521784534996077203748046951004205      
   686.171363861397601089181665379520350      
   689.765074278308229572807831126714278      
   693.303269095128034487455120697995431      
   696.786320958410391409027745295000477      
   700.214620801096926172067034166324762      
   703.588576926864190724378731258520871      
   706.908613554997685029625526508772481      
   710.175170075695341063787946236459117      
   713.388699959086823144494047533745590      
   716.549669790354232190737501836145848      
   719.658558404723093424018791417320563      
   722.715855764539820971246036029047722      
   725.722062522781946430999700613790130      
   728.677688832195230198077621406346212      
   731.583253649882943242318276112160928      
   734.439284044135463303937140309577184      
   737.246314453600475994268584929524375      
   740.004885865279071595295313093566939      
   742.715545243718395220713984021398784      
   745.378844754231974406202735806114567      
   747.995341365611814325782271184428623      
   750.565595972399143739056934939181861      
   753.090172983646957927218866562028113      
   755.569639682394666716457145918044808      
   758.004565810026700776619327790191880      
   760.395522880907040320852336643090136      
   762.743083862732976612444574635772264      
   765.047822587634362088238706968908415      
   767.310313412090525879927909566577851      
   769.531130666171429925537098028325868      
   771.710848362792635542185418219458858      
   773.850039756624231061317796990609285      
   775.949276972181822974724582056001263      
