   305.833180578490118847143771537581802      
   305.833180575208522449485551403157112      
   305.833180532679864089517132468032889      
   305.833180317601823404850585586757474      
   305.833179632578655134427431715675527      
   305.833177969418442227807421197339373      
   305.833174579803515330158587067135657      
   305.833168436153001172847377161306172      
   305.833158097978758591488885128997191      
   305.833141312165118130996861452677608      
   305.833114153098472694585248155875290      
   305.833069624316697244026529326435940      
   305.832995839663005189827317079080502      
   305.832874054758596004728206080866772      
   305.832676856971741468164782778579268      
   305.832366754854888230949914369248570      
   305.831895290162528917832281897395640      
   305.831202679432719685045963806382561      
   305.830217908119563547551223003482213      
   305.828859156710834873447423203717305      
   305.827034429543637130394522523968060      
   305.824642271932957806204254211794555      
   305.821572488513638649676494346018127      
   305.817706806648985784883342316788473      
   305.812919457745410252545118506657969      
   305.807077673295275675562870904438345      
   305.800042110261887279708788152219989      
   305.791667231922606678370648632965987      
   305.781801676099581283906882297233613      
   305.770288643648856984537574710289317      
   305.756966337238484126984204849585615      
   305.741668474852438286627960485796736      
   305.724224895157929320623397402408435      
   305.704462263814310863800539083906635      
   305.682204881790060496255755301209139      
   305.657275589405707928655390498619406      
   305.629496753616962174172771411418787      
   305.598691321218402026994343429323297      
   305.564683917328768264570258677651866      
   305.527301966654031857205933178231670      
   305.486376814508176295947684478406447      
   305.441744825189468516704652105012479      
   305.393248436872307259434663376661675      
   305.340737154382570486455282212190025      
   305.284068463917228006520526103416014      
   305.223108656706024162113282839504803      
   305.157733551636606107676264456454315      
   305.087829109803782438986704559548495      
   305.013291936771346213391563490211325      
   304.934029670888561277424455321652795      
   304.849961258274054777950303876660156      
   304.761017117072125928700199886108370      
   304.667139195258672040039032195084845      
   304.568280927582132368436804849237432      
   304.464407098346630241059954734917108      
   304.355493617511499034622790550309548      
   304.241527212398815668296362942160706      
   304.122505076074749112949609919546203      
   303.998434402815795078003551243523875      
   303.869331918931408016844849112352905      
   303.735223345364251446552067994252151      
   303.596142827961612726284805967957748      
   303.452132338578391064560782591832289      
   303.303241054394430637732161089410376      
   303.149524722389799857376567792869416      
   302.991045014926833376287986054400151      
   302.827868882906884459136554227810266      
   302.660067910938937391833521754110664      
   302.487717679960169689433434252175137      
   302.310897141127818947333629219137196      
   302.129688004181977105547741879266058      
   301.944174144334424351346602207250060      
   301.754441029398754359408807978584967      
   301.560575169491995901661665015225802      
   301.362663591500353435575765014233893      
   301.160793338742067272773131319775775      
   300.955050996739980660258577930989961      
   300.745522246923819751808350186849945      
   300.532291446862943767739880725120000      
   300.315441238038226332870136844168071      
   300.095052181407838831881299194235925      
   299.871202416937071698428970719651903      
   299.643967349942511275403626804846216      
   299.413419360975854179771963217798466      
   299.179627542906744854495177885058105      
   298.942657456490378695067005322208777      
   298.702570910497295576252367022084028      
   298.459425757860021116482778454663770      
   298.213275717904592690516826440994792      
   297.964170206675285389304856903555973      
   297.712154183903071174120955090056793      
   297.457268023359273890806087928209536      
   297.199547388199541726527571660797924      
   296.939023124792757367887570307851535      
   296.675721161975195627738308216962440      
   296.409662423965769028421998407850315      
   296.140862726257223270337237995262077      
   295.869332719881688102109067538792659      
   295.595077812812568193174315394174295      
   295.318098108514679699552240342717059      
   295.038388328016182018923690231572564      
   294.755937761846276306856417688772433      
   294.470730209352249096455196655868817      
   294.182743887289253601455606468008861      
   293.891951384429007251000848540195665      
   293.598319596884399205795429771722775      
   293.301809683568371373982067556280029      
   293.002376940184232478850216858480483      
   292.699970719255495849916528384425599      
   292.394534381752823674971043533172517      
   292.086005251238499167613501152027314      
   291.774314371890608255912235125368123      
   291.459386468358178089064553985628250      
   291.141139898805062240956082930258706      
   290.819486416147232411210359913710994      
   290.494331080091331617345966808281142      
   290.165572114381714319369500673208195      
   289.833100722750734565007764896184519      
   289.496800785889909967676887035947812      
   289.156548895270031162376533108173024      
   288.812214033825475645856352328101840      
   288.463657181278099070061189576630112      
   288.110731336237117534061968090322677      
   287.753281078749317103488297999307782      
   287.391142238167719967376917133465278      
   287.024141796710857563845851218195158      
   286.652097159224038005943900109295663      
   286.274816264609849738868519225945263      
   285.892096682618960114768446957187767      
   285.503725680476388158618851870103075      
   285.109479244846778120280203457365838      
   284.709122009766075768476108120517181      
   284.302406502994311716705850565648814      
   283.889072502884589120350576972611741      
   283.468846721675444881669969589906349      
   283.041441605198577903261361437582703      
   282.606555143717675388541447065336900      
   282.163869776163480929854790143910895      
   281.713051644766275118024546634500185      
   281.253749485112593957334796384447743      
   280.785593889427240947328610890906589      
   280.308196278849144786021196913928981      
   279.821147437157774547174429938804188      
   279.324016416872090123214261534048384      
   278.816349259023797316804302961703548      
   278.297667512828451983177794019519013      
   277.767466688979033422022306223995636      
   277.225214201740045763957049444865085      
   276.670348057145172172390978317445039      
   276.102274665324085340131615661821088      
   275.520366308192511610263352341509978      
   274.923959175442207061447673685843070      
   274.312350618812140675380375313065295      
   273.684796388715130856888952759568786      
   273.040507619944462484097681163737939      
   272.378647377998581635676528826205803      
   271.698327249749154342487110158027915      
   270.998603378511098042154697646706184      
   270.278471995025429221948673514229485      
   269.536864931110526081446280775969251      
   268.772644671548565536791547436777650      
   267.984598462886147763464608668384865      
   267.171432579422270283816297565092780      
   266.331765495249097773949061741304920      
   265.464121258310781643114054639082765      
   264.566921057332984956926971517416877      
   263.638475405709982098868356782948392      
   262.676974451674246672621801990185643      
   261.680478815461755675065903384337956      
   260.646908645341191327402347753721354      
   259.574032161700032622805906325760212      
   258.459453284090023645458589100611087      
   257.300600515253350516681340526972553      
   256.094711234720204739125270556472686      
   254.838819801021227155933178772375688      
   253.529741941555855070016775699697917      
   252.164061948282949942720741596148483      
   250.738118881869014154229680730955384      
   249.247993783021327752207560028833860      
   247.689499750637805828661752992070035      
   246.058174748933294821500156716351300      
   244.349278434451182462669469600146797      
   242.557795873289123931016551490081673      
   240.678449569873984806041197559057201      
   238.705722137916226236456966007030096      
   236.633894253409682518303850253620196      
   234.457099112346232411818434202012661      
   232.169402879509639600154000288053115      
   229.764904546498267631512343806406323      
   227.237869849373142740748615731408608      
   224.582908426477832914350373876381417      
   221.795162622154878822375538412241468      
   218.870554290570627763917299370231498      
   215.806054801844391993787647071128333      
   212.599979245361065109627713336081801      
   209.252291982649395871511625097473010      
   205.764913394044102402017666056056239      
   202.141989453865588787063927296961616      
   198.390119204767917490438327064209769      
   194.518456628126767936119815942328342      
   190.538868402109588382201231944448018      
   186.465667514015424195312769292857013      
   182.315574249401798586404214448166141      
   178.106914071396754163617812222518569      
   173.859642231689013343197570366080296      
   169.594396093189592075742012621068775      
   165.331911751760489352659752706007575      
   161.092368570940287272362180352881200      
   156.894794729359036089526272100543697      
   152.756572028605527338064134670109017      
   148.693072742070567154718186388081244      
   144.717438518141000264738165392772070      
   140.840491399932684104131650419584223      
   137.070766491241324855489470712116827      
   133.414631472507745345606045453042020      
   129.876472583014799932759145730830103      
   126.458918921734173675498447434215871      
   123.163083011858766238331359931807687      
   119.988800495798837642058776316596523      
   116.934858797926326986431553634027024      
   113.999205677298960395689956338780548      
   111.179134272712590350371356292274547      
   108.471442978053208936015245258251513      
   105.872572685619476456326460239030023      
   103.378719774254273447033501280480646      
   100.985929584473985134347734849344650      
   98.6901718526163698192595624084765845      
   96.4874002885580484972279930293625226      
   94.3736001587647361848574228989531333      
   92.3448243699937544383630790195531465      
   90.3972203949891025041897531282020275      
   88.5270502286242925010663250968156178      
   86.7307043618620469189333331925687737      
   85.0047111023530053304148148935567641      
   83.3457417808587916976081381343234953      
   81.7506132631829844966270783409744795      
   80.2162883180274832800419263565245029      
   78.7398735384219684760225194373487686      
   77.3186171653284743324357663624386854      
   75.9499045987104282596963940606172281      
   74.6312540274036791095980956614848659      
   73.3603115198551977890127936622570980      
   72.1348454957117450320738470211757572      
   70.9527412732542452831759262167235966      
   69.8119955859400727492264472909900674      
   68.7107110881996988886625570486706483      
   67.6470908832281647115251389009595149      
   66.6194332100701177987337383275675220      
   65.6261264224687647205020954541438213      
   64.6656440075168024619123734621642597      
   63.7365398934143199398768189780845556      
   62.8374438772733158985829053432954171      
   61.9670574410486550298408659521837828      
   61.1241496950071302251579176908998588      
   60.3075533613411663469687928190029017      
   59.5161613354041080044225613017207557      
   58.7489230806477356246884727904922682      
   58.0048415845257603233853618914982494      
   57.2829700592675534350519737613561676      
   56.5824092486773704763023982008604815      
   55.9023046274172070755416119074797014      
   55.2418439852628882598133234643706050      
   54.6002548506089029939596717034253203      
   53.9768023883765790464097896165689301      
   53.3707872482889905592642913246420326      
   52.7815435595346308963540970574640976      
   52.2084370938566567460898294051514443      
   51.6508634840478924973189248376298830      
   51.1082466979738510702319760131918957      
   50.5800372900783168071919622319873126      
   50.0657111699230510822675941507971918      
   49.5647680418954512855976112590004431      
   49.0767303880562292350423889798858772      
   48.6011417910611877842677597777898931      
   48.1375664477481402010019936356234723      
   47.6855875374197783979308015854933400      
   47.2448066005871283620527925795437180      
   46.8148423019144331511698622355708733      
   46.3953298067100843542128861992993569      
   45.9859197518396602047699763884320682      
   45.5862775434061505729449891495603105      
   45.1960826290159580670479041748027082      
   44.8150277092685075781797429671195430      
   44.4428182183260479926994024093077511      
   44.0791715558386712885367033268588574      
   43.7238165971645523162730444815079373      
   43.3764931127809425829877624786182986      
   43.0369512069711657024982641633804344      
   42.7049508935709941320915922740437458      
   42.3802615696166504452790013817960234      
   42.0626616019054011449547744560185837      
   41.7519378844858952845613799383191877      
   41.4478854804336368333675015414266586      
   41.1503072189534098519412713484984000      
   40.8590133315483063732987266421871601      
   40.5738211587745124166506079625239646      
   40.2945547924466051782189279747815725      
   40.0210447770834244523917538151965924      
   39.7531278452603647685900046090345289      
   39.4906466337793914544410788052717174      
