   91.9024000948784202170827437330254962      
   91.9024000948756103372976966772670622      
   91.9024000947781154036684974976726514      
   91.9024000938787693816519559027149407      
   91.9024000896844288202618512422988680      
   91.9024000766383934662216081613094284      
   91.9024000450117361798559307978808310      
   91.9023999762874426695928532728224771      
   91.9023998183483736397289674398774601      
   91.9023994036952332726063781088453322      
   91.9023982669257147013937533284612500      
   91.9023953407678591436091688092013405      
   91.9023885526131442832155620206590877      
   91.9023743796610095163155108178147794      
   91.9023474336116971149662847478897931      
   91.9023001355581783517530320869947285      
   91.9022225184094538040772620365019044      
   91.9021021685551106444491853584083663      
   91.9019242974325348202319931627811822      
   91.9016719196784415447938194232315011      
   91.9013261073386220186735338997282772      
   91.9008662876488196153352966490908608      
   91.9002705535894204608710778281295109      
   91.8995159604376246318303695825911418      
   91.8985787870807506551762846765790688      
   91.8974347472663608174832501125153941      
   91.8960591425220622854774016449328571      
   91.8944269550917898433291696355598570      
   91.8925128849269899197799131770748214      
   91.8902913392507615455133669303547705      
   91.8877363866665067711484665179953702      
   91.8848216894034057909959521800295210      
   91.8815204275864623019865060370759760      
   91.8778052285392612456446576680732196      
   91.8736481122348050423240727401063112      
   91.8690204615152699347968175110653897      
   91.8638930229081741896690377239787039      
   91.8582359410288584384903413669499046      
   91.8520188269634849724725060174202589      
   91.8452108587000733448060194850488374      
   91.8377809099305746612445598272318741      
   91.8296977021110526453654919446549615      
   91.8209299738644904532421919822700900      
   91.8114466613885961505559351743371877      
   91.8012170744054097113190779481008708      
   91.7902111126771461814255793353125562      
   91.7783993956235923821847895018830463      
   91.7657534551809894568086571220616264      
   91.7522458761857148221381013953799128      
   91.7378504237136939595383676695674136      
   91.7225421479574326279878647229828088      
   91.7062974646866368625501524194435007      
   91.6890942105066883500427029898173686      
   91.6709116724426181678044797784536417      
   91.6517305920812599620965168797060782      
   91.6315331451915146939713427056355676      
   91.6103028979915556698766443123599310      
   91.5880247415679958248587038022777985      
   91.5646848063544914450318490822135812      
   91.5402703589607280038340775442509253      
   91.5147696827962964509646519214522677      
   91.4881719456359300992502710853305005      
   91.4604670557138203990147386943687353      
   91.4316455087791394537966268000388826      
   91.4016982286146800931469748484503391      
   91.3706164018476322405467730729878409      
   91.3383913109104733678927322663352374      
   91.3050141646816527574921237105819310      
   91.2704759303673282405191218420989593      
   91.2347671672600339229696391449771066      
   91.1978778625850148326782138218993674      
   91.1597972730008189799140139182255292      
   91.1205137702308858555818626666533038      
   91.0800146933339971926215428690914675      
   91.0382862063054947124225870118926350      
   90.9953131646916662891325519470058137      
   90.9510789860473054601944767244856263      
   90.9055655314621252167200345356231478      
   90.8587529925308296847275168183408147      
   90.8106197860281168144872207849776582      
   90.7611424616740585117246609027608964      
   90.7102956046236000628153645510599600      
   90.6580517537916022095908865265142157      
   90.6043813237350426749518685815673813      
   90.5492525365887678979574091572159299      
   90.4926313549512686168218417983599279      
   90.4344814223834174502315642252544204      
   90.3747640066817689428813079743656561      
   90.3134379559064013256826451199817072      
   90.2504596396082965189481871965133020      
   90.1857829020259108321998039687120968      
   90.1193590276887588912400405714231890      
   90.0511366984412400273512459651940304      
   89.9810619567065712394625211809408897      
   89.9090781768619376936071229013576982      
   89.8351260097155410446025915514232952      
   89.7591433343342534732112230835236390      
   89.6810652398385670545507900133918149      
   89.6008239845932768760674619393707355      
   89.5183489479097649584456525661621029      
   89.4335665812111434182697593276999191      
   89.3464003838688881885687516722157215      
   89.2567708083358959452256218035429293      
   89.1645952702320967996459437308466394      
   89.0697879980911456619580283088952011      
   88.9722600775294093760606141261923003      
   88.8719193381741157841555837397938508      
   88.7686702191370554743564638985924527      
   88.6624137382099137730315721007347429      
   88.5530475329920284170353024370469030      
   88.4404655728252051556536480481354894      
   88.3245580635717040049580382259663407      
   88.2052115624826219211805328860286573      
   88.0823087043145447717978880710306656      
   87.9557279579641749282505529760250995      
   87.8253437712117123909907019489810916      
   87.6910263659262191430855999812643235      
   87.5526412510676863721137531695842332      
   87.4100496661739226821738141265024977      
   87.2631078407206273724495203424212907      
   87.1116671719646998839181607871608947      
   86.9555738714932596820928258928057895      
   86.7946687882458804624021562428647430      
   86.6287873266743541232260559464363504      
   86.4577589400977163882344968256439965      
   86.2814071273853082396744353256333073      
   86.0995491784941328836629682927483052      
   85.9119955606803442321682851250222552      
   85.7185501924238523629614572080125257      
   85.5190095752658271832127515278828567      
   85.3131628670333025238388745766384102      
   85.1007912050751496342819109539363701      
   84.8816675819144561715959628433843050      
   84.6555564345034048455228775981333012      
   84.4222132072347559744816795517140451      
   84.1813838976796650084492084146729698      
   83.9328042614623946829609204615854635      
   83.6761999532916992106837847301914293      
   83.4112856191094260683211173321189514      
   83.1377644027384652331537433158709944      
   82.8553272147117965884038020608563466      
   82.5636526738826348687447690538697166      
   82.2624056262165832425993578854348252      
   81.9512370530357547652123870512854981      
   81.6297832139101772099718691738794739      
   81.2976649065691491796272165947679175      
   80.9544864360403731379166134697108982      
   80.5998349026746210602273988500318591      
   80.2332795249047919722514609499503076      
   79.8543703735358999007645799724703936      
   79.4626373641450488870549276056728611      
   79.0575896378528024401275752144483559      
   78.6387141188297605614149259499370910      
   78.2054743556904664800205010458000568      
   77.7573097526287561439124800068080406      
   77.2936339535040052494011338066043820      
   76.8138339418892081328168060760097159      
   76.3172690212946662599628531685571255      
   75.8032689078337015318490741039030097      
   75.2711332803615160438618879852347100      
   74.7201305525040013808623585796792329      
   74.1494965110508102185238996771022376      
   73.5584340587299693899096619732778538      
   72.9461121649375918524928747823220780      
   72.3116658094907604286156022583215538      
   71.6541960483880910942185334195157227      
   70.9727706529990894586291098829144288      
   70.2664252386214194374205746036973205      
   69.5341660368981834414904958221747815      
   68.7749728890696096878991901601157904      
   67.9878040393619785073136353724891087      
   67.1716031775796741188968737246125294      
   66.3253079388363250246001818420404470      
   65.4478617826000638593748799686285643      
   64.5382293145168975935733156441989667      
   63.5954140939141502806136482807178953      
   62.6184860484876159380660721717581821      
   61.6066061212186861922379448189125974      
   60.5590653479959543190526395450267147      
   59.4753279242537578487422843879771997      
   58.3550815862471233126981957182592425      
   57.1982960133712565424957934988155870      
   56.0052911605451275735691634288368264      
   54.7768086611791179734988366534704690      
   53.5140909570109451088476636203915908      
   52.2189577310183423156576219598434183      
   50.8938792867042703713579021451191227      
   49.5420359810632277303710612933832139      
   48.1673538395636430904860667336769785      
   46.7745111771163389710268956325528126      
   45.3688952712924326426116999622233136      
   43.9565133527280083677757192471493657      
   42.5438471088474031181472079502521587      
   41.1376582931850917894830569042178355      
   39.7447578750458247824745867140933451      
   38.3717600147320994975080888427765995      
   37.0248457571502841955016178371501897      
   35.7095583118166246044715119888845168      
   34.4306508298521261995039736048545747      
   33.1919947747922795673323436562151326      
   31.9965496170166265144282264822726819      
   30.8463869226547313143800668993301288      
   29.7427563165134682758939549028668838      
   28.6861784645701290892049165512326165      
   27.6765539577373479521803988822838813      
   26.7132740019844984766711720445924319      
   25.7953273500724543772196128233156399      
   24.9213973198170558279457951287641558      
   24.0899462692236908426782512969002473      
   23.2992870284680878230528794561535992      
   22.5476412786564111738397425356032170      
   21.8331863461345983950364976258074222      
   21.1540913659972294179038924355983885      
   20.5085455059443733849815436591324208      
   19.8947782017006841801922515276684086      
   19.3110739552149618480687589234678568      
   18.7557824495091016259794387996291676      
   18.2273250416566306757881636029926969      
   17.7241984359053221213768280330980264      
   17.2449761974325897751793006465213155      
   16.7883087221972336787230949774553164      
   16.3529219547599894802282091475679072      
   15.9376154013008393907671513203643883      
   15.5412594334914596222333908156545150      
   15.1627922724676705434932132004311432      
   14.8012167057649537016918654527328604      
   14.4555967893880709180583448243554060      
   14.1250543444324195200974214917247025      
   13.8087657369000685843592517087899243      
   13.5059584846463931366096089228185714      
   13.2159081092531757083104024554654742      
   12.9379351385330702114639741678871167      
   12.6714021801922530792929611275581150      
   12.4157111727091495641020713373204992      
   12.1703008082266589889323415872774452      
   11.9346441135631019588511227284156472      
   11.7082461527671633500003803951369206      
   11.4906418860465225642062902627485709      
   11.2813941797944596087738382470433572      
   11.0800919490275169049076783665056263      
   10.8863484118022066376456242094794979      
   10.6997994779455076317819682613383615      
   10.5201022283655627512609144168908287      
   10.3469335429992167004472705022904361      
   10.1799887831727521728287721913855467      
   10.0189805741702189303054201928405489      
   9.86363769949485911695563738933458853      
   9.71370402574455993530667751271636601      
   9.56893757896276569735503060180504329      
   9.42910959046839884683291628208350482      
   9.29400368683785054756464953869333696      
   9.16341509419614892884536735546458045      
   9.03714994661108145287635166907736572      
   8.91502454458526957503452382558214472      
   8.79686480191967161451228585600683371      
   8.68250559275548491867435468352852245      
   8.57179025731597569255318594301602296      
   8.46457007013699738267809869405979340      
   8.36070375257090773489885668407747178      
   8.26005707140409699604723456488030452      
   8.16250238226209708501870189502277683      
   8.06791828520807778319246605354556527      
   7.97618923477623832703863007809949612      
   7.88720521772827900516718878948402157      
   7.80086142900425533213755927500469562      
   7.71705799799982384750045638028731979      
   7.63569969883862002400202190720546339      
   7.55669569462988821916047632312751620      
   7.47995930312969017663631947953979334      
   7.40540776355656047101268759279670400      
   7.33296203028324952047182273012461864      
   7.26254657080895761705036279010691613      
   7.19408917988457125203380142600611836      
   7.12752081459816243687195858527523987      
   7.06277541206414010300879785834124966      
   6.99978975024123913983736439866130322      
   6.93850329611111877768453772085387997      
   6.87885807110927958799364034163249861      
   6.82079852050421102076193059886081426      
   6.76427139595434273429234113914908437      
   6.70922563887616376940814686292194343      
   6.65561227088134373387938684498593285      
   6.60338429839020295060374591692490546      
   6.55249661301116079558852883646856493      
   6.50290589959597376759613662305448807      
   6.45457055643784461109629205455509697      
   6.40745060946588936391107163168278379      
   6.36150763847772752184205702629247522      
   6.31670470512958961260302302912605581      
   6.27300628531397252524515744061615394      
   6.23037820323103635580864100289936590      
   6.18878757061746804635911600203257206      
   6.14820273090669330359257119532999991      
   6.10859320094755166370240453224687117      
   6.06992962298824561424539512246267850      
   6.03218371169480278374608668183526743      
   5.99532821017453428669836676654358153      
   5.95933684464396581118358973390337834      
   5.92418428124041052967824443782698495      
   5.88984608776123206919853692201271240      
