 0.13628526479685E+03
 0.13628526479685E+03
 0.13628526479700E+03
 0.13628526479836E+03
 0.13628526480478E+03
 0.13628526482493E+03
 0.13628526487383E+03
 0.13628526497463E+03
 0.13628526516627E+03
 0.13628526552868E+03
 0.13628526623801E+03
 0.13628526765602E+03
 0.13628527044388E+03
 0.13628527568056E+03
 0.13628528496426E+03
 0.13628530048070E+03
 0.13628532503080E+03
 0.13628536201827E+03
 0.13628541540365E+03
 0.13628548963464E+03
 0.13628558956359E+03
 0.13628572036329E+03
 0.13628588745121E+03
 0.13628609643100E+03
 0.13628635305819E+03
 0.13628666323460E+03
 0.13628703303338E+03
 0.13628746875365E+03
 0.13628797700061E+03
 0.13628856478542E+03
 0.13628923963660E+03
 0.13629000971444E+03
 0.13629088391952E+03
 0.13629187198731E+03
 0.13629298456203E+03
 0.13629423324448E+03
 0.13629563061082E+03
 0.13629719020062E+03
 0.13629892647490E+03
 0.13630085474589E+03
 0.13630299108184E+03
 0.13630535219102E+03
 0.13630795528956E+03
 0.13631081795823E+03
 0.13631395799330E+03
 0.13631739325624E+03
 0.13632114152678E+03
 0.13632522036346E+03
 0.13632964697520E+03
 0.13633443810668E+03
 0.13633960994906E+03
 0.13634517802424E+03
 0.13635115717226E+03
 0.13635756147783E+03
 0.13636440425476E+03
 0.13637169804230E+03
 0.13637945461997E+03
 0.13638768504019E+03
 0.13639639967727E+03
 0.13640560829132E+03
 0.13641532010616E+03
 0.13642554389887E+03
 0.13643628809997E+03
 0.13644756090239E+03
 0.13645937037741E+03
 0.13647172459676E+03
 0.13648463175833E+03
 0.13649810031523E+03
 0.13651213910598E+03
 0.13652675748501E+03
 0.13654196545300E+03
 0.13655777378478E+03
 0.13657419415519E+03
 0.13659123926185E+03
 0.13660892294358E+03
 0.13662726029508E+03
 0.13664626777769E+03
 0.13666596332375E+03
 0.13668636643690E+03
 0.13670749828686E+03
 0.13672938179742E+03
 0.13675204173319E+03
 0.13677550477935E+03
 0.13679979961825E+03
 0.13682495699672E+03
 0.13685100979478E+03
 0.13687799308717E+03
 0.13690594420236E+03
 0.13693490277652E+03
 0.13696491081060E+03
 0.13699601272644E+03
 0.13702825540969E+03
 0.13706168826012E+03
 0.13709636323865E+03
 0.13713233490852E+03
 0.13716966048748E+03
 0.13720839991687E+03
 0.13724861588741E+03
 0.13729037389771E+03
 0.13733374230406E+03
 0.13737879239315E+03
 0.13742559842067E+03
 0.13747423767985E+03
 0.13752479060129E+03
 0.13757734081495E+03
 0.13763197520010E+03
 0.13768878396729E+03
 0.13774786081712E+03
 0.13780930302328E+03
 0.13787321152044E+03
 0.13793969086333E+03
 0.13800884972497E+03
 0.13808080077350E+03
 0.13815566074986E+03
 0.13823355087978E+03
 0.13831459693592E+03
 0.13839892923765E+03
 0.13848668316432E+03
 0.13857799926696E+03
 0.13867302333546E+03
 0.13877190682025E+03
 0.13887480717243E+03
 0.13898188784559E+03
 0.13909331903100E+03
 0.13920927748873E+03
 0.13932994748372E+03
 0.13945552057557E+03
 0.13958619664430E+03
 0.13972218376148E+03
 0.13986369922294E+03
 0.14001096966458E+03
 0.14016423176365E+03
 0.14032373310128E+03
 0.14048973229555E+03
 0.14066250024123E+03
 0.14084232051916E+03
 0.14102949044835E+03
 0.14122432179702E+03
 0.14142714215869E+03
 0.14163829519980E+03
 0.14185814280544E+03
 0.14208706547214E+03
 0.14232546427889E+03
 0.14257376175539E+03
 0.14283240375324E+03
 0.14310186161505E+03
 0.14338263320498E+03
 0.14367524538141E+03
 0.14398025642681E+03
 0.14429825809655E+03
 0.14462987847622E+03
 0.14497578490723E+03
 0.14533668704496E+03
 0.14571334052609E+03
 0.14610655060516E+03
 0.14651717674010E+03
 0.14694613677523E+03
 0.14739441232591E+03
 0.14786305426305E+03
 0.14835318909218E+03
 0.14886602548929E+03
 0.14940286219068E+03
 0.14996509619663E+03
 0.15055423168928E+03
 0.15117189032612E+03
 0.15181982316576E+03
 0.15249992137976E+03
 0.15321423170146E+03
 0.15396497011530E+03
 0.15475453935284E+03
 0.15558554604473E+03
 0.15646082134914E+03
 0.15738344194340E+03
 0.15835675372847E+03
 0.15938439691496E+03
 0.16047033304908E+03
 0.16161887314357E+03
 0.16283470736140E+03
 0.16412293542631E+03
 0.16548909642005E+03
 0.16693919716145E+03
 0.16847973971075E+03
 0.17011773900295E+03
 0.17186073731106E+03
 0.17371681462585E+03
 0.17569456123785E+03
 0.17780305576331E+03
 0.18005180349465E+03
 0.18245064795094E+03
 0.18500964258930E+03
 0.18773888366502E+03
 0.19064829141811E+03
 0.19374734763967E+03
 0.19704478779977E+03
 0.20054826191898E+03
 0.20426397608751E+03
 0.20819633513212E+03
 0.21234763656450E+03
 0.21671782071442E+03
 0.22130432734002E+03
 0.22610208795664E+03
 0.23110364254872E+03
 0.23629939259569E+03
 0.24167795930054E+03
 0.24722660793765E+03
 0.25293170297231E+03
 0.25877914619738E+03
 0.26475477218141E+03
 0.27084467944515E+03
 0.27703547901028E+03
 0.28331447804087E+03
 0.28966978998123E+03
 0.29609039071727E+03
 0.30256612977655E+03
 0.30908771161935E+03
 0.31564665399758E+03
 0.32223523423968E+03
 0.32884642741521E+03
 0.33547384561026E+03
 0.34211167410552E+03
 0.34875461521089E+03
 0.35539783296070E+03
 0.36203690340468E+03
 0.36866777170237E+03
 0.37528671236532E+03
 0.38189029330119E+03
 0.38847534511634E+03
 0.39503893475168E+03
 0.40157834106351E+03
 0.40809103411886E+03
 0.41457465663977E+03
 0.42102700782559E+03
 0.42744602995528E+03
 0.43382979698513E+03
 0.44017650061863E+03
 0.44648444365322E+03
 0.45275203079473E+03
 0.45897776139178E+03
 0.46516022239534E+03
 0.47129808347610E+03
 0.47739009178816E+03
 0.48343506721131E+03
 0.48943189802574E+03
 0.49537953820751E+03
 0.50127700396702E+03
 0.50712337054529E+03
 0.51291776996937E+03
 0.51865938854883E+03
 0.52434746546612E+03
 0.52998128960104E+03
 0.53556019930647E+03
 0.54108357921533E+03
 0.54655086055933E+03
 0.55196151840165E+03
 0.55731507031648E+03
 0.56261107617599E+03
 0.56784913708766E+03
 0.57302889290125E+03
 0.57815002236977E+03
 0.58321224158946E+03
 0.58821530399650E+03
 0.59315899786878E+03
 0.59804314690023E+03
 0.60286760824947E+03
 0.60763227282403E+03
 0.61233706236887E+03
 0.61698193178230E+03
 0.62156686465730E+03
 0.62609187540715E+03
 0.63055700708751E+03
 0.63496233074731E+03
 0.63930794396795E+03
 0.64359397141580E+03
 0.64782056295131E+03
 0.65198789305343E+03
 0.65609616060281E+03
 0.66014558676054E+03
 0.66413641562864E+03
 0.66806891255926E+03
 0.67194336333458E+03
 0.67576007397803E+03
 0.67951936917249E+03
 0.68322159225125E+03
 0.68686710390270E+03
 0.69045628131170E+03
 0.69398951806176E+03
 0.69746722251327E+03
 0.70088981753914E+03
 0.70425773999191E+03
 0.70757143940611E+03
 0.71083137761820E+03
 0.71403802810017E+03
 0.71719187507091E+03
 0.72029341292785E+03
 0.72334314560897E+03
 0.72634158580495E+03
 0.72928925441672E+03
 0.73218667998322E+03
 0.73503439780500E+03
 0.73783294971536E+03
