-0.16529949082224E-07
 0.89809212941524E-09
 0.33189806524622E-09
 0.26477355028821E-09
 0.22528042126181E-09
 0.66650859576057E-10
 0.23041915727212E-10
 0.92484609620511E-10
 0.26042538087570E-10
-0.73509988493934E-11
 0.26634181097893E-10
 0.13233800807702E-10
 0.18054812813339E-10
 0.26334672897447E-11
 0.15854889135782E-10
 0.14979680233060E-11
 0.32329666903407E-11
 0.77029616708700E-11
 0.51573415244299E-11
 0.22317515180421E-11
 0.31865089720426E-11
 0.20754129047939E-11
 0.13478624640335E-11
 0.62741333824031E-12
 0.13505866859195E-11
 0.80109845931537E-12
 0.15425484041364E-11
 0.18117391447082E-11
 0.10486404730370E-11
 0.38407731357353E-11
 0.66173668635130E-11
 0.13368655350572E-10
 0.27884406273460E-10
 0.56939159870114E-10
 0.11015569174293E-09
 0.20962238574128E-09
 0.38559554994782E-09
 0.68715465913282E-09
 0.11887952799343E-08
 0.19990203963627E-08
 0.32797575687335E-08
 0.52563932017240E-08
 0.82409735002927E-08
 0.12658735119288E-07
 0.19078803634851E-07
 0.28249017598079E-07
 0.41138433107006E-07
 0.58984466883949E-07
 0.83348331858324E-07
 0.11617561830729E-06
 0.15986220976787E-06
 0.21721109848051E-06
 0.29187045255895E-06
 0.38862557167419E-06
 0.51147129695079E-06
 0.66631904576975E-06
 0.86040382570973E-06
 0.11021062616091E-05
 0.14001794591220E-05
 0.17655946508751E-05
 0.22088738334206E-05
 0.27432823041442E-05
 0.33840364844593E-05
 0.41475774576550E-05
 0.50525104707366E-05
 0.61190905684536E-05
 0.73691620435841E-05
 0.88268130946954E-05
 0.10518198049627E-04
 0.12471587667778E-04
 0.14717409734037E-04
 0.17288279747859E-04
 0.20219018527242E-04
 0.23546660578952E-04
 0.27310450189852E-04
 0.31551826382926E-04
 0.36314397007207E-04
 0.41643902845464E-04
 0.47588170767793E-04
 0.54197057329252E-04
 0.61522385173448E-04
 0.69617871283393E-04
 0.78539040195582E-04
 0.88343152651899E-04
 0.99089099285625E-04
 0.11083731301966E-03
 0.12364966747064E-03
 0.13758937698329E-03
 0.15272089904216E-03
 0.16910983864487E-03
 0.18682280456457E-03
 0.20592734611601E-03
 0.22649187189183E-03
 0.24858552595547E-03
 0.27227810933610E-03
 0.29764001000185E-03
 0.32474204407545E-03
 0.35365552811299E-03
 0.38445198255717E-03
 0.41720337440822E-03
 0.45198185010438E-03
 0.48885979120511E-03
 0.52790965237810E-03
 0.56920418885536E-03
 0.61281618006035E-03
 0.65881852907082E-03
 0.70728427180654E-03
 0.75828662354852E-03
 0.81189892980026E-03
 0.86819473236060E-03
 0.92724765762441E-03
 0.98913234306874E-03
 0.10539231116012E-02
 0.11216941596876E-02
 0.11925212223672E-02
 0.12664811740807E-02
 0.13436517738087E-02
 0.14241079196017E-02
 0.15079278095161E-02
 0.15951930510974E-02
 0.16859848893865E-02
 0.17803850502323E-02
 0.18784773547336E-02
 0.19803473961700E-02
 0.20860826349869E-02
 0.21957728297536E-02
 0.23095098805428E-02
 0.24273882874447E-02
 0.25495050690498E-02
 0.26759601904398E-02
 0.28068576155704E-02
 0.29423036017287E-02
 0.30824089530166E-02
 0.32272873878724E-02
 0.33770586527612E-02
 0.35318453892237E-02
 0.36917756207888E-02
 0.38569828432237E-02
 0.40276056837930E-02
 0.42037883744686E-02
 0.43856815424900E-02
 0.45734421223821E-02
 0.47672347077397E-02
 0.49672293601373E-02
 0.51736055107916E-02
 0.53865500947078E-02
 0.56062576954734E-02
 0.58329313901147E-02
 0.60667851203137E-02
 0.63080417204042E-02
 0.65569340295509E-02
 0.68137064367329E-02
 0.70786100477310E-02
 0.73519110895305E-02
 0.76338890796532E-02
 0.79248327885206E-02
 0.82250442215575E-02
 0.85348386758741E-02
 0.88545451720171E-02
 0.91845058283576E-02
 0.95250754658365E-02
 0.98766258674200E-02
 0.10239541186868E-01
 0.10614219908360E-01
 0.11001072943052E-01
 0.11400527001201E-01
 0.11813021256882E-01
 0.12239004678113E-01
 0.12678940232894E-01
 0.13133296981344E-01
 0.13602550894650E-01
 0.14087183335061E-01
 0.14587675727272E-01
 0.15104504988154E-01
 0.15638138011609E-01
 0.16189019903752E-01
 0.16757579143693E-01
 0.17344202590787E-01
 0.17949231458183E-01
 0.18572944195599E-01
 0.19215538904213E-01
 0.19877113159024E-01
 0.20557640919264E-01
 0.21256948451656E-01
 0.21974684422580E-01
 0.22710283490993E-01
 0.23462942702606E-01
 0.24231578181377E-01
 0.25014800508861E-01
 0.25810884325198E-01
 0.26617748166846E-01
 0.27432955892997E-01
 0.28253713791550E-01
 0.29076908827737E-01
 0.29899154758715E-01
 0.30716871507674E-01
 0.31526377563882E-01
 0.32324006970538E-01
 0.33106228658426E-01
 0.33869762741733E-01
 0.34611687776749E-01
 0.35329527266415E-01
 0.36021286306471E-01
 0.36685471841956E-01
 0.37321119664090E-01
 0.37927706567209E-01
 0.38505092058983E-01
 0.39053495993421E-01
 0.39573396182367E-01
 0.40065470054793E-01
 0.40530537039844E-01
 0.40969509643357E-01
 0.41383354529210E-01
 0.41773068044072E-01
 0.42139649633345E-01
 0.42484093607333E-01
 0.42807376774728E-01
 0.43110453867645E-01
 0.43394252368079E-01
 0.43659671700439E-01
 0.43907581017154E-01
 0.44138818993740E-01
 0.44354193083001E-01
 0.44554479739311E-01
 0.44740424490611E-01
 0.44912741736612E-01
 0.45072115854274E-01
 0.45219201049208E-01
 0.45354622135261E-01
 0.45478974997130E-01
 0.45592827619349E-01
 0.45696720655603E-01
 0.45791168072596E-01
 0.45876658527357E-01
 0.45953655900100E-01
 0.46022600571589E-01
 0.46083910084004E-01
 0.46137980258917E-01
 0.46185186614676E-01
 0.46225884470124E-01
 0.46260410656791E-01
 0.46289084163413E-01
 0.46312207060322E-01
 0.46330065447538E-01
 0.46342930218010E-01
 0.46351057905929E-01
 0.46354691479802E-01
 0.46354061095084E-01
 0.46349384764385E-01
 0.46340869007930E-01
 0.46328709539698E-01
 0.46313091869825E-01
 0.46294191830285E-01
 0.46272176094654E-01
 0.46247202765376E-01
 0.46219421779729E-01
 0.46188975390444E-01
 0.46155998568033E-01
 0.46120619425210E-01
 0.46082959573663E-01
 0.46043134482778E-01
 0.46001253815021E-01
 0.45957421744014E-01
 0.45911737241004E-01
 0.45864294361058E-01
 0.45815182498871E-01
 0.45764486642765E-01
 0.45712287603881E-01
 0.45658662239719E-01
 0.45603683652525E-01
 0.45547421402887E-01
 0.45489941669806E-01
 0.45431307446755E-01
 0.45371578695620E-01
 0.45310812505476E-01
 0.45249063229474E-01
 0.45186382642759E-01
 0.45122820057933E-01
 0.45058422455784E-01
 0.44993234598544E-01
 0.44927299146003E-01
 0.44860656755359E-01
 0.44793346185259E-01
 0.44725404386527E-01
 0.44656866594232E-01
 0.44587766407468E-01
 0.44518135876167E-01
 0.44448005572652E-01
 0.44377404663505E-01
 0.44306360981157E-01
 0.44234901083403E-01
 0.44163050321797E-01
 0.44090832891622E-01
 0.44018271895064E-01
 0.43945389389113E-01
 0.43872206438898E-01
 0.43798743159144E-01
 0.43725018767154E-01
 0.43651051618856E-01
 0.43576859252120E-01
