-0.00000000000000E+00
-0.21881881417001E-12
-0.10719537186121E-10
-0.12288827623617E-09
-0.68835322746473E-09
-0.25363675032187E-08
-0.70700496572314E-08
-0.15533203076210E-07
-0.24519080392362E-07
-0.11206065660093E-07
 0.99515144507900E-07
 0.48986239133644E-06
 0.15222526520468E-05
 0.38205019107500E-05
 0.83465198450589E-05
 0.16461498016467E-04
 0.29964577343993E-04
 0.51106479798131E-04
 0.82579373837744E-04
 0.12748681431737E-03
 0.18929896156223E-03
 0.27179867741660E-03
 0.37902380749988E-03
 0.51521023446226E-03
 0.68473931890101E-03
 0.89209226079327E-03
 0.11418128325096E-02
 0.14384789270830E-02
 0.17866825055312E-02
 0.21910168572575E-02
 0.26560696328849E-02
 0.31864198700177E-02
 0.37866371906856E-02
 0.44612814703696E-02
 0.52149015216717E-02
 0.60520316541184E-02
 0.69771853258766E-02
 0.79948454563103E-02
 0.91094512931354E-02
 0.10325382007274E-01
 0.11646937410022E-01
 0.13078316349660E-01
 0.14623593447385E-01
 0.16286694882923E-01
 0.18071373946275E-01
 0.19981187040307E-01
 0.22019470761201E-01
 0.24189320606340E-01
 0.26493571770921E-01
 0.28934782400363E-01
 0.31515219571491E-01
 0.34236848186044E-01
 0.37101322874947E-01
 0.40109982937333E-01
 0.43263850271901E-01
 0.46563630202370E-01
 0.50009715051789E-01
 0.53602190284367E-01
 0.57340843006280E-01
 0.61225172595824E-01
 0.65254403221952E-01
 0.69427498002670E-01
 0.73743174558116E-01
 0.78199921965325E-01
 0.82796017426989E-01
 0.87529545900080E-01
 0.92398418044848E-01
 0.97400389477063E-01
 0.10253307992327E+00
 0.10779399232535E+00
 0.11318053171842E+00
 0.11869002377659E+00
 0.12431973291177E+00
 0.13006687984962E+00
 0.13592865854695E+00
 0.14190225243347E+00
 0.14798484994007E+00
 0.15417365924059E+00
 0.16046592221005E+00
 0.16685892753321E+00
 0.17335002302438E+00
 0.17993662717658E+00
 0.18661623984822E+00
 0.19338645228605E+00
 0.20024495620470E+00
 0.20718955230597E+00
 0.21421815797252E+00
 0.22132881447160E+00
 0.22851969348448E+00
 0.23578910292647E+00
 0.24313549249950E+00
 0.25055745846484E+00
 0.25805374808934E+00
 0.26562326396691E+00
 0.27326506737675E+00
 0.28097838172963E+00
 0.28876259564669E+00
 0.29661726648167E+00
 0.30454212262554E+00
 0.31253706518833E+00
 0.32060217146790E+00
 0.32873769743916E+00
 0.33694407963072E+00
 0.34522193728893E+00
 0.35357207491871E+00
 0.36199548465221E+00
 0.37049334985430E+00
 0.37906704644761E+00
 0.38771814559148E+00
 0.39644841756534E+00
 0.40525983640703E+00
 0.41415458040813E+00
 0.42313503652209E+00
 0.43220380891679E+00
 0.44136371866479E+00
 0.45061780965588E+00
 0.45996935455136E+00
 0.46942186732278E+00
 0.47897908908311E+00
 0.48864502542812E+00
 0.49842392801876E+00
 0.50832031713938E+00
 0.51833898850617E+00
 0.52848501439171E+00
 0.53876377190161E+00
 0.54918093258353E+00
 0.55974249824441E+00
 0.57045479141311E+00
 0.58132449384397E+00
 0.59235863737941E+00
 0.60356464813400E+00
 0.61495033907043E+00
 0.62652395391348E+00
 0.63829417352953E+00
 0.65027014280611E+00
 0.66246150483732E+00
 0.67487841900453E+00
 0.68753159867587E+00
 0.70043234587916E+00
 0.71359257063941E+00
 0.72702486148918E+00
 0.74074249924710E+00
 0.75475951468841E+00
 0.76909074180381E+00
 0.78375188056512E+00
 0.79875952882833E+00
 0.81413128785826E+00
 0.82988579475039E+00
 0.84604283476949E+00
 0.86262340461283E+00
 0.87964982644659E+00
 0.89714581823764E+00
 0.91513665249723E+00
 0.93364923936814E+00
 0.95271228848695E+00
 0.97235644918391E+00
 0.99261447755876E+00
 0.10135214112635E+01
 0.10351147817844E+01
 0.10574348158501E+01
 0.10805246892959E+01
 0.11044307855455E+01
 0.11292029867348E+01
 0.11548949896055E+01
 0.11815646654681E+01
 0.12092744173419E+01
 0.12380916224995E+01
 0.12680890722659E+01
 0.12993454439342E+01
 0.13319458466034E+01
 0.13659823670238E+01
 0.14015546728300E+01
 0.14387705750625E+01
 0.14777467119271E+01
 0.15186091159841E+01
 0.15614938181120E+01
 0.16065473641535E+01
 0.16539272086153E+01
 0.17038019771579E+01
 0.17563514077012E+01
 0.18117660652367E+01
 0.18702464657965E+01
 0.19320017053567E+01
 0.19972473157700E+01
 0.20662022044205E+01
 0.21390846495686E+01
 0.22161070253311E+01
 0.22974695928141E+01
 0.23833530857419E+01
 0.24739100777604E+01
 0.25692565530541E+01
 0.26694626316986E+01
 0.27745441034438E+01
 0.28844549796980E+01
 0.29990816577569E+01
 0.31182391997099E+01
 0.32416700208092E+01
 0.33690450045544E+01
 0.34999673794772E+01
 0.36339811573639E+01
 0.37705684208428E+01
 0.39091825540859E+01
 0.40492381469708E+01
 0.41901360651377E+01
 0.43312755714512E+01
 0.44720685597252E+01
 0.46119530098410E+01
 0.47504045548470E+01
 0.48869458748856E+01
 0.50211534654826E+01
 0.51526615451261E+01
 0.52811635335923E+01
 0.54064112017607E+01
 0.55282120153891E+01
 0.56464251394932E+01
 0.57609565612141E+01
 0.58717537531128E+01
 0.59788001804289E+01
 0.60821099274670E+01
 0.61817226164599E+01
 0.62776987662195E+01
 0.63701155472791E+01
 0.64590631149986E+01
 0.65446413822375E+01
 0.66269572780397E+01
 0.67061224273301E+01
 0.67822512248004E+01
 0.68554592412295E+01
 0.69258619375337E+01
 0.69935736393096E+01
 0.70587067227894E+01
 0.71213709879078E+01
 0.71816731916600E+01
 0.72397167082534E+01
 0.72956012882480E+01
 0.73494229250133E+01
 0.74012737483680E+01
 0.74512420239680E+01
 0.74994121665591E+01
 0.75458647934940E+01
 0.75906768057375E+01
 0.76339214910327E+01
 0.76756686389959E+01
 0.77159846637662E+01
 0.77549327376010E+01
 0.77925729251846E+01
 0.78289623225759E+01
 0.78641551897359E+01
 0.78982030863162E+01
 0.79311550055768E+01
 0.79630574992540E+01
 0.79939548036454E+01
 0.80238889557818E+01
 0.80528999126489E+01
 0.80810256570220E+01
 0.81083023032075E+01
 0.81347641971290E+01
 0.81604440088272E+01
 0.81853728257385E+01
 0.82095802358249E+01
 0.82330944067370E+01
 0.82559421653264E+01
 0.82781490674833E+01
 0.82997394668124E+01
 0.83207365780448E+01
 0.83411625404678E+01
 0.83610384716966E+01
 0.83803845239504E+01
 0.83992199339971E+01
 0.84175630704128E+01
 0.84354314847835E+01
 0.84528419446978E+01
 0.84698104793509E+01
 0.84863524198014E+01
 0.85024824284344E+01
 0.85182145408215E+01
 0.85335621892929E+01
 0.85485382402162E+01
 0.85631550161956E+01
 0.85774243288144E+01
 0.85913574988821E+01
 0.86049653834425E+01
 0.86182583973634E+01
 0.86312465344340E+01
 0.86439393885033E+01
 0.86563461709953E+01
 0.86684757306500E+01
 0.86803365699763E+01
 0.86919368604787E+01
 0.87032844595025E+01
 0.87143869238252E+01
 0.87252515235374E+01
 0.87358852550215E+01
 0.87462948535658E+01
 0.87564868048763E+01
 0.87664673556378E+01
 0.87762425251575E+01
 0.87858181146752E+01
 0.87951997165687E+01
 0.88043927240324E+01
