   482.989325850007905336203016426942572      
   482.989325850023373366427372730507558      
   482.989325850584957797292430936243272      
   482.989325856041768605215061144867016      
   482.989325882847423282309279440028442      
   482.989325962960785244021862298887698      
   482.989325964476093696761132035746416      
   482.989323864525929937056251108308548      
   482.989307845718907338096161947815886      
   482.989234833847240458799448822940371      
   482.988991236150626982878457016397488      
   482.988340379049838879721259359107210      
   482.986868768962185648738744480642290      
   482.983944750559991169799102591754078      
   482.978698897441244177369793120518683      
   482.970029026180316838125276450536917      
   482.956627168204545098874238464036232      
   482.937022552929508642181623258485570      
   482.909633636520409100635939094070132      
   482.872822783063423496156566246613170      
   482.824948603748139401788482832316805      
   482.764412590608507791828649596787728      
   482.689698180052697285890232133086468      
   482.599401575685794517082162155745199      
   482.492254506858293675581251345429209      
   482.367139628666817551333191913032030      
   482.223099543062642479942005346505858      
   482.059340509156723511100428930823451      
   481.875231877723040289052578473497744      
   481.670302182350147128266657339231319      
   481.444232686226119443007164532186722      
   481.196849045188604430534944352897294      
   480.928111620048599810259440108995371      
   480.638104862069810751875351340542432      
   480.327026107115810266484405625117338      
   479.995174045233993611809217607432043      
   479.642937080394881535995675618116220      
   479.270781756121735570848716782322044      
   478.879241393337041555545384154428377      
   478.468905063798584249926167641987930      
   478.040407003702900534049448894964191      
   477.594416555550588439999966724929414      
   477.131628711292667281156584091080779      
   476.652755315262462526470473588657423      
   476.158516971427833259069904725682956      
   475.649635685838110195016123297156459      
   475.126828262144654733602456299083728      
   474.590800455732486775062881931086077      
   474.042241880666365061629345740408704      
   473.481821653420711926773090237324181      
   472.910184748430460630146372821257226      
   472.327949028541674011688164286041624      
   471.735702936260592529865942944427530      
   471.134003743136252458870292841953135      
   470.523376385285866396184998871647883      
   469.904312781326628742761483401512208      
   469.277271602671623572442351730657794      
   468.642678441774776415356551250030845      
   468.000926327841081613053068839609335      
   467.352376540859099253158654287817632      
   466.697359676790836841350468957948119      
   466.036176919098167121299338651699220      
   465.369101474724058482896829518307511      
   464.696380135662118896314696703663616      
   464.018234930421721607404521177082061      
   463.334864833102080392693671310243129      
   462.646447501335051217853025722875872      
   461.953141017541764311202702145698019      
   461.255085610927936475726736216131547      
   460.552405341570004611715812843276298      
   459.845209730121919350889197342929724      
   459.133595319899232423011661205523106      
   458.417647160676989902953884902487693      
   457.697440205829969364767247636846198      
   456.973040616569428457321231586635414      
   456.244506969457486871165744502924631      
   455.511891364374071239886104552485132      
   454.775240431867378344801762536253914      
   454.034596241198138169915884123210369      
   453.289997110162765972839703735263873      
   452.541478318032033300625278963498399      
   451.789072727050610210988658527567951      
   451.032811315892300944011361788415114      
   450.272723626360633445651814638488498      
   449.508838134952206536989319609189748      
   448.741182545962617351522116309149845      
   447.969784018910371021082439441040444      
   447.194669327675763003413939973760560      
   446.415864968939922743181122077602807      
   445.633397206694395424593147059780139      
   444.847292076132048346132230076400864      
   444.057575342680473509141155620780153      
   443.264272418484284748108843371055091      
   442.467408244664443580122390590830636      
   441.667007155616171810905514368725385      
   440.863092688284042534651526236038099      
   440.055687406547111591525990315487241      
   439.244812667624845365479289845665675      
   438.430488402962104553177244412833631      
   437.612732863917247805654881909929160      
   436.791562365715089548896134274125698      
   435.966991025764849453108793864266759      
   435.139030479888165365631157067786770      
   434.307689607622764673231090332560454      
   433.472974246525864492188453156482819      
   432.634886906441069471455023974713459      
   431.793426477451264566075261122552331      
   430.948587931475121533432948529599236      
   430.100362038489241576120534646973485      
   429.248735086890938703503733646992649      
   428.393688513572330774296943288734542      
   427.535198802477709822917913212609504      
   426.673236960335035304725417172947367      
   425.807768352327193607997711393606662      
   424.938752389642064386866449232605386      
   424.066142236448976603480341653752549      
   423.189884514027758503551940232534418      
   422.309918976706710593431343787090898      
   421.426178244774100486556881084402468      
   420.538587524950993927260238915103665      
   419.647064237582416708506889017017212      
   418.751517738218377651247018719456186      
   417.851848991759952960328570822902956      
   416.947950271170224741933863689361746      
   416.039704795904087763072644309384534      
   415.126986397954741701226963779346495      
   414.209659144939805979057146231153039      
   413.287577018114743641360457917933127      
   412.360583461647368955013760184120050      
   411.428511055345316986118464615764380      
   410.491181009828234881782775711296182      
   409.548402902147075460515230332167422      
   408.599973971441483234295174395597644      
   407.645678867879756127717288375022281      
   406.685289005225730644734316969986657      
   405.718562137867122510409249245363332      
   404.745241695091487193194454414527817      
   403.765056294393527242277917671526024      
   402.777719049905449585751336485914039      
   401.782926970292595685580003787090604      
   400.780360246276736410235499419372116      
   399.769681523495278305080047906124476      
   398.750535078783881694288058861870584      
   397.722546057045610683972907519116076      
   396.685319845253258275249478090901687      
   395.638440646606362277386987691065131      
   394.581470987901498527354219667302097      
   393.513950533072458265500881782137614      
   392.435395055050791352068362796550559      
   391.345295346530688777020970473928647      
   390.243116124466195824340973774867861      
   389.128294820656264440138708108016268      
   388.000240308890001905634515441098808      
   386.858331773979279717259202633421598      
   385.701917255061285640964576000297245      
   384.530312544101592714134838328670616      
   383.342799799364276984001621363717839      
   382.138626307083698842398452234837844      
   380.917003237241133284951545464239422      
   379.677104639129652031895242206334908      
   378.418066577403799391970673280962054      
   377.138986036897151105289606109074096      
   375.838920823629589359034223924807951      
   374.516889148815921250609876472347602      
   373.171870427670183428123005943756297      
   371.802806062298771645181233498986219      
   370.408601228503106242273937173029446      
   368.988128879867266381322935869316236      
   367.540233076470496461461374009049067      
   366.063736079141940421269345074652114      
   364.557446461511449436480108725321265      
   363.020171130934324099697603468008072      
   361.450729904010805228714014816921909      
   359.847975720335561880228614639455989      
   358.210819591451411243075786763179646      
   356.538263186416382373196072908223950      
   354.829439623680402803440453054754763      
   353.083664514911589655100862342239726      
   351.300500564332273308058406501282248      
   349.479836976691490968462354105445654      
   347.621986539215652208419755197287470      
   345.727804072451567830083487599521775      
   343.798829981926526763767430409346014      
   341.837460610231811849623770739134867      
   339.847140445090594612624331997193635      
   337.832613359859651172826750412337306      
   335.800147624656019637479014041947493      
   333.757836716552379089136536633643275      
   331.715886298703433101012062453973763      
   329.686902602710838013813802244768713      
   327.686150940606060527597043756403328      
   325.731752969024277959328175949717840      
   323.844780063264797412484197710938855      
   322.049198678016894788459197716046466      
   320.371622329875408793484437577243437      
   318.840835022842441913990042551917069      
   317.487072764814695925926299734402625      
   316.341077125156114693181391981970378      
   315.432974633452474567751163871054414      
   314.791069729546519042644814071400786      
   314.440666350255509760515821399578384      
   314.403038591983675991219655251096071      
   314.694655409207499292458215391613289      
   315.326727219657932662948362856121761      
   316.305095032279896521702665992177062      
   317.630435641423027022097102286516438      
   319.298721058959766976419252966431463      
   321.301852305963310415943152488803052      
   323.628384880192595627662163242349051      
   326.264275324424560718203006916003608      
   329.193590786110860057951080491673465      
   332.399148732387762927935874388347266      
   335.863066298191046005982464511981851      
   339.567211868158441619451963569939117      
   343.493563039701987463412261551158546      
   347.624479575303453762500414043059719      
   351.942901723490943563583735176833997      
   356.432487947170214660845941818922466      
   361.077701823257634707012376725233576      
   365.863861320995923458354057329002159      
   370.777155167690118720860509141048490      
   375.804640418820368027164486547952150      
   380.934222378649064996198692178953499      
   386.154623083008894369600873312912502      
   391.455343104104923760636265448902369      
   396.826619326194908614557074587966176      
   402.259380393501169520440324833585042      
   407.745201262743468120804149556303734      
   413.276258728258654557058823631220620      
   418.845288431492233021521197859016054      
   424.445543931495419801004956632184767      
   430.070758093251553970342808655418012      
   435.715106022324850247886686682536180      
   441.373171017919882562056894488795595      
   447.039915630754988449305466336702163      
   452.710649479378764315660076515301768      
   458.381004359089534608957811014531953      
   464.046909242623014148248453660235660      
   469.704568600224258400763486195577017      
   475.350441875108616984218922063584142      
   480.981223675564973771538105261469883      
   486.593827999199552804054304065146978      
   492.185371878405003802177830135208853      
   497.753161938915850726893845550591452      
   503.294680597445232060517671280432544      
   508.807574746179337794563064011719524      
   514.289644714498597695719609465477426      
   519.738835084815542017514976712830390      
   525.153224575312882217096091777691698      
   530.531018544044900249955532215495106      
   535.870541349299404160771320899741235      
   541.170229446267893825180537802738430      
   546.428624839043961168876832968843661      
   551.644369439400816963944459214857860      
   556.816199614707484726503577812177071      
   561.942941174234000534731748581949420      
   567.023504844736638526617950596397015      
   572.056881986310271896350934558169342      
   577.042140898014929486583442290274729      
   581.978422640647932058692956867643996      
   586.864938102228654086116202181351521      
   591.700964745090568256706853338189857      
   596.485843374280497407291447887530981      
   601.218975485420293898589996640909135      
   605.899820686394666438601729753107351      
   610.527894125296831105558213708420767      
   615.102764180769261931808316873195661      
   619.624050318976226023788593310953910      
   624.091420662249983112211765488670147      
   628.504590030597836502584512170214713      
   632.863319337184028038655735134635093      
   637.167411389160617008195283164023983      
   641.416710621399970882460010617587465      
   645.611101281983708901648101320290993      
   649.750505584951267134399833600678929      
   653.834882200048746335442589965533021      
   657.864224859835106325469435623310617      
   661.838560707092207970495492130951205      
   665.757948920765008154143438598268397      
   669.622479464294887298866816703675869      
   673.432271711336321135236779302292485      
   677.187473093221716468847769237126487      
   680.888257915113235476858038552424969      
   684.534826086795710046990627341419446      
   688.127401988418880962210933806117187      
   691.666233364586559323988869626013153      
   695.151590036210520531121297913427923      
   698.583763039768491694039980288937056      
   701.963063389901447406260069350638840      
   705.289821147474253025714809138486058      
   708.564384348622670020983037631021283      
   711.787118127911381292397875051048698      
   714.958403611761639582294856351997260      
   718.078637208056546281657525534721985      
   721.148229503085005985423909368454267      
   724.167604561409267849514565034648436      
   727.137198895726504143981636435995574      
   730.057460810068165818774207701025033      
   732.928849527096380241551812048140880      
   735.751834421046747752468240559212174      
