 0.13585192139466E+03
 0.13585192139477E+03
 0.13585192139743E+03
 0.13585192141518E+03
 0.13585192147755E+03
 0.13585192163060E+03
 0.13585192193224E+03
 0.13585192245033E+03
 0.13585192326954E+03
 0.13585192451821E+03
 0.13585192642504E+03
 0.13585192940961E+03
 0.13585193419491E+03
 0.13585194192336E+03
 0.13585195425448E+03
 0.13585197342922E+03
 0.13585200229597E+03
 0.13585204429237E+03
 0.13585210339874E+03
 0.13585218406851E+03
 0.13585229114437E+03
 0.13585242977229E+03
 0.13585260532915E+03
 0.13585282336238E+03
 0.13585308955501E+03
 0.13585340972703E+03
 0.13585378985412E+03
 0.13585423612635E+03
 0.13585475503893E+03
 0.13585535345617E+03
 0.13585603878786E+03
 0.13585681902562E+03
 0.13585770291066E+03
 0.13585869999702E+03
 0.13585982073193E+03
 0.13586107649692E+03
 0.13586247962392E+03
 0.13586404338264E+03
 0.13586578192642E+03
 0.13586771022598E+03
 0.13586984396260E+03
 0.13587219941209E+03
 0.13587479329939E+03
 0.13587764265850E+03
 0.13588076466579E+03
 0.13588417649176E+03
 0.13588789513761E+03
 0.13589193729355E+03
 0.13589631919516E+03
 0.13590105649981E+03
 0.13590616417913E+03
 0.13591165641991E+03
 0.13591754655301E+03
 0.13592384699563E+03
 0.13593056921190E+03
 0.13593772369654E+03
 0.13594531996851E+03
 0.13595336659206E+03
 0.13596187120395E+03
 0.13597084056298E+03
 0.13598028060795E+03
 0.13599019653241E+03
 0.13600059286327E+03
 0.13601147355837E+03
 0.13602284210050E+03
 0.13603470160695E+03
 0.13604705493631E+03
 0.13605990480758E+03
 0.13607325391551E+03
 0.13608710504253E+03
 0.13610146118917E+03
 0.13611632568032E+03
 0.13613170228554E+03
 0.13614759533904E+03
 0.13616400983973E+03
 0.13618095157229E+03
 0.13619842720547E+03
 0.13621644439175E+03
 0.13623501187306E+03
 0.13625413956276E+03
 0.13627383864394E+03
 0.13629412165408E+03
 0.13631500255585E+03
 0.13633649682247E+03
 0.13635862151361E+03
 0.13638139533071E+03
 0.13640483868849E+03
 0.13642897377208E+03
 0.13645382460971E+03
 0.13647941711599E+03
 0.13650577913903E+03
 0.13653294525283E+03
 0.13656093853428E+03
 0.13658979711375E+03
 0.13661955710977E+03
 0.13665025682472E+03
 0.13668193676753E+03
 0.13671463976394E+03
 0.13674841093515E+03
 0.13678329772107E+03
 0.13681934998868E+03
 0.13685662009156E+03
 0.13689516297226E+03
 0.13693503605985E+03
 0.13697629933273E+03
 0.13701901552579E+03
 0.13706325012955E+03
 0.13710907140476E+03
 0.13715655054985E+03
 0.13720576170390E+03
 0.13725678200427E+03
 0.13730969181087E+03
 0.13736457459843E+03
 0.13742151728331E+03
 0.13748061014415E+03
 0.13754194714884E+03
 0.13760562564964E+03
 0.13767174712867E+03
 0.13774041689740E+03
 0.13781174466076E+03
 0.13788584415908E+03
 0.13796283381559E+03
 0.13804283667010E+03
 0.13812598054870E+03
 0.13821239865523E+03
 0.13830222955248E+03
 0.13839561751140E+03
 0.13849271264087E+03
 0.13859367157906E+03
 0.13869865729594E+03
 0.13880784065646E+03
 0.13892139837567E+03
 0.13903951616672E+03
 0.13916238733390E+03
 0.13929021560993E+03
 0.13942321216481E+03
 0.13956159838860E+03
 0.13970560751688E+03
 0.13985548326060E+03
 0.14001148069029E+03
 0.14017386924917E+03
 0.14034293961908E+03
 0.14051896210293E+03
 0.14070227282009E+03
 0.14089320793014E+03
 0.14109209381266E+03
 0.14129930460302E+03
 0.14151522874461E+03
 0.14174027722164E+03
 0.14197488302829E+03
 0.14221950721146E+03
 0.14247463739589E+03
 0.14274079236853E+03
 0.14301852302746E+03
 0.14330841622055E+03
 0.14361109712391E+03
 0.14392723249127E+03
 0.14425753405398E+03
 0.14460276299334E+03
 0.14496373400161E+03
 0.14534131806196E+03
 0.14573645284859E+03
 0.14615014052495E+03
 0.14658346061268E+03
 0.14703757502342E+03
 0.14751373336309E+03
 0.14801328271182E+03
 0.14853767652632E+03
 0.14908848435516E+03
 0.14966740174904E+03
 0.15027626182262E+03
 0.15091704686173E+03
 0.15159190324317E+03
 0.15230315404699E+03
 0.15305331391206E+03
 0.15384513143700E+03
 0.15468150088182E+03
 0.15556562960893E+03
 0.15650095520081E+03
 0.15749118677732E+03
 0.15854031364020E+03
 0.15965262468395E+03
 0.16083270829740E+03
 0.16208546428598E+03
 0.16341609464052E+03
 0.16483010306295E+03
 0.16633326764470E+03
 0.16793162736468E+03
 0.16963143464140E+03
 0.17143910450043E+03
 0.17336116041366E+03
 0.17540415275152E+03
 0.17757458024168E+03
 0.17987878199011E+03
 0.18232284351600E+03
 0.18491247960314E+03
 0.18765292276056E+03
 0.19054879523750E+03
 0.19360401003504E+03
 0.19682161681326E+03
 0.20020381821959E+03
 0.20375172527064E+03
 0.20746538823633E+03
 0.21134373806306E+03
 0.21538457548430E+03
 0.21958458550891E+03
 0.22393941084149E+03
 0.22844374199378E+03
 0.23309143556350E+03
 0.23787567615700E+03
 0.24278908648308E+03
 0.24782393629697E+03
 0.25297225545118E+03
 0.25822599887632E+03
 0.26357713978057E+03
 0.26901780062035E+03
 0.27454030601383E+03
 0.28013725898264E+03
 0.28580152741604E+03
 0.29152650007388E+03
 0.29730572602676E+03
 0.30313318149860E+03
 0.30900320710498E+03
 0.31491048296603E+03
 0.32085001232068E+03
 0.32681711669458E+03
 0.33280740859619E+03
 0.33881677075356E+03
 0.34484133730494E+03
 0.35087748986685E+03
 0.35692180725436E+03
 0.36297108172065E+03
 0.36902228487272E+03
 0.37507255612148E+03
 0.38111918648129E+03
 0.38715962685504E+03
 0.39319143492824E+03
 0.39921230290468E+03
 0.40522004940428E+03
 0.41121256972797E+03
 0.41718782230340E+03
 0.42314402697199E+03
 0.42907929183971E+03
 0.43499188070390E+03
 0.44088012930404E+03
 0.44674244480660E+03
 0.45257729428080E+03
 0.45838321361911E+03
 0.46415879932557E+03
 0.46990270176934E+03
 0.47561362516086E+03
 0.48129032928147E+03
 0.48693162203671E+03
 0.49253636271701E+03
 0.49810345573149E+03
 0.50363185243256E+03
 0.50912054888428E+03
 0.51456858519007E+03
 0.51997504335735E+03
 0.52533904530803E+03
 0.53065975607356E+03
 0.53593638087200E+03
 0.54116816177505E+03
 0.54635438128495E+03
 0.55149435869321E+03
 0.55658745059638E+03
 0.56163305076627E+03
 0.56663058935933E+03
 0.57157953072907E+03
 0.57647937532538E+03
 0.58132965770946E+03
 0.58612994598313E+03
 0.59087984213620E+03
 0.59557898117938E+03
 0.60022702927908E+03
 0.60482368583097E+03
 0.60936868065936E+03
 0.61386177397056E+03
 0.61830275742316E+03
 0.62269145012271E+03
 0.62702770236861E+03
 0.63131139156127E+03
 0.63554242305192E+03
 0.63972072931258E+03
 0.64384626996544E+03
 0.64791902990549E+03
 0.65193901982613E+03
 0.65590627457945E+03
 0.65982085326979E+03
 0.66368283903103E+03
 0.66749233639627E+03
 0.67124947313737E+03
 0.67495439709499E+03
 0.67860727842255E+03
 0.68220830589396E+03
 0.68575768844331E+03
 0.68925565347735E+03
 0.69270244611613E+03
 0.69609832902113E+03
 0.69944358137690E+03
