-0.51835350065321E-14
-0.23181026116169E-13
-0.47907453973415E-13
-0.89461589677954E-13
-0.12019791319495E-12
-0.21828799592725E-12
-0.26135533750326E-12
-0.31388826474338E-12
-0.42421277792588E-12
-0.68899160956390E-12
-0.71940597438483E-12
-0.89324220634303E-12
-0.87057631414055E-12
-0.11190425718450E-11
-0.19607284589926E-11
-0.98356235254380E-12
-0.14360109081140E-11
-0.15369020315020E-11
-0.11545224201505E-11
-0.58811121813242E-12
 0.68942593184488E-10
-0.20782262119233E-10
-0.48137021255661E-10
-0.35865683606936E-10
 0.17801632902868E-10
-0.47563211442807E-09
-0.56705426085372E-10
-0.43827765088274E-10
 0.21285014574671E-09
 0.24599994677304E-08
-0.16572825167415E-08
 0.81633477356437E-09
-0.57835721328283E-08
 0.11567337698441E-07
-0.91983143355588E-09
-0.88862145513732E-10
-0.18028612710395E-09
 0.18642515181110E-08
 0.51604336008014E-08
 0.11114254583745E-07
 0.22281216295849E-07
 0.38005102619395E-07
 0.62613765809219E-07
 0.99529406209051E-07
 0.15294276718343E-06
 0.22706778505696E-06
 0.33048737385677E-06
 0.47050478018810E-06
 0.65816658191872E-06
 0.90406417716373E-06
 0.12259185143777E-05
 0.16377527124133E-05
 0.21604179639952E-05
 0.28181906410291E-05
 0.36326534533236E-05
 0.46444856993713E-05
 0.58800062954228E-05
 0.73728216736685E-05
 0.91784765971304E-05
 0.11333103062541E-04
 0.13893890170984E-04
 0.16921226108728E-04
 0.20472810956903E-04
 0.24620508544009E-04
 0.29441664429166E-04
 0.35009956453616E-04
 0.41414640783555E-04
 0.48755906441236E-04
 0.57120726295879E-04
 0.66621579729275E-04
 0.77371107267824E-04
 0.89483864306031E-04
 0.10308395210304E-03
 0.11830829110068E-03
 0.13528527787849E-03
 0.15416783741981E-03
 0.16613303345584E-03
 0.20917093471250E-03
 0.23899410106231E-03
 0.25800500289299E-03
 0.28139801270899E-03
 0.30254679207417E-03
 0.33623254405317E-03
 0.37692245339923E-03
 0.43329266061473E-03
 0.48855272087932E-03
 0.54728945355492E-03
 0.60663730086441E-03
 0.66368800234404E-03
 0.71282159346757E-03
 0.77332009805783E-03
 0.83872212544299E-03
 0.92512102943911E-03
 0.10260238958629E-02
 0.11113380858017E-02
 0.12080616059390E-02
 0.13111461125114E-02
 0.14208935173083E-02
 0.15374447756254E-02
 0.16619549995194E-02
 0.17934162808816E-02
 0.19324385436270E-02
 0.20800072816531E-02
 0.22368558616398E-02
 0.24017105754566E-02
 0.25764852688730E-02
 0.27609213304737E-02
 0.29552823575954E-02
 0.31601660203109E-02
 0.33764425140676E-02
 0.36038064880503E-02
 0.38435834504626E-02
 0.40943662091641E-02
 0.43581191802630E-02
 0.46382817306214E-02
 0.49283371202702E-02
 0.52359328705571E-02
 0.55567386562269E-02
 0.58947851807375E-02
 0.62478142692028E-02
 0.66179271823126E-02
 0.70069375747004E-02
 0.74133648241289E-02
 0.78396525127251E-02
 0.82831892705781E-02
 0.87471228306933E-02
 0.91679524241664E-02
 0.97327301704604E-02
 0.10300345921207E-01
 0.10910837039353E-01
 0.11497975064442E-01
 0.12061587037954E-01
 0.12648266690822E-01
 0.13276617598918E-01
 0.13940954607729E-01
 0.14579130467857E-01
 0.15319670621263E-01
 0.16165755595888E-01
 0.17090010441239E-01
 0.18042120754381E-01
 0.18732811917761E-01
 0.19770477995778E-01
 0.20793514281368E-01
 0.21678182257026E-01
 0.22637971922391E-01
 0.23587309436406E-01
 0.24686880826381E-01
 0.25799510716642E-01
 0.27291431111435E-01
 0.28258955596171E-01
 0.29502371147564E-01
 0.30781501132003E-01
 0.32093569341722E-01
 0.33435825467810E-01
 0.34777941937355E-01
 0.36170056884488E-01
 0.37593917211531E-01
 0.39038521881272E-01
 0.40391658016914E-01
 0.41821302343688E-01
 0.43498413210746E-01
 0.45049354392242E-01
 0.46579441451998E-01
 0.48006662428550E-01
 0.49322917613562E-01
 0.50562821494198E-01
 0.51755726455918E-01
 0.52903153794068E-01
 0.54059028140484E-01
 0.55163989812291E-01
 0.56170464512403E-01
 0.57033534823797E-01
 0.57748975991892E-01
 0.58154302992612E-01
 0.58196733446962E-01
 0.57865688256138E-01
 0.57045900378682E-01
 0.55945656595642E-01
 0.54858481301872E-01
 0.53010778691528E-01
 0.50541783616737E-01
 0.47383957388477E-01
 0.43466567822591E-01
 0.38708740012365E-01
 0.33010228357164E-01
 0.26289059925590E-01
 0.18227564892990E-01
 0.95073727259906E-02
-0.29940413120626E-03
-0.10970925567634E-01
-0.22795128439155E-01
-0.34531807312937E-01
-0.46024677981428E-01
-0.56696702398686E-01
-0.65978216656297E-01
-0.73340529403364E-01
-0.78472640656152E-01
-0.81033355019255E-01
-0.81235240839957E-01
-0.79235157729469E-01
-0.75434967304688E-01
-0.70351095896577E-01
-0.64452105846399E-01
-0.58200525213911E-01
-0.51990232197418E-01
-0.46083488135783E-01
-0.40623031744441E-01
-0.35611718295170E-01
-0.31367403201476E-01
-0.27669106595261E-01
-0.24432118662275E-01
-0.21646598159644E-01
-0.19348235105251E-01
-0.17489796680078E-01
-0.15994874177545E-01
-0.14763902505389E-01
-0.13752834398697E-01
-0.12885807676775E-01
-0.12036079490982E-01
-0.11396465688573E-01
-0.11024642587087E-01
-0.10606835485097E-01
-0.10273718641468E-01
-0.99830547795115E-02
-0.97357978967936E-02
-0.95255381721064E-02
-0.93315178697684E-02
-0.91624037129451E-02
-0.90103666930781E-02
-0.88893361552990E-02
-0.87854816561910E-02
-0.86544626176592E-02
-0.85302539580147E-02
-0.84027713803007E-02
-0.83079837497223E-02
-0.82338279050048E-02
-0.81680381474096E-02
-0.80750845119247E-02
-0.79560525831384E-02
-0.78234427297092E-02
-0.77104812605419E-02
-0.76609396919816E-02
-0.75584536531084E-02
-0.74587187104120E-02
-0.73642856508332E-02
-0.72639809035283E-02
-0.71629103885557E-02
-0.70639161831933E-02
-0.69640094902646E-02
-0.68612729480164E-02
-0.67590047279905E-02
-0.66577878144987E-02
-0.65546801509100E-02
-0.64506696795260E-02
-0.63467606809852E-02
-0.62427292700841E-02
-0.61404034865473E-02
-0.60378880221232E-02
-0.59362598383952E-02
-0.58350176475474E-02
-0.57306393125751E-02
-0.56314622425077E-02
-0.55276173781612E-02
-0.54281890684975E-02
-0.53276108599967E-02
-0.52282825036480E-02
-0.51292297101191E-02
-0.50315972365398E-02
-0.49337220372300E-02
-0.48378043226204E-02
-0.47442936328151E-02
-0.46507798999937E-02
-0.45529630439591E-02
-0.44701469380577E-02
-0.43767719185338E-02
-0.42886342209277E-02
-0.41982004239572E-02
-0.41112574695884E-02
-0.40244007612749E-02
-0.39419504637682E-02
-0.38583201818734E-02
-0.37743989846309E-02
-0.36944344053025E-02
-0.36181715480928E-02
-0.35420820344384E-02
-0.34662695475126E-02
-0.33894783315223E-02
-0.33154462240696E-02
-0.32445397289030E-02
-0.31748234530239E-02
-0.31041785077014E-02
-0.30308836346850E-02
-0.29688792818765E-02
-0.29067300079513E-02
-0.28417100890837E-02
-0.27815800778875E-02
-0.27223501526234E-02
-0.26600794142289E-02
-0.25998538236271E-02
