 0.13628526479685E+03
 0.13628526479685E+03
 0.13628526479700E+03
 0.13628526479836E+03
 0.13628526480478E+03
 0.13628526482493E+03
 0.13628526487383E+03
 0.13628526497463E+03
 0.13628526516627E+03
 0.13628526552868E+03
 0.13628526623801E+03
 0.13628526765602E+03
 0.13628527044388E+03
 0.13628527568056E+03
 0.13628528496426E+03
 0.13628530048070E+03
 0.13628532503080E+03
 0.13628536201827E+03
 0.13628541540365E+03
 0.13628548963464E+03
 0.13628558956359E+03
 0.13628572036328E+03
 0.13628588745120E+03
 0.13628609643097E+03
 0.13628635305810E+03
 0.13628666323435E+03
 0.13628703303276E+03
 0.13628746875218E+03
 0.13628797699738E+03
 0.13628856477866E+03
 0.13628923962312E+03
 0.13629000968866E+03
 0.13629088387213E+03
 0.13629187190325E+03
 0.13629298441769E+03
 0.13629423300391E+03
 0.13629563022068E+03
 0.13629718958364E+03
 0.13629892552154E+03
 0.13630085330399E+03
 0.13630298894391E+03
 0.13630534907887E+03
 0.13630795083604E+03
 0.13631081168581E+03
 0.13631394928921E+03
 0.13631738134392E+03
 0.13632112543349E+03
 0.13632519888388E+03
 0.13632961863086E+03
 0.13633440110101E+03
 0.13633956210876E+03
 0.13634511678031E+03
 0.13635107945374E+03
 0.13635746367930E+03
 0.13636428216261E+03
 0.13637154676377E+03
 0.13637926850813E+03
 0.13638745761499E+03
 0.13639612354286E+03
 0.13640527504984E+03
 0.13641492026825E+03
 0.13642506679118E+03
 0.13643572176989E+03
 0.13644689202029E+03
 0.13645858413677E+03
 0.13647080461235E+03
 0.13648355996290E+03
 0.13649685685486E+03
 0.13651070223456E+03
 0.13652510345800E+03
 0.13654006842078E+03
 0.13655560568601E+03
 0.13657172461021E+03
 0.13658843546652E+03
 0.13660574956373E+03
 0.13662367936180E+03
 0.13664223858347E+03
 0.13666144231986E+03
 0.13668130713195E+03
 0.13670185114669E+03
 0.13672309414656E+03
 0.13674505765754E+03
 0.13676776503024E+03
 0.13679124151791E+03
 0.13681551434515E+03
 0.13684061277784E+03
 0.13686656818489E+03
 0.13689341410225E+03
 0.13692118628024E+03
 0.13694992274805E+03
 0.13697966386653E+03
 0.13701045237211E+03
 0.13704233342689E+03
 0.13707535466509E+03
 0.13710956623404E+03
 0.13714502084336E+03
 0.13718177383281E+03
 0.13721988319623E+03
 0.13725940963797E+03
 0.13730041661884E+03
 0.13734297042467E+03
 0.13738714020286E+03
 0.13743299802465E+03
 0.13748061897782E+03
 0.13753008122501E+03
 0.13758146604778E+03
 0.13763485792323E+03
 0.13769034466488E+03
 0.13774801750536E+03
 0.13780797114206E+03
 0.13787030385752E+03
 0.13793511765236E+03
 0.13800251846158E+03
 0.13807261606480E+03
 0.13814552446280E+03
 0.13822136199585E+03
 0.13830025129141E+03
 0.13838231974245E+03
 0.13846769962019E+03
 0.13855652815955E+03
 0.13864894785810E+03
 0.13874510693798E+03
 0.13884515915040E+03
 0.13894926461874E+03
 0.13905758963727E+03
 0.13917030743816E+03
 0.13928759814029E+03
 0.13940964959446E+03
 0.13953665727709E+03
 0.13966882531031E+03
 0.13980636637595E+03
 0.13994950274981E+03
 0.14009846654597E+03
 0.14025350024652E+03
 0.14041485783434E+03
 0.14058280496025E+03
 0.14075761995056E+03
 0.14093959468855E+03
 0.14112903531143E+03
 0.14132626354999E+03
 0.14153161714944E+03
 0.14174545164801E+03
 0.14196814125428E+03
 0.14220008040686E+03
 0.14244168476442E+03
 0.14269339336019E+03
 0.14295567004416E+03
 0.14322900532827E+03
 0.14351391836446E+03
 0.14381095956237E+03
 0.14412071263089E+03
 0.14444379733971E+03
 0.14478087255230E+03
 0.14513263935414E+03
 0.14549984451814E+03
 0.14588328456175E+03
 0.14628380973100E+03
 0.14670232888809E+03
 0.14713981467035E+03
 0.14759730894847E+03
 0.14807592937715E+03
 0.14857687599781E+03
 0.14910143894742E+03
 0.14965100738658E+03
 0.15022707794862E+03
 0.15083126565859E+03
 0.15146531533600E+03
 0.15213111341866E+03
 0.15283070275500E+03
 0.15356629730329E+03
 0.15434029909451E+03
 0.15515531638355E+03
 0.15601418393475E+03
 0.15691998508321E+03
 0.15787607499046E+03
 0.15888610648988E+03
 0.15995405705934E+03
 0.16108425755349E+03
 0.16228142152001E+03
 0.16355067555046E+03
 0.16489758898988E+03
 0.16632820145917E+03
 0.16784904867672E+03
 0.16946717938614E+03
 0.17119016700844E+03
 0.17302611521798E+03
 0.17498363042483E+03
 0.17707179077995E+03
 0.17930008188467E+03
 0.18167830010547E+03
 0.18421642158891E+03
 0.18692442650103E+03
 0.18981207858012E+03
 0.19288866562471E+03
 0.19616268844349E+03
 0.19964153808973E+03
 0.20333114469169E+03
 0.20723564782314E+03
 0.21135710296427E+03
 0.21569525866817E+03
 0.22024744465869E+03
 0.22500856613387E+03
 0.22997123493177E+03
 0.23512602142873E+03
 0.24046180026549E+03
 0.24596615751355E+03
 0.25162582227743E+03
 0.25742708359428E+03
 0.26335616262489E+03
 0.26939952657671E+03
 0.27554412538001E+03
 0.28177756623504E+03
 0.28808822042064E+03
 0.29446527960977E+03
 0.30089876870151E+03
 0.30737953121506E+03
 0.31389919144933E+03
 0.32045010585409E+03
 0.32702530526810E+03
 0.33361843945119E+03
 0.34022371520050E+03
 0.34683584387935E+03
 0.35344998908127E+03
 0.36006171897273E+03
 0.36666696457964E+03
 0.37326198135495E+03
 0.37984331498848E+03
 0.38640777106635E+03
 0.39295238893899E+03
 0.39947441894075E+03
 0.40597130072914E+03
 0.41244064602518E+03
 0.41888022230456E+03
 0.42528793964704E+03
 0.43166183877366E+03
 0.43800007858490E+03
 0.44430092831758E+03
 0.45056275944036E+03
 0.45678403718479E+03
 0.46296331481904E+03
 0.46909922807920E+03
 0.47519049032600E+03
 0.48123588719163E+03
 0.48723427319719E+03
 0.49318456827079E+03
 0.49908575485640E+03
 0.50493687434396E+03
 0.51073702496390E+03
 0.51648535976761E+03
 0.52218108431901E+03
 0.52782345431311E+03
 0.53341177482543E+03
 0.53894539850573E+03
 0.54442372294997E+03
 0.54984619131148E+03
 0.55521228957488E+03
 0.56052154605877E+03
 0.56577352976620E+03
 0.57096784985767E+03
 0.57610415459975E+03
 0.58118213013195E+03
 0.58620149978369E+03
 0.59116202257317E+03
 0.59606349353275E+03
 0.60090574142427E+03
 0.60568862907729E+03
 0.61041205111305E+03
 0.61507593572635E+03
 0.61968023994445E+03
 0.62422495264884E+03
 0.62871009162500E+03
 0.63313570356559E+03
 0.63750186193051E+03
 0.64180866795907E+03
 0.64605624890809E+03
 0.65024475699658E+03
 0.65437436950705E+03
 0.65844528660656E+03
 0.66245773240859E+03
 0.66641195223826E+03
 0.67030821293715E+03
 0.67414680218488E+03
 0.67792802676722E+03
 0.68165221287706E+03
 0.68531970455623E+03
 0.68893086314008E+03
 0.69248606682962E+03
 0.69598570918451E+03
 0.69943019901828E+03
 0.70281995968362E+03
 0.70615542759454E+03
 0.70943705232960E+03
 0.71266529554933E+03
 0.71584063016683E+03
 0.71896353985786E+03
 0.72203451843750E+03
 0.72505406896575E+03
 0.72802270322555E+03
 0.73094094104589E+03
 0.73380930969317E+03
