   6.91360382032448847522976250442333937      
   6.91360382032448897452856100055816334      
   6.91360382032452743201328781372420908      
   6.91360382032516444341181800519020272      
   6.91360382032990751712095170087932980      
   6.91360382035170981779289183518709696      
   6.91360382042467998402730538420570134      
   6.91360382061958405575439076842444956      
   6.91360382105548862151324513187400256      
   6.91360382188595357242000037705611250      
   6.91360382321898980234012307852907195      
   6.91360382491702757164263020170335369      
   6.91360382622650346139521096564174282      
   6.91360382520635179016577615999687520      
   6.91360381795271752370762930770513764      
   6.91360379764466427476941294561451379      
   6.91360375345691122341591887125192584      
   6.91360366939923818097668964901403955      
   6.91360352314906522308497406843533336      
   6.91360328494558976050960625094912446      
   6.91360291661224932009676433432823942      
   6.91360237076968776527279733376961794      
   6.91360159029346635139354757735437254      
   6.91360050805957784181461956636183436      
   6.91359904700543436310835042588106841      
   6.91359712051626390382070148895086969      
   6.91359463312673624857721239054389005      
   6.91359148150856575833781798958807918      
   6.91358755569771278862380282878837540      
   6.91358274050099490305282972454818988      
   6.91357691701447906122465496746030109      
   6.91356996418279207284951834616042578      
   6.91356176033102303745732262954074960      
   6.91355218460761343837346676790740230      
   6.91354111828664716915590115147506206      
   6.91352844588987218434039193586020369      
   6.91351405610165776310643025973081520      
   6.91349784246246795640869102772329963      
   6.91347970383821208148926390102510397      
   6.91345954467226180665039946818534562      
   6.91343727503535099662921401809050351      
   6.91341281049412047455733205156477239      
   6.91338607182333818379334388043991648      
   6.91335698458872129672399868899292953      
   6.91332547862807907902297514395218164      
   6.91329148745783083662112466640609857      
   6.91325494763028110500305486429673896      
   6.91321579806467691114664914158890476      
   6.91317397937243015304461032609908226      
   6.91312943319383114062888631214993371      
   6.91308210156027561823349111534187464      
   6.91303192629337010226520157197653253      
   6.91297884844923430737815397716051733      
   6.91292280779928705830603708399835938      
   6.91286374243208415212823644948439817      
   6.91280158828477988081349452049753179      
   6.91273627884877108612660170593163934      
   6.91266774487211385614733593985546109      
   6.91259591412272927402268329701165719      
   6.91252071119815605640087038963677202      
   6.91244205737664881408398334956168136      
   6.91235987050517773769752236650171842      
   6.91227406491865956403645732007813159      
   6.91218455138501835398386214542338680      
   6.91209123707107512759718700570749020      
   6.91199402552269824631599895057569233      
   6.91189281665607151981555570097474719      
   6.91178750675286394911751285703347012      
   6.91167798845684813448631952426345145      
   6.91156415076683715600846159777905658      
   6.91144587902081117663320887366487393      
   6.91132305487058719369673124330320831      
   6.91119555624135638879728506805367082      
   6.91106325727374878362556576491361191      
   6.91092602824779258901879832698193501      
   6.91078373548393036563624114451466066      
   6.91063624121935255556735962740961342      
   6.91048340346229975012713609221210854      
   6.91032507581774956910418765882567639      
   6.91016110728700896277341492357871692      
   6.90999134204213117032433032191927171      
   6.90981561916374065125047486418189922      
   6.90963377235369950567837182776556606      
   6.90944562961400855517376088479494170      
   6.90925101290662641821582250026452325      
   6.90904973777029952309308686572479527      
   6.90884161291675844839724380448963805      
   6.90862643978379350417480343795705040      
   6.90840401208065462200942501144518721      
   6.90817411527306837946551904820556957      
   6.90793652603786125378660451371803688      
   6.90769101172492295010331762322806805      
   6.90743732974293664458186627432188233      
   6.90717522694275794186663718139197809      
   6.90690443896808453793629932599455190      
   6.90662468956209189481415847988891996      
   6.90633568978255265019159169967235210      
   6.90603713730603046376695342722412484      
   6.90572871561125148888222839918068264      
   6.90541009316694669072375298112646687      
   6.90508092252443429924999264268695435      
   6.90474083946092570422634636076125452      
   6.90438946203607181404283196270720499      
   6.90402638953072765582362711793795621      
   6.90365120144324517668220734716314231      
   6.90326345649591981381483072666610833      
   6.90286269152395947414098812006678906      
   6.90244842018409453786745548492387907      
   6.90202013174186593112457074055537431      
   6.90157728992860985001148049871282809      
   6.90111933173847612224241327806106970      
   6.90064566560684298310011510282014640      
   6.90015567012201309023908022760379067      
   6.89964869315488753186562578963683910      
   6.89912404938395391495712670360797971      
   6.89858101881573594767520823132573718      
   6.89801884572543112503863651941340787      
   6.89743673617061165785368580289379526      
   6.89683385611303844546866433682039222      
   6.89620932988614680081853503751594541      
   6.89556223804123734109186410757165787      
   6.89489161440207810858577591068495934      
   6.89419644508125283781510004028170408      
   6.89347566482247134064497107661737168      
   6.89272815532619189906579304418943182      
   6.89195274229820970020045016173108637      
   6.89114819243852956783731867529538507      
   6.89031321104451486015326557062579212      
   6.88944643848031279028091439392647515      
   6.88854644705039607729064846406675469      
   6.88761173776530069929375903435437880      
   6.88664073608052859237495313285305703      
   6.88563178935818357960772788238008021      
   6.88458316123389617146175828960810782      
   6.88349302863950980060618396950904392      
   6.88235947705960367856892085873131685      
   6.88118049517200537886194779201067008      
   6.87995397052411843103659320315872431      
   6.87867768393983304317172590443459716      
   6.87734930419814597429419845825084816      
   6.87596638119640021782110683043878699      
   6.87452634072996419229256783181341384      
   6.87302647784081789477064148577684902      
   6.87146394835282266629325062149305591      
   6.86983576301236602771546935002294581      
   6.86813877853947502263699137964286907      
   6.86636968915056382004038082521646503      
   6.86452501831921454406049403832175747      
   6.86260110820092581220927310709856625      
   6.86059411075858990130284025516363016      
   6.85849997495363023639394172349715365      
   6.85631443714607629020972887091725698      
   6.85403300797851806789345581557711916      
   6.85165095929275236460833262311183976      
   6.84916331030058897105945811679250593      
   6.84656481292380137074302844464445904      
   6.84384993549928691945479048788464954      
   6.84101284672397856366943455123716416      
   6.83804739723988319471582915829094634      
   6.83494710029598887441453638204116144      
   6.83170511221697432089562820939198300      
   6.82831421004732317889674683618266125      
   6.82476676880592837692689432959436361      
   6.82105473709147926375642042413310386      
   6.81716961153370387443268959256812605      
   6.81310240919225060136895524685123747      
   6.80884363848715236796958921471294982      
   6.80438326880700122901422666607704664      
   6.79971069834975809236856986962876126      
   6.79481472052801010041562122114933315      
   6.78968349102146331609364632677979060      
   6.78430448865031073642805409339645587      
   6.77866448068803028042149028731711763      
   6.77274948462424446343482553921923330      
   6.76654473082459086379576612824126769      
   6.76003462528382560469910522030912803      
   6.75320271405465067958966210295578659      
   6.74603164962471836713175900401466342      
   6.73850316091956298985094825574603833      
   6.73059802924527560563558080645244337      
   6.72229606923716789102990228038270785      
   6.71357612078010607039993718274058175      
   6.70441605030844384381992542517545226      
   6.69479276660373840654322377630170964      
   6.68468225315785075232394690645273959      
   6.67405961927181943800274236913408554      
   6.66289916910208269415360597056032402      
   6.65117449865304864656399305907116118      
   6.63885860892041180842643857975890139      
   6.62592404456961449890655532822911378      
   6.61234305106677836908716134106221036      
   6.59808774222885988405473129635442656      
   6.58313027549537045172858057635000603      
   6.56744302338606692044986041142443225      
   6.55099873126774503272319838665569929      
   6.53377065022624026149312430598828992      
   6.51573263697998044663028886429304348      
   6.49685921454731586562688646444626421      
   6.47712559653691051546315028117245111      
   6.45650766231166315894363973545450889      
   6.43498193904553082596548495302478278      
   6.41252549457302272664421805023832466      
   6.38911591804776141516297429069645734      
   6.36473123637754519971213816519979028      
   6.33934987576742751513137599293899081      
   6.31295063761275053141176504416794837      
   6.28551269348545396131314013136019307      
   6.25701559574074168195913087810877628      
   6.22743929962538227902240411340098355      
   6.19676418856021841514303668332584611      
   6.16497109962952707695849297203194404      
   6.13204134209121843320642724900216785      
   6.09795670975030327565282543781574804      
   6.06269948254227660859814826457613967      
   6.02625241991261464447518291823422704      
   5.98859874592977636614817439138340339      
   5.94972212764789158643274064081213332      
   5.90960664782309131863599788946922158      
   5.86823677488236107680725475558764570      
   5.82559732984842479120697323034445214      
   5.78167345290938051253472612063787980      
   5.73645056940624500569256550280750072      
   5.68991435737702462345058185258897443      
   5.64205071579288229327366597920059171      
   5.59284573495883451460621864104121319      
   5.54228566856352044939464431622200811      
   5.49035690804701957859770494576288378      
   5.43704595898335991095450211519799497      
   5.38233941965760121262608945072018178      
   5.32622396149435550691642608829056682      
   5.26868631136132863074208972959239605      
   5.20971323587081230407571513827261693      
   5.14929152705273116919728049545231670      
   5.08740798968843264002954206727031335      
   5.02404942987657533172095229134030584      
   4.95920264478862170909619413448103760      
   4.89285441388891764818250238173742697      
   4.82499149064575868745954399638072631      
   4.75560059541829581793412211258482571      
   4.68466840911846095197275853642697122      
   4.61218156753489565438088755356107870      
   4.53812665628224106912173497942672007      
   4.46249020633056814264896563943623211      
   4.38525869006337629991649963517155322      
   4.30641851775622500085965013628311912      
   4.22595603443955826429740864898325361      
   4.14385751712370257282985481260911492      
   4.06010917238318007095996345698234345      
   3.97469713414837098835190942779245893      
   3.88760746180340300261443851591880808      
   3.79882613848514879852435429939636055      
   3.70833906959034867377838444192778524      
   3.61613208145641377910622929741716758      
   3.52219092017990563336972413175463796      
   3.42650125063107422531356425084918245      
   3.32904865554143129432449575627441041      
   3.22981863473196850985740534530999959      
   3.12879660443297786594631115371481654      
   3.02596789670694350985099744520075440      
   2.92131775894027499236590999352086219      
   2.81483135341593394777108857130167944      
   2.70649375694057809359015305828746917      
   2.59628996056175345949964288672154382      
   2.48420486929481669082380182495690736      
   2.37022330192921546277166076285135858      
   2.25432999086473192023795111043650744      
   2.13650958199331638779927455545264161      
   2.01674663460642809828130547539281742      
   1.89502562134142550582342769112872824      
   1.77133092815560374505959356428476927      
   1.64564685430715525566475058151596075      
   1.51795761242093398111604351781670434      
   1.38824732846540920047578763756417884      
   1.25650004186075611554053556942580022      
   1.12269970551820010752809962981843239      
  0.986830185967904975078815176109361790      
  0.848875263429421349858956980555528722      
  0.708818631951503927038624910042056592      
  0.566643899525466764898040399812814858      
  0.422334588218776155651679947624110192      
  0.275874134346073486608056551080380901      
  0.127245888573481849027672699479618472      
  -2.35668838660486383659077327412766861E-0002
 -0.176581003044341664862744331312182826      
 -0.331813374161510254936244831728916037      
 -0.489280987343972529942375098056795730      
 -0.649000917500597823241558384142045438      
 -0.810990324110458791530739825880148497      
 -0.975266451040852623486708939448022133      
  -1.14184662637217360670953912718036503      
  -1.31074826216783704838646392082354677      
  -1.48198885431959660389510619769381071      
  -1.65558598232242798715759184200514232      
  -1.83155730907908168314112116675375689      
  -2.00992058070506353714758719949686901      
  -2.19069362632567941785411892500009312      
  -2.37389435785930014223035139770172841      
  -2.55954076983404884560886281931078259      
  -2.74765093915857600046264568299220314      
  -2.93824302494187889257591075825206431      
