   6.91360382032448847522976250442333937      
   6.91360382032448897452856100055816334      
   6.91360382032452743201328781372420908      
   6.91360382032516444341181800519020195      
   6.91360382032990751712095170087933134      
   6.91360382035170981779289183518755764      
   6.91360382042467998402730538438696216      
   6.91360382061958405575439078535212808      
   6.91360382105548862151324573341017607      
   6.91360382188595357242001120540070061      
   6.91360382321898980234024162010701741      
   6.91360382491702757164352212241765715      
   6.91360382622650346140023352345802124      
   6.91360382520635179018828091477921816      
   6.91360381795271752379157955192013839      
   6.91360379764466427503918269460058913      
   6.91360375345691122418262499896248602      
   6.91360366939923818152983314990919803      
   6.91360352314906522749196222234645108      
   6.91360328494558978779470105255858541      
   6.91360291661224946134891437704565054      
   6.91360237076968777775489520133704685      
   6.91360159029346640807203807094704480      
   6.91360050805957807016266015681084350      
   6.91359904700543519095119724877406129      
   6.91359712051626663693860958214091101      
   6.91359463312674455001517837559747176      
   6.91359148150858915914190712979525939      
   6.91358755569777447236432668309885880      
   6.91358274050114794882592182284991925      
   6.91357691701483853644650470858689648      
   6.91356996418359540353996935467380541      
   6.91356176033273864875033197576441108      
   6.91355218461112857752703895717936019      
   6.91354111829358102987119656050498886      
   6.91352844590308096112205962361645254      
   6.91351405612602514367323338753690810      
   6.91349784250610888442390223062309009      
   6.91347970391426046197205620894542498      
   6.91345954480146518173306536308729801      
   6.91343727524975797341454823003884249      
   6.91341281084222077543209888997101749      
   6.91338607237710096640697120285285486      
   6.91335698545307584698511681478993851      
   6.91332547995349262172430158980994925      
   6.91329148945676212795140301680258982      
   6.91325495059842397247579302670529057      
   6.91321580240805626946286264881628884      
   6.91317398564157133435635674617737131      
   6.91312944212639272454470211233123570      
   6.91308211413371174783113077425472258      
   6.91303194378937312195502540242048610      
   6.91297887253189313306271292712795383      
   6.91292284062330802406865763918782266      
   6.91286378671666322951562595369064234      
   6.91280164748147303075525502514873012      
   6.91273635728688722042138345643468959      
   6.91266784794105757283238568904188608      
   6.91259604848350939120714875762014185      
   6.91252088502717259247448275022210940      
   6.91244228064502602913770235788818699      
   6.91236015529696410148712425776065477      
   6.91227442577577140778563353891873091      
   6.91218500575555546197607917637781393      
   6.91209180572610854265123654164293717      
   6.91199473307638076678583913808659035      
   6.91189369212992596473209318645056578      
   6.91178858419967483507190519254253891      
   6.91167930764741124624679610968240674      
   6.91156575794274611905078701672284173      
   6.91144782771648513866075512678904527      
   6.91132540680733412228639166773358816      
   6.91119838229629472842904111647189909      
   6.91106663852630915831094379594920040      
   6.91093005710593204092295875779231528      
   6.91078851689250610289663704182724173      
   6.91064189395279317005862128576250642      
   6.91049006150301856475991243652309158      
   6.91033288982223735847182417842228803      
   6.91017024614081522791412206420931432      
   6.91000199450450175153781633335479760      
   6.90982799560429252856357255394741751      
   6.90964810658088866669952893171200657      
   6.90946218079708661724551212081416496      
   6.90927006759028666113361370344195947      
   6.90907161198387860831107458673060558      
   6.90886665437743102194450982318257448      
   6.90865503019559858997770786940758105      
   6.90843656952638710273999319042909473      
   6.90821109670447227716034407125262992      
   6.90797842986448105610747966356044740      
   6.90773838048927024746185966148346750      
   6.90749075290506382390616272415686595      
   6.90723534375482037132574786208909839      
   6.90697194144516592880024954959225894      
   6.90670032555788585991017705027677277      
   6.90642026617030687859947721152567419      
   6.90613152325116703563788139299240934      
   6.90583384595346914907877823959444142      
   6.90552697190482713106985906858322436      
   6.90521062641158220443035355626926962      
   6.90488452171461785403003207229961748      
   6.90454835614981229377052271038133558      
   6.90420181321735692102431263865396673      
   6.90384456072059655027868116312453404      
   6.90347624983022271373666380352794797      
   6.90309651415824901004223759772824267      
   6.90270496861395852717713562836810592      
   6.90230120832611157773646084862791097      
   6.90188480760727141925216571542129124      
   6.90145531890409310242308378978341547      
   6.90101227129412542892739063231066868      
   6.90055516930709588685148235899617527      
   6.90008349179183514825949395226155299      
   6.89959669048079388598099968932213302      
   6.89909418814630377138404298775378946      
   6.89857537769793856473681600710556956      
   6.89803962038058766840527661895984474      
   6.89748624359596781792747425395470700      
   6.89691454036664848941336381245275612      
   6.89632376640711832489982972761791188      
   6.89571313873816175206158057910016503      
   6.89508183349568156069779050507485110      
   6.89442898438533140629065016366054362      
   6.89375367963216314745280612137823982      
   6.89305496074369990458671294756542679      
   6.89233181904140224833882625247474704      
   6.89158319407349511089111788628847092      
   6.89080797048801207905359027392402567      
   6.89000497523452183270850221313507007      
   6.88917297485183385085371442972778648      
   6.88831067237835947874725486461654197      
   6.88741670365799363793461781540036865      
   6.88648963481274722191024626270545095      
   6.88552795754774094676474494963216135      
   6.88453008620551070583340118258220932      
   6.88349435346791477777111110552595965      
   6.88241900556507695566185930423743615      
   6.88130219858021101517803987440324871      
   6.88014199329679536967495303531404472      
   6.87893635001956282541958425362589970      
   6.87768312306730242895943262099288439      
   6.87638005571105730501167011788630303      
   6.87502477363202070778826264893130460      
   6.87361477806972522974780077716876615      
   6.87214744006448415012425635498542205      
   6.87061999224439710744359548338084247      
   6.86902952115678945783964517064709130      
   6.86737295961044066836094691072167869      
   6.86564707686322607924190058932646230      
   6.86384847020103941887404750616040757      
   6.86197355434079606685163182030724505      
   6.86001855038383930303030981719294511      
   6.85797947486955844443401529438705129      
   6.85585212765374991096010913219997220      
   6.85363207771468198119133502310361531      
   6.85131465000260625128672074744459647      
   6.84889490966265265738580807116512469      
   6.84636764620297314946290390251762671      
   6.84372735582558309405649826945921367      
   6.84096822310107946755920312393117702      
   6.83808410069563002758051827638239782      
   6.83506848724430622900128571385876538      
   6.83191450579653544955620337845310496      
   6.82861487731735723038977545649819406      
   6.82516189470606961231039696697862445      
   6.82154739512300075839366139608431712      
   6.81776272829610633100532598073802650      
   6.81379872406145754057860687895169512      
   6.80964565816635516924174503515664645      
   6.80529321424173670461270201659258795      
   6.80073044502451297697028326478420136      
   6.79594572897719753770673037888708407      
   6.79092672777802940113995094330279927      
   6.78566033853421595764341681854401157      
   6.78013264523610550756004147991925418      
   6.77432887025002984101999784323631225      
   6.76823332025561125018145580552963623      
   6.76182933560185584368326392161801163      
   6.75509923866514212875921366464970407      
   6.74802428323107535481580998197064392      
   6.74058460804124381896743797905389875      
   6.73275919461665312097898830917343252      
   6.72452583255282206758093366325955385      
   6.71586109628048675599370484203943721      
   6.70674033492164840834673304123552207      
   6.69713767884098542412553437830156696      
   6.68702607004767596399824421480216473      
   6.67637731719588925247186001172931438      
   6.66516217979674605355932073565376802      
   6.65335048578003212635710927744327699      
   6.64091128679710232056198998145894152      
   6.62781303886721157980607866301760458      
   6.61402382224152326347989438252334382      
   6.59951157938251084345518524632039129      
   6.58424436808620210611446109881448185      
   6.56819061365398919235282805649465934      
   6.55131934458711492141031794438399184      
   6.53360039936519569370073143104490997      
   6.51500458768330647179715062322458719      
   6.49550380348298232732803628026451504      
   6.47507107847182831840786393623582997      
   6.45368058550690281658609694758190555      
   6.43130760390721847688688605846835026      
   6.40792845365524142088385582519900793      
   6.38352040185734420574774241449482967      
   6.35806159129780755259787260692149921      
   6.33153095115129300459808926748940342      
   6.30390813091898014637011412498583757      
   6.27517344150805233762301906111173257      
   6.24530781619830693235951806333903621      
   6.21429277488841341658423637006100111      
   6.18211039806681859184178203624599729      
   6.14874330324370767475285561087482726      
   6.11417462070342644554926883875324389      
   6.07838796929885552463560710396382622      
   6.04136742828781762970193932836036522      
   6.00309750715487589810942762971211044      
   5.96356311323438685349481651989534645      
   5.92274951755398272488492438145367862      
   5.88064231971736742397131287516232817      
   5.83722741277458063601806786766404724      
   5.79249094882076038592653146882779179      
   5.74641930560956601744894711886354654      
   5.69899905433132568626462872487322675      
   5.65021693050841901679389231504665635      
   5.60005980563582218522716047786369405      
   5.54851466193542348265302337279669311      
   5.49556856893752474300439139605113903      
   5.44120866227506811526359362377855341      
   5.38542212471005624031101555176695536      
   5.32819616909507802897985102503605471      
   5.26951802308662481602238508275976000      
   5.20937491556101205655412795085637329      
   5.14775406467052373832242255135826530      
   5.08464266728306881499015373299457358      
   5.02002788956144930776281406866113082      
   4.95389685878920871512720418952359025      
   4.88623665617171298305729552021710627      
   4.81703431042821920587836122084363261      
   4.74627679246683412056136400811901667      
   4.67395101036172263408510898755039565      
   4.60004380521119987970762020058609066      
   4.52454194748435147905637152209285957      
   4.44743213382084693058011135267131761      
   4.36870098422585444349870694343867160      
   4.28833503969106193657420359851822964      
   4.20632076012880054608482686397433379      
   4.12264452257347899318349125498947645      
   4.03729261961069554059437801299445498      
   3.95025125807861185065545681413617513      
   3.86150655794884176003395780229637723      
   3.77104455134936297047236979518749919      
   3.67885118175088384843945656938823313      
   3.58491230330449433143742339025107207      
   3.48921368027970619208819191959520126      
   3.39174098660536689095741576619183293      
   3.29247980547015325728419121504213044      
   3.19141562909077484370787771720269072      
   3.08853385843565949523533090718680355      
   2.98381980311384011628646119083830165      
   2.87725868122299643124331866705870784      
   2.76883561933713150689924351030082391      
   2.65853565246061637991422033083105219      
   2.54634372408163745498142064019614003      
   2.43224468619703969177029317494962633      
   2.31622329942333744089602277013030331      
   2.19826423308766676911172595754719293      
   2.07835206537283157338598637620553606      
   1.95647128346856471613063403037189562      
   1.83260628373574707038958428320471639      
   1.70674137189886808315976059238405014      
   1.57886076323684585479941876059591557      
   1.44894858279963742997129418488160228      
   1.31698886562546770045162258683047861      
   1.18296555695591414932274341749784262      
   1.04686251249470088959758821200742801      
  0.908663498636040416271732439335280989      
  0.768352192716637607113069182198687810      
  0.625912183262650741861500791399623207      
  0.481326970255687864799845722173749763      
  0.334579965377009332609954280226182724      
  0.185654492289986211589140426946860656      
   3.45337868827541373994506197263659159E-0002
 -0.118799002452412674521889360269671050      
 -0.274360814549393685355329017543017893      
 -0.432168675220792213331543789618719124      
 -0.592239696963410507965038725330761399      
 -0.754591078708357392305660755312027919      
 -0.919240105544475023869075646034088094      
  -1.08620414845274680020780701921847267      
  -1.25550066404403387923882957744225867      
  -1.42714719427711803159182887778889082      
  -1.60116136621394690901672472036769929      
  -1.77756089173030907955258328324935907      
  -1.95636356728089193561966235835960437      
  -2.13758727360735454081528752207447766      
  -2.32124997549476819989790203211649323      
  -2.50736972151716768608301304924063294      
  -2.69596464375523013143321558698683088      
