   305.833180578490118847143771537581802      
   305.833180575208522449485551403157112      
   305.833180532679864089517132468032692      
   305.833180317601823404850585586741253      
   305.833179632578655134427431589214961      
   305.833177969418442227807368759610731      
   305.833174579803515330154558091092283      
   305.833168436153001172739897615811660      
   305.833158097978758590076102584625048      
   305.833141312165118119697825083914862      
   305.833114153098472631660256879438408      
   305.833069624316696976780924173551338      
   305.832995839663004264340139852841917      
   305.832874054758593209197722052741928      
   305.832676856971739916611701199672712      
   305.832366754854872957195798884350423      
   305.831895290162415056831258326430723      
   305.831202679432038078436187691900566      
   305.830217908116169236801841320655297      
   305.828859156696355928898050934692717      
   305.827034429489554281756598806057981      
   305.824642271752859132796090095410115      
   305.821572487970975417238530697431636      
   305.817706805151059110245894138740251      
   305.812919453917985604366730101664301      
   305.807077664162495565249170582254597      
   305.800042089757802734814374800371147      
   305.791667188329635245082053764726682      
   305.781801587843323488975654553369265      
   305.770288472678041262503616715790583      
   305.756966018985814986512372372830490      
   305.741667903511590467118370214960502      
   305.724223902730650911010128756274953      
   305.704460591087595431879184536398109      
   305.682202139106243712553036191590772      
   305.657271204797338583293783752556541      
   305.629489905603729240458147912894359      
   305.598680853314416279886287516221165      
   305.564668231094003060335197801729943      
   305.527278889951702366925089329531769      
   305.486343441509865085928966453894964      
   305.441697324599730999388731451872021      
   305.393181824845940464487586378258201      
   305.340645019254419660199802582136443      
   305.283942683491457885715496608018432      
   305.222939021832581500548363248715504      
   305.157507371786042642968515044004821      
   305.087530760714982415916117497897035      
   305.012902355039370416160907030580643      
   304.933525793636472891769473510980760      
   304.849315406525715558814387482872641      
   304.760196321867120117805824465553192      
   304.666104466089884672403400529456511      
   304.566986463161761045371855166121997      
   304.462799440219272650346539351759099      
   304.353510747526476748181401970587204      
   304.239097601124759329360271046261486      
   304.119546657068684891336443949737092      
   303.994853525923116064258455338673074      
   303.865022236738209842940608591462111      
   303.730064658371481207719864818362057      
   303.589999887294628982226089127568613      
   303.444853609102868703772773477203816      
   303.294657441492646329742851635307150      
   303.139448265775788394326570526261396      
   302.979267551948685611521142800644428      
   302.814160685367636767324163808270190      
   302.644176297316653919065460768264950      
   302.469365606429717945036618959548189      
   302.289781773958143306229482521172756      
   302.105479274736056145086757183090935      
   301.916513289996503709327002506785922      
   301.722939120845505928714067653095296      
   301.524811626917002974010019315364497      
   301.322184687947022319400668831465382      
   301.115110695961110336700715819635556      
   300.903640067198136480447510741987061      
   300.687820786462585665719197962109947      
   300.467697978861209019869921156205416      
   300.243313501252653248907788311115211      
   300.014705569035835607448590745636108      
   299.781908397564689278119182612252545      
   299.544951869634847970730483525779476      
   299.303861227416587847456120024389385      
   299.058656787463943266830140497624927      
   298.809353670392277114553722670167480      
   298.555961550668120270163190748968825      
   298.298484423023884221358058008268223      
   298.036920390158108261501153132136224      
   297.771261439955335114887094865804961      
   297.501493251984727921024087979625763      
   297.227595018064159596018453116896706      
   296.949539261976129843274333867190805      
   296.667291671451463620401036433977986      
   296.380810943274985998644206400233266      
   296.090048585543000840019608025605435      
   295.794948755125431092286976874036046      
   295.495448106303853581887500191617977      
   295.191475646925071350827944046983472      
   294.882952486815066862780922854743546      
   294.569791821004709944852207075585345      
   294.251898605424636491060313406034627      
   293.929169370108572188458429356885039      
   293.601492067899030538804358394448734      
   293.268745839232280276356268620984477      
   292.930800873821074450304349811218081      
   292.587518068246962264958787520503251      
   292.238748720250948380037180486838658      
   291.884334370776630393183018286511500      
   291.524106668129002977278554727252141      
   291.157886623328267142367706431429414      
   290.785484533991775774605133724507621      
   290.406699890526324535288703145604869      
   290.021320495970572246251731521183078      
   289.629122235307524393052048153700115      
   289.229868862994792096787633866896840      
   288.823311365829629289163443826784843      
   288.409187180018644452089067437610046      
   287.987220341699776216507964143106633      
   287.557120013104956489854255343445110      
   287.118580832964046775527028540311768      
   286.671281219001146397622600373312071      
   286.214883729192628632770936465527489      
   285.749033309665827214574298687074428      
   285.273357205685494583946616528729019      
   284.787463719447217126258849471791714      
   284.290941292668050354434079098450582      
   283.783357755063308318679476833256043      
   283.264258836489521619906360998326407      
   282.733167310680694851463609626059705      
   282.189581566031578009169081382460825      
   281.632974830332720856915595177853310      
   281.062792742784766281450954190228981      
   280.478452718924021722453510780505999      
   279.879341935162142054064225842942500      
   279.264815425749501060030359682438516      
   278.634194585519893105268525156626568      
   277.986764947238780889604528772601460      
   277.321773675369035404538252178131459      
   276.638427856884013489737734280155987      
   275.935891515601932026137983110391434      
   275.213282975649298850636493002537514      
   274.469672107026407797032924386208810      
   273.704077005969258312270507731117570      
   272.915460858730130213455206255615976      
   272.102727895779537810549026822292311      
   271.264719922501716522018979958883241      
   270.400212194363500969279607542567463      
   269.507908073078875015645068213465838      
   268.586435184934715381955109086346671      
   267.634339784382486171225386512984252      
   266.650081224776958453699048470183865      
   265.632025544911579576387439942262662      
   264.578440286963843393003714722260880      
   263.487486435075251059731151696283560      
   262.357211870432778123815177399490939      
   261.185543414025769379476938564204536      
   259.970278800038288938920233348027179      
   258.709078481735154117195743636754320      
   257.399456757295655940601553990037011      
   256.038772369491366073465540418268530      
   254.624220139127383937099076130398013      
   253.152820801075040215306086904480367      
   251.621413087500243519130742155569945      
   250.026644927027157344179905182879959      
   248.364966332106688785808162906712299      
   246.632623428315400854473297287525582      
   244.825656115624345784845222136331540      
   242.939896357634005638354812048178508      
   240.970972986832421961729917125457294      
   238.914322611121920404661410170436751      
   236.765207035466163350077914498835684      
   234.518738139907815246449687281982881      
   232.169930324364899122415374269739028      
   229.713740719778677964335142458424130      
   227.145158145881708968449100569993416      
   224.459301079962601898175951306381694      
   221.651548389320915262832741174615269      
   218.717700445649347956422856097509049      
   215.654181293692597230969312404909584      
   212.458275622499833910384079840703926      
   209.128408223614175095431132465365869      
   205.664455896508738776649942666645258      
   202.068080880032661428797438586913210      
   198.343079495516726418098059043166851      
   194.495693347041056321527366824173229      
   190.534869477333083355413369822288986      
   186.472414183386740849225064217949017      
   182.322994310961407941031952989015257      
   178.103936556097589316065567716803828      
   173.834830218520445053934497791370471      
   169.536914009459058342033255943711374      
   165.232314052154061870071817173245118      
   160.943195690333152033592769215159187      
   156.690922116810373503294042294939489      
   152.495306795589966534018070432964771      
   148.374027832636678830147706563155692      
   144.342240813650320719714265035315869      
   140.412392744595311686666117414636721      
   136.594216377352976239107163320031276      
   132.894865316958570520120985571101589      
   129.319149384770092206135331396711370      
   125.869822274303339146685666182674540      
   122.547892996252983925722604905373659      
   119.352931565225665997723731994878647      
   116.283354707296985860081223078550325      
   113.336679472166213675868260134422706      
   110.509743963273327757140605748251230      
   107.798892436203307416953901564974934      
   105.200128446639818126678592797299516      
   102.709238103371928181449577865612146      
   100.321890035838161036072489400911190      
   98.0337118024795938663153211399397739      
   95.8403509976298069441500870846644228      
   93.7375200096723838531380550888298075      
   91.7210299619120730192997271602757248      
   89.7868152973652741318745944305775298      
   87.9309508378774830038439871241233141      
   86.1496628662392945555028506452679097      
   84.4393356261008737179512452657000353      
   82.7965143932401073000420965487917394      
   81.2179057583454113102921918207546748      
   79.7003759520617188551370015801421911      
   78.2409475235991278301172294196839586      
   76.8367948566100028116196110882896984      
   75.4852388467138806710825218604420734      
   74.1837417188270207899218456342469715      
   72.9299005611353977172833795304811471      
   71.7214412623686579570542548867849215      
   70.5562122417616030983157759032852585      
   69.4321782689195913295337130175843230      
   68.3474144620314306821623896914527877      
   67.3001002747822174419822506959826280      
   66.2885137986363303609762095913004161      
   65.3110262200091464426838831265580121      
   64.3660966735703984816311887955144166      
   63.4522671090635553913391405988522428      
   62.5681576359902837474780705364291688      
   61.7124618209550897364678763613665512      
   60.8839425875980293658329477748720600      
   60.0814280230434558121953292994475355      
   59.3038078071597597621198663955817390      
   58.5500292966059372680274221116138434      
   57.8190943859220532160463060101860764      
   57.1100562229830498477338635832402078      
   56.4220163172136796192324593451844182      
   55.7541216108396721937031621285738924      
   55.1055619387996040201141709039584438      
   54.4755675514273795356155453079620553      
   53.8634066602959376529430584069179735      
   53.2683835714665846482941717561899562      
   52.6898362623935342236987078571951353      
   52.1271348078460878759329285534817312      
   51.5796793186589615637868866931078491      
   51.0468984470074482593748383856211535      
   50.5282477147174146613221899520809703      
   50.0232080377204726463373329976907821      
   49.5312843303685809906248050206538303      
   49.0520042503764279179250563375032733      
   48.5849168533476130379547153549461096      
   48.1295916152622661818752251737256556      
   47.6856171784567076616345211697204397      
   47.2526004687788978182116404640082627      
   46.8301655421757292323316672584511027      
   46.4179529615876529350060255650883996      
   46.0156187045569704952877202701264315      
   45.6228335289417840746574765045048324      
   45.2392821335442142916219684001207629      
   44.8646624464517912602439890370284174      
   44.4986850035110921889999352830719857      
   44.1410723127216248062990145601066724      
   43.7915582467566989307130381110249159      
   43.4498874670380912884172688219133556      
   43.1158149484610517428364743015873265      
   42.7891054281125955169080126273207943      
   42.4695329694648624324711405173227691      
   42.1568805023265120568660288145264520      
   41.8509394087434172483469386037062772      
   41.5515091342420372533235550674330196      
   41.2583967900983395451489659673108904      
   40.9714168218683110045218628271780642      
   40.6903906651872261851239211885737525      
   40.4151464193629043922668754002132992      
   40.1455185544377990598772238382723208      
   39.8813476283084146817806032016277243      
   39.6224800071899377515834905835164318      
   39.3687676212420530516078883582657561      
   39.1200676992554239317578502648594600      
   38.8762425650484231495573140734183944      
   38.6371593974379842270173026427531859      
   38.4026900327230988290836066815611707      
   38.1727107566847759638900012287953691      
   37.9471021291744966939686139293177903      
   37.7257487945544272289192532359144026      
   37.5085393185861771125381288066882973      
   37.2953660179764264452741659054204452      
   37.0861248191929945993471541981996275      
   36.8807150984678401732287586484088890      
   36.6790395505703256151909589411397058      
   36.4810040512375677118855840037279550      
