   6.96056439612021242808744038211665030      
   6.96056439612024352967699002325075390      
   6.96056439612189877694146328103028630      
   6.96056439614162191579810616772147710      
   6.96056439625239883292482697203516386      
   6.96056439665422381575729776880089883      
   6.96056439775841288409155794794137074      
   6.96056440027108812797600616992374609      
   6.96056440526140059587255412013365851      
   6.96056441418962540554097238446480201      
   6.96056442885352210796723170107896285      
   6.96056445120135424932155555490575639      
   6.96056448296614495179992959678003873      
   6.96056452509694175145087427789526339      
   6.96056457699071219779176763531850647      
   6.96056463555440884857901249208802506      
   6.96056469414586494194047814731137985      
   6.96056474145354775019522495101267911      
   6.96056476038014853945603618321732903      
   6.96056472699546039212503272479190431      
   6.96056460962139473846905544351621167      
   6.96056436810678731314392403911771374      
   6.96056395334160055947124770829216810      
   6.96056330704879520882525122566708384      
   6.96056236187745180372753108619258097      
   6.96056104180330553081868872422737565      
   6.96055926282407886838179000470430649      
   6.96055693391867807160617320460500358      
   6.96055395822335718512018850745415532      
   6.96055023436592004447678686021077458      
   6.96054565789192055389642751469179837      
   6.96054012271494551135659321821447580      
   6.96053352252609233228030773300537564      
   6.96052575210487153746597790672270373      
   6.96051670848385631968865269707447635      
   6.96050629193125766854378783884325776      
   6.96049440672806387054863685835169976      
   6.96048096172846847993044301815630040      
   6.96046587070325463814619803716624683      
   6.96044905247511148070584858247848533      
   6.96043043086224700226754125618586484      
   6.96040993445205808403359458383326936      
   6.96038749623010705139131010279751015      
   6.96036305309141510372685196739394247      
   6.96033654526137366942828111862044175      
   6.96030791565267685588193050916277457      
   6.96027710918287453534744865548736497      
   6.96024407207470755799069800250439473      
   6.96020875115854804358438729677730209      
   6.96017109319323213356105327706889180      
   6.96013104421850260180208436918659118      
   6.96008854894930844738752406389530418      
   6.96004355021940226139812466672861547      
   6.95999598847914465739926180197129329      
   6.95994580133452916006623359313302050      
   6.95989292321697721391362146681983709      
   6.95983728497165104863098054323874945      
   6.95977881363056711884196786876002183      
   6.95971743217447686482156984112544798      
   6.95965305935304399152603128977607694      
   6.95958560954669896760561849385767113      
   6.95951499266475600286340231294376138      
   6.95944111407449880173089064935059852      
   6.95936387455502829440096644838557385      
   6.95928317027121596671670568561565879      
   6.95919889276137040391747133873714995      
   6.95911092893389530457538904651185399      
   6.95901916106727642081797257779256884      
   6.95892346681003813565534927587660850      
   6.95882371917438503999811670693258476      
   6.95871978652050092066289432779510008      
   6.95861153252867832365382455091465770      
   6.95849881615351331139120015130360033      
   6.95838149155978747385586652720174175      
   6.95825940803535948001540589364934779      
   6.95813240987911640736537326162421355      
   6.95800033626341149833468999841927882      
   6.95786302106694688711045016310198868      
   6.95772029267725833692087941772418585      
   6.95757197376117870491820034964196872      
   6.95741788100623864195039635684485973      
   6.95725782481961562408218242586304046      
   6.95709160900166360255967159626604889      
   6.95691903038195827396370277434632693      
   6.95673987840698696673710212835290651      
   6.95655393471205141281721507858489886      
   6.95636097263481386618628321700985751      
   6.95616075670440096383083959650917869      
   6.95595304208298948695817429226683881      
   6.95573757397222670444217664630602586      
   6.95551408697579304658043226880556222      
   6.95528230443355917899710623368020937      
   6.95504193768908459424149582043743372      
   6.95479268532761232740374139302023418      
   6.95453423238826328019843947845234574      
   6.95426624948905858437814077514383582      
   6.95398839195189674197613566986623243      
   6.95370029884250000003872327646722677      
   6.95340159197725737720682828319645279      
   6.95309187489812667708000810929143569      
   6.95277073173149509855923314742793547      
   6.95243772607742899518167176984206547      
   6.95209239977830354506693984417168917      
   6.95173427163270153284820727435242250      
   6.95136283610862590345864072613179705      
   6.95097756187598931744481076345453047      
   6.95057789037236434470760728506045636      
   6.95016323428538788672900988641814259      
   6.94973297585599940414684047598516221      
   6.94928646526181507094212380993209289      
   6.94882301861551260720353957474853819      
   6.94834191667890573612930461806049928      
   6.94784240210545912308862857866960897      
   6.94732367780271818627014639525625299      
   6.94678490467146966011184819826928718      
   6.94622519929612120908077999090873096      
   6.94564363157656159855934227292213190      
   6.94503922203995999266708734355631449      
   6.94441093925310340652524072226394559      
   6.94375769692426386502138019153689560      
   6.94307835097196837951328025011435853      
   6.94237169620270856319024040089335032      
   6.94163646314648963008681612526257445      
   6.94087131439635103624712007997197907      
   6.94007484074153339442629000846510557      
   6.93924555749771360608947382138403549      
   6.93838190002049716136970571064816229      
   6.93748221918638890760665802118817436      
   6.93654477697742394692919728844384318      
   6.93556774096696555461374237095478466      
   6.93454917945229295065892910315314751      
   6.93348705532941294041390415821568962      
   6.93237922027815356411677331554676153      
   6.93122340809841323098174828696978092      
   6.93001722803833230190114644799415930      
   6.92875815714964536964494310935707751      
   6.92744353259614715959131590741891448      
   6.92607054330173225471462289066933805      
   6.92463622094427061367100298463780552      
   6.92313743017198187339188705254862600      
   6.92157085854930489128057337184690962      
   6.91993300546894533154762346462431347      
   6.91822016994508758875114720892497067      
   6.91642843947151308244246466511204425      
   6.91455367424773368019602290388910663      
   6.91259149397997713282925024356376928      
   6.91053726195233111407545944070885786      
   6.90838606807451482387471201741060770      
   6.90613271121363165454223471969583374      
   6.90377167907508808899094303845059703      
   6.90129712785408567096573443247583357      
   6.89870285957319021933233489397012800      
   6.89598229829239143641733651879832105      
   6.89312846367159065795031222593301742      
   6.89013394366122783171062399793056183      
   6.88699086477098745932388765952048485      
   6.88369085991373526149311474157006049      
   6.88022503453526553688077986604057980      
   6.87658393085610968897348888940431582      
   6.87275748899307019685802139383729652      
   6.86873500643358400018889291663285521      
   6.86450509590549521778968487135813204      
   6.86005563981760944846830477726660086      
   6.85537374658774634629763588000830225      
   6.85044570054937085329417995727482027      
   6.84525691663494878445785012145301876      
   6.83979189288373686796438099658949940      
   6.83403416546689054773348676257674305      
   6.82796626713159365417432655017490927      
   6.82156969110795783985312169574729105      
   6.81482486287782148854484650435911540      
   6.80771112264346869524392376355685911      
   6.80020672264622987531254393814732924      
   6.79228884185906217523733756243972613      
   6.78393362400456845543475717355043004      
   6.77511624022346197122127809251870223      
   6.76581098273340109181713647649438827      
   6.75599138902440615243094865027902845      
   6.74563040275611282062469820568392386      
   6.73470055742254423920998404718082118      
   6.72317419279825257410399206764773940      
   6.71102368513588977371470353631151678      
   6.69822168274382919301816628613866517      
   6.68474133285855499520472485090213736      
   6.67055648196706097580540220381133301      
   6.65564184159748211691871578520355329      
   6.63997310241325663225072784031594707      
   6.62352699819074510875331925312901524      
   6.60628131664036943082361356215227823      
   6.58821486758351011569016067477403558      
   6.56930741717012950290979292897902195      
   6.54953960211697787290895280557693230      
   6.52889283580672542446056555396621503      
   6.50734921586103321519278096680473795      
   6.48489144059282260702893930962264862      
   6.46150273783291868047024146632756396      
   6.43716680631611870546152685471224482      
   6.41186776940546185972127594461400242      
   6.38559013846372882363962675095218745      
   6.35831878404213728245330499668805083      
   6.33003891146838670573895638883466408      
   6.30073603952019487368440333005955297      
   6.27039597912896175913796354851382338      
   6.23900481439025410341828192467268469      
   6.20654888081001262937403679996826290      
   6.17301474408284292880172759110905686      
   6.13838917813822984097627343152415450      
   6.10265914282597222151701806017137067      
   6.06581176184183996201194500773072518      
   6.02783430091745183725922652885651903      
   5.98871414675448337847584826195614240      
   5.94843878682369042170343307727387498      
   5.90699579035110167082820219715134566      
   5.86437279058903081574873326567525472      
   5.82055746802391327456397692819709061      
   5.77553753559367165762343977057748366      
   5.72930072451520647858499169675927928      
   5.68183477173643259679433231929813349      
   5.63312740866954477140889689261873100      
   5.58316635094353362676035869295924936      
   5.53193928931444404648802853870412791      
   5.47943388159531554581907787061078784      
   5.42563774549434883475688778090773951      
   5.37053845231031504954727625897230740      
   5.31412352141322699695175798050944970      
   5.25638041534230915439603235556445252      
   5.19729653558776829562434779325594911      
   5.13685921893277166706577357966667586      
   5.07505573427271434473080943410336593      
   5.01187327965479008532700040030247303      
   4.94729898017597889133775811639704592      
   4.88131988572856822957856078755766914      
   4.81392296930330832633383967509717925      
   4.74509512545422468114004146675705463      
   4.67482316901725092844458312994903225      
   4.60309383401543164026150959924508445      
   4.52989377275937471853606304008624805      
   4.45520955503747791038706055279928075      
   4.37902766750791201243942343709435773      
   4.30133451313892697617989849668324007      
   4.22211641077381556450329546610143247      
   4.14135959479194432841515337278814729      
   4.05905021482598003455189410463586632      
   3.97517433553663378284767169438710167      
   3.88971793645462936638892309902863528      
   3.80266691188647096672087621547962768      
   3.71400707082536303468763884900965310      
   3.62372413692335744678857191811746411      
   3.53180374848660384845394399834064093      
   3.43823145850016155854949543261057084      
   3.34299273467795581866844829484918210      
   3.24607295953097850981803113630946722      
   3.14745743044884930095955567749993514      
   3.04713135981258795639664195486847665      
   2.94507987509502052646417731756993537      
   2.84128801899285173278577855894594422      
   2.73574074957091702231887014485319326      
   2.62842294039686020443789459646104045      
   2.51931938069763575617289421173728108      
   2.40841477551657400931612199722250405      
   2.29569374588413738533582759353051662      
   2.18114082897981433454275566259216700      
   2.06474047830760946665402791484283487      
   1.94647706387466294567766913254965984      
   1.82633487236856427032465371033862328      
   1.70429810734321473489636747130720379      
   1.58035088938847101371592161766183753      
   1.45447725633984603256563933183302930      
   1.32666116344881525876894503617054567      
   1.19688648357325235647865083080802593      
   1.06513700736895155321472940847810157      
  0.931396443477528410363836137298127871      
  0.795648418716940079796605529600984556      
  0.657876478271712700120515886719094604      
  0.518064085883052936214205183142880831      
  0.376194624039801179531388155930189000      
  0.232251394167019923122815516811607546      
   8.62176168182188061136972859966933429E-0002
  -6.19235681371258246324684605943405833E-0002
 -0.212189101323460114892073132503202920      
 -0.364596003670344390271928838941104449      
 -0.519161376223842324476630395789364909      
 -0.675902399960500699632619875392717802      
 -0.834836335598953218782310917506567527      
 -0.995980523413087558482814153823338060      
  -1.15935238304858740437651859818318028      
  -1.32496941333555138638327347996988643      
  -1.49284919210590434230540119680865116      
  -1.66300937601046604360438974397187366      
  -1.83546770033447738838423798099292685      
  -2.01024197881810312706838745199076598      
  -2.18735010347401707460393049764439713      
  -2.36681004440584778373754996785720346      
  -2.54863984963461724584078562785862732      
  -2.73285764491281791769094130506389089      
  -2.91948163355335214857722949677410875      
  -3.10853009624830378970834003402601655      
  -3.30002139089726301063336372923763477      
  -3.49397395242672650195166309104548966      
  -3.69040629262265458435866221349945109      
