 0.13628526479685E+03
 0.13628526479685E+03
 0.13628526479700E+03
 0.13628526479836E+03
 0.13628526480478E+03
 0.13628526482493E+03
 0.13628526487383E+03
 0.13628526497463E+03
 0.13628526516627E+03
 0.13628526552868E+03
 0.13628526623801E+03
 0.13628526765602E+03
 0.13628527044388E+03
 0.13628527568056E+03
 0.13628528496426E+03
 0.13628530048070E+03
 0.13628532503080E+03
 0.13628536201827E+03
 0.13628541540365E+03
 0.13628548963464E+03
 0.13628558956359E+03
 0.13628572036328E+03
 0.13628588745119E+03
 0.13628609643094E+03
 0.13628635305801E+03
 0.13628666323408E+03
 0.13628703303206E+03
 0.13628746875048E+03
 0.13628797699346E+03
 0.13628856477009E+03
 0.13628923960531E+03
 0.13629000965326E+03
 0.13629088380457E+03
 0.13629187177904E+03
 0.13629298419695E+03
 0.13629423262368E+03
 0.13629562958421E+03
 0.13629718854599E+03
 0.13629892387058E+03
 0.13630085073573E+03
 0.13630298503125E+03
 0.13630534323247E+03
 0.13630794225631E+03
 0.13631079930457E+03
 0.13631393169992E+03
 0.13631735671920E+03
 0.13632109142873E+03
 0.13632515252562E+03
 0.13632955618897E+03
 0.13633431794356E+03
 0.13633945253860E+03
 0.13634497384351E+03
 0.13635089476173E+03
 0.13635722716330E+03
 0.13636398183684E+03
 0.13637116846033E+03
 0.13637879559046E+03
 0.13638687066990E+03
 0.13639540005734E+03
 0.13640438904389E+03
 0.13641384193950E+03
 0.13642376211905E+03
 0.13643415210529E+03
 0.13644501365682E+03
 0.13645634786438E+03
 0.13646815525448E+03
 0.13648043589834E+03
 0.13649318952540E+03
 0.13650641563981E+03
 0.13652011363876E+03
 0.13653428293216E+03
 0.13654892306180E+03
 0.13656403381987E+03
 0.13657961536603E+03
 0.13659566834191E+03
 0.13661219398301E+03
 0.13662919422805E+03
 0.13664667182360E+03
 0.13666463042549E+03
 0.13668307469602E+03
 0.13670201039579E+03
 0.13672144447366E+03
 0.13674138515140E+03
 0.13676184200491E+03
 0.13678282603797E+03
 0.13680434975606E+03
 0.13682642723302E+03
 0.13684907417795E+03
 0.13687230799178E+03
 0.13689614782925E+03
 0.13692061465731E+03
 0.13694573130246E+03
 0.13697152250291E+03
 0.13699801495589E+03
 0.13702523736121E+03
 0.13705322046545E+03
 0.13708199712554E+03
 0.13711160232970E+03
 0.13714207325267E+03
 0.13717344929037E+03
 0.13720577211549E+03
 0.13723908571142E+03
 0.13727343641318E+03
 0.13730887298179E+03
 0.13734544663709E+03
 0.13738321110699E+03
 0.13742222266223E+03
 0.13746254021406E+03
 0.13750422537645E+03
 0.13754734250323E+03
 0.13759195871921E+03
 0.13763814409870E+03
 0.13768597170293E+03
 0.13773551760787E+03
 0.13778686102617E+03
 0.13784008452448E+03
 0.13789527397196E+03
 0.13795251859174E+03
 0.13801191141949E+03
 0.13807354910245E+03
 0.13813753215656E+03
 0.13820396520442E+03
 0.13827295703669E+03
 0.13834462077476E+03
 0.13841907422950E+03
 0.13849643985580E+03
 0.13857684529171E+03
 0.13866042327075E+03
 0.13874731217828E+03
 0.13883765605922E+03
 0.13893160526999E+03
 0.13902931639734E+03
 0.13913095302910E+03
 0.13923668574687E+03
 0.13934669286129E+03
 0.13946116073230E+03
 0.13958028412706E+03
 0.13970426697995E+03
 0.13983332287269E+03
 0.13996767561073E+03
 0.14010755983750E+03
 0.14025322185669E+03
 0.14040492052854E+03
 0.14056292784947E+03
 0.14072753000633E+03
 0.14089902853302E+03
 0.14107774107110E+03
 0.14126400295366E+03
 0.14145816824719E+03
 0.14166061124959E+03
 0.14187172810610E+03
 0.14209193825981E+03
 0.14232168671058E+03
 0.14256144583355E+03
 0.14281171764485E+03
 0.14307303620450E+03
 0.14334597049055E+03
 0.14363112720503E+03
 0.14392915425182E+03
 0.14424074405929E+03
 0.14456663782155E+03
 0.14490763000756E+03
 0.14526457298636E+03
 0.14563838252752E+03
 0.14603004394200E+03
 0.14644061851085E+03
 0.14687125092848E+03
 0.14732317741986E+03
 0.14779773491666E+03
 0.14829637108509E+03
 0.14882065534705E+03
 0.14937229129412E+03
 0.14995313023488E+03
 0.15056518683418E+03
 0.15121065450256E+03
 0.15189192509036E+03
 0.15261160815763E+03
 0.15337255288307E+03
 0.15417787182051E+03
 0.15503096594067E+03
 0.15593555215199E+03
 0.15689569085448E+03
 0.15791581543412E+03
 0.15900076082731E+03
 0.16015579237882E+03
 0.16138663096054E+03
 0.16269947467474E+03
 0.16410101439723E+03
 0.16559843992186E+03
 0.16719943080341E+03
 0.16891213665745E+03
 0.17074512955078E+03
 0.17270734509359E+03
 0.17480797488071E+03
 0.17705634882161E+03
 0.17946177727529E+03
 0.18203336501745E+03
 0.18477979680774E+03
 0.18770910458680E+03
 0.19082840603097E+03
 0.19414369882568E+03
 0.19765956862203E+03
 0.20137901149759E+03
 0.20530330819368E+03
 0.20943170284230E+03
 0.21376165009987E+03
 0.21828866525438E+03
 0.22300647904213E+03
 0.22790722587317E+03
 0.23298168566056E+03
 0.23821957225510E+03
 0.24360983652980E+03
 0.24914096487189E+03
 0.25480125849685E+03
 0.26057907114596E+03
 0.26646300865320E+03
 0.27244208131663E+03
 0.27850581148892E+03
 0.28464430335693E+03
 0.29084828078443E+03
 0.29710909796063E+03
 0.30341873135496E+03
 0.30976975691036E+03
 0.31615532187221E+03
 0.32256910379108E+03
 0.32900527456068E+03
 0.33545845885316E+03
 0.34192369613653E+03
 0.34839640351871E+03
 0.35487234048448E+03
 0.36134757692147E+03
 0.36781846353228E+03
 0.37428160598540E+03
 0.38073384050858E+03
 0.38717221177305E+03
 0.39359395432399E+03
 0.39999647564144E+03
 0.40637734012399E+03
 0.41273425733447E+03
 0.41906506696663E+03
 0.42536773087967E+03
 0.43164032301453E+03
 0.43788102036088E+03
 0.44408809625228E+03
 0.45025991387805E+03
 0.45639492032292E+03
 0.46249164131394E+03
 0.46854867680915E+03
 0.47456469711524E+03
 0.48053843933916E+03
 0.48646870361437E+03
 0.49235435098091E+03
 0.49819430082279E+03
 0.50398752781266E+03
 0.50973306081554E+03
 0.51542998027414E+03
 0.52107741739887E+03
 0.52667455168975E+03
 0.53222061033444E+03
 0.53771486646151E+03
 0.54315663797052E+03
 0.54854528710342E+03
 0.55388021844749E+03
 0.55916087850374E+03
 0.56438675483194E+03
 0.56955737477065E+03
 0.57467230502493E+03
 0.57973115089709E+03
 0.58473355471651E+03
 0.58967919606340E+03
 0.59456779017587E+03
 0.59939908801233E+03
 0.60417287440225E+03
 0.60888896803742E+03
 0.61354722155388E+03
 0.61814751891043E+03
 0.62268977516559E+03
 0.62717393690451E+03
 0.63159998015179E+03
 0.63596791062196E+03
 0.64027776168064E+03
 0.64452959510435E+03
 0.64872349891717E+03
 0.65285958773646E+03
 0.65693800086313E+03
 0.66095890273926E+03
 0.66492248094320E+03
 0.66882894628410E+03
 0.67267853183221E+03
 0.67647149142223E+03
 0.68020810006568E+03
 0.68388865217217E+03
 0.68751346109104E+03
 0.69108285871952E+03
 0.69459719386596E+03
 0.69805683241755E+03
 0.70146215582642E+03
 0.70481356088492E+03
 0.70811145869928E+03
 0.71135627392343E+03
