   91.9024000948784202170827437330254962      
   91.9024000948756103372976966772670622      
   91.9024000947781154036684974976717639      
   91.9024000938787693816519557098420239      
   91.9024000896844288202615368588703156      
   91.9024000766383934661770923344178128      
   91.9024000450117361783005238947368788      
   91.9023999762874426469790671995486731      
   91.9023998183483734567671884730548552      
   91.9023994036952322904936821337553772      
   91.9023982669257107378150858385117444      
   91.9023953407678448635784250903134560      
   91.9023885526131096432302301767498794      
   91.9023743796605964653743415128111077      
   91.9023474336082314209277448237432675      
   91.9023001355360839750868286875289188      
   91.9022225182958766796570097309283306      
   91.9021021680671965742872728035833459      
   91.9019242956307592895720927445315612      
   91.9016719138281763826278305839607722      
   91.9013260903282166147566859469200912      
   91.9008662426891782854987396443269086      
   91.9002704442249195520175442002166805      
   91.8995157130612965112191540073083952      
   91.8985782622295581351699951106219140      
   91.8974336950593548259396053145118894      
   91.8960571367883451948992822636732371      
   91.8944233001033460229169228627304974      
   91.8925064882715910328332640277117818      
   91.8902805442937407231065310375175037      
   91.8877187582666311137233473103277413      
   91.8847937470523356422919548661313284      
   91.8814773208933854011056508348725393      
   91.8777403509215043559832999472614728      
   91.8735526497499462999357194686319408      
   91.8688828749015887173487406189452849      
   91.8636984620453512710744959556894590      
   91.8579655780160324872369942381528300      
   91.8516491753234704525634268025596099      
   91.8447129562723332927913139490693411      
   91.8371194863732857752952644005515997      
   91.8288302787808871448956462462800997      
   91.8198059110046363076813660681010933      
   91.8100061572369539919570151811456221      
   91.7993901302506752314000357449228744      
   91.7879164268970019464120915627853565      
   91.7755432718292121836318535984971203      
   91.7622286543673584046777728834652485      
   91.7479304544467453601335158579166055      
   91.7326065540904547476578484529954085      
   91.7162149320824951624168546387940901      
   91.6987137394754014374114146296088843      
   91.6800613553745518429278898272675405      
   91.6602164221210874788822688767356147      
   91.6391378599513067123007082381270909      
   91.6167848621278916372716419216134090      
   91.5931168710017347351589206097499260      
   91.5680935367557389266477176070121502      
   91.5416746596980678398416362595831080      
   91.5138201194957047619352775776246768      
   91.4844897899278598995378049966703665      
   91.4536434449479458820155809582735000      
   91.4212406545246676080649364174055238      
   91.3872406744103336227174912595563820      
   91.3516023311478362904843899352282633      
   91.3142839003636958688777607864519662      
   91.2752429872160330808878787667002418      
   91.2344364013967789948793122164093725      
   91.1918200355505003463780705460498810      
   91.1473487449807225277474680900609532      
   91.1009762250511656698430708512571439      
   91.0526548969587860895345686394632093      
   91.0023357963978839331190629099591890      
   90.9499684609760377977111665524833836      
   90.8955008224200312261555144558565652      
   90.8388791130507126925633633809208214      
   90.7800477571096467030641490659134097      
   90.7189492842642252380430856787071350      
   90.6555242386193552339992312064815105      
   90.5897110961918450921735595512328315      
   90.5214461846778238817059556001897997      
   90.4506636008323425661696285927962257      
   90.3772951221222219128155090313373458      
   90.3012701477625429176857250156545806      
   90.2225156205716847238813896417257780      
   90.1409559581468116861454677457771167      
   90.0565129758129800847852992634973117      
   89.9691058389194095682341042667756939      
   89.8786509777379124644999815555498976      
   89.7850619830412451293007038909786251      
   89.6882495702496423006716563393680407      
   89.5881214616403947790797067165196828      
   89.4845824528679672109099622554231583      
   89.3775341427792639029731770741299619      
   89.2668749654788970895902621479987934      
   89.1525000299159044380656842456225116      
   89.0343011035599482715960019352088462      
   88.9121664417187719364754718363475333      
   88.7859807397837949332197913477354915      
   88.6556249780647253735170466662078405      
   88.5209764669099473272950601142044020      
   88.3819084658847792371802380150064082      
   88.2382901814812718400870022387013197      
   88.0899866325406846429915007888521889      
   87.9368586377187051945499942879016250      
   87.7787624746510954325223263609944957      
   87.6155496141673402343153411176041733      
   87.4470669003086170990501337541871031      
   87.2731562538862151456334447715728969      
   87.0936541362571651304836710501559946      
   86.9083917391683024241347752778458509      
   86.7171948751338705418268370945699697      
   86.5198832305283803765039311035362179      
   86.3162705399114853718793338379830349      
   86.1061643284546275538945530113518539      
   85.8893652963411918747758638220616604      
   85.6656676625654103473020022331187055      
   85.4348580682049599243033001399489407      
   85.1967161213984581565541238226521139      
   84.9510133654523908271135991091715051      
   84.6975132868779888248487618315452310      
   84.4359711186167633390524475743639771      
   84.1661329528523904807587580514248258      
   83.8877357572857871678517399712528000      
   83.6005069760676754667303956908596407      
   83.3041638189599295422624345375917395      
   82.9984129068991757496704653213426152      
   82.6829500813197449479171657210185396      
   82.3574596035605627900366766154679642      
   82.0216133006696762891960666449395849      
   81.6750711448040375074450335600367306      
   81.3174794596165989938953102457344960      
   80.9484709427669010533189390830716400      
   80.5676639067562174274537797151214686      
   80.1746617602140620785493709932623844      
   79.7690523000101050553259332446102152      
   79.3504067550856530967287970446988466      
   78.9182796865442234748166135211110223      
   78.4722073125285208878911276807208212      
   78.0117077773469736468421431731967285      
   77.5362797271656100995359928362730331      
   77.0454018937447930668825403012606303      
   76.5385317478456717943998336098453279      
   76.0151060690006063851835716129338121      
   75.4745385640011955296876746216589760      
   74.9162203292007246170431499571051774      
   74.3395184839363692725187188766478806      
   73.7437763504526653176546888637011057      
   73.1283125659769651334019246680019222      
   72.4924208809481030462170847787356413      
   71.8353702664227540046235434858731069      
   71.1564048598047934059021934961312996      
   70.4547450158728162160434879501805755      
   69.7295879806650038229094678645507472      
   68.9801099080846538761433473091952704      
   68.2054679136329550191022220611402072      
   67.4048039172504371809840023567377039      
   66.5772491500458585015081700687319805      
   65.7219295634517807485593303430650160      
   64.8379756118746442421182289010909390      
   63.9245300404179896060813175578371278      
   62.9807628577270706160937741359816615      
   62.0058864315982727370479600904692532      
   60.9991782117327283077663081355490209      
   59.9600016070090231522997627865182440      
   58.8878406130006782017818584778058488      
   57.7823322253408068064431145245570639      
   56.6433138269576411028343470544746241      
   55.4708694316129095866828777799445747      
   54.2653876988307914797865501931160774      
   53.0276251661735228405601602353879279      
   51.7587723719928161328827395651360567      
   50.4605242200789470643196935315670554      
   49.1351474252777444101883096603427201      
   47.7855393870851972901797549420535648      
   46.4152776851781590722107164308034866      
   45.0286389825607098672675162861009193      
   43.6305953733655049539271904396795826      
   42.2267602570283401555807735410766262      
   40.8232870168517716689886895796922984      
   39.4267204033713811309998535560685484      
   38.0437912236222830324205592967257782      
   36.6811831751564177101257388775848506      
   35.3452803578834430043582806323643900      
   34.0419291708981390802680567834990864      
   32.7762361555100591439509660892622955      
   31.5524221629732766935794751953127919      
   30.3737452402939241263282708109880641      
   29.2424895711136239284670708745223099      
   28.1600134390907158223587168924576596      
   27.1268398529643341601981695310295845      
   26.1427748265406231737779927858405078      
   25.2070364479188764469011448140571637      
   24.3183836972485625896200877024258836      
   23.4752353292322003353865350550239724      
   22.6757736838821284324072142536408608      
   21.9180323812088931361713324928276941      
   21.1999665544794403690853763190481114      
   20.5195077777858403786005486777162218      
   19.8746051117103757099600084881126422      
   19.2632551703005577820987400318614104      
   18.6835226693351699337921503509224199      
   18.1335537794808250741081057252694233      
   17.6115844885877976574064384758938568      
   17.1159442096079067269303452634180154      
   16.6450569153854261140399065369040201      
   16.1974399795086935333630869853048183      
   15.7717015318591653896050491535468058      
   15.3665370642231513560692182359169928      
   14.9807253296049520691831842378001119      
   14.6131239226233401957211451970724699      
   14.2626647750070441798030843584293823      
   13.9283496734759216322656785992079807      
   13.6092458275620603695681105548867490      
   13.3044815949725971867737381928688419      
   13.0132424620359677288657585322868883      
   12.7347671322558872049770153645645282      
   12.4683439257060911153460760982276836      
   12.2133072798445211869692383687717293      
   11.9690346506003048981550670263748675      
   11.7349434450764140872852209966124867      
   11.5104882639113679508059377712211075      
   11.2951582811052084476855665749325930      
   11.0884748604476459385455831322930110      
   10.8899892819885499078554391820105795      
   10.6992806892661537859704768765314329      
   10.5159541288169161667933733054910077      
   10.3396387854287068762259611232994149      
   10.1699863104149245983272127700879422      
   10.0066692528279658866475458790962640      
   9.84937972596877724452422508319016403      
   9.69782795786954589693795777237622913      
   9.55174115102593077662411584676327445      
   9.41086233473081161213991357004212568      
   9.27494928550390891948356084322165779      
   9.14377357510359309052541411075154778      
   9.01711964003462600508699316677268398      
   8.89478396830477137796207818983915621      
   8.77657428187063233691281223382228451      
   8.66230885741477901001001642082041420      
   8.55181582652082536035819530832708064      
   8.44493254795116350208116650558080862      
   8.34150505333790131667172111108120252      
   8.24138745613752270848677079391744288      
   8.14444150798755203393589219286398816      
   8.05053609730624563577660169925045824      
   7.95954682763510729527122945559710911      
   7.87135559230101715556088719841837278      
   7.78585022536755804357391495795196533      
   7.70292412844073628114740351227665250      
   7.62247595599832872376455190507350574      
   7.54440929726752947461950065654956314      
   7.46863240381421881404325043549682623      
   7.39505790811072999619883107576453941      
   7.32360258338506787066593010098808093      
   7.25418711046909938989921128632487627      
   7.18673585698665398653133615837131953      
   7.12117666151305836607310489681893032      
   7.05744067081841026942512819643922124      
   6.99546213558159634610717327855549493      
   6.93517825036167734776576405158139507      
   6.87652900214239044887900151302011257      
   6.81945700780392557867747996625743349      
   6.76390739236094798682526351447756814      
   6.70982764658742248907783408056929607      
   6.65716751053781785293279740157615272      
   6.60587885478059480741467294953521482      
   6.55591557538679743880022511435786456      
   6.50723348947602649214106766336562490      
   6.45979024119367101879726407357037266      
   6.41354520935989854775602252394636322      
   6.36845942399204145869417624641415770      
   6.32449548403193741956874712053468441      
   6.28161748422970746190918760724965136      
   6.23979094052724263425370796191828007      
   6.19898272495494650130686027866040588      
   6.15916100035892690713661106566773130      
   6.12029516100720033965521117157947768      
   6.08235577449822594428598585446745410      
   6.04531452861548758906526195419721205      
   6.00914418037871090450142851686959342      
   5.97381850687512580568916545874957169      
   5.93931225978573471357528602928252545      
   5.90560112286952129151798861886771950      
   5.87266166890378489351797993135119501      
   5.84047132275166614693669395545863589      
   5.80900832231491915908039674479163607      
   5.77825168609802966860065291779923797      
   5.74818117597352048624496108904770050      
   5.71877726982752060642738748537549442      
   5.69002112708600835929272923512530128      
   5.66189456412603701831632474799101200      
   5.63438002370413604078063507700584480      
   5.60746055152596927590663073380350347      
   5.58111976942880387183213734110422793      
   5.55534185385993309950465684982636771      
   5.53011151219706444451678601587647454      
   5.50541396159490655345889934046967181      
   5.48123490935288020264457956484006785      
   5.45756053250278750627592826184144516      
