   6.91360382032105060219110298214517828      
   6.91360382032105110148990120050159411      
   6.91360382032108955897461395071538087      
   6.91360382032172657037300039129441105      
   6.91360382032646964407827706415172046      
   6.91360382034827194454909996336211927      
   6.91360382042124210775840530634792819      
   6.91360382061614616007291957407216556      
   6.91360382105205065483226732954012804      
   6.91360382188251542740225846328957701      
   6.91360382321555130734131514116262301      
   6.91360382491358848530415172851385950      
   6.91360382622306345637375774522577192      
   6.91360382520291047032531090004882986      
   6.91360381794927827003802175870597119      
   6.91360379764123045577820421796573558      
   6.91360375345348257132767544919708218      
   6.91360366939581437373618514784844933      
   6.91360352314564595899431290884705001      
   6.91360328494217466542585486074715711      
   6.91360291660884317534774629917432737      
   6.91360237076628413569610071844404961      
   6.91360159029007125734169476655740528      
   6.91360050805619032832370109890178433      
   6.91359904700206614641877193291233378      
   6.91359712051289298024606682653326788      
   6.91359463312331193134834626079613413      
   6.91359148150504924243769005395164165      
   6.91358755569396103611211328135868725      
   6.91358274049669913218723529364836637      
   6.91357691700901922453079073026663777      
   6.91356996417498194029254135922321411      
   6.91356176031868321882486002293189388      
   6.91355218458688966047774548508460521      
   6.91354111825093518199163626500631372      
   6.91352844582820976494195211380502960      
   6.91351405599633901632400887092734057      
   6.91349784228567924718020868927045855      
   6.91347970354722582095076175402357139      
   6.91345954420289851102003900829914933      
   6.91343727429311447793452567694575372      
   6.91341280934247913871554822173053492      
   6.91338607006837612177877372274202285      
   6.91335698195939635878612251559335168      
   6.91332547475115768232972691942072007      
   6.91329148182641309066799208538747048      
   6.91325493956472178592941435365265127      
   6.91321578666463261222073817006301085      
   6.91317396345855038331339704682002949      
   6.91312941123743988077956390998308859      
   6.91308207158227142362787107921339166      
   6.91303188581088110317204568755171379      
   6.91297879431645079066201710518285522      
   6.91292273609804946859593322822337961      
   6.91286364827520036305965939203602386      
   6.91280146566863775339908937437268312      
   6.91273612043378814562931365006934654      
   6.91266754174507760200158888690548089      
   6.91259565552801495552614304855466726      
   6.91252038423506772388789007414934091      
   6.91244164666085746785478738585458456      
   6.91235935779140770913920603831841129      
   6.91227342868244528834580346719213134      
   6.91218376636137665869851445076856735      
   6.91209027374736563236972202414564941      
   6.91199284958419519146664127363878002      
   6.91189138838142444800802014184125269      
   6.91178578035899156693369401623074600      
   6.91167591138980712598650956994591462      
   6.91156166293787754160037658571194829      
   6.91144291198709363507413802219665788      
   6.91131953095760851205849640439331252      
   6.91119138760701962894467660443061379      
   6.91105834491354737213912591962921489      
   6.91092026093856886710256567035071029      
   6.91077698866773302024365499104319830      
   6.91062837582765828544229472759220036      
   6.91047426467616528864336359366865436      
   6.91031449176806452555552865192823374      
   6.91014888769368717740840973062800459      
   6.90997727678529712808965712297065452      
   6.90979947679854688777906179121961312      
   6.90961529856600390413351606924560658      
   6.90942454561183552351056013981452914      
   6.90922701375143866984214399721473842      
   6.90902249064568691495020028939087609      
   6.90881075533501617626057764740742882      
   6.90859157774016485676834358683744159      
   6.90836471812821102587181748156243151      
   6.90812992655115444055792386374091397      
   6.90788694225282790410725844467374501      
   6.90763549304870926828116336369036193      
   6.90737529466159882496085920197444908      
   6.90710605002408447372018600301129913      
   6.90682744859378638925258431435612780      
   6.90653916553230008356870065066417431      
   6.90624086098683680207962366627975206      
   6.90593217919757306295070301673021371      
   6.90561274768380726808592172914059946      
   6.90528217631108735461218846650997103      
   6.90494005635722046411380277510310707      
   6.90458595955558560629330828599123207      
   6.90421943702973042697612767822898863      
   6.90384001825883274632788087736561738      
   6.90344720994859872177248610154389834      
   6.90304049488300950987326022031387448      
   6.90261933070643328563957986810250176      
   6.90218314862517113628283508348473187      
   6.90173135214350413803442536192879152      
   6.90126331555424090048959591919359159      
   6.90077838286188684100066337465392062      
   6.90027586578812344590663871313348602      
   6.89975504248094746725944478186765055      
   6.89921515580300940286066238218114653      
   6.89865541160288830943690993924053653      
   6.89807497696659565982067909944931466      
   6.89747297825966047182605622925660708      
   6.89684849907721295574919338120610665      
   6.89620057834987364753669026961874777      
   6.89552820808023527676723038492349151      
   6.89483033100055895329367561046035259      
   6.89410583816418544486008099248007220      
   6.89335356650657408982631583809314204      
   6.89257229615865249436409458966250623      
   6.89176074772023742827207770225557980      
   6.89091757915403136405823463964272552      
   6.89004138291015432698246068262875185      
   6.88913068257639006570507882156099389      
   6.88818392940697942981721399438978832      
   6.88719949890255938174192317676964694      
   6.88617568669597057643980675218397908      
   6.88511070505595306521879926355433858      
   6.88400267824014863018429518688514703      
   6.88284963813185553472390336386763880      
   6.88164951961164693636259237429384359      
   6.88040015572207793765801090851750120      
   6.87909927216642595245093352988001892      
   6.87774448195922284349883562258583560      
   6.87633327954203361724881356068664364      
   6.87486303452818506886150423223236994      
   6.87333098537881589271268353392125752      
   6.87173423186313646391187917134536612      
   6.87006972916890823345879172173042177      
   6.86833427828022259812222159965238635      
   6.86652451903681077869889736707499217      
   6.86463692101045625062712226643934802      
   6.86266777434675880519022936566888370      
   6.86061318002233461814915695885718760      
   6.85846903952891737649869896889991064      
   6.85623104375772277908562694568361885      
   6.85389466138948951337823380603710465      
   6.85145512670062388148018378317525070      
   6.84890742632181959563937131728619194      
   6.84624628539005521739927397940492175      
   6.84346615298513119681400486146025139      
   6.84056118611658332485459447188371494      
   6.83752523371728417531344684945212253      
   6.83435181879447302362178954604427197      
   6.83103411998950390977181641675793044      
   6.82756495224477587186533232555038068      
   6.82393674583925555549139296454418239      
   6.82014152463687805498320044519527057      
   6.81617088324936039329262894728548414      
   6.81201596311563486749599569950078250      
   6.80766742640808608832983554618981145      
   6.80311543197206872539915286796346603      
   6.79834960454686877717849095585577053      
   6.79335900979036812912967776526614385      
   6.78813212286107387431670581567580101      
   6.78265679985078655509302461530554590      
   6.77692024724685669988707261511072528      
   6.77090899247887875187285945842339630      
   6.76460885425436902643310261429627610      
   6.75800491444366200433966072520561149      
   6.75108149127998322251738000748656093      
   6.74382211538655397170937415769165307      
   6.73620951071889477179381013971582490      
   6.72822557959976003128870632264426317      
   6.71985139335146921813961595120114236      
   6.71106719323862676986820935067425060      
   6.70185239928944835397450444045671742      
   6.69218563218306086686755617245561113      
   6.68204475014838540683782201690190432      
   6.67140689554521830062403255477992684      
   6.66024856440284460916745027914862149      
   6.64854568861778745299420046632294741      
   6.63627373648206738690496516417388087      
   6.62340782763772209153848133840332233      
   6.60992285931075692861271248085392425      
   6.59579363951895364050155359669889262      
   6.58099502038059892788896514174599128      
   6.56550202178374727516367761375319776      
   6.54928994148206823135364900730156945      
   6.53233443645322422860458792077308893      
   6.51461157586037413837092027251880048      
   6.49609785793234358962824793898792021      
   6.47677019384120338757001305091335616      
   6.45660586328280501781257809175637393      
   6.43558245165087591730509644598320913      
   6.41367778160403408033611328747933357      
   6.39086985178997914051168539370103590      
   6.36713679358134578433811484601326823      
   6.34245685274632209903558354940358438      
   6.31680839836902410283822339025135758      
   6.29016995561235114313039302637635225      
   6.26252025714135876855548720081895465      
   6.23383830369183482043656392490806430      
   6.20410342744091743511222478481481268      
   6.17329534907584480758271831316538480      
   6.14139422702673513216272724606933678      
   6.10838069238442482385076735460846921      
   6.07423587078100308294728784248279729      
   6.03894139100954145674115306083669808      
   6.00247938190656150314028501300867440      
   5.96483245910366097441770487694120352      
   5.92598370406605557766690917676217330      
   5.88591663714718594994075754132623363      
   5.84461518715388342441561350423075995      
   5.80206365791715961818440550990301887      
   5.75824669470334493154083369683034834      
   5.71314924997569606223276947933441292      
   5.66675655017063833669941584344657508      
   5.61905406402907921068575288783828117      
   5.57002747245798220103741531381654818      
   5.51966264030341645087048659945324212      
   5.46794559030215928028971848973214779      
   5.41486247906598461160899094540781981      
   5.36039957504951806286199241805512151      
   5.30454323860851133558918352567177466      
   5.24727990367746265054808978091468271      
   5.18859606142140704688437304344847876      
   5.12847824539018094680391162698253106      
   5.06691301813039622960620058811164903      
   5.00388695902603223118767508023610022      
   4.93938665369252647124065492877662032      
   4.87339868418213401764086172328927572      
   4.80590962023717931113273684940193440      
   4.73690601153786219868947257043613801      
   4.66637438065791886908507029729262071      
   4.59430121685267293561775414300573424      
   4.52067297040617104754917600882925357      
   4.44547604760033835323639511046422000      
   4.36869680621214759001609497365817177      
   4.29032155147662857817947543026822678      
   4.21033653248244064468086852767698938      
   4.12872793891872723590199987432744652      
   4.04548189817339541625988074784415319      
   3.96058447275992255446683674681537145      
   3.87402165797648110240028513664843100      
   3.78577937984020395156805662288437394      
   3.69584349321768802545721064536737321      
   3.60419978017229642683745652724610673      
   3.51083394848710471466814243300531718      
   3.41573163033798054011500428392165031      
   3.31887838111265667295785727510079207      
   3.22025967836538871338309137928042089      
   3.11986092088919401597135552746366338      
   3.01766742788400680259471441103165567      
   2.91366443822780221161942255026074435      
   2.80783710983220021532892041549210254      
   2.70017051907688777353557796349363072      
   2.59064966031023753482333311729754911      
   2.47925944541682448111552913276655077      
   2.36598470344304385051551506829039402      
   2.25081018027070675303767637010629050      
   2.13372053834412358290931743690589190      
   2.01470035643351853866894734083619069      
   1.89373412944268823011678489747075388      
   1.77080626823260562109923966640393193      
   1.64590109955473548824800283902762052      
   1.51900286586144017454171666919910722      
   1.39009572529887882389756174248486029      
   1.25916375163782465296939903138056028      
   1.12619093424805219025379016220411844      
  0.991161178100543449983189878168481987      
  0.854058303766525798831719298945792723      
  0.714866047454161920658655675250295008      
  0.573568061051774417245394992869514561      
  0.430147912179268251936429629070144867      
  0.284589084261233483160050651915757569      
  0.136874976605732984439163068770548354      
  -1.30110955018011592339131804937323845E-0002
 -0.165085900703936411562737389678571053      
 -0.319366291461152889369335007160905619      
 -0.475869203934577279284214044396842825      
 -0.634611657859299317185243664411623616      
 -0.795610756423742242283044082083421116      
 -0.958883686127390268848449723127244031      
  -1.12444771664233165710377858497227705      
  -1.29232020066966893163459623865689027      
  -1.46251857378708181910090787380225292      
  -1.63506035429796744455850029200771834      
  -1.80996314306965445719871573858457367      
  -1.98724462338305923672063937934286111      
  -2.16692256075657569330241560791629409      
  -2.34901480279340494216141701417519359      
  -2.53353927900024847699576082218441529      
  -2.72051400063007377474878199061856462      
  -2.90995706050052833175261517362837205      
  -3.10188663282703349836273284224546830      
