   482.989325850007905336203016426942572      
   482.989325850023373366427372730507558      
   482.989325850584957797292430936243272      
   482.989325856041768605215061144867016      
   482.989325882847423282309279440332794      
   482.989325962960785244021862817258552      
   482.989325964476093696761238280879766      
   482.989323864525929937062038340117823      
   482.989307845718907338226253442634133      
   482.989234833847240460371094225810593      
   482.988991236150626994950384861551513      
   482.988340379049838945660678800500799      
   482.986868768962185925498718325313872      
   482.983944750559992113231044021987175      
   482.978698897441246899531752928259756      
   482.970029026180323721511372766161989      
   482.956627168204561009352945673929700      
   482.937022552929520067935865611634535      
   482.909633636520485135758757994763115      
   482.872822783063836340010220399644765      
   482.824948603750046817849157542098579      
   482.764412590613390772454506966110299      
   482.689698180071092187412659742172231      
   482.599401575747878509766024773705186      
   482.492254507048507203933528755892970      
   482.367139629201770291258965923307393      
   482.223099544456823674314539735530393      
   482.059340512551277057987016357188611      
   481.875231885498910822455544658025811      
   481.670302199210083584946571205715306      
   481.444232721011817266927672077696808      
   481.196849113799563849856656852813863      
   480.928111749946053499101158434789113      
   480.638105098978326481509027393977008      
   480.327026524671079016364886067570610      
   479.995174758460640300137257375055350      
   479.642938264024823927841400307880355      
   479.270783668873459942052253753951551      
   478.879244409361520626866615203414869      
   478.468909712552017084433789695285916      
   478.040414019525301842553310560518473      
   477.594426938210015955002023091202094      
   477.131643798697232402525433165167203      
   476.652776869448338288736083696935574      
   476.158547278805247352319172883664444      
   475.649677672525105447017917232294391      
   475.126885625046869121055213835941025      
   474.590877809844599526214852580190955      
   474.042344922885904321533044181290766      
   473.481957342984859255409678317201641      
   472.910361503918179119951801063062442      
   472.328176945561132659746750732790343      
   471.735994005107133816665036116699733      
   471.134372104584197902693218372990381      
   470.523838587346977626897595282797666      
   469.904888053902292684405126595527637      
   469.277982146205474550615386667432944      
   468.643549729358713647196482056380316      
   468.001987420258657295981478824822343      
   467.353660414104664865498276532990098      
   466.698903561654869784450005758377239      
   466.038022652505326784297190974254649      
   465.371295862560425994612576013678134      
   464.698975322340581221662661944521951      
   464.021288796605064809590836902170348      
   463.338441380855351548600353146484458      
   462.650617265380465839358239834939325      
   461.957981484257385433765264014920004      
   461.260681648795277152547224153919194      
   460.558849643156368184038330834307900      
   459.852603265793675068004428338342364      
   459.142047803446986067144703593213140      
   458.427277527041065251237130552146670      
   457.708377101080726427610124423187798      
   456.985422900345409764136117886037856      
   456.258484229958888075257726089970126      
   455.527624446074116554594223850013433      
   454.792901976146775607920954410806275      
   454.054371239832997040883684366923910      
   453.312083471773389437621933120110527      
   452.566087447825767050978726922358455      
   451.816430119686188478417235651079321      
   451.063157161142365264840295265855636      
   450.306313429162203650438714823998005      
   449.545943347633919778038069908189683      
   448.782091214830094304677475526862592      
   448.014801443792374736015177854674709      
   447.244118736978180860676135709425279      
   446.470088204925235221940704362297461      
   445.692755429705987356761867382215976      
   444.912166480443443002220162791683517      
   444.128367887815257780765974792910558      
   443.341406576230319922444435008042857      
   442.551329762763045749673048801126069      
   441.758184834316908701918499743492133      
   440.962019179979965321259417063342179      
   440.162880025932794991661175895874728      
   439.360814227408333075301033582996922      
   438.555868063784783944482647857729344      
   437.748087006734675541177364643242676      
   436.937515488730259012234153907713691      
   436.124196653914144878735317740115615      
   435.308172116514553662499714824753701      
   434.489481690589764493631064102474167      
   433.668163146609060421420939245095776      
   432.844251947691725163041855956829296      
   432.017780986020864518756568125409104      
   431.188780324035934436177633021485495      
   430.357276940400840102252216413405226      
   429.523294477744155277708938847776780      
   428.686852972503535878878908575699196      
   427.847968621029432177995545624287405      
   427.006653521836785354195433336627593      
   426.162915427450890295606673563217295      
   425.316757504638680680177164948224905      
   424.468178085643156204708028775497452      
   423.617170439872918578457656336215559      
   422.763722527836722717950236168318592      
   421.907816685862520158250095119328760      
   421.049429631018835939042188241590847      
   420.188531922288230393337253323287836      
   419.325087872717127713572089802952637      
   418.459055285714935368544977214105605      
   417.590385204706265556408802089858471      
   416.719021676049132756519324823949024      
   415.844901477385452709297013677375083      
   414.967953841527171232704092835589824      
   414.088100211673144956185055031192829      
   413.205253927479536548255496107133891      
   412.319319981302810353114125222859333      
   411.430194665820858271713634831922899      
   410.537765259022605850800823664046406      
   409.641909757321834923399231184621290      
   408.742496432105421844671571066344384      
   407.839383524157222645553814041673172      
   406.932418804574599990682136327021873      
   406.021439186596744423627963110221070      
   405.106270314894130848787456976041898      
   404.186726019826177431410197202837885      
   403.262607856205663069217597387343069      
   402.333704608709024097503814475243462      
   401.399791631479466110962712295564836      
   400.460630335505848355550987306193460      
   399.515967422098208713041253272293962      
   398.565534296262701916599404008883814      
   397.609046215671753796341261877636689      
   396.646201533777939148449505537857566      
   395.676680817222617432529614721390644      
   394.700145917234239062800595351967048      
   393.716238960557956008108630467325602      
   392.724581226116664839724950245400246      
   391.724772176259324193913876089949348      
   390.716387894171853933699656658402815      
   389.698979965329144055709505008030549      
   388.672074256159536095202653006654949      
   387.635168872208383360925981690635147      
   386.587732845074218779385168841117755      
   385.529204322739766873920905808229481      
   384.458988703830647575912012562826512      
   383.376456599934204451209154368974518      
   382.280941739154627454968737771681137      
   381.171738867608732109706338856937919      
   380.048101015339544715452444733488485      
   378.909237371719037238674215448495336      
   377.754310536176565867960033156289347      
   376.582433798170708592617374130803610      
   375.392668756002534951670082055771417      
   374.184021931873896491175234721479553      
   372.955442665809446591618355187701886      
   371.705820186489352840930145131917081      
   370.433981262152566564968620120700181      
   369.138688267933702695443520197413969      
   367.818637662833165471221639957758285      
   366.472458929156049609110060552323540      
   365.098715345354555724250907104962667      
   363.695904931015225130500464689782130      
   362.262465473253550150832252756240484      
   360.796779329242114320975410837157179      
   359.297184071867862207257433297594494      
   357.761985968334553179846455224474071      
   356.189480140038610748746874206046460      
   354.577977059079715092050361327808702      
   352.925839184899892022856613714860903      
   351.231528209422147077875501466821134      
   349.493666988545444523498275255934615      
   347.711118089444975203460028096577865      
   345.883083616656779921859172409917795      
   344.009228782130749263717482759804887      
   342.089833901679565951690159959232477      
   340.125977060145718807655954558672919      
   338.119748848150526495311551985318423      
   336.074501960500471927524948886143664      
   333.995121756038756797428044535660822      
   331.888346530856106500813036249192389      
   329.763044917594256806327947364192155      
   327.630531464936911907681982099625537      
   325.504817570955232931629031631505453      
   323.402795390898683950485156231138556      
   321.344310285832814004441279554384550      
   319.352072017748898906459336687185013      
   317.451438229724552864031005470167936      
   315.669911158897404346179793915301639      
   314.036506702019433397193719833529453      
   312.580914974664073027101370073330654      
   311.332537838725113065961165384436148      
   310.319643397108681060547869098764052      
   309.567716156588257224803978872034364      
   309.099481165929287718217788305673703      
   308.933630180320240767680564290863812      
   309.084477354881471423278536780085802      
   309.561732911685761110694213462848293      
   310.370519140829097866372090265238245      
   311.511597049214292366419407719495880      
   312.981756672467516760002790800449093      
   314.774319846392571900369550863634444      
   316.879700172751872915454128387238500      
   319.285981615091470002632374198390476      
   321.979474921717409327246588154046404      
   324.945232287613692345469623592171275      
   328.167500399644067238979812450590442      
   331.630109611444308947941336915943198      
   335.316794004016756235606256547939885      
   339.211447752538132350063905266618233      
   343.298324134403867245838584243132093      
   347.562182129511821934029911619517093      
   351.988391290320149024811810831359783      
   356.562998590882829030160649685712768      
   361.272769516484316263747085706094170      
   366.105204082355413803358040608073520      
   371.048536671351657068363655990321424      
   376.091722649146648269666556170399475      
   381.224416105571266546170756293545704      
   386.436941206901587790118118033150204      
   391.720257895744139514829988035674911      
   397.065928351821465068914883515154189      
   402.466079418253528202725877948959690      
   407.913367620998330561087727896331258      
   413.400942505967384662449743043422333      
   418.922412932037310368795542182834675      
   424.471816124875273944109622562594888      
   430.043584033661819728332719440113594      
   435.632516457414028454465780414319174      
   441.233753310765079781439322283058124      
   446.842750479839831150601248280707066      
   452.455256158790567539652866272452888      
   458.067289600324172010609442546535619      
   463.675121672834315136475389490294488      
   469.275256835020668539728783172225295      
   474.864416841267580228268458664250616      
   480.439525608368282410325438674796343      
   485.997695151471628700724512131311851      
   491.536213178207711628656787001527859      
   497.052531861414020506841869605501993      
   502.544257139697306749863724157338520      
   508.009138516410026933533451399501114      
   513.445061113323343669696534936613332      
   518.850037122471649589278052847996553      
   524.222198737688208408773477874607744      
   529.559791023447571248453690794817670      
   534.861165908277225959336059872129491      
   540.124776813501007719442141573990925      
   545.349172830455414522242363151595269      
   550.532994242059985475846052601445488      
   555.674967872663650766213840094788220      
   560.773903259891891631638271384258148      
   565.828688746907515576705802419446282      
   570.838287685092913921153473723130770      
   575.801735385611980814151793842967305      
   580.718135964511614396934360550440705      
   585.586659684617647144942409098410457      
   590.406539757737052548746508685015835      
   595.177070213351533592423778230286543      
   599.897603524601462653208028403866073      
   604.567548212947924120924385871322466      
   609.186366024610057326278889627549251      
   613.753572508259400360620463308736537      
   618.268731130001007507180813811525277      
   622.731454374457485460613140314715939      
   627.141400838911518115584685198596918      
   631.498273856909407225453611242729018      
   635.801819766454106689782150640904194      
   640.051826200989232966549256744300991      
   644.248120824664573118648454796293518      
   648.390569546538269127179830941122613      
   652.479075443203092040462683407967507      
   656.513577030904381172857020510233928      
   660.494047139240300662040222790712722      
   664.420491503373699608591485062230587      
   668.292947526836845768904497446671294      
   672.111482974466783221129425746519016      
   675.876194791849213856004652014929545      
   679.587207925171102306005747004948396      
   683.244674150106960451265513403760631      
   686.848770911635359071168137172413035      
   690.399700241761346581704462594541643      
   693.897687673423243322795646033353257      
   697.342981129813597054033005717448019      
   700.735849959115323179137275739018172      
   704.076583856483676476398905679901023      
   707.365491913905347919629519254791453      
