   91.9024000948784202170827437330254962      
   91.9024000948756103372976966772670622      
   91.9024000947781154036684974976726514      
   91.9024000938787693816519559027311124      
   91.9024000896844288202618514146505544      
   91.9024000766383934662216935896098552      
   91.9024000450117361798632479970602386      
   91.9023999762874426698017385425543939      
   91.9023998183483736425923740421276697      
   91.9023994036952332960753840867082719      
   91.9023982669257148336445473360421928      
   91.9023953407678597061723064496941806      
   91.9023885526131462143145875802194544      
   91.9023743796610151951790388835553392      
   91.9023474336116988041273002436415863      
   91.9023001355581971481295921452357197      
   91.9022225184096033399208376011103716      
   91.9021021685560462372257309298160052      
   91.9019242974373440404680255729500451      
   91.9016719196994639054008524906482785      
   91.9013261074186357742454073921227901      
   91.9008662879190309510534559579326695      
   91.9002705544117709984576537298404313      
   91.8995159627224804929406357178904636      
   91.8985787929400126581226130026183704      
   91.8974347612627542676228953197918156      
   91.8960591739121726138216701685111450      
   91.8944270216345282569229169926597046      
   91.8925130190380048064468086398879143      
   91.8902915975203485764216275765713556      
   91.8877368640139701098695260529182192      
   91.8848225394023000982299906800360903      
   91.8815218907493108697405978110757024      
   91.8778076705841931125589173347893268      
   91.8736520745579196892087942183411289      
   91.8690267262522554806530040032023144      
   91.8639026950793827355294942266286611      
   91.8582505503199724272559269305751881      
   91.8520404516977768290313395739093992      
   91.8452422745096608869055696561261571      
   91.8378257655333378931950350882699614      
   91.8297607244588476776734740125227318      
   91.8210172047381415845002127335363054      
   91.8115657273035092770481199265691912      
   91.8013775003835606990758920920043689      
   91.7904246391179294538393811655612653      
   91.7786803789289547551522343554433616      
   91.7661192773905611052662504285377013      
   91.7527173999680156264695516299315713      
   91.7384524860033416122060136497736830      
   91.7233040920404226572956954244549951      
   91.7072537102576603969002818532045198      
   91.6902848608773271743815017773640161      
   91.6723831578338915370355914548273381      
   91.6535363476279324367165620796173696      
   91.6337343167197604682474196551879616      
   91.6129690987216818707253980683094637      
   91.5912348101602427574701155383969369      
   91.5685276092563979451066493221227199      
   91.5448456128603805659717378701774336      
   91.5201887989642837617285672289593898      
   91.4945588932044159270817817517118775      
   91.4679592412419924667257271859612800      
   91.4403946691906312406173517798746606      
   91.4118713344740506349271243827697291      
   91.3823965686258136193002279561987111      
   91.3519787146880087946739122945507135      
   91.3206269603111388675486950932727854      
   91.2883511688726530035942138361380425      
   91.2551617099348032364511754769633132      
   91.2210692900802999087720046214804756      
   91.1860847861948453836439955229316320      
   91.1502190816101580348574125008855713      
   91.1134829062355538126230247854579692      
   91.0758866818441398649412345543212864      
   91.0374403726902678304179639312791054      
   90.9981533417245916725409145066539926      
   90.9580342142671824584627831232480071      
   90.9170907478642049972171046490415645      
   90.8753297094192000294963903496697062      
   90.8327567603528187506500960199272998      
   90.7893763468155285212417778071749597      
   90.7451915980139522453194070462337422      
   90.7002042305911021325558265648287000      
   90.6544144628022252101104581333671174      
   90.6078209316375740753079548158512183      
   90.5604206190504542823280789366811075      
   90.5122087807354155360135439294181344      
   90.4631788866101463475632792071473981      
   90.4133225588497110880190252779374258      
   90.3626295155457663486395727639974335      
   90.3110875259560860601706134429173388      
   90.2586823631748135997606532769562356      
   90.2053977659234049515215581919098369      
   90.1512153993377379792588473219394053      
   90.0961148222623075965713388179159347      
   90.0400734375834160690129486074752314      
   89.9830664775733544771348270447167822      
   89.9250669684697437830823930475566010      
   89.8660457065029134239910079394902176      
   89.8059712197889878676765921183253689      
   89.7448097522599734750354564026382855      
   89.6825252370689833699891382732746817      
   89.6190792470342679222070597684300557      
   89.5544309803449545650696132105857676      
   89.4885372320657326853692078132677927      
   89.4213523813567210008822794661883105      
   89.3528283198919712009885251636981846      
   89.2829144169922325227362822996880821      
   89.2115575092189425585952978757179877      
   89.1387018925151953968898935233165939      
   89.0642891761678310559254990284359191      
   88.9882582871023215406518891313146817      
   88.9105454693617834982509964008374835      
   88.8310841483962151265323657553090107      
   88.7498049139311326711050795249187978      
   88.6666354589917368745699562469585537      
   88.5815004956176757802230702803200183      
   88.4943216066958433375378612418388027      
   88.4050172889494937435272043817927845      
   88.3135028539503528651449237741875510      
   88.2196901568649162220715642328820250      
   88.1234877179657491931106590736719198      
   88.0248004802271170759027480119807603      
   87.9235296776395567168571146917032790      
   87.8195728405706431034176970422086382      
   87.7128234105002562628891624645413040      
   87.6031708998484897135430875019322928      
   87.4905004044705571886064029092595395      
   87.3746927602587379946054945308919956      
   87.2556240132129041624429017773190851      
   87.1331655079445426635734382856161008      
   87.0071835004090600573072919461343586      
   86.8775389711929057513307568890402571      
   86.7440874845887983938468867356485725      
   86.6066786601943011857498012916168307      
   86.4651561564531880452056627616082042      
   86.3193572485622371887343687265347987      
   86.1691125188629952355845780854550315      
   86.0142453857783006544367909923761518      
   85.8545719135789403680561173459505614      
   85.6899003714488444527855679729142112      
   85.5200306907638561159385644060498430      
   85.3447539600380858071526946364670960      
   85.1638521210640750670643143589867082      
   84.9770972669975632565354590614139107      
   84.7842511658233064141419104191088875      
   84.5850644167486791594215142594522432      
   84.3792760145568802700710025046194186      
   84.1666126614562079359321985757357361      
   83.9467876575125415933897033711239466      
   83.7195003053357517236723266443274595      
   83.4844349935040352674139783214484353      
   83.2412601089471110631107099175169391      
   82.9896270895993819152311123736117462      
   82.7291691560490925586781145830962329      
   82.4595002658489691176124212260354871      
   82.1802136275950608224494974850436329      
   81.8908803592525873074176377596670710      
   81.5910479252257162859420253717493555      
   81.2802385688613767843804321888695071      
   80.9579473838834479638819484064271366      
   80.6236406976996327937645767570479961      
   80.2767536291846949480765635503886084      
   79.9166884012301848401674222544466141      
   79.5428117438950043294327979427258201      
   79.1544525040188880379331873671644440      
   78.7508990433168214992909096679910175      
   78.3313968912280626258724958897196665      
   77.8951453981543655370154609030982124      
   77.4412954029160780279985350980895352      
   76.9689457539048298321830454119922480      
   76.4771414092589897417677131468115539      
   75.9648695606500473685000110726093697      
   75.4310579468327397513724815313061968      
   74.8745719853568493460789516226085884      
   74.2942137994300689164285597434564004      
   73.6887208292299849609794254026198033      
   73.0567661096619856279373966332776104      
   72.3969602135920048555183190383158865      
   71.7078544655868906854153609367840805      
   70.9879472821552148354826509939825593      
   70.2356933544043876216984363690280185      
   69.4495168766315256364920292607710648      
   68.6278297882549050469617913495370190      
   67.7690557258723022876350714437354630      
   66.8716610474015052737187932410156131      
   65.9341943528468891664439411508530000      
   64.9553331108521000887772439291324462      
   63.9339413183941139236581686745717731      
   62.8691378671579022313138557660291735      
   61.7603685210384636750732126739106789      
   60.6074904586821571600396932018561481      
   59.4108583532926247841175936413658559      
   58.1714103698849520378207385612817021      
   56.8907483585762139989084049494807147      
   55.5712062854440262988708796156081918      
   54.2158969497354428946649827597848099      
   52.8287324574482966825344243532434343      
   51.4143989426965081123217985829060771      
   49.9783366485827307696097661167368787      
   48.5266166565630226381885961996257463      
   47.0657479278203719475157583486075078      
   45.6026111324952007857203244881194352      
   44.1441858223763991647435338692797472      
   42.6973579603276810384787963803948022      
   41.2687114420558818267357567544380946      
   39.8643432083551720723252084144156083      
   38.4897113105295086434071126965902444      
   37.1495264200822056719060597116713483      
   35.8476900554006209352913411268993059      
   34.5872781463224120751090668585202356      
   33.3705628677465422577819012015548562      
   32.1990660889698467662935349444238910      
   31.0736329282474466542163636057600020      
   29.9945178471473545447811412411001579      
   28.9614752647826634391946887377376857      
   27.9738485264327697482099764530826502      
   27.0306533077065082225559820520111000      
   26.1306529404954266707769667420257300      
   25.2724244256025461113783809949260434      
   24.4544146004218014702613608854763823      
   23.6749868052522829575209061176980704      
   22.9324596278195508144069842886419580      
   22.2251373533927223716686590814686640      
   21.5513341096720581957490248597800732      
   20.9093924332609272166809003228087085      
   20.2976969152798650676603647312823517      
   19.7146844600353409331211414852191393      
   19.1588511188159163847830061616572657      
   18.6287565352897686669562385145601583      
   18.1230264242166152836665201314975299      
   17.6403536260699941264977436668358013      
   17.1794979277078128870355491911309499      
   16.7392850239320668697917464732272746      
   16.3186048021193411516363620182693065      
   15.9164092855786762953496573141347476      
   15.5317100401418525062820982080849553      
   15.1635757434592803069888967372551479      
   14.8111292505108290774311001859671572      
   14.4735448761049499708198358952064433      
   14.1500456055615293306665385572970870      
   13.8399003362013495092501598866198633      
   13.5424212082724929460136786465604362      
   13.2569610516462436560940465215911554      
   12.9829109330075558345859236909249987      
   12.7196977761973322466726281456788865      
   12.4667821377761437982330759579019810      
   12.2236561282244503442896266320967339      
   11.9898413896917625575252051773993170      
   11.7648872435476684015419674616711713      
   11.5483689105176319255345967489493814      
   11.3398859135043634927647896332467716      
   11.1390604684483269736900003699103119      
   10.9455360992223190104830530244595890      
   10.7589762302035265196222102266585145      
   10.5790630009689818567271194330710059      
   10.4054960232554699175069661765578497      
   10.2379913102640041331050077550951270      
   10.0762802464256118345641793983473262      
   9.92010866285314596044518445832937300      
   9.76923589602561580233120670012981666      
   9.62343398565897092066348484082006895      
   9.48248689896254796340724856684135979      
   9.34618980174042365118187473478683198      
   9.21434838319951022641264636332317090      
   9.08677822516741180523409135369466697      
   8.96330421881913608765825841350726518      
   8.84376002405715676509824430058378978      
   8.72798752345981904921105230265144118      
   8.61583638559933906687467663075035190      
   8.50716359622270773208910040145262541      
   8.40183301381825552382297617868890721      
   8.29971502199812576739132530106101027      
   8.20068616605936837110526791423213582      
   8.10462875059755983206922751211120493      
   8.01143058753766340840010992177375821      
   7.92098464056105963487749810279745641      
   7.83318878201950076739983825800339571      
   7.74794550282166679814008908316328322      
   7.66516167579994006773460064706194509      
   7.58474832333706888607992166526320912      
   7.50662038940275126018690719470308191      
   7.43069654311270287576733252781667538      
   7.35689898334602046754415176523142204      
   7.28515325331596819804655352921093524      
   7.21538807489042051783380656547195791      
   7.14753517939924818448717953858534910      
   7.08152916774854328705705047868543015      
   7.01730735839965079233322608895171778      
   6.95480965834350263661840034623039052      
   6.89397842957264539519976819131463359      
   6.83475837815757062996859627400029560      
   6.77709643670714136016715900430540474      
   6.72094165372386023924903070036522226      
   6.66624510400709909544686614223275364      
   6.61295978194104694365801820747973663      
   6.56104051836178241268278748258744535      
   6.51044389258877844503295150651364900      
   6.46112815443637302548127905513037108      
