 0.13628526479685E+03
 0.13628526479685E+03
 0.13628526479700E+03
 0.13628526479836E+03
 0.13628526480478E+03
 0.13628526482493E+03
 0.13628526487383E+03
 0.13628526497463E+03
 0.13628526516627E+03
 0.13628526552868E+03
 0.13628526623801E+03
 0.13628526765602E+03
 0.13628527044388E+03
 0.13628527568056E+03
 0.13628528496426E+03
 0.13628530048070E+03
 0.13628532503080E+03
 0.13628536201827E+03
 0.13628541540367E+03
 0.13628548963471E+03
 0.13628558956384E+03
 0.13628572036411E+03
 0.13628588745362E+03
 0.13628609643749E+03
 0.13628635307433E+03
 0.13628666327203E+03
 0.13628703311504E+03
 0.13628746892229E+03
 0.13628797733220E+03
 0.13628856540919E+03
 0.13628924076403E+03
 0.13629001167968E+03
 0.13629088723416E+03
 0.13629187741248E+03
 0.13629299320098E+03
 0.13629424665903E+03
 0.13629565096458E+03
 0.13629722043229E+03
 0.13629897050424E+03
 0.13630091771501E+03
 0.13630307963394E+03
 0.13630547478839E+03
 0.13630812257224E+03
 0.13631104315672E+03
 0.13631425733765E+03
 0.13631778649160E+03
 0.13632165243091E+03
 0.13632587731518E+03
 0.13633048356323E+03
 0.13633549377754E+03
 0.13634093068299E+03
 0.13634681708169E+03
 0.13635317582429E+03
 0.13636002979829E+03
 0.13636740193351E+03
 0.13637531522374E+03
 0.13638379276425E+03
 0.13639285780388E+03
 0.13640253381056E+03
 0.13641284454848E+03
 0.13642381416637E+03
 0.13643546729418E+03
 0.13644782914741E+03
 0.13646092563731E+03
 0.13647478348494E+03
 0.13648943033952E+03
 0.13650489489670E+03
 0.13652120701920E+03
 0.13653839785551E+03
 0.13655649995707E+03
 0.13657554739480E+03
 0.13659557587033E+03
 0.13661662282543E+03
 0.13663872754598E+03
 0.13666193126474E+03
 0.13668627725402E+03
 0.13671181092240E+03
 0.13673857989912E+03
 0.13676663411944E+03
 0.13679602589894E+03
 0.13682681001140E+03
 0.13685904376117E+03
 0.13689278705455E+03
 0.13692810246605E+03
 0.13696505529927E+03
 0.13700371365225E+03
 0.13704414847931E+03
 0.13708643365315E+03
 0.13713064601820E+03
 0.13717686547077E+03
 0.13722517502404E+03
 0.13727566086682E+03
 0.13732841243666E+03
 0.13738352249098E+03
 0.13744108717229E+03
 0.13750120612202E+03
 0.13756398257692E+03
 0.13762952344573E+03
 0.13769793939401E+03
 0.13776934500149E+03
 0.13784385885714E+03
 0.13792160369663E+03
 0.13800270647323E+03
 0.13808729869032E+03
 0.13817551643075E+03
 0.13826750050133E+03
 0.13836339669988E+03
 0.13846335608507E+03
 0.13856753512298E+03
 0.13867609574523E+03
 0.13878920598879E+03
 0.13890704012381E+03
 0.13902977867021E+03
 0.13915760910222E+03
 0.13929072616280E+03
 0.13942933198247E+03
 0.13957363649035E+03
 0.13972385842481E+03
 0.13988022478901E+03
 0.14004297235228E+03
 0.14021234745569E+03
 0.14038860703863E+03
 0.14057201895781E+03
 0.14076286283282E+03
 0.14096143048162E+03
 0.14116802726546E+03
 0.14138297210018E+03
 0.14160659902061E+03
 0.14183925777031E+03
 0.14208131497167E+03
 0.14233315495789E+03
 0.14259518145961E+03
 0.14286781837561E+03
 0.14315151129130E+03
 0.14344672934781E+03
 0.14375396605309E+03
 0.14407374217404E+03
 0.14440660630858E+03
 0.14475313791393E+03
 0.14511394937309E+03
 0.14548968788890E+03
 0.14588103867566E+03
 0.14628872764083E+03
 0.14671352429496E+03
 0.14715624555242E+03
 0.14761775914946E+03
 0.14809898746970E+03
 0.14860091289359E+03
 0.14912458132187E+03
 0.14967110848642E+03
 0.15024168550190E+03
 0.15083758530490E+03
 0.15146016929188E+03
 0.15211089540390E+03
 0.15279132670910E+03
 0.15350313991444E+03
 0.15424813677261E+03
 0.15502825431127E+03
 0.15584557802193E+03
 0.15670235485601E+03
 0.15760100851782E+03
 0.15854415564364E+03
 0.15953462397711E+03
 0.16057547159496E+03
 0.16167000899760E+03
 0.16282182173374E+03
 0.16403479540082E+03
 0.16531314263290E+03
 0.16666143193423E+03
 0.16808461664287E+03
 0.16958806716902E+03
 0.17117760174605E+03
 0.17285951668489E+03
 0.17464061533224E+03
 0.17652823204936E+03
 0.17853025915758E+03
 0.18065514258237E+03
 0.18291188709063E+03
 0.18531003059412E+03
 0.18785959603356E+03
 0.19057101098512E+03
 0.19345498792445E+03
 0.19652235142276E+03
 0.19978381803385E+03
 0.20324970484927E+03
 0.20692958106630E+03
 0.21083186834117E+03
 0.21496339013675E+03
 0.21932892221600E+03
 0.22393075166282E+03
 0.22876833989169E+03
 0.23383808013482E+03
 0.23913324396409E+03
 0.24464411185463E+03
 0.25035829286426E+03
 0.25626120443328E+03
 0.26233665933410E+03
 0.26856749011267E+03
 0.27493615680965E+03
 0.28142527978837E+03
 0.28801807202315E+03
 0.29469865818137E+03
 0.30145227331264E+03
 0.30826537465878E+03
 0.31512566611737E+03
 0.32202207112919E+03
 0.32894466432218E+03
 0.33588458057493E+03
 0.34283391560236E+03
 0.34978562195048E+03
 0.35673341051441E+03
 0.36367166267140E+03
 0.37059534194004E+03
 0.37749992550972E+03
 0.38438133815983E+03
 0.39123589701256E+03
 0.39806026453755E+03
 0.40485140702749E+03
 0.41160655889179E+03
 0.41832319310901E+03
 0.42499899588241E+03
 0.43163184366867E+03
 0.43821978392276E+03
 0.44476101927313E+03
 0.45125389301754E+03
 0.45769687655264E+03
 0.46408855978920E+03
 0.47042763905488E+03
 0.47671291094092E+03
 0.48294326476316E+03
 0.48911767559399E+03
 0.49523519860643E+03
 0.50129496407559E+03
 0.50729617290502E+03
 0.51323809265943E+03
 0.51912005356171E+03
 0.52494144522732E+03
 0.53070171399131E+03
 0.53640035989378E+03
 0.54203693434159E+03
 0.54761103749531E+03
 0.55312231712938E+03
 0.55857046506293E+03
 0.56395521747381E+03
 0.56927635084267E+03
 0.57453368222737E+03
 0.57972706725495E+03
 0.58485639842567E+03
 0.58992160436392E+03
 0.59492264707219E+03
 0.59985952376309E+03
 0.60473226146135E+03
 0.60954092048383E+03
 0.61428558880366E+03
 0.61896638529044E+03
 0.62358345547306E+03
 0.62813697206136E+03
 0.63262713367486E+03
 0.63705416373599E+03
 0.64141830978841E+03
 0.64571984268434E+03
 0.64995905462722E+03
 0.65413625979455E+03
 0.65825179335266E+03
 0.66230600901755E+03
 0.66629927952208E+03
 0.67023199559047E+03
 0.67410456494958E+03
 0.67791741174973E+03
 0.68167097564770E+03
 0.68536571060245E+03
 0.68900208496133E+03
 0.69258058008549E+03
 0.69610168974367E+03
 0.69956591947956E+03
 0.70297378577790E+03
 0.70632581538088E+03
 0.70962254475898E+03
 0.71286451934674E+03
 0.71605229259711E+03
 0.71918642585568E+03
 0.72226748750413E+03
 0.72529605221766E+03
 0.72827270047317E+03
 0.73119801797123E+03
 0.73407259525821E+03
 0.73689702682979E+03
 0.73967191077788E+03
 0.74239784832655E+03
 0.74507544333687E+03
 0.74770530162081E+03
 0.75028803071236E+03
 0.75282423930782E+03
 0.75531453685232E+03
 0.75775953310935E+03
 0.76015983780733E+03
 0.76251606012692E+03
 0.76482880847747E+03
 0.76709869009254E+03
 0.76932631062198E+03
