   6.91360382032448847522976250442333937      
   6.91360382032448897452856100055816334      
   6.91360382032452743201328781372420908      
   6.91360382032516444341181800519020272      
   6.91360382032990751712095170087378158      
   6.91360382035170981779289183157349540      
   6.91360382042467998402730498814695431      
   6.91360382061958405575437662433062578      
   6.91360382105548862151300718854771582      
   6.91360382188595357241764572018786749      
   6.91360382321898980232432457256036823      
   6.91360382491702757156357863878109270      
   6.91360382622650346107985134041934361      
   6.91360382520635178911139714090087863      
   6.91360381795271752372073134648473561      
   6.91360379764466427422702101768070654      
   6.91360375345691121718816292592893367      
   6.91360366939923813367957341851268799      
   6.91360352314906495752736638078025776      
   6.91360328494558849435418593477901707      
   6.91360291661224407416338185147713707      
   6.91360237076966851877694709565518483      
   6.91360159029340284212635425080847163      
   6.91360050805938689273754134743057845      
   6.91359904700490551252001786142373569      
   6.91359712051490214951067351465919668      
   6.91359463312345045293706390071001632      
   6.91359148150108578067035433312465566      
   6.91358755568155357670222942696886117      
   6.91358274046769759224480062989884175      
   6.91357691694874402561679740236458410      
   6.91356996405797404505560463836048636      
   6.91356176010228202449295210885923694      
   6.91355218420180623020040332921592773      
   6.91354111758780304887055201884864669      
   6.91352844471882378981905034050287872      
   6.91351405418809556682822445527485915      
   6.91349783940735701233815814196225922      
   6.91347969906415396571637269539694478      
   6.91345953735900652247432290986672802      
   6.91343726403726750123332442946245736      
   6.91341279423601560235195642285224648      
   6.91338604817059261415438829286200572      
   6.91335695068726356507899917144665415      
   6.91332543069022256069955288796019410      
   6.91329142057742914224541114008263877      
   6.91325485545491711773641553545284703      
   6.91321567247542094074280166291273144      
   6.91317381009045400197768618753226915      
   6.91312920732091145542046030264895535      
   6.91308180304585660695944589101228265      
   6.91303153532050946767594989341870375      
   6.91297834073157956067962142231057371      
   6.91292215379518097540981915131934174      
   6.91286290640088935429655556308619011      
   6.91280052730305439786485484141563715      
   6.91273494165885889626614979609408263      
   6.91266607061169170700610055635843941      
   6.91259383091646471998693139032702660      
   6.91251813460403404748179662565694579      
   6.91243888867923720843016172924792041      
   6.91235599484919890603003475248877474      
   6.91226934927611610187674526896038977      
   6.91217884234998599206398848090820581      
   6.91208435847698212893596158455119908      
   6.91198577587638923426315820646633935      
   6.91188296638563750814183113944072049      
   6.91177579526439222425474013168974697      
   6.91166412099788466075526072375869769      
   6.91154779509446757383470056896200848      
   6.91142666187134131078252795257555314      
   6.91130055823141412679490321427583930      
   6.91116931342304441973933424746046353      
   6.91103274878396621572777619979749879      
   6.91089067746422068352348130188681179      
   6.91074290413218025089182737278375536      
   6.91058922465047613718078235745131054      
   6.91042942573705093978708805303403154      
   6.91026328459610261747306222245332622      
   6.91009056852421325934308981215349091      
   6.90991103450705123091346958154155330      
   6.90972442875205970449447388587498345      
   6.90953048622087669564251712589914373      
   6.90932893012489779274377822673055918      
   6.90911947140134576274852381241410529      
   6.90890180814910947033073836460143403      
   6.90867562503977544319392310021401942      
   6.90844059269545353114471592354404499      
   6.90819636705750849787598294284336580      
   6.90794258867077316994000665595074430      
   6.90767888196300269035862018028400158      
   6.90740485451593622419395562265829507      
   6.90712009627515260252613154671486422      
   6.90682417873775315937240645354078398      
   6.90651665412504598859771727723291193      
   6.90619705442767208087213871693862121      
   6.90586489044622622039979813674142807      
   6.90551965087329742591471710660226487      
   6.90516080127425588465716497907832937      
   6.90478778299993052988153600918768097      
   6.90440001205428286441604106192919440      
   6.90399687792262976204304840504830890      
   6.90357774264827899589348005998069221      
   6.90314193889185231680699331174813721      
   6.90268876915575321981517230648984575      
   6.90221750434623973048198496936917941      
   6.90172738220181921745315948741446918      
   6.90121760558977516137496903365527413      
   6.90068734107015465353602527721557328      
   6.90013571770350309716571172984763960      
   6.89956182442601686171998248543029728      
   6.89896470847673364107707304385379746      
   6.89834337415311259864108946013611701      
   6.89769678006504816693580284406836367      
   6.89702383683627248495847448581105771      
   6.89632340562825657343835930885799312      
   6.89559429584858658829142781555372604      
   6.89483526113151415540779036327383456      
   6.89404499928610757956685789312151318      
   6.89322214721894707920364029005169052      
   6.89236527974931562173783589337350326      
   6.89147290566771757601344191970513256      
   6.89054346495574893812371794336963912      
   6.88957532575342040052231568988263253      
   6.88856678046273133196886248974629001      
   6.88751604206728177935775517192512092      
   6.88642124112538549569587124850480619      
   6.88528042040528207853380321366301564      
   6.88409153201998908468124919519300435      
   6.88285243208683257238763180849447222      
   6.88156087637911290410614500771739287      
   6.88021451541921731766384883672751379      
   6.87881088895345682529943883068921413      
   6.87734742111584930001928325087400821      
   6.87582141483601114464880505568746506      
   6.87423004477185883715248860434327366      
   6.87257035121056542332126962436410730      
   6.87083923476000830263360053711057817      
   6.86903344763406560154468890937659184      
   6.86714958744514642150596731982590131      
   6.86518408865648589782332850457483280      
   6.86313321552525700220922991170770691      
   6.86099305174682568008638294268626692      
   6.85875949343997396472104990474560919      
   6.85642823801771176576585745589937610      
   6.85399477560904397134520443161931997      
   6.85145437784344379661250716260909726      
   6.84880208662793134747934868664725653      
   6.84603270440642113796483675469140687      
   6.84314077929443252370463658959484397      
   6.84012059558844419966976654905507291      
   6.83696615842443158063573965246117797      
   6.83367118025603561082795607117651078      
   6.83022906839505362737422395007794987      
   6.82663290826956270958922604954242584      
   6.82287544768573082916511920463682678      
   6.81894908433793936286079567542080656      
   6.81484584428914868960723294661136804      
   6.81055736876215414834566833134906933      
   6.80607489577954922003650581180092596      
   6.80138924170204968159858366093621079      
   6.79649078533336432805842482251947420      
   6.79136944843834150538394431267522717      
   6.78601467895618602295547926629662409      
   6.78041543422178164162077905113696760      
   6.77456016360418106899612254565641639      
   6.76843679330757155031384378765928563      
   6.76203271370493402561595655887450395      
   6.75533476621968605483963411304043775      
   6.74832923433468926675636096825311958      
   6.74100183862393861567281161887470132      
   6.73333773342968951785977459721993529      
   6.72532150999381960350353214272958176      
   6.71693720824448930310939216005494531      
   6.70816832814865323395628259254173934      
   6.69899785646932783269497382294133391      
   6.68940829619257627371102549142001755      
   6.67938170746214483902133750415554135      
   6.66889976147144821253066553687893074      
   6.65794379455883494043762933871341116      
   6.64649487817310226140451806024653488      
   6.63453389186883128792671800004008632      
   6.62204159679489284252561082279468782      
   6.60899871314556905269880046124064791      
   6.59538598595795209780671380921263074      
   6.58118423615305398320036000263912936      
   6.56637439501546140026681084267105825      
   6.55093750966128726205244227078425950      
   6.53485471463072542063441009229125597      
   6.51810716993439962777393167815714317      
   6.50067597629918407816962707996976371      
   6.48254205859397966848286799059264625      
   6.46368604688619438242372020956664134      
   6.44408816385162357778974152170370075      
   6.42372813451501177690199090325881483      
   6.40258513481148021069217318427965296      
   6.38063778343036806273958901530166523      
   6.35786418207407847896098544881580450      
   6.33424199563408859051017021678322904      
   6.30974856541990310821118863459206579      
   6.28436104100999207811895329817925513      
   6.25805652035362264152199889689782664      
   6.23081218525327978030980668060124063      
   6.20260542685538546833051687171364498      
   6.17341395183998382774645605370911025      
   6.14321586873695855838095539031459023      
   6.11198975381484574279450870457140895      
   6.07971469550306449347926280399217093      
   6.04637032115068628852327705452571796      
   6.01193680763764783486292455671178802      
   5.97639487866123247135223607190636571      
   5.93972579203494764638380816819860457      
   5.90191131849661173199191185626542709      
   5.86293371567082418297629392016778723      
   5.82277569761129302798385000911102476      
   5.78142040238177218960268298235397740      
   5.73885135859526355068510105274139730      
   5.69505245190740967676200245348590802      
   5.65000789223247779636387086481333127      
   5.60370218186654889461402171601730823      
   5.55612008530518471145020449675426234      
   5.50724660061643313455888299487064149      
   5.45706693271305452891056405827936303      
   5.40556646838580973995403163143118237      
   5.35273075321904751352995859573563813      
   5.29854547022023494608572498911637646      
   5.24299642033870583832238500843651270      
   5.18606950437561424366992333428635311      
   5.12775070665638074726603835834455480      
   5.06802607991510421871083475945389626      
   5.00688173161907174598718821971389568      
   4.94430381152100540850296774908124484      
   4.88027850025402919803022203644247265      
   4.81479199899733467466330435170626815      
   4.74783052005590498683287642713766973      
   4.67938027834864679292810515866791262      
   4.60942748360235373558141184940548509      
   4.53795833330388401263769239536515298      
   4.46495900626799750199702049313564421      
   4.39041565682099513557181531214044945      
   4.31431440949055262878601302390390404      
   4.23664135417959855546094258082586771      
   4.15738254179463965117222022086119048      
   4.07652398026403249409399090528184406      
   3.99405163091176090197209962841285231      
   3.90995140516397210833326286495404121      
   3.82420916155763668564093943813136606      
   3.73681070300800105740272249569767784      
   3.64774177433591715768553139188266794      
   3.55698806000423080072487968427974441      
   3.46453518208058929342817530477923754      
   3.37036869834569611401562860790853167      
   3.27447410062018311463713787396646709      
   3.17683681320200170924150414925554685      
   3.07744219145639682377307025775920195      
   2.97627552057321238856332211680628731      
   2.87332201434135311001876624699085191      
   2.76856681417750464284410330751898454      
   2.66199498807109061746128023116256796      
   2.55359152981210394010019529280014906      
   2.44334135812997855687894119235028284      
   2.33122931600407003247058004610295615      
   2.21724017002428282370677976539174433      
   2.10135860978715874987788719373787170      
   1.98356924744474482421295465922429643      
   1.86385661710398171747525808213963472      
   1.74220517449711442683204431724032682      
   1.61859929655150981977133231158710673      
   1.49302328109536053187654337146322107      
   1.36546134650416278366650133406662667      
   1.23589763146684514639412098614803413      
   1.10431619474219939066864353593871974      
  0.970701014937765747186935157139807162      
  0.835035990333527195314156857991959794      
  0.697304938737770018798732328382499266      
  0.557491597360726363423801771047299208      
  0.415579622650106762070914455646026287      
  0.271552590279016588364207251052550781      
  0.125393995001137597782920096792020895      
  -2.29127493619690009890485815849454830E-0002
 -0.173384309973159004183554400362519082      
 -0.326037435021212766613836969442927850      
 -0.480888953713194702000316340876880631      
 -0.637955776304694500076591013211980893      
 -0.797254894044883406964422685928216802      
 -0.958803379197968764075726305194297985      
  -1.12261838499840804719101481703299340      
  -1.28871714560385007027995293861599834      
  -1.45711697604118740909309516317017689      
  -1.62783527217871532478540022861444577      
  -1.80088951063619322570617279630728164      
  -1.97629724871704952539152170366960263      
  -2.15407612434106050683994224880827379      
  -2.33424385594837933698556155635214023      
  -2.51681824242747208303488651424584033      
  -2.70181716300336993454078800922963206      
  -2.88925857714623491008791783470323423      
  -3.07916052446958499432755990545571947      
  -3.27154112462744009371497389083501304      
  -3.46641857718278824937354025700925858      
