   305.833180578490118847143771537581802      
   305.833180575208522449485551403157112      
   305.833180532679864089517132468032791      
   305.833180317601823404850585564304668      
   305.833179632578655134427390390630260      
   305.833177969418442227800891993832598      
   305.833174579803515329906759982580111      
   305.833168436153001168840807833547091      
   305.833158097978758556252091348165113      
   305.833141312165117926502581542186732      
   305.833114153098471811553661977718742      
   305.833069624316694021806575245468426      
   305.832995839663000163562454104342024      
   305.832874054758535464310322147592663      
   305.832676856971216188017232263846201      
   305.832366754851379858109931756201743      
   305.831895290143643683761925887638892      
   305.831202679347812327386015929259733      
   305.830217907791607824685703766260037      
   305.828859155597723621215495153662454      
   305.827034426162552731627258749804555      
   305.824642262603220324879692444811505      
   305.821572464835106103841751239165534      
   305.817706750802421245516601237076321      
   305.812919334274318458998867703872043      
   305.807077415511519031385867799647082      
   305.800041598825632177416690963954968      
   305.791666262504419802439936921493035      
   305.781799912367532378917430560230874      
   305.770285551167153715766812871632676      
   305.756961093245472147916207040870985      
   305.741659848331656868074663537253796      
   305.724211091148472887584750652425041      
   305.704440725539104870667993649533411      
   305.682172043930445502732366992478969      
   305.657226575716987296509501901063999      
   305.629425012074033277577368206102406      
   305.598588179517951203106150534632367      
   305.564538101183130853623371565188736      
   305.527098983094548532555586908812534      
   305.486098280971885488730477044485249      
   305.441367698529051294315390927956018      
   305.392744145757115733928601222900276      
   305.340070631519420804231875453879185      
   305.283197075492831296722979477175700      
   305.221981027256142540101844548856832      
   305.156288283682434153786068772660866      
   305.085993398432115958805875791593203      
   305.010980080504993208921814943774503      
   304.931141480994923030036804936076125      
   304.846380369843165721119930436433167      
   304.756609205796708938524510892739729      
   304.661750104948900273376792729931964      
   304.561734713918253033960579043921302      
   304.456503994977994973571065890781957      
   304.346007931342526076829473288944359      
   304.230205160512166481963822225418181      
   304.109062544731726753963211683873717      
   303.982554686437331451134040935491922      
   303.850663398522095667282351229590285      
   303.713377135051456690390072329280699      
   303.570690393257908234632426301822348      
   303.422603091365177792155478599247419      
   303.269119931192251481352992297469426      
   303.110249751237131225212624664242063      
   302.946004872910621115560949612411970      
   302.776400451460673926401126680287839      
   302.601453828191503673579112128067548      
   302.421183894584719790896552777482697      
   302.235610469067385841934093188428874      
   302.044753684980840104158588317464252      
   301.848633400900497571875293104516514      
   301.647268630784909074434282763321977      
   301.440676988430606546028241257527012      
   301.228874155628490729318052303394004      
   301.011873380940231936695928386572889      
   300.789684982753071238099739764818122      
   300.562315890675455442382970706807694      
   300.329769201474681148581460689510829      
   300.092043759712441163708515547464023      
   299.849133757010803889371819355004471      
   299.601028345708025222022605408123651      
   299.347711259544915842204784854600239      
   299.089160480738085864975816642178624      
   298.825347897157337593086306065908897      
   298.556238983264391045605807351712629      
   298.281792481954558811934730931195662      
   298.001960127992185865403750561103899      
   297.716686335595080620581230500039428      
   297.425907877963944648056420154129987      
   297.129553605043895409729447389650423      
   296.827544289575673664673233848951851      
   296.519792167571755381895696538286754      
   296.206200768256471872637358950524020      
   295.886664600160425904593050020450465      
   295.561068804121626602277482855876979      
   295.229288939198826504050091222313224      
   294.891190592900476836097220366453443      
   294.546629096330029485803247504752985      
   294.195449236670857210575606121240371      
   293.837484894389247964445227657315688      
   293.472558561595563536784099948997774      
   293.100481020765612287376279613104117      
   292.721050930446305469784519309021767      
   292.334054595642752874118122984526821      
   291.939265199265071764945792714184518      
   291.536442245075004581848608304588985      
   291.125331523642169472066893672365556      
   290.705664243416946466964881515755297      
   290.277156174325217450094355677896630      
   289.839507384772524837784717484014127      
   289.392401918431098711981947780822754      
   288.935505930868994894000170373093555      
   288.468468166558344585356623078945762      
   287.990918358737260574040660772905700      
   287.502466537281732068540514450619017      
   287.002702341723740048583819322821526      
   286.491193560712557657693581256019671      
   285.967485474878342041754108286424794      
   285.431099372562780368935845192007569      
   284.881531562915132697778767759665648      
   284.318251988164188140677548132761738      
   283.740702667588690418238612099683052      
   283.148296091134752319993221266491955      
   282.540414041650200152673655693066778      
   281.916405470158300788265820555698351      
   281.275584717486336414103045304173018      
   280.617229135334353830243136946599006      
   279.940577598733702868565568727642672      
   279.244827831078309049286778302329807      
   278.529133628118536817761488978293153      
   277.792602788543377076428416966031618      
   277.034293278976115956538311446624215      
   276.253211306262289534314092606092130      
   275.448307056867998556725448718911767      
   274.618471100197518000472968830332316      
   273.762531811791060849179299053172730      
   272.879249294180564783191452106341900      
   271.967311928565144987704590423666747      
   271.025331919435784377692542269168792      
   270.051839813481304286448739152201325      
   269.045278008637885956051312030625289      
   268.003997030618386315980245614233207      
   266.926247406946720449589095134601856      
   265.810173188386172339538551166995260      
   264.653805419539042288517706483269033      
   263.455054485427582019751496392112416      
   262.211701510293314105227085429745619      
   260.921390975887372586602289045800878      
   259.581621213915652964148623190352216      
   258.189735894812912107882328998589871      
   256.742914825068266643633973557650718      
   255.238165444693947817305375505545807      
   253.672313757271383870258556851862882      
   252.041995960991504931750077730410391      
   250.343652141841903390776644372240866      
   248.573521277345959885015318062942190      
   246.727637461496216980302596317683350      
   244.801830000530686234042213001714840      
   242.791732712150975087766861041804938      
   240.692789420110796069229234416112532      
   238.500277323861704636879910180706662      
   236.209344722323111397578186742496158      
   233.815041481243164802837273658489203      
   231.312391989721415446173426778708603      
   228.696471993410137953545739484133034      
   225.962522806790208876432457753252320      
   223.106081999672431503795620290624432      
   220.123154123229244157505150670221319      
   217.010418954892233063445693866827814      
   213.765470135782791610795366193860662      
   210.387092645612384490508739950330859      
   206.875568218051108926532791062021732      
   203.233001692880890591165814429080852      
   199.463648024225395498289777108021529      
   195.574209235113711414390274924911822      
   191.574077927313156658070319350628774      
   187.475483894222286233016632598817851      
   183.293466073218952421670252524380402      
   179.045688132009970665971973945609175      
   174.752017337157781360709312971595080      
   170.433910765669685362672807497431439      
   166.113629337939264378888212819756353      
   161.813368814121102742246487307271952      
   157.554391950388950650246842569546305      
   153.356262683844929343250646031462908      
   149.236253588895638313594649692713633      
   145.208967625307527324083064312218420      
   141.286177491520766056056531348540418      
   137.476861725947711614116306846700434      
   133.787385683155375219527727747014139      
   130.221781823395664706079135314358375      
   126.782083497931849319610749954014496      
   123.468666919466874478279469624171376      
   120.280580285385519795994065024306422      
   117.215840652783320725889136526489632      
   114.271689648439272024360701809319175      
   111.444807302682715925335687193785426      
   108.731485708382007915704634782994550      
   106.127766133913058136898251819856329      
   103.629546486339458030455090379410253      
   101.232661842204954551527018122788000      
   98.9329477121586015594291627819900984      
   96.7262840017406098360275131944750076      
   94.6086288247736138056803062352020070      
   92.5760418036147524279565218765254563      
   90.6247004563082842686452421445379167      
   88.7509114925766669348159229321803650      
   86.9511171610917959823517398673594029      
   85.2218997350156341433168930416763987      
   83.5599823128590670322515705811027792      
   81.9622289276608041285710120835152004      
   80.4256429158630009012359425713388998      
   78.9473642450836615222803454596585818      
   77.5246664140573132836141098368845017      
   76.1549525071960034967183873536981557      
   74.8357510909836468500504116501951652      
   73.5647118599379455028030824311966939      
   72.3396005815356716215910429584725645      
   71.1582950027090370918287275156010092      
   70.0187796374022794069489887707897228      
   68.9191411283253018620978196848363238      
   67.8575635804977040424695517587421031      
   66.8323239338861594261170558538995600      
   65.8417873790451720247185125368903434      
   64.8844031849689134730285315527841206      
   63.9587000341087298258507497371684969      
   63.0632825165608202053952379505377524      
   62.1968264587471376463537097793021717      
   61.3580758085597402083125193256383234      
   60.5458387787986648130825872303240996      
   59.7589840062880155241955610331552805      
   58.9964379412222391526309672047625391      
   58.2571812455778877947836294707546706      
   57.5402460519016338457859814885628012      
   56.8447129248232294833711725304953549      
   56.1697083634125252105311033906452077      
   55.5144022668215587534901475467730059      
   54.8780054464522339978168295971204985      
   54.2597675270055631975934788602890900      
   53.6589746008621397519661294889602546      
   53.0749475027170121524722600004698396      
   52.5070395052579144655124877383679227      
   51.9546350078534497428920358745604491      
   51.4171475052992267375463811330862921      
   50.8940180979106258739873101605866689      
   50.3847140361421592578824380726247884      
   49.8887273165177861757471522146393271      
   49.4055732989170329845912145796735086      
   48.9347894234775088542407094817867810      
   48.4759341977046469826294855588830650      
   48.0285859055342870573826855118702850      
   47.5923416602230665639209397318317094      
   47.1668163878714960844410217573772259      
   46.7516419536178292221877613632821474      
   46.3464661784251426969599467240514483      
   45.9509521726309892249071496571217531      
   45.5647773526380488604897820401100669      
   45.1876329144577389131831463211864589      
   44.8192230626423729167512089201843856      
   44.4592642984422016485334316837641182      
   44.1074849108495959442139882695931960      
   43.7636243207894971121121272133580548      
   43.4274325735043184049685363655962081      
   43.0986698008737328440133551130598000      
   42.7771057460987136962696348191958595      
   42.4625192965201306365699206181254741      
   42.1546980571831964356565121865495770      
   41.8534379145600721543442482923290646      
   41.5585426794868183831893429729998136      
   41.2698236907167893604939574323613622      
   40.9870994895122850142926422399578661      
   40.7101954542770741001082528815631416      
   40.4389435407829323159365726727815775      
   40.1731819277699929589458770453848211      
   39.9127547794545030968260226497525215      
   39.6575119540928530316486436029708924      
   39.4073087627841343955980326003356106      
   39.1620057265273022533081561873776222      
   38.9214683513968878537159701005084202      
   38.6855669046597252816730014340949989      
   38.4541762186206929436089293821463590      
   38.2271754920508648010210634405799091      
   38.0044481024545919184966340627242927      
   37.7858814391241038145339636914742337      
   37.5713667191915987333705908610365686      
   37.3607988452414749212530282253183252      
   37.1540762470415289228299169790568035      
   36.9511007330041940323088358793602110      
   36.7517773630865009456793002165647007      
   36.5560143033539516406479816594705601      
   36.3637227158127629554519488012963425      
   36.1748166319658223075901419556097015      
   35.9892128412081749472421817275114173      
   35.8068307807146873504966394312026679      
   35.6275924348777277143458871956934861      
   35.4514222362111974272254038690669930      
   35.2782469711034269704235226359213946      
   35.1079956894697601248594958602408859      
   34.9405996200465710407789047275603817      
