   91.9024000948784202170827437330254962      
   91.9024000948756103372976966772670622      
   91.9024000947781154036684974976715297      
   91.9024000938787693816519556743988979      
   91.9024000896844288202614914123615544      
   91.9024000766383934661717836846086025      
   91.9024000450117361781423905375102897      
   91.9023999762874426449706128076088324      
   91.9023998183483734422982596412616155      
   91.9023994036952322201103865159029919      
   91.9023982669257104693159404780636514      
   91.9023953407678437620463608243298083      
   91.9023885526131034789441376165911968      
   91.9023743796605313134159843411405703      
   91.9023474336077304067774693795627738      
   91.9023001355331014637135797775725435      
   91.9022225182814951037610753713303312      
   91.9021021680090095727705107388757795      
   91.9019242954276558754365882954931482      
   91.9016719132028051654782897034228342      
   91.9013260885987856932723756543223540      
   91.9008662383299937211992088499382937      
   91.9002704340876126210179386987785767      
   91.8995156910901526111006117492185794      
   91.8985782174697490813050754041664581      
   91.8974336087310809998784357255892640      
   91.8960569781867587858087875188181359      
   91.8944230210858309595671664935810561      
   91.8925060161108248007971794509431501      
   91.8902797727055687279065308588547760      
   91.8877175364632762956381639032238960      
   91.8847918667204601069288046028977969      
   91.8814745010491796858313086933131570      
   91.8777362206473367461150356993619560      
   91.8735467288668543951721380615169068      
   91.8688745526756532592809067757540762      
   91.8636869740632473415878938115176503      
   91.8579499807380001026564756639387369      
   91.8516283216019812688023511865069310      
   91.8446854661519737481054100555893660      
   91.8370837189757639311432731801929393      
   91.8287843028153046413060821339443088      
   91.8197474746221611783129714511807923      
   91.8099326574269411104093285263550713      
   91.7992985819745828951775553004745291      
   91.7878034321374735921516168760289623      
   91.7754049887316371395408936024927447      
   91.7620607666291792140646634863590297      
   91.7477281411091519901173597175719621      
   91.7323644598642995013614261704039574      
   91.7159271383442931879044814510561993      
   91.6983737360431256968702557035324084      
   91.6796620131761226837325359089616112      
   91.6597499668508747887166648288000123      
   91.6385958467965033085346046070126858      
   91.6161581516506669152035932732214447      
   91.5923956062334585995542376339333058      
   91.5672671215691938122505777629543058      
   91.5407317384822602664714229271818358      
   91.5127485582060744297444458422862914      
   91.4832766584700281956632524906735167      
   91.4522750009720853952479378410032280      
   91.4197023285667742564694570188918717      
   91.3855170564216665633387184966964758      
   91.3496771583792863003525593019906528      
   91.3121400465005546206858057499556125      
   91.2728624528256912190198172807199226      
   91.2318003055176569927158587032704867      
   91.1889086084578332068371233486177579      
   91.1441413220163978863203365354926311      
   91.0974512413602919194500710402601590      
   91.0487898831218592510941521254681842      
   90.9981073750389163312215677943228753      
   90.9453523437952308687305810816215061      
   90.8904718078524172234177849831908062      
   90.8334110845259970076811951346961426      
   90.7741136814487142421449280009799911      
   90.7125212103310781625951071817970396      
   90.6485732962774642644907690910783423      
   90.5822074951340385599525847092287428      
   90.5133592131460496501211209121951391      
   90.4419616241575335696298651912561867      
   90.3679455802424267726885939706849562      
   90.2912395531764298287096542264375186      
   90.2117695550714008001430785859154188      
   90.1294590689859406607796088514924361      
   90.0442289711150624099643827988460038      
   89.9559974827408205024390237409459287      
   89.8646800825973759616419291101458527      
   89.7701894015465812580368766584232410      
   89.6724351866269553930228172628318011      
   89.5713241786249234469945718379284787      
   89.4667601868822010413827650571807935      
   89.3586438034329422274796795746451863      
   89.2468724428514457579502509301537234      
   89.1313401762448623116444472144909893      
   89.0119377148033793585196155469046249      
   88.8885522371317855200454814720215745      
   88.7610673385051429420052232693703982      
   88.6293628737638592163771260490956361      
   88.4933150030948182859843212486986110      
   88.3527958002394108101439018270635714      
   88.2076732584886726840586605588423003      
   88.0578111447427779736552460130535655      
   87.9030690005797900882170549854524474      
   87.7433017678320884053001892673757141      
   87.5783595428329907191041662920446414      
   87.4080877722198448015986706661357031      
   87.2323268998534500528876435180922175      
   87.0509118799518862200426333104151062      
   86.8636723023399481428095248917635759      
   86.6704323986720531939155302041031940      
   86.4710101174877706626881459113421366      
   86.2652174752942173524501173694829472      
   86.0528601342277000349000744509564171      
   85.8337369212982344444445242143024797      
   85.6076400456418855880875067118401599      
   85.3743541403658868086354769918694580      
   85.1336566136520511148673621848409707      
   84.8853168473106293544021387535828091      
   84.6290958413609795740511518546275076      
   84.3647465603162200687759608433564075      
   84.0920125207561731148737487639870039      
   83.8106280124397360973662431229765524      
   83.5203177273702627673333904401818028      
   83.2207959050512146208426104159388464      
   82.9117664533397252614770404445917411      
   82.5929216914635094378327348765977862      
   82.2639426956211717921300219633325993      
   81.9244981631890997486321077200659552      
   81.5742442219539771262244021194215209      
   81.2128234934530507911425194394343827      
   80.8398647135834638588969731755660744      
   80.4549822734454773440171462290595901      
   80.0577752908062883376134550891407598      
   79.6478271233503021613878152603578730      
   79.2247044159052782287226762343505934      
   78.7879568403805771588298610763038242      
   78.3371156467447251555167332306972744      
   77.8716937857668150261343612713594276      
   77.3911846798761202654093850953327669      
   76.8950610618836503680679359459050724      
   76.3827751418929619431314617708585112      
   75.8537572379723292903160942088192831      
   75.3074151220003053866554506575017920      
   74.7431334144497461979802598371582191      
   74.1602728556165383809928226763422494      
   73.5581700910350999386026055745867756      
   72.9361371576722744261444908535554469      
   72.2934610414241008379920883438187962      
   71.6294041285733086951767758611020334      
   70.9432039958910478711321246548484791      
   70.2340748547233136688372780334923755      
   69.5012081274569647943905105328739202      
   68.7437747672029223259201594464682351      
   67.9609275135545801806407032426497226      
   67.1518052639007259583166993065942529      
   66.3155375872740003553776385999596939      
   65.4512509534445488599417153069931431      
   64.5580788561365042898143092370708298      
   63.6351705726481918055297309185068225      
   62.6817064525694947811131244392546614      
   61.6969167046492624543948551674249789      
   60.6800998432827159584685339741231991      
   59.6306510895184467218299241155465506      
   58.5480943454765507846504751273269650      
   57.4321205771621198769940113376650907      
   56.2826319484130666688252751436279295      
   55.0997952635819161463437320718485997      
   53.8840988275904065674146918998309963      
   52.6364183438597010230898783224938336      
   51.3580834044441152473309694734529530      
   50.0509483137320690890590994922696788      
   48.7174586399599006198040591316965906      
   47.3607047454250524629592314900977676      
   45.9844690445985426399154273209890620      
   44.5932335811329947498940117831212914      
   43.1921662606855601722042563474373022      
   41.7870546011233508258343292524688303      
   40.3841886168750626386906892589276233      
   38.9901970978977458066320376622313867      
   37.6118319830478465756367050261249935      
   36.2557276629991688807971078082209404      
   34.9281487592564957660721350784228523      
   33.6347595703247415333003462874381617      
   32.3804351517331995082590217386233498      
   31.1691338036048812340120977035003014      
   30.0038384899616043467915205482076661      
   28.8865634525146133564970229310515484      
   27.8184156426352464658372002277182055      
   26.7996954733023107636316539847840284      
   25.8300199713499696706871670887908900      
   24.9084533217112772006788719560416327      
   24.0336345221047894282684858566783083      
   23.2038927985144423159595997979521718      
   22.4173476245073739558799357933076538      
   21.6719918704490852294579968401805577      
   20.9657577389397050894963031409000581      
   20.2965679683765037463615530897626509      
   19.6623733730212236463505774663130737      
   19.0611802604996518351227951705124641      
   18.4910686698168772119305676615545252      
   17.9502040149973362994567873838871916      
   17.4368439482268837675175181919937781      
   16.9493410616942301606279711912908954      
   16.4861431197853841214539134976413623      
   16.0457913570554241917793448216850529      
   15.6269174820208319479251112561891006      
   15.2282398885427196049430579001652379      
   14.8485594322819598216702616283348525      
   14.4867548357709807976523991226702577      
   14.1417781561744320905072712364679826      
   13.8126502582351620547477619872897051      
   13.4984563297037653364725260365339534      
   13.1983416854511085757203662998417950      
   12.9115077295426932628000808884368632      
   12.6372081009795306132841099436439019      
   12.3747451126048405154213398934443197      
   12.1234662930700898622553134748069724      
   11.8827613464260213611798409597389296      
   11.6520591194457017248708728974518185      
   11.4308249044783918109530520463224242      
   11.2185578609071775135845252104611675      
   11.0147886807367093684166167820852285      
   10.8190773500292928521059452093312942      
   10.6310111538879510685349020221069582      
   10.4502027248996223422198523276393535      
   10.2762883687412752832380376466251031      
   10.1089263633286693598386370678237407      
   9.94779545723246808429439493225566917      
   9.79259357373262286696834224430695061      
   9.64303634259662150778254813920476279      
   9.49885608562265902648644565320587581      
   9.35980057812254172994433551651762390      
   9.22563203404647496719365047576442160      
   9.09612620757775050831284860918837689      
   8.97107145308042803487040325931228510      
   8.85026793639282002541445089603671047      
   8.73352683199054056903868288035639952      
   8.62066964924002888056376915253342015      
   8.51152756647057469691263942470659901      
   8.40594080064137905833597243858321089      
   8.30375807173458896486588648572470133      
   8.20483604204122901237465395108774883      
   8.10903883631155502708259147126517376      
   8.01623758768286626218912610413836504      
   7.92631002397749026482079571745654383      
   7.83914003999395210964393967711325100      
   7.75461735305353742150508888557307027      
   7.67263714495932285834925496686674412      
   7.59309975975038462891389733642727871      
   7.51591036849940033223835306034573010      
   7.44097873168385795143552315972680768      
   7.36821890534067146655116180793328142      
   7.29754900895792517023010559210652891      
   7.22889100169693760270466053756868842      
   7.16217046262088787761231596580167816      
   7.09731637460334392775726704175310305      
   7.03426097286966204514133635294945325      
   6.97293954318451249169307669042736484      
   6.91329025886732229096074772426189191      
   6.85525403918737783339204647854035862      
   6.79877438760731155987492273278737450      
   6.74379727105603750409934071055057628      
   6.69027098046172407133104661493497765      
   6.63814601868915570800613282244132111      
   6.58737498277817861694827867892975056      
   6.53791245982952071927724513626382570      
   6.48971492658989772777327459485883122      
   6.44274065515987016254965956867755493      
   6.39694962285943990027869577236078789      
   6.35230343337344022430087440270308996      
   6.30876522998101186881490866250578959      
   6.26629962924696532972403120418179736      
   6.22487264487942060289251518748517428      
   6.18445162469456132754178457177815866      
   6.14500518673413552481090345081024100      
   6.10650315992664885968504556019251205      
   6.06891652787892181610625533474433423      
   6.03221737745025466754504836077399926      
   5.99637884608314416834038343730870964      
   5.96137507605725765810736241317269356      
   5.92718117008851523419840486004136011      
   5.89377314563647388195261331203892429      
   5.86112789775324173937641818653498089      
   5.82922315980284729050041914508158777      
   5.79803746511665207584735313099046651      
   5.76755011513608348007372438361047853      
   5.73774114512913765974981857256366520      
   5.70859129337329706694835471215291289      
   5.68008197129137356748951144053336526      
   5.65219523588833132851763700167490174      
   5.62491376191865769437050923642424196      
   5.59822081752215999997905268853308164      
   5.57210023947960005657225913101193629      
   5.54653640956969312060138033840018333      
   5.52151423333162866620237768495961310      
   5.49701911889624052663773064456357893      
   5.47303695692640822166134539009707834      
   5.44955410121721075425906364170174884      
