 0.13585192139466E+03
 0.13585192139477E+03
 0.13585192139743E+03
 0.13585192141518E+03
 0.13585192147755E+03
 0.13585192163060E+03
 0.13585192193224E+03
 0.13585192245033E+03
 0.13585192326954E+03
 0.13585192451821E+03
 0.13585192642504E+03
 0.13585192940961E+03
 0.13585193419491E+03
 0.13585194192336E+03
 0.13585195425448E+03
 0.13585197342922E+03
 0.13585200229597E+03
 0.13585204429237E+03
 0.13585210339874E+03
 0.13585218406851E+03
 0.13585229114437E+03
 0.13585242977229E+03
 0.13585260532915E+03
 0.13585282336237E+03
 0.13585308955501E+03
 0.13585340972703E+03
 0.13585378985412E+03
 0.13585423612634E+03
 0.13585475503545E+03
 0.13585535345107E+03
 0.13585603877412E+03
 0.13585681898623E+03
 0.13585770286463E+03
 0.13585869991697E+03
 0.13585982059669E+03
 0.13586107627501E+03
 0.13586247926881E+03
 0.13586404282743E+03
 0.13586578107707E+03
 0.13586770895242E+03
 0.13586984208820E+03
 0.13587219670077E+03
 0.13587478944033E+03
 0.13587763724753E+03
 0.13588075718468E+03
 0.13588416628391E+03
 0.13588788137892E+03
 0.13589191896159E+03
 0.13589629503299E+03
 0.13590102497611E+03
 0.13590612344437E+03
 0.13591160425633E+03
 0.13591748032365E+03
 0.13592376358420E+03
 0.13593046496126E+03
 0.13593759434106E+03
 0.13594516056216E+03
 0.13595317143165E+03
 0.13596163374733E+03
 0.13597055334399E+03
 0.13597993514461E+03
 0.13598978323344E+03
 0.13600010092869E+03
 0.13601089087675E+03
 0.13602215514184E+03
 0.13603389531329E+03
 0.13604611260738E+03
 0.13605880798493E+03
 0.13607198226124E+03
 0.13608563621940E+03
 0.13609977073323E+03
 0.13611438687631E+03
 0.13612948603679E+03
 0.13614507003832E+03
 0.13616114123530E+03
 0.13617770263770E+03
 0.13619475800212E+03
 0.13621231193597E+03
 0.13623036999977E+03
 0.13624893878857E+03
 0.13626802603087E+03
 0.13628764067189E+03
 0.13630779294348E+03
 0.13632849445174E+03
 0.13634975824829E+03
 0.13637159889011E+03
 0.13639403250768E+03
 0.13641707686272E+03
 0.13644075141953E+03
 0.13646507738869E+03
 0.13649007777267E+03
 0.13651577742540E+03
 0.13654220310293E+03
 0.13656938744977E+03
 0.13659735379582E+03
 0.13662613831884E+03
 0.13665577580610E+03
 0.13668630318382E+03
 0.13671775951089E+03
 0.13675018604010E+03
 0.13678362624808E+03
 0.13681812594698E+03
 0.13685373321778E+03
 0.13689049870428E+03
 0.13692847519355E+03
 0.13696771809233E+03
 0.13700828536158E+03
 0.13705023748523E+03
 0.13709363766819E+03
 0.13713855179128E+03
 0.13718504850299E+03
 0.13723319935195E+03
 0.13728307876985E+03
 0.13733476426001E+03
 0.13738833642569E+03
 0.13744387908698E+03
 0.13750147943976E+03
 0.13756122791115E+03
 0.13762321868275E+03
 0.13768754971790E+03
 0.13775432270360E+03
 0.13782364330063E+03
 0.13789562137680E+03
 0.13797037123234E+03
 0.13804801137542E+03
 0.13812866544382E+03
 0.13821246200926E+03
 0.13829953464183E+03
 0.13839002252687E+03
 0.13848407073665E+03
 0.13858183036136E+03
 0.13868345889158E+03
 0.13878912015129E+03
 0.13889898569386E+03
 0.13901323411357E+03
 0.13913205320935E+03
 0.13925563769334E+03
 0.13938419166418E+03
 0.13951793021314E+03
 0.13965707675846E+03
 0.13980186622377E+03
 0.13995254805896E+03
 0.14010937604612E+03
 0.14027262269166E+03
 0.14044257867528E+03
 0.14061954293512E+03
 0.14080383358627E+03
 0.14099579696913E+03
 0.14119576332081E+03
 0.14140411898469E+03
 0.14162125880489E+03
 0.14184760117478E+03
 0.14208358852105E+03
 0.14232969286549E+03
 0.14258641311943E+03
 0.14285428201562E+03
 0.14313386410276E+03
 0.14342576314980E+03
 0.14373062163421E+03
 0.14404912809036E+03
 0.14438201677031E+03
 0.14473007332950E+03
 0.14509414125691E+03
 0.14547512640215E+03
 0.14587399837323E+03
 0.14629180345266E+03
 0.14672966702762E+03
 0.14718880119019E+03
 0.14767051590869E+03
 0.14817622397901E+03
 0.14870745610757E+03
 0.14926586458402E+03
 0.14985324614613E+03
 0.15047153978876E+03
 0.15112285889377E+03
 0.15180949133188E+03
 0.15253392494212E+03
 0.15329886048346E+03
 0.15410725937091E+03
 0.15496226292290E+03
 0.15586735347069E+03
 0.15682628610378E+03
 0.15784312616086E+03
 0.15892227622620E+03
 0.16006848148999E+03
 0.16128685284264E+03
 0.16258286733739E+03
 0.16396237844251E+03
 0.16543160020560E+03
 0.16699709759150E+03
 0.16866575529537E+03
 0.17044472664290E+03
 0.17234138113304E+03
 0.17436322148421E+03
 0.17651778773095E+03
 0.17881254532901E+03
 0.18125474681715E+03
 0.18385130023789E+03
 0.18660860693338E+03
 0.18953239730570E+03
 0.19262760109884E+03
 0.19589816185570E+03
 0.19934690118875E+03
 0.20297541706607E+03
 0.20678397331409E+03
 0.21077145380675E+03
 0.21493536099001E+03
 0.21927182827617E+03
 0.22377572141973E+03
 0.22844076297915E+03
 0.23325969535567E+03
 0.23822446242035E+03
 0.24332641900865E+03
 0.24855651663863E+03
 0.25390552096020E+03
 0.25936412112336E+03
 0.26492316057419E+03
 0.27057366506851E+03
 0.27630698328848E+03
 0.28211483712161E+03
 0.28798931497849E+03
 0.29392311482249E+03
 0.29990918652237E+03
 0.30594098681722E+03
 0.31201241215122E+03
 0.31811776140193E+03
 0.32425171671359E+03
 0.33040932277659E+03
 0.33658596961340E+03
 0.34277734751290E+03
 0.34897944017388E+03
 0.35518849751986E+03
 0.36140099998793E+03
 0.36761365813582E+03
 0.37382338177408E+03
 0.38002727000640E+03
 0.38622258110952E+03
 0.39240673806044E+03
 0.39857729551984E+03
 0.40473196125144E+03
 0.41086853639777E+03
 0.41698489001448E+03
 0.42307917780139E+03
 0.42914945632310E+03
 0.43519393440744E+03
 0.44121091477213E+03
 0.44719876868220E+03
 0.45315594382367E+03
 0.45908096226586E+03
 0.46497240382982E+03
 0.47082891628967E+03
 0.47664920678377E+03
 0.48243203347593E+03
 0.48817621718897E+03
 0.49388062728217E+03
 0.49954418278038E+03
 0.50516585257422E+03
 0.51074465582775E+03
 0.51627965308368E+03
 0.52176995420332E+03
 0.52721470951031E+03
 0.53261311424622E+03
 0.53796440374136E+03
 0.54326785555148E+03
 0.54852278826134E+03
 0.55372855628316E+03
 0.55888455827499E+03
 0.56399022521934E+03
 0.56904502929033E+03
 0.57404847714182E+03
 0.57900011223507E+03
 0.58389951394180E+03
 0.58874629526801E+03
 0.59354010519100E+03
 0.59828062475055E+03
 0.60296756802900E+03
 0.60760068302637E+03
 0.61217974723276E+03
 0.61670457117919E+03
 0.62117499549167E+03
 0.62559089008877E+03
 0.62995215445810E+03
 0.63425871764053E+03
 0.63851053497357E+03
 0.64270759013781E+03
 0.64684989343815E+03
 0.65093748091534E+03
 0.65497041393568E+03
 0.65894877873786E+03
 0.66287268447398E+03
 0.66674226467573E+03
 0.67055767441351E+03
 0.67431909089891E+03
 0.67802671242766E+03
 0.68168075763108E+03
 0.68528146449552E+03
 0.68882909042230E+03
 0.69232391053569E+03
 0.69576621729159E+03
 0.69915632044126E+03
