   91.9024000954186098051982755948291852      
   91.9024000954157999254187997248733201      
   91.9024000953183049918287565234925636      
   91.9024000944189589698065997008635562      
   91.9024000902246183962721118108031756      
   91.9024000771785825126478429836333893      
   91.9024000455519185186102243498367604      
   91.9023999768275853313573399477341814      
   91.9023998188883745646528106822405219      
   91.9023994042348768958212461776093258      
   91.9023982674646564897993843902496097      
   91.9023953413056547154993282913862337      
   91.9023885531493150370695054200458673      
   91.9023743801951093638385966229461362      
   91.9023474341429646614765016245745718      
   91.9023001360864857312346429000512144      
   91.9022225189347617519636181893137340      
   91.9021021690780322868761015750262483      
   91.9019242979562709126575724824237832      
   91.9016719202157485705001574276287622      
   91.9013261079318531533967560788649609      
   91.9008662884305754188450726930795263      
   91.9002705549226103422594633000605574      
   91.8995159632330726159755553829743867      
   91.8985787934574633827607718303109150      
   91.8974347617852998510058719973838051      
   91.8960591744447041139731133493881580      
   91.8944270222144164445557496012057972      
   91.8925130197295409558679482640039246      
   91.8902915984597218511350030705164483      
   91.8877368654902453118992141876871366      
   91.8848225419832910681089780703581318      
   91.8815218955008996877084034372080129      
   91.8778076794274522865778238619424768      
   91.8736520908279531657991777317405907      
   91.8690267555453702588097509108364848      
   91.8639027464950760857778570960444795      
   91.8582506382434662136413983432670633      
   91.8520405982765160945753878295443784      
   91.8452425130442363558937936633794011      
   91.8378261449853378012674286288617029      
   91.8297613153566301411529728095389849      
   91.8210181067714131643615013331371695      
   91.8115670788950867462671304441635916      
   91.8013794906527520686159771007188812      
   91.7904275225434410008126285753572909      
   91.7786844931178462830971833103720543      
   91.7661250643280528334564538828039512      
   91.7527254312082061818729283374587651      
   91.7384634921597199181813490203949942      
   91.7233189969380319480783192085163775      
   91.7072736702363086841324860305452317      
   91.6903113095277611470588771874898673      
   91.6724178565096605069692380359603254      
   91.6535814421127229243018511814334005      
   91.6337924055733900175737818818283949      
   91.6130432885057023817137762237507960      
   91.5913288052932895299889558481709015      
   91.5686457914096801101400179858254444      
   91.5449931314751643643887406067339038      
   91.5203716635168793295681020706037656      
   91.4947840931904869876904220521581825      
   91.4682348440895933384497395474362986      
   91.4407299436030529973678399651273861      
   91.4122768761070870370281058438685911      
   91.3828844325276298242895215505214165      
   91.3525625539680467047988443557872128      
   91.3213221711676548006336070001449819      
   91.2891750411726217219375192516324310      
   91.2561335831888595089942261525439117      
   91.2222107146822844695685937890877396      
   91.1874196890411958027699155388237681      
   91.1517739359684403132535538535364322      
   91.1152869054394840760826226303755841      
   91.0779719159958271547530018667936422      
   91.0398420083450932986900816825279144      
   91.0009098044554613065945487131798454      
   90.9611873724395478930151128464556569      
   90.9206860982768942547327354567183551      
   90.8794165642206876937041873306821009      
   90.8373884329647852666528417563386469      
   90.7946103394609115810495179703834030      
   90.7510897895392118354273873974593734      
   90.7068330639218167245474076098015949      
   90.6618451307371119302394479709233986      
   90.6161295620283891490331735691888677      
   90.5696884583005481496326888559464979      
   90.5225223766356334520375859601338969      
   90.4746302668058058104202497231623757      
   90.4260094103562619384319468218706507      
   90.3766553648091813859259186805754629      
   90.3265619143095969689573285047242716      
   90.2757210207183183682490324238368633      
   90.2241227791628179197417473745577160      
   90.1717553846162955206380611163254438      
   90.1186050833585742817607484172103551      
   90.0646561505441374112815773671135701      
   90.0098908462992092827134887355840179      
   89.9542893956334523130419246141911387      
   89.8978299485943790252502785529932318      
   89.8404885590285627985333239675413350      
   89.7822391536934950023793149016822148      
   89.7230535067044981952054822801124574      
   89.6629012069883164603819147580508540      
   89.6017496377377589500391872482935958      
   89.5395639450382578779924246752354668      
   89.4763070055821209904075139946939327      
   89.4119393951349908359190992206482782      
   89.3464193608611407020097559333079296      
   89.2797027891064778743144595567518567      
   89.2117431552528838588427347016019117      
   89.1424914984723637834076295158589755      
   89.0718963748645099132374084172024543      
   88.9999038078595878041872193856452083      
   88.9264572438404593580447268032294984      
   88.8514974941844480865509913311546539      
   88.7749626879321352320305271182447302      
   88.6967881656022224247921174261938211      
   88.6169065411448011260276572181090290      
   88.5352474495122938551566013593255305      
   88.4517375997908808241342591234415815      
   88.3663006286159350595544204211533360      
   88.2788570340416779953133854254506250      
   88.1893240686293508969451605780737784      
   88.0976156512900408044145535739180845      
   88.0036422304601219116613608950663546      
   87.9073106660877373351112822211067268      
   87.8085241065447309014034005200018438      
   87.7071818323733609799353099761228747      
   87.6031791289881625723547229370435904      
   87.4964070774274722145475614406114864      
   87.3867524202015550888189882878898097      
   87.2740973626145067111436414352964539      
   87.1583193485126536504822160563198830      
   87.0392908581780996024748358250683862      
   86.9168791575493952166360401401781824      
   86.7909460506384783018182819663419744      
   86.6613476191021747869551772742812224      
   86.5279338980994622134949444385821394      
   86.3905485939369355593940529686841683      
   86.2490287257726278798579215437249050      
   86.1032042589112392713159899926194458      
   85.9528976859204682942824671748968313      
   85.7979236829146804894451566335252594      
   85.6380885442097572976242582539472069      
   85.4731897710583919467930344318714014      
   85.3030154998331220997123150586384803      
   85.1273439618355152433083529246922750      
   84.9459427896796358601006925153261764      
   84.7585684890752760592230570089194874      
   84.5649655481183544641543856902896696      
   84.3648656946757413140741425503659502      
   84.1579873599431860461261974475635255      
   83.9440342543097927028268835322114530      
   83.7226947339602450617930379845482202      
   83.4936406273231561171663790130034233      
   83.2565261184302148199077123088667321      
   83.0109864688378118720769153900972312      
   82.7566366711287803281638342346599459      
   82.4930700245552908100034325920577904      
   82.2198566158241259369934605904957929      
   81.9365414393567350945673343634972698      
   81.6426426973910787581054710151223817      
   81.3376497652671313764920374876083983      
   81.0210211740491655550466599127757530      
   80.6921821286770178106393817387207217      
   80.3505221006175883178680920313694003      
   79.9953923622871353037621161290993141      
   79.6261028839070560914768157009624657      
   79.2419196437288713884874035847432619      
   78.8420613743939726553668666937686215      
   78.4256962059463245713531455769529858      
   77.9919384990501112916573180770630870      
   77.5398450788783902025970942855916389      
   77.0684118998865969401527881090033127      
   76.5765711789506067887915900358624189      
   76.0631872493320824689051111437413610      
   75.5270545628106436300423268360248650      
   74.9668950452968272717678064353924102      
   74.3813569663894453972857079126455090      
   73.7690145670414747374737004184039738      
   73.1283697580992700976525012376230408      
   72.4578560756722052874592781724813903      
   71.7558449107593583263381502899998008      
   71.0206562424024746567073539295281106      
   70.2505736545238820241699470929526789      
   69.4438648168327648364112115642103319      
   68.5988095903728712148162540019237280      
   67.7137355366845597516003191732505919      
   66.7870619950648425013067294708053148      
   65.8173557198321498245826534597062914      
   64.8033929857862455608181876873440457      
   63.7442370783286928297630402968539294      
   62.6393158413281783234900176310946251      
   61.4885116527356989620298996300491732      
   60.2922489535948761477175423005422070      
   59.0515787897979324159410350129092255      
   57.7682524659020204348013016499372853      
   56.4447776413850414354063630656478361      
   55.0844472607702057021702123966712815      
   53.6913510761335300700906072994834514      
   52.2703292653503288412726963674491811      
   50.8269087386197002273338263853996081      
   49.3671943784563450210814415652876974      
   47.8977553601823066964232321509975383      
   46.4253532459575498966151679693465114      
   44.9568991470014305130287370056502816      
   43.4991718036038964386407909043243214      
   42.0586517302743933046480061783351873      
   40.6413536885380719598129095905648587      
   39.2526887673806800368799611367321033      
   37.8973638703478908105426041727830438      
   36.5793217869126825382402143231210195      
   35.3017208039844501049847109085614282      
   34.0669490146209350750793243664685981      
   32.8766686901535527275644616006936789      
   31.7318794392413894045559502485495427      
   30.6329952344228068266521226789958219      
   29.5799272386544707862578918690609576      
   28.5721669010282110381190298180911300      
   27.6088651714049834382827773885525953      
   26.6889053699590888878708081675421627      
   25.8109679593610798201679615938643302      
   24.9735867831231741721828093103105483      
   24.1751965189180826931013713996581325      
   23.4141723296928697209890268516058051      
   22.6888618815507252208910740097257711      
   21.9976110342773328460396274237161539      
   21.3387839387122586767987730599018848      
   20.7107783930094938610865468885624878      
   20.1120372139934946336561516158775612      
   19.5410564137410214272850781943755100      
   18.9963908712554913612555750311760858      
   18.4766576965580646843951339512333927      
   17.9805381169192971720407087654088208      
   17.5067779897313261253836529013288274      
   17.0541873635117698205268197778897584      
   16.6216393413888711560954868265186849      
   16.2080683007856079344108999796582330      
   15.8124676933055483460598273897079101      
   15.4338878844089025616333668568478776      
   15.0714334294793259098221878371099714      
   14.7242605369393349580541696915824723      
   14.3915743689323616999400961803812753      
   14.0726263881571100120013711639715501      
   13.7667118585445415379494014440624105      
   13.4731672130667142136251327800753225      
   13.1913677098117943128253173942440723      
   12.9207250505234509653973225708216904      
   12.6606852089537684588537409451450119      
   12.4107263074346949247868768002858819      
   12.1703566092385549991255562191084254      
   11.9391126563495343536346937069736043      
   11.7165574925330924051935976189965715      
   11.5022790122000969660627324057886725      
   11.2958883833395331196516904384344758      
   11.0970185839579445642022933978408899      
   10.9053230471735227738782292125055329      
   10.7204743668122051051014757898062013      
   10.5421631114046293808353100846917687      
   10.3700966954546217197161924080506969      
   10.2039983373319484624669945030149385      
   10.0436060814734533991683723386771887      
   9.88867189435018141376144163026248940      
   9.73896081074869388122951413927186385      
   9.59425012586581759329371047013215512      
   9.45432867945343435033240500221306612      
   9.31899614470218152329817335759118828      
   9.18806238260023215232339008677133579      
   9.06134685204104900114528083600781119      
   8.93867802974040520352464583648893431      
   8.81989289157741733225085610871285138      
   8.70483642123527933390874603563407668      
   8.59336115462660780968823774609510956      
   8.48532670491089414686092661946661388      
   8.38059943264475375789969241281221371      
   8.27905202285992326607992674623185428      
   8.18056313224945108235459194259184408      
   8.08501707205194889571672267644187430      
   7.99230348618796007011483642443004311      
   7.90231706911805411782010970840373142      
   7.81495728798489252769466849356241218      
   7.73012812748323807320595410420506761      
   7.64773785100446179263822775841064678      
   7.56769877348461796142410525344492884      
   7.48992704876696366262846154573430487      
   7.41434247317236152802635793367146143      
   7.34086829511355266261232822834111542      
   7.26943103972701860943732180893547160      
   7.19996034224586475981429613637693535      
   7.13238879416790237498867931132547874      
   7.06665179226483770202155407849182968      
   7.00268740222108995040568833461342551      
   6.94043622732163851440502818552532575      
   6.87984128499754837840988496931531550      
   6.82084789012669097287440598723079921      
   6.76340354444693686283470475549744754      
   6.70745783448669866221225598738708133      
   6.65296233090589636964000716228165090      
   6.59987049777627662370426741006185120      
