   6.91360382032448847522976250442333937      
   6.91360382032448897452856100055816334      
   6.91360382032452743201328781372419829      
   6.91360382032516444341181800462667485      
   6.91360382032990751712095122611539177      
   6.91360382035170981779284525780591613      
   6.91360382042467998402598418132344553      
   6.91360382061958405573726145602751750      
   6.91360382105548862138202399881990489      
   6.91360382188595357172063141156324195      
   6.91360382321898980197405821785487234      
   6.91360382491702756413716019563535640      
   6.91360382622650336360626857712379267      
   6.91360382520635089248825947188776582      
   6.91360381795271130145110235286678206      
   6.91360379764462996699419462514345496      
   6.91360375345675462454904630517306549      
   6.91360366939862774774589656897548241      
   6.91360352314698261817800154775134632      
   6.91360328493924762071176510644254592      
   6.91360291659473314286594666689625263      
   6.91360237072523733041160727975375558      
   6.91360159018869989361512820072952556      
   6.91360050782817007703414486191374292      
   6.91359904652279480885240960060053215      
   6.91359711955964850255443981735735463      
   6.91359463131499963552828287693193710      
   6.91359147821446947628928945628963723      
   6.91358754992438829074698468369312228      
   6.91358273071287190780141464570013626      
   6.91357690091175162456195523666380543      
   6.91356993840733847882885151067827772      
   6.91356172009063754307521196977669194      
   6.91355212318278207211405779993230708      
   6.91354102650410703954208190932374285      
   6.91352831136350187505604064228542974      
   6.91351386239493027714391290704187161      
   6.91349756807509855435498454597886591      
   6.91347932101380044880032014882088902      
   6.91345901800792228247727449243982748      
   6.91343655987366728246205962612070393      
   6.91341185107666727743818107263084971      
   6.91338479918476085840098835984797643      
   6.91335531416903815057645050049721172      
   6.91332330758102209171748312343392504      
   6.91328869163164410009055988125252292      
   6.91325137819822545977031448501828188      
   6.91321127778123437873222820592771787      
   6.91316829843245567116215948900164355      
   6.91312234467099176321873992685786288      
   6.91307331640354312952335354161718023      
   6.91302110785959273986594235011267026      
   6.91296560655204899414264592821147792      
   6.91290669227062028423152832774460024      
   6.91284423611200811147328931149964273      
   6.91277809955195493631104266229469859      
   6.91270813355884002042455683672985959      
   6.91263417775196939805326077263500606      
   6.91255605959964690954356211883782749      
   6.91247359366328796878102538198483382      
   6.91238658087259951403559548249420324      
   6.91229480784576168687984370118011251      
   6.91219804623391752590555440790699088      
   6.91209605210476568488457299578971352      
   6.91198856534653844993108191925672336      
   6.91187530909503034003296380019247168      
   6.91175598917850354091833070922038151      
   6.91163029359527585936110421344689356      
   6.91149789196972854001804793959664618      
   6.91135843504866840635763543972314840      
   6.91121155418480205300713612588850000      
   6.91105686083480749179937405063376638      
   6.91089394604427576672460055679390203      
   6.91072237993781037131734767831939583      
   6.91054171118694092186471120189938458      
   6.91035146649610588336050926057419015      
   6.91015115002298527438147788081534425      
   6.90994024281846768197848220027702932      
   6.90971820228175777652163153360905862      
   6.90948446152061511877533704654443358      
   6.90923842874272501396144338070729447      
   6.90897948656997240193825287883169173      
   6.90870699130957514240046870435746642      
   6.90842027216502949380367354656536702      
   6.90811863088249573771852320659217686      
   6.90780134033001903472508286293220258      
   6.90746764407160385566519515113872306      
   6.90711675544519500641034343634056444      
   6.90674785631350550168728102790673063      
   6.90636009631665766825162355357518769      
   6.90595259176838080317040718229569263      
   6.90552442459484547973368972373845415      
   6.90507464111774757494283121281004086      
   6.90460225069123956064391989809418068      
   6.90410622464601104422362468601511754      
   6.90358549445138829987140604258110550      
   6.90303895069240441743394052520625352      
   6.90246544117467419149440854025514821      
   6.90186376986340261487771494946370065      
   6.90123269465647959112790276897885253      
   6.90057092535715967900093122476509148      
   6.89987712200734673067253970079062472      
   6.89914989327013370367980652413659727      
   6.89838779442587724838771369286504346      
   6.89758932351856883610262535628369848      
   6.89675292061944655208851844277501876      
   6.89587696533971699101685527997958605      
   6.89495977367070453326351648500681887      
   6.89399959419115803158441964972941055      
   6.89299460850129266406184934376059047      
   6.89194292320701890043214011829269813      
   6.89084257289544539106471476299278084      
   6.88969151076235977682959044098900622      
   6.88848760970372061295899789263663090      
   6.88722865555970842446117770281986233      
   6.88591234619684172310629377256909772      
   6.88453628432162124376956645199754366      
   6.88309797615987185458398961846918962      
   6.88159482583020142662117468061618548      
   6.88002413091614858869357084300919989      
   6.87838307720576270851695921847950127      
   6.87666873575912851353979261630266573      
   6.87487805484024835832350075513647191      
   6.87300785808578570681886168674087874      
   6.87105483545055792198064563520551361      
   6.86901554052147330199407786860752030      
   6.86688638275675564881171904127354601      
   6.86466362255691650866138401337374839      
   6.86234336349073992500967114951727886      
   6.85992154773429971547320998961327620      
   6.85739394836095853217773520505902615      
   6.85475616276540921408997357315970834      
   6.85200360574061948807602274293347846      
   6.84913150224156296352654861291074021      
   6.84613488148217706949234073545593034      
   6.84300856751071492671632661468421216      
   6.83974717448533241343979938796706382      
   6.83634509804648255381957782564655293      
   6.83279650955864761801213958921387968      
   6.82909534810868167837502654441047530      
   6.82523531575541572803486127744018120      
   6.82120987025584845191285715078824479      
   6.81701222081079312404433828848993374      
   6.81263532291930787568953817905765766      
   6.80807187677504452071938609846928344      
   6.80331432286950900313833417003645954      
   6.79835484451016558304970895898907169      
   6.79318536751166390302224464996783209      
   6.78779756837876761000063364315079040      
   6.78218287900745281279707857474793446      
   6.77633250122083835395083463399995845      
   6.77023742251138262555432234269733600      
   6.76388844346095161708148192158498405      
   6.75727620224638294533938601844735923      
   6.75039121915133376872990230605614241      
   6.74322394038833227221251211973420070      
   6.73576480116727740324445037107802141      
   6.72800429243149308264762853326187778      
   6.71993304535228847401191773120261616      
   6.71154192135287624338248684727075648      
   6.70282211284501565324947163632433315      
   6.69376524967778423139429469384358499      
   6.68436350152422135986260031182176142      
   6.67460967489488791113636409918502530      
   6.66449728884640867255870433935318377      
   6.65402061937098704604606723982920255      
   6.64317472004015329892058866859886045      
   6.63195535720042228879560057932719443      
   6.62035891270188830291473127257561726      
   6.60838220088670194355604839865426553      
   6.59602222429635355452867750987599070      
   6.58327588047217138599616460251917986      
   6.57013961323939127453076343269060227      
   6.55660908453846464396615504082776062      
   6.54267883842060961242062342798218022      
   6.52834202349530529221445402674337529      
   6.51359016901119351869368973125523429      
   6.49841303492490666374335774523137326      
   6.48279853641063377627451898505685868      
   6.46673273817285605791337353591577092      
   6.45019990984290993483725394490605510      
   6.43318263267673017210669953968678953      
   6.41566194366993068871167003358217748      
   6.39761750873152964131605909439608111      
   6.37902780916394346657401861408052360      
   6.35987033562067431036275947478494841      
   6.34012177933729977986335928397782074      
   6.31975821712914180093771693430154577      
   6.29875528272317400329150801366547113      
   6.27708832360119966845636465550629994      
   6.25473254075876587317698387172434799      
   6.23166311180215590343858011362105035      
   6.20785529711728661246243897938604988      
   6.18328452899336788088537248373700627      
   6.15792648769847653706530753597893979      
   6.13175716107670060296612671985749589      
   6.10475289497689575202061746616172991      
   6.07689042998959603482881229150051140      
   6.04814693020761012398173129997399764      
   6.01850000258503969836348184833610638      
   5.98792770925406525784383614045317839      
   5.95640857322274853797148515556989387      
   5.92392157866526884408496225768302258      
   5.89044616682711916510298688362546878      
   5.85596222737699018660760916995014782      
   5.82045008740514145057999293891604313      
   5.78389049702248176302790563355033195      
   5.74626461341329447159295582210531448      
   5.70755398311095976236534373375681395      
   5.66774052322381695583115378231156407      
   5.62680650181992020119120462835130298      
   5.58473451772008674939566841538135627      
   5.54150748052559969312370518306247189      
   5.49710859031794171288372924003167490      
   5.45152131763676228358395434313440077      
   5.40472938408810021820978478926944722      
   5.35671674324904998030691699074699407      
   5.30746756230834934553785733173673656      
   5.25696620432674548393818848344612251      
   5.20519721130861294656719722180663570      
   5.15214528797800809659997350889004382      
   5.09779528641603308753222501440934259      
   5.04213219137567096176892441193829050      
   4.98514110664993499355458200047122537      
   4.92680724175568611849358591214806828      
   4.86711589988936432080049536855492479      
   4.80605246631004398593953725847787505      
   4.74360239752243900618153545582440802      
   4.67975121116427130727330292119754760      
   4.61448447634988502250893123390498772      
   4.54778780496805364156241353157190340      
   4.47964684335304837826384135094331319      
   4.41004726434251247465190469627588663      
   4.33897476027559803623798553499876131      
   4.26641503614074529993922311425930496      
   4.19235380319395682845498802652121031      
   4.11677677329285089580550017664740163      
   4.03966965321343846677576806018530766      
   3.96101813968857176515889475565020372      
   3.88080791463035381479165699050092725      
   3.79902464071367057691754476290435197      
   3.71565395718500742775269186262018077      
   3.63068147618394904478559691684436334      
   3.54409277895402486573587717528706427      
   3.45587341273494147352917615429836845      
   3.36600888747437397898553819497976866      
   3.27448467305908105395237938135280790      
   3.18128619656888985936715800138583033      
   3.08639883976328628126882620963666485      
   2.98980793678100896773757851089590345      
   2.89149877187194352487202011421334043      
   2.79145657741264830467797618275238608      
   2.68966653217027035335983919058999567      
   2.58611375919914383011328432059036408      
   2.48078332443050715301474668407141244      
   2.37366023504944745560398745228250390      
   2.26472943810816302361941889947183970      
   2.15397581912707723122614255721517738      
   2.04138420088319055937107710140004056      
   1.92693934225353934819757332341299946      
   1.81062593708494839466413674945440885      
   1.69242861318472838837644181761885593      
   1.57233193143485755257738013572261682      
   1.45032038482300725913187805370931238      
   1.32637839767920214420111498358993851      
   1.20049032489427828498335114074782379      
   1.07264045118642765462636799514131785      
  0.942812990456489835324786232489333858      
  0.810992085160862247965041308379703821      
  0.677161805733093188808353720150079165      
  0.541306150051534863775797189386352020      
  0.403409042921851163278748034327205891      
  0.263454335688177915710220027658674513      
  0.121425805651695294297395243474582754      
  -2.26928441312479790797223611744584145E-0002
 -0.168917985387474837532613405931821971      
 -0.317266064875924936509094988761007801      
 -0.467753604684399384140232473155754392      
 -0.620397202619267820006791241266767666      
 -0.775213532372352847239343631188532432      
 -0.932219343781353526834286873131597386      
  -1.09143146308936508367269079224845687      
  -1.25286679315475573913500511155810946      
  -1.41654231355237140569431934781280609      
  -1.58247508081916097778235128417191949      
  -1.75068222859735044394124455025801836      
  -1.92118096772404015449494965997582115      
  -2.09398858638160496772462485637863562      
  -2.26912245020989523797151286529179622      
  -2.44660000238241926986907020161443392      
  -2.62643876366967094969082626148784854      
  -2.80865633253513342423845576293724873      
  -2.99327038519331531987338452884256640      
  -3.18029867562808854032639009791741085      
  -3.36975903562905344287996873160136510      
  -3.56166937482636142047218827901701031      
  -3.75604768072830782995579953970220051      
  -3.95291201868566570696827330131831691      
  -4.15228053190451721345427284988653310      
  -4.35417144144030962089449501872311237      
