 0.40839582504558E-07
 0.32397664321673E-08
 0.72718019793342E-09
 0.22306483066681E-09
 0.26841172528586E-09
 0.99330765145101E-10
 0.14571546587957E-09
 0.29116138681730E-10
-0.30685057647346E-12
 0.28765558138929E-10
-0.50970114851230E-11
 0.21739673800314E-10
 0.20451792876036E-10
 0.45458607740764E-11
 0.74528452438429E-11
 0.36828448901843E-11
 0.10026443340033E-10
 0.49358782116308E-11
 0.13679279920255E-11
 0.39577761005718E-11
 0.34409713928253E-11
 0.31591760788233E-11
-0.12353295897882E-12
 0.30687776082091E-11
 0.64811701356377E-11
 0.11573271728863E-10
 0.25323257057343E-10
 0.57912348649723E-10
 0.12660052124702E-09
 0.26575199988495E-09
 0.53943396907046E-09
 0.10544260084485E-08
 0.19855054862389E-08
 0.36062655367566E-08
 0.63405255036894E-08
 0.10810764472283E-07
 0.17918269355718E-07
 0.28933531768773E-07
 0.45599733937807E-07
 0.70268462834738E-07
 0.10604844458974E-06
 0.15697872254108E-06
 0.22873637248126E-06
 0.32582639014049E-06
 0.45909608554710E-06
 0.63755123920033E-06
 0.87237253725765E-06
 0.11778549561155E-05
 0.15719551430407E-05
 0.20754038542490E-05
 0.27122721454388E-05
 0.35089941638330E-05
 0.44978615664585E-05
 0.57133461927508E-05
 0.71964342874117E-05
 0.89927006648616E-05
 0.11154458437346E-04
 0.13738228081437E-04
 0.16807852992352E-04
 0.20432518366337E-04
 0.24687836496741E-04
 0.29656291931180E-04
 0.35428105045439E-04
 0.42100161456625E-04
 0.49776257969012E-04
 0.58567801273725E-04
 0.68593413593541E-04
 0.79979004617350E-04
 0.92857714038369E-04
 0.10736981208912E-03
 0.12366256798913E-03
 0.14189007146440E-03
 0.16221302361754E-03
 0.18479849037358E-03
 0.20981962948405E-03
 0.23745539082641E-03
 0.26789018891845E-03
 0.30131356317797E-03
 0.33791975645556E-03
 0.37790748570490E-03
 0.42147934247915E-03
 0.46884152604029E-03
 0.52020344977429E-03
 0.57577732660388E-03
 0.63577779390695E-03
 0.70042149338226E-03
 0.76992669249340E-03
 0.84451298391400E-03
 0.92440087062984E-03
 0.10098114488397E-02
 0.11009662598555E-02
 0.11980868518518E-02
 0.13013946235368E-02
 0.14111105174103E-02
 0.15274547674615E-02
 0.16506469408877E-02
 0.17809057608456E-02
 0.19184488544523E-02
 0.20634928469226E-02
 0.22162532091225E-02
 0.23769437148851E-02
 0.25457785456557E-02
 0.27229694758959E-02
 0.29087275512312E-02
 0.31032636125886E-02
 0.33067870210775E-02
 0.35195068238628E-02
 0.37416328068119E-02
 0.39733745242365E-02
 0.42149406805037E-02
 0.44665412696725E-02
 0.47283868132837E-02
 0.50006899411365E-02
 0.52836618982323E-02
 0.55775206698587E-02
 0.58824850156134E-02
 0.61987749484390E-02
 0.65266168696117E-02
 0.68662375545341E-02
 0.72178707355300E-02
 0.75817537125464E-02
 0.79581327163611E-02
 0.83472528636666E-02
 0.87493766043932E-02
 0.91647625072551E-02
 0.95936893794425E-02
 0.10036429008815E-01
 0.10493282822618E-01
 0.10964538875583E-01
 0.11450520156426E-01
 0.11951540275245E-01
 0.12467939448947E-01
 0.13000067339893E-01
 0.13548278634085E-01
 0.14112960935726E-01
 0.14694498893010E-01
 0.15293301679718E-01
 0.15909797171268E-01
 0.16544429368736E-01
 0.17197660862597E-01
 0.17869974789826E-01
 0.18561872500243E-01
 0.19273881312524E-01
 0.20006547278443E-01
 0.20760438909829E-01
 0.21536152183524E-01
 0.22334308000763E-01
 0.23155548747965E-01
 0.24000547625432E-01
 0.24870003075378E-01
 0.25764644197571E-01
 0.26685226144923E-01
 0.27632533957732E-01
 0.28607381681109E-01
 0.29610613616660E-01
 0.30643105552298E-01
 0.31705761896688E-01
 0.32799515254650E-01
 0.33925328458284E-01
 0.35084195265942E-01
 0.36277130080034E-01
 0.37505177755900E-01
 0.38769402133186E-01
 0.40070886398892E-01
 0.41410726866311E-01
 0.42790032052942E-01
 0.44209911344485E-01
 0.45671469948018E-01
 0.47175796100176E-01
 0.48723953834893E-01
 0.50316962641129E-01
 0.51955788331781E-01
 0.53641315791055E-01
 0.55374329767372E-01
 0.57155481692664E-01
 0.58985258949395E-01
 0.60863948745247E-01
 0.62791592288989E-01
 0.64767932064153E-01
 0.66792358555975E-01
 0.68863843627227E-01
 0.70980874661529E-01
 0.73141380901776E-01
 0.75342658350757E-01
 0.77581292927184E-01
 0.79853093614452E-01
 0.82153035844470E-01
 0.84475220326833E-01
 0.86812865955843E-01
 0.89158330853341E-01
 0.91503187640838E-01
 0.93838352149653E-01
 0.96154264795253E-01
 0.98441126272286E-01
 0.10068918552619E+00
 0.10288904708431E+00
 0.10503200012232E+00
 0.10711030491485E+00
 0.10911744633071E+00
 0.11104830118355E+00
 0.11289924594947E+00
 0.11466810142943E+00
 0.11635402961376E+00
 0.11795736948747E+00
 0.11947940632181E+00
 0.12092212503695E+00
 0.12228798676549E+00
 0.12357973063371E+00
 0.12480022209437E+00
 0.12595234349290E+00
 0.12703892330826E+00
 0.12806269789301E+00
 0.12902629425904E+00
 0.12993223041353E+00
 0.13078291902420E+00
 0.13158067811340E+00
 0.13232774109475E+00
 0.13302626552145E+00
 0.13367833966926E+00
 0.13428598810675E+00
 0.13485117444714E+00
 0.13537580320377E+00
 0.13586171968428E+00
 0.13631071045237E+00
 0.13672450276725E+00
 0.13710476387022E+00
 0.13745310006703E+00
 0.13777105653563E+00
 0.13806011728600E+00
 0.13832170558657E+00
 0.13855718407178E+00
 0.13876785575865E+00
 0.13895496523401E+00
 0.13911970005542E+00
 0.13926319214452E+00
 0.13938651951910E+00
 0.13949070815832E+00
 0.13957673387030E+00
 0.13964552446008E+00
 0.13969796136795E+00
 0.13973488193517E+00
 0.13975708136387E+00
 0.13976531453674E+00
 0.13976029796147E+00
 0.13974271170154E+00
 0.13971320116581E+00
 0.13967237877446E+00
 0.13962082564837E+00
 0.13955909325030E+00
 0.13948770490263E+00
 0.13940715720092E+00
 0.13931792144231E+00
 0.13922044497045E+00
 0.13911515238835E+00
 0.13900244678611E+00
 0.13888271082114E+00
 0.13875630787802E+00
 0.13862358302486E+00
 0.13848486396741E+00
 0.13834046200056E+00
 0.13819067285129E+00
 0.13803577749020E+00
 0.13787604289462E+00
 0.13771172282877E+00
 0.13754305846815E+00
 0.13737027907604E+00
 0.13719360263529E+00
 0.13701323643574E+00
 0.13682937759992E+00
 0.13664221361242E+00
 0.13645192282085E+00
 0.13625867490256E+00
 0.13606263130871E+00
 0.13586394570164E+00
 0.13566276429810E+00
 0.13545922628620E+00
 0.13525346418421E+00
 0.13504560414628E+00
 0.13483576630791E+00
 0.13462406507404E+00
 0.13441060941475E+00
 0.13419550313058E+00
 0.13397884510404E+00
 0.13376072955758E+00
 0.13354124627061E+00
 0.13332048080520E+00
 0.13309851470878E+00
 0.13287542573389E+00
 0.13265128798045E+00
 0.13242617211245E+00
 0.13220014551345E+00
 0.13197327244784E+00
 0.13174561420112E+00
 0.13151722924366E+00
 0.13128817335521E+00
 0.13105849974965E+00
 0.13082825920909E+00
 0.13059750020428E+00
 0.13036626899279E+00
 0.13013460973038E+00
