   478.80608573557492     
   478.80608573599255     
   478.80608574689603     
   478.80608582453607     
   478.80608611588764     
   478.80608686869988     
   478.80608823322490     
   478.80608849273875     
   478.80607609548593     
   478.80600820257922     
   478.80577172830726     
   478.80513155732490     
   478.80367802410939     
   478.80078697852969     
   478.79560142771970     
   478.78703736928702     
   478.77381101109017     
   478.75448141103914     
   478.72750171670049     
   478.69127268235940     
   478.64419371245702     
   478.58470813691241     
   478.51134099578201     
   478.42272872965304     
   478.31764099509468     
   478.19499530096130     
   478.05386549014469     
   477.89348507190999     
   477.71324644533308     
   477.51269689352256     
   477.29153221694338     
   477.04958839407794     
   476.78683220945260     
   476.50335064657912     
   476.19934019508264     
   475.87509534658153     
   475.53099734935751     
   475.16750287702382     
   474.78513296835450     
   474.38446226439038     
   473.96610870409489     
   473.53072372620119     
   473.07898309097749     
   472.61157830241524     
   472.12920879372342     
   471.63257475559118     
   471.12237078907913     
   470.59928022576440     
   470.06397024061226     
   469.51708766648585     
   468.95925548577065     
   468.39107004209171     
   467.81309881072434     
   467.22587878871099     
   466.62991541250915     
   466.02568197059065     
   465.41361941298868     
   464.79413658713992     
   464.16761080027123     
   463.53438865054477     
   462.89478712787803     
   462.24909486140427     
   461.59757359327875     
   460.94045969944909     
   460.27796585979166     
   459.61028272043421     
   458.93758063901629     
   458.26001135923576     
   457.57770973893855     
   456.89079539421124     
   456.19937427635750     
   455.50354022955162     
   454.80337643460496     
   454.09895675785987     
   453.39034702163849     
   452.67760622156385     
   451.96078755308974     
   451.23993941833737     
   450.51510632649041     
   449.78632962039774     
   449.05364824147807     
   448.31709927822959     
   447.57671850553567     
   446.83254080576950     
   446.08460054601829     
   445.33293183187624     
   444.57756876518062     
   443.81854557562127     
   443.05589671259088     
   442.28965691121647     
   441.51986119877688     
   440.74654482769847     
   439.96973940586633     
   439.18948748143544     
   438.40582115349889     
   437.61877556688688     
   436.82838545919441     
   436.03468489739009     
   435.23770712766253     
   434.43748434359100     
   433.63404741337985     
   432.82742561248369     
   432.01764631872118     
   431.20473492617043     
   430.38871449667465     
   429.56960549519164     
   428.74742544536639     
   427.92218876170057     
   427.09390649543252     
   426.26258600554860     
   425.42823073070286     
   424.59083991641808     
   423.75040842896090     
   422.90692636858074     
   422.06037892728614     
   421.21074599615463     
   420.35800228133957     
   419.50211647487004     
   418.64305149191892     
   417.78076369813675     
   416.91520327543356     
   416.04631353328722     
   415.17403076608849     
   414.29828388370896     
   413.41899459776420     
   412.53607619480704     
   411.64943425387548     
   410.75896542768135     
   409.86455810007192     
   408.96609119785148     
   408.06343372995525     
   407.15644562119161     
   406.24497655345090     
   405.32886522483284     
   404.40793938792649     
   403.48201439176091     
   402.55089542704155     
   401.61437393639130     
   400.67222768005070     
   399.72422197963164     
   398.77010855905797     
   397.80962009547665     
   396.84247730207176     
   395.86839440580280     
   394.88704453679213     
   393.89810116785986     
   392.90121391635023     
   391.89599580966876     
   390.88209003010587     
   389.85906582815704     
   388.82648811975474     
   387.78389677828613     
   386.73080564785272     
   385.66670277805940     
   384.59104637311714     
   383.50326596653758     
   382.40275778174282     
   381.28888722463944     
   380.16098346833172     
   379.01833846847194     
   377.86020932409565     
   376.68580991194773     
   375.49431324473431     
   374.28485100197275     
   373.05650865351771     
   371.80832611476922     
   370.53929801944571     
   369.24837176877065     
   367.93444924517939     
   366.59638426124559     
   365.23299141873377     
   363.84304401699075     
   362.42528199087371     
   360.97842190038654     
   359.50116176049897     
   357.99220161107155     
   356.45025996827894     
   354.87406512619543     
   353.26251466671272     
   351.61453001069947     
   349.92922235363392     
   348.20592960241027     
   346.44428004376596     
   344.64428954807806     
   342.80645815272788     
   340.93189279385075     
   339.02244237192991     
   337.08085585445838     
   335.11094146775207     
   333.11774372965766     
   331.10772540536311     
   329.08893030820229     
   327.07113748589637     
   325.06597237805579     
   323.08697784215008     
   321.14961288567991     
   319.27116556028238     
   317.47058379856946     
   315.76819813361720     
   314.18530039399485     
   312.74387185918209     
   311.46579734276116     
   310.37244709989119     
   309.48406552257489     
   308.81921863145897     
   308.39430787048394     
   308.22317826866708     
   308.31684145689883     
   308.68332076860054     
   309.32762645830519     
   310.25183719986956     
   311.45528015759749     
   312.93478048171528     
   314.68495841011548     
   316.69856227258612     
   318.96679844151743     
   321.47965092352052     
   324.22618990372564     
   327.19485011296501     
   330.37363044684332     
   333.75045788044480     
   337.31312473221595     
   341.04959927902860     
   344.94808175823476     
   348.99711143628878     
   353.18561123841403     
   357.50293869599881     
   361.93892000803100     
   366.48385194877301     
   371.12851855498917     
   375.86418724676184     
   380.68259685478739     
   385.57593977116204     
   390.53684516474345     
   395.55837622267211     
   400.63398389857485     
   405.75750529886784     
   410.92313879737696     
   416.12541628164377     
   421.35919617892301     
   426.61956194123769     
   431.90206006614511     
   437.20232129386221     
   442.51627864548379     
   447.84009526457112     
   453.17014498333373     
   458.50301386987900     
   463.83546117674484     
   469.16443011321547     
   474.48703166054133     
   479.80052522359568     
   485.10232055012426     
   490.38996301185051     
   495.66112693266371     
   500.91361033872977     
   506.14532454165322     
   511.35429095451622     
   516.53863455057706     
   521.69657898729338     
   526.82643984286562     
   531.92662256799497     
   536.99561594859767     
   542.03199177243027     
   547.03439843954868     
   552.00155835025362     
   556.93226363444285     
   561.82537486438957     
   566.67982043669895     
   571.49458852733619     
   576.26873068882674     
   581.00135433999549     
   585.69162565703482     
   590.33876401962368     
   594.94204139861301     
   599.50078069207257     
   604.01435491299992     
   608.48218306059812     
   612.90373164928656     
   617.27851116016143     
   621.60607497515537     
   625.88601868645696     
   630.11797839601002     
   634.30162966843147     
   638.43668571345336     
   642.52289669882441     
   646.56004851592002     
   650.54796107746324     
   654.48648840319800     
   658.37551672681013     
   662.21496339853707     
   666.00477526713064     
   669.74492920162697     
   673.43542979378356     
   677.07630850840474     
   680.66762384220249     
   684.20945850023259     
   687.70191993311141     
   691.14513939044423     
   694.53926908551466     
   697.88448399001379     
