   91.9024000948784202170827437330254962      
   91.9024000948756103372976966772670622      
   91.9024000947781154036684974976726514      
   91.9024000938787693816519559027274269      
   91.9024000896844288202618513621004743      
   91.9024000766383934662216618415748419      
   91.9024000450117361798601160105354934      
   91.9023999762874426697023507220226895      
   91.9023998183483736411134461222302384      
   91.9023994036952332831350614820302406      
   91.9023982669257147567438023684380935      
   91.9023953407678593644088513963539947      
   91.9023885526131449990086232798459719      
   91.9023743796610115461061303587365162      
   91.9023474336116889300083631405458740      
   91.9023001355581913754192679860450906      
   91.9022225184095516789988422212847381      
   91.9021021685556989059083838339904119      
   91.9019242974354612956379570866314274      
   91.9016719196908391729056792066044207      
   91.9013261073843880894434609332166790      
   91.9008662877988346450867969127925848      
   91.9002705540328909155012266312035127      
   91.8995159616353581536019542387756207      
   91.8985787900685231694584542482478628      
   91.8974347542138123878872751453640177      
   91.8960591576995707177531252954473639      
   91.8944269864529384336078073172839242      
   91.8925129465746766939363345703755274      
   91.8902914551168055985132889619935252      
   91.8877365957934253906904149120716556      
   91.8848220532685122353352428738869129      
   91.8815210399487698401970197697117049      
   91.8778062283160786158261614212494538      
   91.8736496999254964111987437985741340      
   91.8690229196840765590775560895497104      
   91.8638967412165871540834301183488623      
   91.8582414462723570014435426122944448      
   91.8520268185195571927736843069788368      
   91.8452222497369218555097599712897201      
   91.8377968746603546466291316510166069      
   91.8297197293031160000440007201507030      
   91.8209599267600405074555949227460106      
   91.8114868440882732267372339467840615      
   91.8012703136756483274652762046575043      
   91.7902808129916483488386346050056874      
   91.7784896362270999937149005422622869      
   91.7658691039010099665503081326987582      
   91.7523926601007763417062975603509783      
   91.7380350403370786394804177302640664      
   91.7227723733029167072884165227441007      
   91.7065822660961463408165507655402098      
   91.6894438638011837583106848017805971      
   91.6713378829405648272156011062839509      
   91.6522466189958066479142263961093153      
   91.6321539288920538449477410448873437      
   91.6110451896176081831025777386613437      
   91.5889072344527270679569654536767079      
   91.5657282687445651018348958582440759      
   91.5414977674542616939980309431824571      
   91.5162063560467758249694262557516849      
   91.4898456777452464653142591875901698      
   91.4624082488637833353641423272164662      
   91.4338873046094374247438725597162014      
   91.4042766378661612696265771112104478      
   91.3735704319863160320758106452254422      
   91.3417630911668121928725189813355231      
   91.3088490683588450082855710280466814      
   91.2748226939741319542563468928631404      
   91.2396780062082661787398388800268814      
   91.2034085834071448772918188061000474      
   91.1660073816556939507580070943778279      
   91.1274665765885778607569118968742025      
   91.0877774115712563795284185946142702      
   91.0469300514120056424476515562140471      
   91.0049134447300019616679697639274493      
   90.9617151907728771959626864541470286      
   90.9173214168194604178050764497130300      
   90.8717166614429548771143560110839342      
   90.8248837663080839229707151337656880      
   90.7768037773335624871496983477954994      
   90.7274558475608830671942697492196395      
   90.6768171536045239140294264347600482      
   90.6248628103860981864215561513435346      
   90.5715658037991786313674521843545066      
   90.5168969207978818540928776871046985      
   90.4608246886909624072493940423535067      
   90.4033153164486846406020575855506273      
   90.3443326495198632593750353970426334      
   90.2838381127553714586035189517483554      
   90.2217906621057116227829056381454724      
   90.1581467505752382946140406228299695      
   90.0928602866956464084713883590032167      
   90.0258825973903381588456962765420615      
   89.9571624014298701528865294355970242      
   89.8866457590260073185535648840789060      
   89.8142760245092930741260569917599045      
   89.7399938310571166159437978458481172      
   89.6637370527651957949018917473465646      
   89.5854407606258887684776472575934579      
   89.5050371811102518453775042277119143      
   89.4224556682988814995281298211644871      
   89.3376226575315576111935333792897755      
   89.2504615350612887997941204706987598      
   89.1608927552408170974036983493024755      
   89.0688336374552110289866865678185157      
   88.9741983950026404993816213138651045      
   88.8768979793699519660619933619703499      
   88.7768400563600067790731421329300712      
   88.6739290202975969451009598313761260      
   88.5680658068849944197539391461652547      
   88.4591477212247175034957444950886660      
   88.3470685688643623138023776256665536      
   88.2317184584638036828050782837102101      
   88.1129835226235230979531369667340190      
   87.9907460424548531751674994129555535      
   87.8648843144791434850470889682051864      
   87.7352722439028995489728811095729374      
   87.6017794471394120849533100103518730      
   87.4642711474460410436964685230092148      
   87.3226076922831440520938415500564309      
   87.1766448080987823516883956178809731      
   87.0262329190159618842075018334961070      
   86.8712174881698687718619307671128688      
   86.7114382595312398674821945839620865      
   86.5467295622147645806600588110393829      
   86.3769195441772486393181165048728764      
   86.2018303663296241062303596971194176      
   86.0212777150676495062233380115575429      
   85.8350703672308753748900315226740483      
   85.6430103024888678261368184289572777      
   85.4448919086432188844185094461596157      
   85.2405019961257272938515243370665288      
   85.0296192500064675205949110639212569      
   84.8120138043128247057876636202978907      
   84.5874468814088266544279413994478543      
   84.3556705209031037784195021020151133      
   84.1164269419214445424404067025432644      
   83.8694479255860754934215015916372046      
   83.6144545704860527785021075280645679      
   83.3511563768790782953141830857451356      
   83.0792511958375030555074406221101546      
   82.7984240655982512440764988896334008      
   82.5083468109826726161821157012181638      
   82.2086772928214866345004672567541404      
   81.8990587376166340960702495785315568      
   81.5791188327372058203253389239259129      
   81.2484689037206657078104868659948298      
   80.9067032100016857884825671841594498      
   80.5533976597510744373273162125005489      
   80.1881092703865136387002001544378738      
   79.8103747106866092811318168327619672      
   79.4197095666921009186539509874706000      
   79.0156069614107561680082692540299055      
   78.5975367465825995480066467783305330      
   78.1649435988109951577583852704936209      
   77.7172464032975805259713849585290535      
   77.2538366872284752949515693914094008      
   76.7740771930980612353462644208983882      
   76.2773010271134069542762706342627109      
   75.7628096162043088829739007171387262      
   75.2298719016041168178769634824497071      
   74.6777231704737176982010412553608669      
   74.1055636673584559455417344725388736      
   73.5125580347161614556557493098131968      
   72.8978344683926836722406061803754812      
   72.2604845694168164695709153225897260      
   71.5995633982949838917864783068391360      
   70.9140904122528144226031979991455111      
   70.2030510553068663218414010716267224      
   69.4653994172722448810836018273318535      
   68.7000626434277430422708823145947334      
   67.9059459820642639549648640849110157      
   67.0819413259667803407708208084056711      
   66.2269370614936548230146948508126412      
   65.3398330616336510419086846179774637      
   64.4195560305415326118965037985351289      
   63.4650830667840118668468302609120218      
   62.4754718417689436116554470379005894      
   61.4498889609362449302645216139149815      
   60.3876558575721771259432442030736281      
   59.2882958130376260628361313837335710      
   58.1515917312144738739849105041799938      
   56.9776509281562703672671704028188107      
   55.7669781470440528168175516948763073      
   54.5205530953367595831557068578184994      
   53.2399110034871926812637579845622823      
   51.9272181472504938981231809352563108      
   50.5853405893362033438919340463142589      
   49.2178906058058493056836157034541415      
   47.8292457276558791677026891460681613      
   46.4245264838456544701653272541114773      
   45.0095260547572583213288213898723203      
   43.5905873325453040474672771587317223      
   42.1744257891113815575900973094737574      
   40.7679110906868958361408295801906565      
   39.3778256899171757334930781264857490      
   38.0106215100292651530379625008142549      
   36.6721995906327217599543186443708054      
   35.3677344214885929233939313283681162      
   34.1015553826962054081671406835361271      
   32.8770895560702753841129255493101443      
   31.6968622847648716414979935605229781      
   30.5625444744599513539977879866213833      
   29.4750332231704781892235509789760884      
   28.4345538583674396360069337943574335      
   27.4407685870985058098991552237021041      
   26.4928851694603826681873651038390399      
   25.5897575788985963981868054835045972      
   24.7299762110159323469395989083918689      
   23.9119450570253893275439821079820527      
   23.1339459634629805506119432795743960      
   22.3941910437142651706772633140934301      
   21.6908640615775454924064813915036149      
   21.0221524416200218389139268964012840      
   20.3862717295092799652425505998722913      
   19.7814833356829716526086772260689045      
   19.2061070119802484306420225060685235      
   18.6585295054835324705245090015199901      
   18.1372098384119675346562782071187085      
   17.6406820678338336175311554374565453      
   17.1675561830708265972734957030317632      
   16.7165176991404065529506988250738530      
   16.2863261503614795474223785583357957      
   15.8758128070537651034879931769201667      
   15.4838779727252766598483682193832827      
   15.1094879125415658116548077872449559      
   14.7516716669383404784413751734215274      
   14.4095177206213391156528158778274525      
   14.0821705778503267264193224936438394      
   13.7688276227331864373637388159894360      
   13.4687358564969975355092413398625437      
   13.1811888259887199262046455455776531      
   12.9055236712170939415790622671933258      
   12.6411183311389299818128047511612554      
   12.3873889014232815188942843454525158      
   12.1437871224889818642924229523253234      
   11.9097980237242289399706581664286825      
   11.6849377303785449802001871117273752      
   11.4687513890028602545341330817601359      
   11.2608112507671080862460786054926803      
   11.0607148689311549969735334492095330      
   10.8680833911900591647526021043495733      
   10.6825600557809135923377741055073902      
   10.5038086842797115489368739643014218      
   10.3315123644151237510207853654395753      
   10.1653721518603050792311985958687884      
   10.0051059436020529240462390593598452      
   9.85044736882308399336574536415000167      
   9.70114477509390399199390124437698183      
   9.55696028148475680266355036337763999      
   9.41766892166640830210490029998051536      
   9.28305782037550718900937042335533484      
   9.15292543906032344146152197808274241      
   9.02708087226654558274834818240058309      
   8.90534317813221063853844327713695405      
   8.78754079594095787960376360459230944      
   8.67351094303594169787532927461081632      
   8.56309912487271098780647063463816821      
   8.45615858425772935274891936642326063      
   8.35254992120146620026936483466632152      
   8.25214057573839037544861279316812192      
   8.15480449887720767515001896983062167      
   8.06042172388458991751583515283002124      
   7.96887806130434583810366337957732445      
   7.88006472831515195144679076508992863      
   7.79387807425681425413087241144847607      
   7.71021929624224076464575286724463031      
   7.62899414849814365266232310486141020      
   7.55011270279440569061245299253510556      
   7.47348911394113627392074203036329991      
   7.39904140230759114449136226379341248      
   7.32669124023348187620546197037237050      
   7.25636376617672705382573022412426860      
   7.18798739110397073297032463261423734      
   7.12149363461334033235863307115305617      
   7.05681697072662658413958763599183428      
   6.99389466126213550272033809164083438      
   6.93266662695171557346122919543563610      
   6.87307530778392449995029756890197336      
   6.81506553685974257155880686964933752      
   6.75858442162715345338988223849395828      
   6.70358123413541810297141870710346742      
   6.65000730587013159780340843460413721      
   6.59781592406600691161184131155975384      
   6.54696224179557258211548699318258992      
   6.49740318704248890283585655359599071      
   6.44909737883855795991404887701634342      
   6.40200505119771118517707708611430486      
   6.35608797519924963775677569610687269      
   6.31130938713790693223019665262804390      
   6.26763392406011595244814198878905894      
   6.22502756095530143612906599124382871      
   6.18345754674357585688054803706089138      
   6.14289235015085798991537615100939605      
   6.10330160633417261270530685542484522      
   6.06465606365483060261271549327373113      
   6.02692753547932845134436748341256163      
   5.99008885507752201036388353085985049      
   5.95411383061477196556521853549489630      
