   6.91360382032448847522976250442333937      
   6.91360382032448897452856100055816334      
   6.91360382032452743201328781372420908      
   6.91360382032516444341181800519020195      
   6.91360382032990751712095170087933057      
   6.91360382035170981779289183518736351      
   6.91360382042467998402730538430227209      
   6.91360382061958405575439077665832392      
   6.91360382105548862151324540102389404      
   6.91360382188595357242000486430869585      
   6.91360382321898980234016885890297281      
   6.91360382491702757164295304855274917      
   6.91360382622650346139692381198027240      
   6.91360382520635179017304160659260338      
   6.91360381795271752373339886145582455      
   6.91360379764466427484847127663631482      
   6.91360375345691122363130568753342998      
   6.91360366939923818009405660877289403      
   6.91360352314906522311597244021305601      
   6.91360328494558976072640420253524898      
   6.91360291661224932137460260051833960      
   6.91360237076968777171895745830492190      
   6.91360159029346637979002377601506937      
   6.91360050805957795289675923459362148      
   6.91359904700543475444982832137223438      
   6.91359712051626516036248947059398309      
   6.91359463312673996325853601914931463      
   6.91359148150857595780704327389734892      
   6.91358755569773899548826464121452861      
   6.91358274050105832984322852301928641      
   6.91357691701462448239388003125868402      
   6.91356996418310950553422949238546580      
   6.91356176033168564675671735527953949      
   6.91355218460894125141276845108540953      
   6.91354111828921042348263143940565370      
   6.91352844589465363858571661576554625      
   6.91351405611030023934803360036395050      
   6.91349784247764192301944394627882227      
   6.91347970386414836362550941038267583      
   6.91345954471550663622923484540173859      
   6.91343727510581465237201279440855386      
   6.91341281060650680710778548492034754      
   6.91338607199906028182457432399153392      
   6.91335698485842857209409541386265415      
   6.91332547903494281633515932381232972      
   6.91329148806175899815373608603877376      
   6.91325494851325828832920637999005780      
   6.91321579933745218835915611365412905      
   6.91317398118280318634408956229292822      
   6.91312943573681585795217613347275113      
   6.91308210509044958738756145433577795      
   6.91303193113974747136764975648214882      
   6.91297885503302830381925185126129753      
   6.91292281666917621111022156703859791      
   6.91286375423627326170519237006648550      
   6.91280160387381128233794290790609851      
   6.91273629926269656945665070529084428      
   6.91266777139009446684955986308933695      
   6.91259594830729019387770225635533076      
   6.91252075494557147061758664020579773      
   6.91244211297398989250406067939521660      
   6.91235994069455100770401614270485294      
   6.91227415296917258832239822252990545      
   6.91218466117300142925842149079287684      
   6.91209137316907524446159509268264218      
   6.91199419329777204418985962638429165      
   6.91189302237784860440672224396322581      
   6.91178775771187931977462714374383800      
   6.91167829309358149720201753084326993      
   6.91156451881187859633396875844564996      
   6.91144632164657884443854359006954524      
   6.91132358485493088336532066359366262      
   6.91119618814339357225870318047285827      
   6.91106400762226302203577538649220630      
   6.91092691574239869007062921058647915      
   6.91078478120929532867171307346876273      
   6.91063746887270028116612124379846684      
   6.91048483959428605927008667864604352      
   6.91032675008692161987835524000486299      
   6.91016305272791164866532655883303200      
   6.90999359534705251362074502451318327      
   6.90981822097843418990597650741085643      
   6.90963676758689743286188945610357930      
   6.90944906776093246110920957169712390      
   6.90925494838622907772703088031608189      
   6.90905423027650634603049297733116895      
   6.90884672778353759623063423021991198      
   6.90863224836431411092893998538638542      
   6.90841059213989975581356841034588770      
   6.90818155139489502646605430569117495      
   6.90794491004873920214468697281273708      
   6.90770044311914149102949734967121395      
   6.90744791614545519152346479669431300      
   6.90718708456357445988516041493337387      
   6.90691769308108594251742119199865547      
   6.90663947499775849421125108189437326      
   6.90635215143561506590148641723358375      
   6.90605543065692905079853748193615408      
   6.90574900726312264456499186500857376      
   6.90543256139847526827159077367957168      
   6.90510575785989898449130688568581918      
   6.90476824525426629706140940056887541      
   6.90441965507437182353263334994429617      
   6.90405960065628691945264544287283053      
   6.90368767619386928166282303619023897      
   6.90330345576170659081491757061755931      
   6.90290649222440735392760206193482608      
   6.90249631597343928407854292984460275      
   6.90207243373393704964038130358748003      
   6.90163432743562282156697327046468275      
   6.90118145303841717246895689728622605      
   6.90071323876160710506199573725123279      
   6.90022908390369982560132052888973736      
   6.89972835744093553045095190906473878      
   6.89921039671963134996788110731000226      
   6.89867450490445750989077485269312629      
   6.89811995044826830116965300858096277      
   6.89754596463384696613234404537942006      
   6.89695173964603529917743758182069946      
   6.89633642710484820139268938117829693      
   6.89569913597182540592097023393196085      
   6.89503892971805718309198716841815325      
   6.89435482505965576338627831697248135      
   6.89364578898962788161172134507903827      
   6.89291073644395733209259652825797434      
   6.89214852797360461871730857565948978      
   6.89135796638518108788389898829857514      
   6.89053779479117104696084018713746468      
   6.88968669262679043180794698894271653      
   6.88880327335945669465892278913329703      
   6.88788608044078717082888555302129528      
   6.88693358398866394608510823810754846      
   6.88594417759313020991914407099406675      
   6.88491617325306699461356229059018435      
   6.88384779860516346383636163561857599      
   6.88273719152280365589927217151840510      
   6.88158239574306559129816260454821629      
   6.88038135604129329700859674346650159      
   6.87913191331200569358921388783131384      
   6.87783179863061571645600064055130657      
   6.87647862775818976744547933436345678      
   6.87506989467015101728566891572468785      
   6.87360296541789131743489271508394782      
   6.87207507077193049249813086098446036      
   6.87048329909891702298910502995956036      
   6.86882458915249215840480359170124157      
   6.86709572036949762380252599987529938      
   6.86529330497701739240732834457289395      
   6.86341377912727137080055020043455864      
   6.86145339166429844255610627665240157      
   6.85940819419047145251258609474864397      
   6.85727402965060685267066746051021700      
   6.85504652039928124196885836734080638      
   6.85272105497296919749531731234944426      
   6.85029277490696317546707641654880635      
   6.84775655943221604164722989957393882      
   6.84510701076965172782739987278486490      
   6.84233843671462532914293567900429347      
   6.83944483327704342641926046726214808      
   6.83641986613929780727892194307425546      
   6.83325684951849280312644064902462101      
   6.82994872592793514126690475515845926      
   6.82648804237027316407930852045707120      
   6.82286692621203688425807676764722243      
   6.81907705966091508907194289725570907      
   6.81510965230409608552121441234564867      
   6.81095541171568588750185535948327800      
   6.80660451345891260544219392937945477      
   6.80204656774753956992818111455911521      
   6.79727058604606553617878001430239458      
   6.79226494504228528692160563513736618      
   6.78701735189360368876319049909343901      
   6.78151480296226847619331686964016028      
   6.77574354689877146532029116889285700      
   6.76968904443786247241362305580014685      
   6.76333592937744811642015954853514262      
   6.75666796970383388263975353662061430      
   6.74966803107478908785005740916074982      
   6.74231804227293545667234944173280130      
   6.73459896599789588404801705803374660      
   6.72649077561502254517310412540086397      
   6.71797243889212715005951096017746498      
   6.70902191346167776704529857211296561      
   6.69961615434576806025716745838020881      
   6.68973113727006334802323150020482628      
   6.67934190098939233723236631360160550      
   6.66842261051835691346877820438003197      
   6.65694664135304627724862820256665761      
   6.64488669132626626132502536877376343      
   6.63221491153688479099278305604521832      
   6.61890306355887670934707067611790483      
   6.60492269083795857934397436537042012      
   6.59024530315518392860046271822937388      
   6.57484255842671517791057367172140236      
   6.55868644229157502743719417980004158      
   6.54174942228265220333289249397432984      
   6.52400457516925083071287845302397736      
   6.50542567361606261209235934500514951      
   6.48598723540387840601551139122676852      
   6.46566452579831640669422777497296078      
   6.44443354302522360597378595905437091      
   6.42227093420397054730956208353351011      
   6.39915396276689925316958060887028020      
   6.37506042510879657085217891071576823      
   6.34996859983985814992993884281521968      
   6.32385720589429624047517099798348966      
   6.29670538312976780715431677750095761      
   6.26849268813649161234481318494417394      
   6.23919910316589608552535528220237561      
   6.20880505220579429163973786151411961      
   6.17729141958642966610051845336694787      
   6.14463956399246990664023262920429394      
   6.11083132917536874762313534450758374      
   6.07584904434801279246323775393924005      
   6.03967551737752106012026552255293989      
   6.00229402082365900870385849501391633      
   5.96368827027939553411621875695224639      
   5.92384239822730684326246467534263077      
   5.88274092395826276888826152288927402      
   5.84036872103121380395464622293051753      
   5.79671098392454426999689797404080432      
   5.75175319388365762136700846419528990      
   5.70548108645083110313055742533428575      
   5.65788061941332420848261156884404622      
   5.60893794287371573274072574633556227      
   5.55863937103648974551258271164399297      
   5.50697135623074826052347938715259718      
   5.45392046497788268622848340212154989      
   5.39947335624982682846439145207334789      
   5.34361676163347345758283141981549955      
   5.28633746746485170929069725814957407      
   5.22762229881196095317359972140347132      
   5.16745810506026113254367365074530176      
   5.10583174703446643824250118373353459      
   5.04273008549980112851303774443002148      
   4.97813997094795464115533511154122222      
   4.91204823439497068127890266091857548      
   4.84444167944726501882610885891017708      
   4.77530707498189101284889120165518377      
   4.70463114877339648017264188152534146      
   4.63240058189032813516782737269924017      
   4.55860200362647950570267517225720680      
   4.48322198707000196553710510314585861      
   4.40624704515287813482209743341624574      
   4.32766362718781982770778145350344414      
   4.24745811578381931367953567028600666      
   4.16561682408502398864146174189145186      
   4.08212599338662995277547895181491904      
   3.99697179101385127592499151413960132      
   3.91014030843270785638055560180285079      
   3.82161755958780032462633088686287357      
   3.73138947947868894089899102574794564      
   3.63944192285851182945872404720423244      
   3.54576066313145391735159352409351968      
   3.45033139135644650123098724455916050      
   3.35313971542747963149292113120706159      
   3.25417115931254550358365006421257460      
   3.15341116242144676340837511133962443      
   3.05084507906365736667591076354654347      
   2.94645817797760335203657029700117297      
   2.84023564193797758565918152155276309      
   2.73216256742357328686315792512902717      
   2.62222396434705579528372624024994954      
   2.51040475583773063254109800088907503      
   2.39668977805853379303480822517703510      
   2.28106378008326105525766860975780284      
   2.16351142379684212751064968377532768      
   2.04401728383748980276464211004133408      
   1.92256584756150272860091407081301119      
   1.79914151504253760752767482030959995      
   1.67372859909331267173635398477792409      
   1.54631132529418285817569994306256443      
   1.41687383209682739669048139149274797      
   1.28540017084230657838836857227246710      
   1.15187430590016877727286880961526001      
   1.01628011475602267516074398959964104      
  0.878601388160930799125561892666534968      
  0.738821830225767890828136298159480170      
  0.596925058596364560076566320426314775      
  0.452894604594365696126707900029303313      
  0.306713913376438635241604521008142636      
  0.158366344105774644985797269373390461      
   7.83517011504139186196731188169447948E-0003
 -0.144896420890316194970163514844333298      
 -0.299845326670955050604856365166121729      
 -0.457028530253983815658917399638243382      
 -0.616463099740671736484698847192621491      
 -0.778166188103772949178585566198848053      
 -0.942155033001869348840601450653983579      
  -1.10844695656721107705278414160121304      
  -1.27705936520036055204036266826589617      
  -1.44800974936707707624127450980040987      
  -1.62131568339858940934978626216722676      
  -1.79699482525660089240721298857224188      
  -1.97506491635596186779455056381637573      
  -2.15554378133564820715490007058845469      
  -2.33844932783690726260039152230088408      
  -2.52379954630781650039132082226617684      
  -2.71161250979434987381259604311468004      
  -2.90190637370086853086040115829526478      
