 0.13628526479685E+03
 0.13628526479685E+03
 0.13628526479700E+03
 0.13628526479836E+03
 0.13628526480478E+03
 0.13628526482493E+03
 0.13628526487383E+03
 0.13628526497463E+03
 0.13628526516627E+03
 0.13628526552868E+03
 0.13628526623801E+03
 0.13628526765602E+03
 0.13628527044388E+03
 0.13628527568056E+03
 0.13628528496426E+03
 0.13628530048070E+03
 0.13628532503083E+03
 0.13628536201838E+03
 0.13628541540410E+03
 0.13628548963623E+03
 0.13628558956856E+03
 0.13628572037741E+03
 0.13628588748790E+03
 0.13628609651917E+03
 0.13628635325600E+03
 0.13628666365219E+03
 0.13628703386859E+03
 0.13628747034537E+03
 0.13628797990551E+03
 0.13628856988415E+03
 0.13628924827619E+03
 0.13629002389375E+03
 0.13629090652457E+03
 0.13629190708313E+03
 0.13629303774696E+03
 0.13629431207252E+03
 0.13629574508646E+03
 0.13629735334990E+03
 0.13629915499539E+03
 0.13630116973723E+03
 0.13630341887761E+03
 0.13630592519770E+03
 0.13630871300911E+03
 0.13631180802400E+03
 0.13631523729668E+03
 0.13631902914558E+03
 0.13632321307476E+03
 0.13632781969861E+03
 0.13633288067285E+03
 0.13633842863427E+03
 0.13634449715121E+03
 0.13635112068646E+03
 0.13635833457311E+03
 0.13636617500413E+03
 0.13637467903583E+03
 0.13638388460431E+03
 0.13639383055499E+03
 0.13640455668385E+03
 0.13641610378981E+03
 0.13642851373590E+03
 0.13644182952042E+03
 0.13645609535378E+03
 0.13647135674204E+03
 0.13648766057482E+03
 0.13650505521562E+03
 0.13652359059731E+03
 0.13654331831509E+03
 0.13656429172373E+03
 0.13658656603191E+03
 0.13661019839533E+03
 0.13663524801221E+03
 0.13666177621133E+03
 0.13668984654333E+03
 0.13671952486414E+03
 0.13675087942687E+03
 0.13678398094985E+03
 0.13681890271680E+03
 0.13685572064318E+03
 0.13689451335881E+03
 0.13693536228079E+03
 0.13697835168790E+03
 0.13702356880225E+03
 0.13707110387423E+03
 0.13712105025392E+03
 0.13717350447228E+03
 0.13722856632664E+03
 0.13728633897134E+03
 0.13734692899971E+03
 0.13741044653379E+03
 0.13747700537335E+03
 0.13754672307104E+03
 0.13761972105485E+03
 0.13769612475468E+03
 0.13777606371791E+03
 0.13785967176401E+03
 0.13794708722438E+03
 0.13803845293516E+03
 0.13813391658454E+03
 0.13823363085370E+03
 0.13833775360721E+03
 0.13844644811173E+03
 0.13855988324500E+03
 0.13867823392808E+03
 0.13880168125242E+03
 0.13893041281123E+03
 0.13906462290408E+03
 0.13920451319405E+03
 0.13935029294527E+03
 0.13950217908881E+03
 0.13966039714323E+03
 0.13982518161385E+03
 0.13999677611628E+03
 0.14017543406637E+03
 0.14036141968042E+03
 0.14055500796157E+03
 0.14075648561949E+03
 0.14096615200800E+03
 0.14118431926132E+03
 0.14141131392441E+03
 0.14164747699761E+03
 0.14189316552944E+03
 0.14214875326793E+03
 0.14241463177905E+03
 0.14269121179201E+03
 0.14297892420621E+03
 0.14327822130272E+03
 0.14358957886751E+03
 0.14391349722103E+03
 0.14425050280058E+03
 0.14460115056784E+03
 0.14496602528321E+03
 0.14534574411290E+03
 0.14574095920767E+03
 0.14615235923325E+03
 0.14658067335232E+03
 0.14702667309753E+03
 0.14749117642733E+03
 0.14797505073881E+03
 0.14847921684591E+03
 0.14900465345669E+03
 0.14955240132569E+03
 0.15012356841476E+03
 0.15071933530361E+03
 0.15134096134962E+03
 0.15198979087908E+03
 0.15266726118440E+03
 0.15337490931585E+03
 0.15411438108421E+03
 0.15488744147024E+03
 0.15569598385874E+03
 0.15654204194184E+03
 0.15742780279335E+03
 0.15835561996160E+03
 0.15932802946986E+03
 0.16034776606103E+03
 0.16141778157570E+03
 0.16254126494345E+03
 0.16372166436579E+03
 0.16496271096330E+03
 0.16626844413832E+03
 0.16764323998421E+03
 0.16909184049173E+03
 0.17061938481389E+03
 0.17223144292698E+03
 0.17393404614129E+03
 0.17573372640604E+03
 0.17763754024033E+03
 0.17965311219900E+03
 0.18178864144930E+03
 0.18405293279000E+03
 0.18645539198270E+03
 0.18900601747675E+03
 0.19171536263209E+03
 0.19459446938633E+03
 0.19765476126927E+03
 0.20090789088803E+03
 0.20436552557036E+03
 0.20803907141037E+03
 0.21193932193064E+03
 0.21607604413072E+03
 0.22045748814162E+03
 0.22508987253033E+03
 0.22997686269563E+03
 0.23511906589951E+03
 0.24051368373423E+03
 0.24615427857382E+03
 0.25203078223418E+03
 0.25812972911513E+03
 0.26443471921007E+03
 0.27092706016332E+03
 0.27758651779843E+03
 0.28439209533030E+03
 0.29132276398015E+03
 0.29835808571077E+03
 0.30547869649319E+03
 0.31266663767701E+03
 0.31990554974378E+03
 0.32718073853113E+03
 0.33447915823515E+03
 0.34178932232397E+03
 0.34910117960526E+03
 0.35640596549004E+03
 0.36369605190282E+03
 0.37096479867050E+03
 0.37820642002738E+03
 0.38541586031228E+03
 0.39258869178801E+03
 0.39972101790016E+03
 0.40680939978446E+03
 0.41385079081273E+03
 0.42084248134628E+03
 0.42778205479735E+03
 0.43466734927262E+03
 0.44149642632207E+03
 0.44826754536544E+03
 0.45497914139485E+03
 0.46162980735456E+03
 0.46821827757464E+03
 0.47474341449441E+03
 0.48120419778631E+03
 0.48759971313859E+03
 0.49392914638077E+03
 0.50019177236071E+03
 0.50638695013915E+03
 0.51251411657492E+03
 0.51857278109424E+03
 0.52456252085206E+03
 0.53048297644716E+03
 0.53633384770675E+03
 0.54211489036917E+03
 0.54782591256585E+03
 0.55346677217699E+03
 0.55903737400644E+03
 0.56453766676400E+03
 0.56996764168125E+03
 0.57532732890542E+03
 0.58061679774693E+03
 0.58583615148800E+03
 0.59098552944163E+03
 0.59606510150879E+03
 0.60107507058556E+03
 0.60601566777474E+03
 0.61088715106113E+03
 0.61568980761953E+03
 0.62042394791821E+03
 0.62508990825426E+03
 0.62968804676808E+03
 0.63421874457011E+03
 0.63868240254318E+03
 0.64307944209947E+03
 0.64741030377204E+03
 0.65167544545295E+03
 0.65587534213300E+03
 0.66001048492370E+03
 0.66408138018187E+03
 0.66808854874150E+03
 0.67203252450675E+03
 0.67591385437470E+03
 0.67973309685468E+03
 0.68349082259098E+03
 0.68718761142200E+03
 0.69082405334910E+03
 0.69440074756051E+03
 0.69791830128560E+03
 0.70137732926981E+03
 0.70477845351364E+03
 0.70812230226146E+03
 0.71140950940323E+03
 0.71464071412975E+03
 0.71781656001488E+03
 0.72093769460338E+03
 0.72400476906958E+03
 0.72701843732724E+03
 0.72997935581988E+03
 0.73288818278923E+03
 0.73574557802920E+03
 0.73855220214849E+03
 0.74130871643855E+03
 0.74401578221288E+03
 0.74667406043182E+03
 0.74928421145114E+03
 0.75184689441988E+03
 0.75436276716656E+03
 0.75683248557305E+03
 0.75925670348311E+03
 0.76163607221034E+03
 0.76397124035066E+03
 0.76626285343276E+03
 0.76851155365808E+03
 0.77071797960610E+03
 0.77288276602680E+03
 0.77500654360355E+03
 0.77708993871218E+03
 0.77913357321285E+03
 0.78113806424915E+03
 0.78310402407830E+03
 0.78503205985003E+03
 0.78692277354041E+03
 0.78877676169230E+03
 0.79059461533771E+03
