   91.9024000948784202170827437330254962      
   91.9024000948756103372976966772670622      
   91.9024000947781154036684974976725651      
   91.9024000938787693816519558706367749      
   91.9024000896844288202617764952569052      
   91.9024000766383934662082010349663241      
   91.9024000450117361793024479895886464      
   91.9023999762874426604922803141498568      
   91.9023998183483735588564183076522336      
   91.9023994036952328057925735133322781      
   91.9023982669257127258651657702141306      
   91.9023953407678522838527444023007251      
   91.9023885526131392412716358318455068      
   91.9023743796609252329835963323360857      
   91.9023474336108731659434177467443224      
   91.9023001355524369414452986474425806      
   91.9022225183775380122803253882654188      
   91.9021021684081673251397579791134093      
   91.9019242968553456051096156870004428      
   91.9016719176977832644259833594920231      
   91.9013261012856893068155339075742231      
   91.9008662709141666875560658029965779      
   91.9002705111853079607520582218081943      
   91.8995158608860551455898762802820102      
   91.8985785685586016835501900333409455      
   91.8974342953039310978971765915307938      
   91.8960582559234959018276182719494946      
   91.8944252961854280739521165334360376      
   91.8925099098165381935931131625874813      
   91.8902862034682329151773468302295665      
   91.8877278215512435643263456414983498      
   91.8848078446569878802641313921937869      
   91.8814986757712818464322523504017870      
   91.8777719277720307241495671809241149      
   91.8735983239465567202315593829572760      
   91.8689476208592909271760910717615655      
   91.8637885601640619479687949374265432      
   91.8580888531315085484034158377592629      
   91.8518151990494020537822281800305404      
   91.8449333211187754965046151032744121      
   91.8374081032900061618044687541802450      
   91.8292036175987275732055509255146863      
   91.8202832987738691730793036460077995      
   91.8106100720343787534226620183966587      
   91.8001465001371346952531302599804475      
   91.7888549322869710645792332563759729      
   91.7766976495158160694141968361535358      
   91.7636370016120854727750206867783000      
   91.7496355315412391044107299644466480      
   91.7346560839798591491809045135052517      
   91.7186618956079531755195069982941849      
   91.7016166650137934833866523092435352      
   91.6834846016271190634555562822730743      
   91.6642304529570421482485833982227002      
   91.6438195103466247453183252655779066      
   91.6222175941919112256036522610428592      
   91.5993910193692302436417760665459245      
   91.5753065425371962636066412496948582      
   91.5499312925559404265992394665546789      
   91.5232326870005619989642260427278049      
   91.4951783343748816461111955792715120      
   91.4657359267935358746025443009071600      
   91.4348731228038783081575452878049827      
   91.4025574236637889055497034293649851      
   91.3687560450108994282824139465290283      
   91.3334357826218502033689048171375400      
   91.2965628796555079595808743924464800      
   91.2581028899096192971354038052676081      
   91.2180205441810559739285184823441346      
   91.1762796186723104652067561920382040      
   91.1328428027772641532444873492731348      
   91.0876715756085931046358589475802323      
   91.0407260815633831599793527159972311      
   90.9919650148142388207063982632520091      
   90.9413455070926475265200283412250392      
   90.8888230198239918200560333997402751      
   90.8343512378614197381424031321219452      
   90.7778819774974942847168747731742227      
   90.7193650920174324657327073090858805      
   90.6587483882359612431838727171225213      
   90.5959775459418206286780628173082799      
   90.5309960364476185039207952385611036      
   90.4637450407793525783998355283602989      
   90.3941633875318282084513709483720368      
   90.3221874841926098811675253886579775      
   90.2477512507372602276375122698771776      
   90.1707860529334498623187004383781561      
   90.0912206528998935575844992642205733      
   90.0089811481079144325077605463036901      
   89.9239908729136395469428543078719758      
   89.8361703700610381594228543197238341      
   89.7454373219606332740512456279587525      
   89.6517064870720007623569693284666942      
   89.5548896195045698669539365394120569      
   89.4548955080417781276400644730414936      
   89.3516297105095058642623735897442124      
   89.2449945808395099534776266010692570      
   89.1348892411465236050982998692686859      
   89.0212094085238280621194820266979174      
   88.9038473348295129902952343021214534      
   88.7826918218868346004303338280010141      
   88.6576279464642593951634989045889671      
   88.5285370135885702388603987899145798      
   88.3952964738516869889993465588741024      
   88.2577798318675998744174750005369120      
   88.1158565410439744281029305728289881      
   87.9693916777551371562686681605560127      
   87.8182459066798160580751725230875506      
   87.6622756315016614622778301274499017      
   87.5013322620719393280729633078277105      
   87.3352623610297748792465553636508624      
   87.1639076133698722818146781993168181      
   86.9871044571483244983375436139891561      
   86.8046835534015883097272514797395105      
   86.6164704295172172294198899735465905      
   86.4222841894785489736730058979341266      
   86.2219382416993390346295643360770985      
   86.0152393687738479272799399932429201      
   85.8019878316127514382601174385994284      
   85.5819768356392159142962826255943398      
   85.3549925713098456923124331657453117      
   85.1208134706734053159964094058424648      
   84.8792102840611299928337980897807117      
   84.6299453424762895454757674449197260      
   84.3727727553336632412175377823053782      
   84.1074374366724943473940073890777545      
   83.8336750430141117014277473973863429      
   83.5512113135677240034535385803164861      
   83.2597619593658718467635052173114807      
   82.9590319448039562582075675226739924      
   82.6487149752885303271455780310248409      
   82.3284934960649440256608174647258223      
   81.9980371300891264612130328951094557      
   81.6570032212098501571695448189937519      
   81.3050356250178826478625120888393437      
   80.9417641351820346931444897238999876      
   80.5668042343753405091140770233991827      
   80.1797558255940722553709877431051761      
   79.7802031676013026013632441859898535      
   79.3677136373809773479202233585251990      
   78.9418375838574199947838651829367109      
   78.5021068349000702321860367951080868      
   78.0480348339197340956823424889882218      
   77.5791146166072021467736496917262594      
   77.0948196078852336954523183661475414      
   76.5946012764588246714871708662597949      
   76.0778896442323167715789903289845558      
   75.5440914743091025688991101935032616      
   74.9925903931479102568211490913349561      
   74.4227457853989942797274847396236843      
   73.8338921126572744491197422931019678      
   73.2253391807284195592584804091749569      
   72.5963710180493074367870468515992016      
   71.9462462392278266456225703631270293      
   71.2741984797664070795731872392962828      
   70.5794368205176823633951573935231551      
   69.8611468155421212661575190322822230      
   69.1184923375656580486135251422291798      
   68.3506184281207339983571911048027543      
   67.5566540881818165456872170545022876      
   66.7357178450367277597605216091470706      
   65.8869235564971101888694281922409773      
   65.0093887265902910496154506676256024      
   64.1022450118858610852094451649197358      
   63.1646514528550788305824964039034331      
   62.1958108000661137494508505008839038      
   61.1949927854217520145942790143570175      
   60.1615547942563040084167176506103653      
   59.0949764494473666735532197350601557      
   57.9948948637507663909000995613194129      
   56.8611488484597302849306144236736773      
   55.6938284219884586124995435021567176      
   54.4933323323285141389505455261980447      
   53.2604309874822996759175171909954793      
   51.9963343573411759125368800820244041      
   50.7027619673581006075593376534156236      
   49.3820094158511984213987046213116200      
   48.0370101791205337640357243591901995      
   46.6713782919081491619832629163838545      
   45.2894296395222345789110161602212724      
   43.8961702620078485383500468732943593      
   42.4972333128943243977097838061098087      
   41.0987775393013330495677830178432855      
   39.7073212500827280272056949206244960      
   38.3295382480759947856259649719107952      
   36.9720188769891966397621201739659158      
   35.6410216903493164441128622395826548      
   34.3422450897519151163799278557432484      
   33.0806369527034948681039106303720068      
   31.8602657073122215261014847601202704      
   30.6842562450614127227197785037979077      
   29.5547904594874361647581353429248475      
   28.4731615389455616432921597037335341      
   27.4398670185813632608097388612252534      
   26.4547235628442588650853182726806019      
   25.5169920610232847256975007158777205      
   24.6254984309130703186686517659395104      
   23.7787452015528747915305204462236187      
   22.9750084119278317632430526195498136      
   22.2124191062506666609771380386215608      
   21.4890285334360597574160723461793605      
   20.8028597301755490289225804706454993      
   20.1519461164584935568585650278841932      
   19.5343601426479372003789256165648010      
   18.9482331199651066605483723423616194      
   18.3917690336208886980856765783101278      
   17.8632528782847008224980583571006090      
   17.3610552303820684611148393494565316      
   16.8836340577282086444563774835058622      
   16.4295344603015048795974413387080588      
   15.9973869675788253551645203648122702      
   15.5859047898952563912174859905062614      
   15.1938805434877563319420482992692036      
   14.8201824519380038415748686471991129      
   14.4637504202966216381830270316497083      
   14.1235920038449609309132455403245500      
   13.7987783741652851756948015204898367      
   13.4884404353311798527780630743927374      
   13.1917650120963846603718887670672719      
   12.9079912508621413390475031362413013      
   12.6364070815020028484979171355151914      
   12.3763460592729082728136980005021343      
   12.1271842102783888726728839290515460      
   11.8883371614660717287026524094244070      
   11.6592574354560408401334049241631492      
   11.4394319216901588157497320738920216      
   11.2283795053695212328713812166444886      
   11.0256488819031890629970134256336164      
   10.8308164933927170488988166649586447      
   10.6434846417212138773071487576287685      
   10.4632797165270204657414999225990055      
   10.2898505430226326386147545840637580      
   10.1228668929957121874279116333478418      
   9.96201799584175144682612884324259926      
   9.80701134027085038022368181881124374      
   9.65757131889813593861559288951021656      
   9.51343822684792016949855557450856847      
   9.37436713899592677288250460632196518      
   9.24012695415195756239373729258598251      
   9.11049951847356376764256722799572121      
   8.98527869917011221040149700423725400      
   8.86426975405066689431323764607492603      
   8.74728846008129492735088548547263443      
   8.63416055275122763191149997701826047      
   8.52472102419081463510766922032932105      
   8.41881360921002576713225576289975615      
   8.31629019223201636923448724431188826      
   8.21701032272936214659222564973123127      
   8.12084075271721697249150895525853543      
   8.02765501597252415295376186969574904      
   7.93733299312497291960824016332805727      
   7.84976054819590705642077715789624454      
   7.76482916765044563384323338986443293      
   7.68243565399334775202830787964532235      
   7.60248179727404920404007804292160290      
   7.52487408417268289214049576751211224      
   7.44952345062027016794001487515880006      
   7.37634501934955812886713460677393293      
   7.30525787051207859007341497933063095      
   7.23618480187787709797031985746316371      
   7.16905216035148723157163250852381947      
   7.10378961755731362937098296335691936      
   7.04033000762793837382802476136809673      
   6.97860914855167257476879463363359395      
   6.91856568961856998928366288288439300      
   6.86014095568583182054994286772384950      
   6.80327881776397669332914072987808436      
   6.74792554730819509118463318605417421      
   6.69402970812936489935042073650158179      
   6.64154202838648766790397482370682186      
   6.59041529651543251698020871480787468      
   6.54060425746788330497659121603751982      
   6.49206551589139415233899404171716250      
   6.44475744191465947851018456968678313      
   6.39864009127840030608550779182795918      
   6.35367511674676646331824736425873827      
   6.30982569628976299153515639861467348      
   6.26705645930063848643622472085931938      
   6.22533341560950217668108492151865467      
   6.18462389609992747366828740058298675      
   6.14489648634050201921932324423462786      
   6.10612097178620283254110146401240133      
   6.06826828190642544728429061383455330      
   6.03131043824579237918511536236307674      
   5.99522050606769672378292111413281712      
   5.95997254681791811381444269872653789      
   5.92554157536916495503981659151452727      
   5.89190351667048621156984347235712131      
   5.85903516716041259269403612552851848      
   5.82691415591235749289819940342494134      
   5.79551891101096155656844065407971898      
   5.76482862254071938404720228605063855      
   5.73482321357702171288288485886787812      
   5.70548330659884284996188770032556757      
   5.67679019654754379366535742980459539      
   5.64872582131125939487239440595517486      
   5.62127273648664934814929045569159584      
   5.59441408931704016982648508880389899      
   5.56813359573936120745986111074938187      
   5.54241551635984611247354200526122249      
