 0.59688620583585E-07
 0.47350432470137E-08
 0.10628018277488E-08
 0.32601782943611E-09
 0.39229406003372E-09
 0.14517573372207E-09
 0.21296875901675E-09
 0.42554369670139E-10
-0.44838926028186E-12
 0.42042344970390E-10
-0.74482013012243E-11
 0.31773483155019E-10
 0.29894675509318E-10
 0.66824510871862E-11
 0.15128315480018E-10
 0.55120740480560E-11
 0.13400219609296E-10
 0.13593609077102E-10
 0.58854327326761E-11
 0.10532011218956E-10
 0.47479848819508E-10
 0.13250793200177E-09
 0.34760759523236E-09
 0.86511262999653E-09
 0.20338249584053E-08
 0.44708652243139E-08
 0.92714837745762E-08
 0.18250103716707E-07
 0.34283588156835E-07
 0.61740344047983E-07
 0.10702039860917E-06
 0.17919628239358E-06
 0.29076141345949E-06
 0.45845234783306E-06
 0.70418538275558E-06
 0.10560251929317E-05
 0.15479572899453E-05
 0.22277840000169E-05
 0.31445474567664E-05
 0.43597253994123E-05
 0.59507356106505E-05
 0.80094492371638E-05
 0.10634334563288E-04
 0.13938495873068E-04
 0.18050957719808E-04
 0.23119359569860E-04
 0.29310083261800E-04
 0.36807026092600E-04
 0.45811398118329E-04
 0.56540000392028E-04
 0.69230889171967E-04
 0.84144826830697E-04
 0.10155866109264E-03
 0.12177075280036E-03
 0.14509901461120E-03
 0.17188099496685E-03
 0.20247356164902E-03
 0.23725243917988E-03
 0.27661162838842E-03
 0.32096266599961E-03
 0.37073380126311E-03
 0.42636900981322E-03
 0.48832693260781E-03
 0.55707969119843E-03
 0.63311159552260E-03
 0.71691785859705E-03
 0.80900312853045E-03
 0.90988009366802E-03
 0.10200679777978E-02
 0.11400910366521E-02
 0.12704769577047E-02
 0.14117557727105E-02
 0.15644577619701E-02
 0.17291123792068E-02
 0.19062471926980E-02
 0.20963859761082E-02
 0.23000478666580E-02
 0.25177461661104E-02
 0.27499871151299E-02
 0.29972690451366E-02
 0.32600815024619E-02
 0.35389045536861E-02
 0.38342082771389E-02
 0.41464519084517E-02
 0.44760836225131E-02
 0.48235401227285E-02
 0.51892465973070E-02
 0.55736163543868E-02
 0.59770511811788E-02
 0.63999398177439E-02
 0.68426635669561E-02
 0.73055891138566E-02
 0.77890737406360E-02
 0.82934633148365E-02
 0.88190953169697E-02
 0.93662988567201E-02
 0.99353938264540E-02
 0.10526695084697E-01
 0.11140507547215E-01
 0.11777131404130E-01
 0.12436862864140E-01
 0.13119991251271E-01
 0.13826809374712E-01
 0.14557602244619E-01
 0.15312659391625E-01
 0.16092267243562E-01
 0.16896716101919E-01
 0.17726300787943E-01
 0.18581316838201E-01
 0.19462059347551E-01
 0.20368847628481E-01
 0.21301995238754E-01
 0.22261820957946E-01
 0.23248667031670E-01
 0.24262882214851E-01
 0.25304819053508E-01
 0.26374858280299E-01
 0.27473389645685E-01
 0.28600805825942E-01
 0.29757549834536E-01
 0.30944044294059E-01
 0.32160767929013E-01
 0.33408185425231E-01
 0.34686814413314E-01
 0.35997173144896E-01
 0.37339821482630E-01
 0.38715332373199E-01
 0.40124306107942E-01
 0.41567379266325E-01
 0.43045202800670E-01
 0.44558467441247E-01
 0.46107883279099E-01
 0.47694203079429E-01
 0.49318191741237E-01
 0.50980666582760E-01
 0.52682458596523E-01
 0.54424444643593E-01
 0.56207518274230E-01
 0.58032622116435E-01
 0.59900714151723E-01
 0.61812789044851E-01
 0.63769872469558E-01
 0.65773022921042E-01
 0.67823315151780E-01
 0.69921857877900E-01
 0.72069788088819E-01
 0.74268258349192E-01
 0.76518436718250E-01
 0.78821514527768E-01
 0.81178687548757E-01
 0.83591161213103E-01
 0.86060137933867E-01
 0.88586812708343E-01
 0.91172360852589E-01
 0.93817941561129E-01
 0.96524668438951E-01
 0.99293613540012E-01
 0.10212577947092E+00
 0.10502209794501E+00
 0.10798338690999E+00
 0.11101035133014E+00
 0.11410354328556E+00
 0.11726333401230E+00
 0.12048988681145E+00
 0.12378311373276E+00
 0.12714263164107E+00
 0.13056771808566E+00
 0.13405724064836E+00
 0.13760961562344E+00
 0.14122271995349E+00
 0.14489382847783E+00
 0.14861952614791E+00
 0.15239560839338E+00
 0.15621700732695E+00
 0.16007767728907E+00
 0.16397051202617E+00
 0.16788725358140E+00
 0.17181843042610E+00
 0.17575330224302E+00
 0.17967986524081E+00
 0.18358489772691E+00
 0.18745406496298E+00
 0.19127211829108E+00
 0.19502317578609E+00
 0.19869109996711E+00
 0.20225998356561E+00
 0.20571475535193E+00
 0.20904181112462E+00
 0.21222970060340E+00
 0.21526974551477E+00
 0.21815650140184E+00
 0.22088799635036E+00
 0.22346566712368E+00
 0.22589404311889E+00
 0.22818012503251E+00
 0.23033265665708E+00
 0.23236131375262E+00
 0.23427595574151E+00
 0.23608600962297E+00
 0.23780002424015E+00
 0.23942541780685E+00
 0.24096838425407E+00
 0.24243393110994E+00
 0.24382600406159E+00
 0.24514765933018E+00
 0.24640125389787E+00
 0.24758863086056E+00
 0.24871128240598E+00
 0.24977048584506E+00
 0.25076741469684E+00
 0.25170321706638E+00
 0.25257907146120E+00
 0.25339622133867E+00
 0.25415599317177E+00
 0.25485980312371E+00
 0.25550915450557E+00
 0.25610562851414E+00
 0.25665087244390E+00
 0.25714658529049E+00
 0.25759450401906E+00
 0.25799638856758E+00
 0.25835400873863E+00
 0.25866913202398E+00
 0.25894351322232E+00
 0.25917888490440E+00
 0.25937694961271E+00
 0.25953937344854E+00
 0.25966778099937E+00
 0.25976375120144E+00
 0.25982881427149E+00
 0.25986444950121E+00
 0.25987208393455E+00
 0.25985309142325E+00
 0.25980879234756E+00
 0.25974045389005E+00
 0.25964929049567E+00
 0.25953646471671E+00
 0.25940308832134E+00
 0.25925022345872E+00
 0.25907888414156E+00
 0.25889003770024E+00
 0.25868460636946E+00
 0.25846346884795E+00
 0.25822746203742E+00
 0.25797738262342E+00
 0.25771398871263E+00
 0.25743800152288E+00
 0.25715010689136E+00
 0.25685095692914E+00
 0.25654117148855E+00
 0.25622133965166E+00
 0.25589202117690E+00
 0.25555374785859E+00
 0.25520702487661E+00
 0.25485233208921E+00
 0.25449012523434E+00
 0.25412083712798E+00
 0.25374487874585E+00
 0.25336264035417E+00
 0.25297449259438E+00
 0.25258078732890E+00
 0.25218185865695E+00
 0.25177802374148E+00
 0.25136958377371E+00
 0.25095682473008E+00
 0.25054001812300E+00
 0.25011942178634E+00
 0.24969528047807E+00
 0.24926782657126E+00
 0.24883728078252E+00
 0.24840385265054E+00
 0.24796774115144E+00
 0.24752913525829E+00
 0.24708821440081E+00
 0.24664514898484E+00
 0.24620010088189E+00
 0.24575322376546E+00
 0.24530466365293E+00
 0.24485455923576E+00
 0.24440304221069E+00
 0.24395023773499E+00
 0.24349626467588E+00
 0.24304123595892E+00
 0.24258525889313E+00
 0.24212843543546E+00
 0.24167086245431E+00
 0.24121263199768E+00
 0.24075383156541E+00
 0.24029454428511E+00
 0.23983484917358E+00
 0.23937482134616E+00
 0.23891453219691E+00
 0.23845404958403E+00
 0.23799343803181E+00
 0.23753275888668E+00
 0.23707207046348E+00
 0.23661142821431E+00
 0.23615088487888E+00
 0.23569049060305E+00
 0.23523029307776E+00
