   482.989325854482766625225197452827150      
   482.989325854498234655481154983509087      
   482.989325855059819086560773405629569      
   482.989325860516629894659871619173576      
   482.989325887322284515814496256413655      
   482.989325967435644092576109211537307      
   482.989325968950923144907444033566828      
   482.989323869000587486708050373393020      
   482.989307850192948626476865853456039      
   482.989234838319703342028985602000875      
   482.988991240619909896760217506098435      
   482.988340383513756171571559923881454      
   482.986868773418198752774591795741622      
   482.983944755005536010238289717489125      
   482.978698901874480925506202135738610      
   482.970029030596590934488908638094975      
   482.956627172597407667416380403931367      
   482.937022557275226501911268891116858      
   482.909633640726870514733627189287780      
   482.872822786810758898867311887475965      
   482.824948606049985464976382345429849      
   482.764412588775104860327558428877369      
   482.689698167391348000658781869649098      
   482.599401536919261199218900500988802      
   482.492254409663887811307632829996370      
   482.367139408870360854938413728605047      
   482.223099080599605380169623271366039      
   482.059339590727449391358282050801073      
   481.875230141191501389260320306437508      
   481.670299037755886876886495570220423      
   481.444227207430336116122359618893635      
   481.196839825969330933785009552168777      
   480.928096588733679309628028394763718      
   480.638081049126089346328581031304899      
   480.326989360890200189784744957989571      
   479.995118692042789240131638402223992      
   479.642855526371880277713374126888986      
   479.270664029793589274756139358937694      
   478.879074629176499884248258817217173      
   478.468672928768695707818374636480399      
   478.040089069948336666527194042766422      
   477.593987623903875793131023198942114      
   477.131058083363563157000955410280649      
   476.652006057744243128712878073147273      
   476.157545109513344176208043579020746      
   475.648389399833340560530790737987719      
   475.125247062894925351287646385700004      
   474.588814351931139472103154040000140      
   474.039770544977498123983974385171289      
   473.478773592991983903814721356787783      
   472.906456484762741088372849758729554      
   472.323424295390533988033577321130328      
   471.730251877800075888528857372125204      
   471.127482152722751398281984845959529      
   470.515624949086438858459608930011654      
   469.895156343939318579334391573034415      
   469.266518449762278204102107282686445      
   468.630119598136105864885340837536288      
   467.986334867607230711954724310862666      
   467.335506906672639637664014780590467      
   466.677947003934193369912061001977500      
   466.013936360680825761391900286641457      
   465.343727523178447696507297158919419      
   464.667545936864005473165744746770588      
   463.985591586132127166813338406844063      
   463.298040686627113242707931981705428      
   462.605047404603861568458584860646279      
   461.906745573840789804491951729098587      
   461.203250391898863906982344153199130      
   460.494660075741487902535937417776057      
   459.781057458630501815621535174309709      
   459.062511520429419255996540436476156      
   458.339078835710084214565951448194900      
   457.610804935666143244531157056117762      
   456.877725573871254778881935107619597      
   456.139867899007459651672471961266652      
   455.397251519866193576320109088605242      
   454.649889480944764057291055309879827      
   453.897789126095239507804384874781385      
   453.140952874107107452033970325614421      
   452.379378896060660273959957205960950      
   451.613061695417048076011394826892569      
   450.841992601083135352791559266318802      
   450.066160179683593566495296796557728      
   449.285550569385901512874719236620832      
   448.500147735316420642439100706759961      
   447.709933657516599940599227619425731      
   446.914888456249739578252390388134973      
   446.114990462522772577876734685938735      
   445.310216210635898707074506123162468      
   444.500540404671439027781865822516724      
   443.685935838329053250065889124286037      
   442.866373268667639707192933368283267      
   442.041821260615676556139096474493216      
   441.212246003515249009307354809899496      
   440.377611056920702165476023545852124      
   439.537877107721053587091297808682915      
   438.693001711318502405989324032589092      
   437.842938989368125494848243140020575      
   436.987639403740745383005810977970555      
   436.127049283650993315506859713523983      
   435.261110650562454907158274726510018      
   434.389760719639551687001427313489618      
   433.512931633437161866378021360423333      
   432.630550066137134077368361339525393      
   431.742536947858137872662799613146857      
   430.848806950725356074924841831398162      
   429.949268070565425397056433331276968      
   429.043821383709870610347818675507556      
   428.132360722446952655460473516018274      
   427.214771874484217445166716011278701      
   426.290932501505846494262223554080780      
   425.360711860983131975178316833740369      
   424.423969936367359919685017279098952      
   423.480557203795806379834545466357491      
   422.530314586902802186084269459241056      
   421.573072215580371173264168385828767      
   420.608649733369992553948766451420103      
   419.636855470381976405387946118544383      
   418.657485890832630224213933616269022      
   417.670325464737625814378094456771213      
   416.675145687125420102358286147464742      
   415.671705068941291984217099347480702      
   414.659748358272650036009175211695098      
   413.639005872478264719872709799866858      
   412.609193447942094757669726512693711      
   411.570011241352050195885405950207396      
   410.521143583020317557868761007578807      
   409.462258289277684029707710170791594      
   408.393006290805582368285084409987860      
   407.313020453284370629338175270932107      
   406.221915368795553137501188564913054      
   405.119286917092385891553266420681338      
   404.004711046209076214715951526049347      
   402.877743464360893030053380053433653      
   401.737919273812841540175708762516284      
   400.584751803787922400792698409180281      
   399.417732149294302468613966218036798      
   398.236328988218117001652769197932216      
   397.039987333578422004410580876533575      
   395.828128656396437955889149215219418      
   394.600149997533672714614812463320665      
   393.355423869247677555570867934564307      
   392.093298100211035158986033996026628      
   390.813095116937189785182803234564060      
   389.514112814225359923900180924090740      
   388.195624495106539721628114495547613      
   386.856879599861551264898179428254932      
   385.497104559086847976365799386050076      
   384.115504870321263041468333321731563      
   382.711265745271263374776299554749002      
   381.283556161303444295215953744405417      
   379.831532717429069473162600519166218      
   378.354342997544190281925892375528088      
   376.851132331756196190679905599671997      
   375.321051439071430528970152482054142      
   373.763265957565086759737271903768216      
   372.176968584823763884468105399859171      
   370.561394015066824137298676232528861      
   368.915837728830890982829377591868943      
   367.239678671471227489209063620627895      
   365.532408472762551125642234356546806      
   363.793665816458649365855170418494831      
   362.023279737426924353654848700072916      
   360.221321524340620101117345597015004      
   358.388169445885202600486258091421040      
   356.524585371453368560140261305893227      
   354.631808217958898578346477412905880      
   352.711665096423010917859821423355872      
   350.766706544840116573866905984283714      
   348.800353573841714439995119340461636      
   346.817107518895538082229999118933503      
   344.822721622767975631244028569581214      
   342.824461859955582385537469567884872      
   340.831360834564984702036610346265240      
   338.854493543627731690413296705141199      
   336.907258864845281667029513441242952      
   335.005647658146981648815280371081193      
   333.168470193211361190030922964543629      
   331.417510427656571674158041634677061      
   329.777562803956733342083638364684589      
   328.276304905682990689194409490272282      
   326.943955018661862410164008839761814      
   325.812675364072182710947253643825735      
   324.915695015041047854238275789085898      
   324.286159087075765532612484879200421      
   323.955758523534498231267545434748871      
   323.953237905741845849988831449174083      
   324.302931048729572655086013253008142      
   325.023494506906305072171083099958629      
   326.127005427805038554126411861869191      
   327.618535941100753191038979279479805      
   329.496247274305225872696283221149032      
   331.751957943281813496020347184859516      
   334.372074120534228636466612164564951      
   337.338731857208765293865709317106588      
   340.631000568180535303792831905787346      
   344.226024766275124641393530999259929      
   348.100018022504928465060858019927125      
   352.229070016175612680792529510833522      
   356.589752985032669251624720782060209      
   361.159549647221346844041961195147925      
   365.917128245059162748762298493879467      
   370.842491525425463597301797545905443      
   375.917040253584011783420274093217643      
   381.123570491306193677786910069674391      
   386.446229162582167938402603624971637      
   391.870445637164112119762798769612790      
   397.382846179472172246413101587749193      
   402.971167774496466523970020539671676      
   408.624166534309550383641758515217946      
   414.331532822492078401671088755964056      
   420.083810451073994736870613168326336      
   425.872320409413812066225406225014011      
   431.689092909203693920896994824533118      
   437.526804444910841382996813774263852      
   443.378720719883762612544982364630210      
   449.238645310722607209768732383818256      
   455.100873070539463773813251285172956      
   460.960148366138103526237942089831497      
   466.811627235534653155145054440884941      
   472.650843646820119633984348448012561      
   478.473677889415664553780788040731505      
   484.276328556251364346587927165911593      
   490.055289308951038675568575843644945      
   495.807323243253521071472248434263354      
   501.529443519897134221429480629797578      
   507.218894376839414660800374221506201      
   512.873133802540099355673481064444515      
   518.489818360731667532621173359261246      
   524.066788273410798422105753738353661      
   529.602054717086968571372729831981256      
   535.093787869615068300825267837265939      
   540.540306369943869825483377560811128      
   545.940066922029611786981986092517531      
   551.291655589691194881992271688563922      
   556.593778621836550524028247487173093      
   561.845256093534918791446682658123492      
   567.045013193675238043776834485365940      
   572.192075323114961454672026830695625      
   577.285560997347604948987907838022505      
   582.324676314938293451056057385009410      
   587.308709855625965520133970588178609      
   592.237029114900468132975906523352292      
   597.109074034939899246009785348586506      
   601.924354260077108508184202768467889      
   606.682444547896192630335625695847871      
   611.382981388401152950650909151322618      
   616.025661047731400543473677631435515      
   620.610233120958284727476596917185708      
   625.136501431821390022431583816699641      
   629.604317782231771711917708107905317      
   634.013582062862502945061394356417871      
   638.364238593321570221620507000122033      
   642.656273112211486111840019281365192      
   646.889711887289543250685156410571602      
   651.064619243912127577296759073238795      
   655.181094549672825465357349286113386      
   659.239271946472355171606982113335794      
   663.239317491815341059285224824784845      
   667.181427699347714282696283432326368      
   671.065827177707828392959883649161697      
   674.892769562261086926504368075284520      
   678.662532486208792433061352905852123      
   682.375418809626191187670731031371566      
   686.031753841636842736390953388943211      
   689.631884944023239579009313922774272      
   693.176179406328664767321093321142327      
   696.665024025130378214630410575345264      
   700.098823532862992065882487204742090      
   703.477999100026304196571683767116507      
   706.802988134193673234866643329282740      
   710.074242472212380321097016275828322      
   713.292227914767223667340349778968995      
   716.457422666560272742866127795892781      
   719.570317080183334386649176915913669      
   722.631412392392371577189786720878474      
   725.641219818503398492710905013488955      
   728.600259925190842322885531507054832      
   731.509061667388861829615611762959143      
   734.368161782275462584249967462163316      
   737.178103926099237993497760055488790      
   739.939438026217076141741003455365233      
   742.652719679473609847239263318271982      
   745.318509281407077613487113535540018      
   747.937371686561334789614322841611888      
   750.509875347499970039329462464536918      
   753.036591943328092811097940061463376      
   755.518095704931257881753037933123454      
   757.954962974244004190409203516630803      
   760.347771647136752157000566231270736      
   762.697100681342509557823460418018623      
   765.003529709570049727044238368766196      
   767.267638527825501066555186610350446      
   769.490006682834246407376364148509679      
   771.671213139839057533031490657609744      
   773.811835839596539897055124898339724      
   775.912451380446834482337677174446948      
   777.973634642697951528066832701073216      
   779.995958464072937711915991981402420      
