   482.989325854482766625225197452827150      
   482.989325854498234655481154983509087      
   482.989325855059819086560773405629421      
   482.989325860516629894659871621309762      
   482.989325887322284515814506977937638      
   482.989325967435644092579296598551341      
   482.989325968950923145095274384301689      
   482.989323869000587490724180244320408      
   482.989307850192948670081980973138786      
   482.989234838319703636189979898130069      
   482.988991240619911299034312165469340      
   482.988340383513761333923866424580896      
   482.986868773418214711571761368190813      
   482.983944755005545607230477835638828      
   482.978698901874596014124149351710016      
   482.970029030597571419625197836020585      
   482.956627172603864886304898428252641      
   482.937022557309716026035633468823297      
   482.909633640881253032947897759161068      
   482.872822787406215940304225671713992      
   482.824948608071354069896340253979989      
   482.764412594920009518355948557511150      
   482.689698184361427919417966438708482      
   482.599401580005732755312933803168387      
   482.492254511252913542471383978461001      
   482.367139633202950197073997074893997      
   482.223099547928504426288978566965588      
   482.059340514859363063343627289956664      
   481.875231885210816824722939586816761      
   481.670302193413565081645658742327619      
   481.444232704171009948585342796285053      
   481.196849075796986912824455783016486      
   480.928111673037984139739643246278832      
   480.638104953190382024452155144583878      
   480.327026261083439972338776002242764      
   479.995174299695275253031380770144295      
   479.642937491096083672484923423791911      
   479.270782403607274925705736408348609      
   478.879242391287477699598852282635587      
   478.468906569367598924015540977477401      
   478.040409229904429313251931399517187      
   477.594419785953607578067530662551368      
   477.131633317110076546821298973102763      
   476.652761774883051394662912551287964      
   476.158525892701127397983425471235528      
   475.649647830814099337434486633865999      
   475.126844574403654810222310149705955      
   474.590822090108561466017829046417649      
   474.042270235547181856065828613399510      
   473.481858405227092922893887215173970      
   472.910231888049596553091015261229713      
   472.328008904279557350366458944494447      
   471.735778278106446507930901894369795      
   471.134097727030020278202391824470111      
   470.523492662380706570239579155011311      
   469.904455525976922006075857216934671      
   469.277445557991424319062909403200015      
   468.642888966495271011508686958986091      
   468.001179443977668722901496751546266      
   467.352678982088298429951349715608858      
   466.697718937830772033118800632903133      
   466.036601305803328874197527476216974      
   465.369600154750294465947694191497311      
   464.696963190183811414169073603402949      
   464.018913406535715594635646428876441      
   463.335650796945087720484889389109779      
   462.647354092493207608232508562681569      
   461.954182503863877421281628559542567      
   461.256277444806662143086169283890728      
   460.553764217372387576519522075187673      
   459.846753642275061215153199639004324      
   459.135343622819670142865174461328552      
   458.419620629810945255431753351936667      
   457.699661099752988467043388745229667      
   456.975532741286273712636103415839714      
   456.247295743465382319365372333920643      
   455.515003885183928123700448228484424      
   454.778705544649489894461850818662456      
   454.038444608438654791520979861855650      
   453.294261282968130104467235370510160      
   452.546192810828677935934901340206919      
   451.794274092315349912329082928237695      
   451.038538220112649129774770949100461      
   450.279016928381324018310407567191323      
   449.515740965893934069105357632538185      
   448.748740391446628557265078465248774      
   447.978044802953300149940650350698592      
   447.203683498866005920421556908828853      
   446.425685587890262024222911942391921      
   445.644080038996660077508617699110764      
   444.858895678045523528123688240704098      
   444.070161155036799663225101624205960      
   443.277904863086019223478575160763617      
   442.482154825549293891446934237120981      
   441.682938556324255051028118002042627      
   440.880282888717430833437612932486294      
   440.074213763985597458323714318808889      
   439.264756038392663655866702937879361      
   438.451933247421378109389209984397292      
   437.635767367806899954220577003196680      
   436.816278549885855979146797065603403      
   435.993484870371768340076322385274400      
   435.167402060453500882899698273805124      
   434.338043204195668531378613204396166      
   433.505418465692979238368932329808890      
   432.669534831221747471496172930521928      
   431.830395826830193616324697339408996      
   430.988001185403337067935918749844457      
   430.142346562774233910892611505229338      
   429.293423297618261089779114284646628      
   428.441218158652912859052229415846282      
   427.585712865112031561665980173743427      
   426.726884050444556700055166397952586      
   425.864702850623348136144968463012382      
   424.999134599065274085340648078115606      
   424.130138494007069010534579063392923      
   423.257667558498715772579687186726800      
   422.381668074920134474577256233922632      
   421.502079347346330343744801698924757      
   420.618833549684171781364376601555680      
   419.731855383505009256282690637584078      
   418.841061512518958341186175025166347      
   417.946360762434442744313684972151172      
   417.047653237433598080526741772850013      
   416.144830475290904327604070083319139      
   415.237774769844216652818268365277535      
   414.326359098536642938062662356966497      
   413.410446482073750716222439396434305      
   412.489889967735871813024778613927503      
   411.564531805187530844159552267746408      
   410.634203551033817101779205510511512      
   409.698725078261055737235566161640972      
   408.757904730054383888130968709771633      
   407.811538441107504297953183035301115      
   406.859409275191547116135477227363205      
   405.901287235379421006849632766417623      
   404.936928385455260740342331928588871      
   403.966074403645931477047079416877013      
   402.988451920005653600777798547318950      
   402.003772114693187316132589823748345      
   401.011729659998330627294628816055229      
   400.012002326853115356890495013451463      
   399.004250046660479293740310846570509      
   397.988114373192171288103675091144191      
   396.963217159096454456872739979743259      
   395.929160204895433002035189480754245      
   394.885523834906929096882270705303107      
   393.831866249147760926394723629776552      
   392.767722419281279935819344597379281      
   391.692602792712662879597130226804650      
   390.605992277955428118512192365383374      
   389.507349143264109545273524102044545      
   388.396103434750502754912179978155180      
   387.271656066247984178314242063637521      
   386.133377164359077476167785555787775      
   384.980604798966366034042608299623455      
   383.812643642829779871450872519646180      
   382.628763536295579128029708291630242      
   381.428198068708268046701620695300584      
   380.210143206595243571958954852291502      
   378.973756064196721011623876722681028      
   377.718153772193217974349015726575035      
   376.442412759858029730696334448651660      
   375.145567966833790611020661063218678      
   373.826612413408184151458535185423325      
   372.484497654673026602169642637675514      
   371.118134723798691528592758941823052      
   369.726395489083131658956905327139431      
   368.308116620976638139910335501413632      
   366.862102940194727377001983383173805      
   365.387134089789165487828888047479450      
   363.881973367317097965034582470842604      
   362.345379201343304467471376938025026      
   360.776120798541871191449585009346928      
   359.172998230846664530250105070330919      
   357.534868930438482771914350667966811      
   355.860680284786694645508572806978273      
   354.149513628777238040147644516896661      
   352.400636249956517012793274254786697      
   350.613569475418936055048324045770971      
   348.788171207418165005104177865905626      
   346.924738032252368234234481041940315      
   345.024129658760649583372640366036820      
   343.087917901693210823960649835149898      
   341.118564375740304188974954874115375      
   339.119622931411390473728451650679336      
   337.095997529717618831786899908245300      
   335.054174866913159294566670447093875      
   333.002532767732078859602372338894638      
   330.951629271514744045778861430381534      
   328.914488816744240893526157220440278      
   326.906850577454940504061683445983297      
   324.947347020601371574162327743482678      
   323.057567842176888336921902913050252      
   321.261964815606526155625559178398065      
   319.587555814044609886110083065968970      
   318.063396263030652231681915725516844      
   316.719814948110050863770857793325926      
   315.587432091458410331944178817193830      
   314.696027696261714083408286826128772      
   314.073347065953536072257140847533866      
   313.743965190752219878502734363887254      
   313.728319753859710353753397010429046      
   314.042009447919845907352885554604566      
   314.695413888892369950593105271787949      
   315.693642741356578659522092946286298      
   317.036782452241958407089674744595801      
   318.720375578326234784489690080019889      
   320.736054819287303116962298173936192      
   323.072254347641134793272114868714992      
   325.714933462779309896747349165049351      
   328.648258656649272863554868833944668      
   331.855217524207886878938417799555604      
   335.318143793928137971347711684787241      
   339.019148394563129580851222145810976      
   342.940462702333620104672164312125562      
   347.064699714966763438519804422293509      
   351.375044091161453703223695616513376      
   355.855384940558329971433551613328185      
   360.490399152182158886757924888400724      
   365.265600025656684613621711075553185      
   370.167353232128638197854941114625370      
   375.182874776556802242029064951742374      
   380.300210469395952893203547474166558      
   385.508207666165690443730429208020294      
   390.796477837635613766239074699062658      
   396.155354769716885078824384044565491      
   401.575851753125124491243433217713249      
   407.049617293329895030382614783496274      
   412.568892429525807759793660224726628      
   418.126468254470994456157441314322883      
   423.715645646861318819244938956267397      
   429.330197446704304615285486076030470      
   434.964332639246911587007298116431621      
   440.612665175885266039334685682764568      
   446.270179259337440050182828033813176      
   451.932204030919538204435982785213240      
   457.594386807837348574385703658442320      
   463.252668605984091557507602802573033      
   468.903262219241367553551849144478809      
   474.542632413690705876832977001731108      
   480.167477455060524830291357061176902      
   485.774712395635822838432068979004060      
   491.361453172054987602148962422744499      
   496.925003116433224736771752569982831      
   502.462840626037425695924288479111214      
   507.972606526968592418352509920284005      
   513.452094091926714859757047153688918      
   518.899238966659192904245498328777249      
   524.312111305139581453747971483210831      
   529.688905717014899252092379837354990      
   535.027935769022973827804073043077185      
   540.327625892936959746458984115904329      
   545.586506391808599845886420839178837      
   550.803205732158687376733600965802392      
   555.976446983160042207442201541697338      
   561.105042620522266277207729188979992      
   566.187889225657161956348610047322221      
   571.223964253929439636618743550250124      
   576.212321156287081369019202058066655      
   581.152086813987136973295126806596444      
   586.042457292913767405223047800401892      
   590.882695354872828939803639091057158      
   595.672126879015470063353684033173361      
   600.410139183530673252788129421492869      
   605.096176607005390702268126782355474      
   609.729740300986346356350514390356557      
   614.310383552726237275646910036236816      
   618.837712040415800827661201023105446      
   623.311379176496859835516144162703321      
   627.731086385759494407837107389220947      
   632.096580056851031254897320431020742      
   636.407650209956287322622207018359734      
   640.664127174956672147025397937858999      
   644.865882555077429354790411823252301      
   649.012825586666316475757569550193529      
   653.104902266278678516366371098450400      
   657.142094297688305302320057404893302      
   661.124416273496626756703616992941607      
   665.051916328107744566492462368145214      
   668.924672621078004829304030950494727      
   672.742793417188670016441010456505190      
   676.506415660491796667176332790279352      
   680.215702803490052791327207945428172      
   683.870844958592121479061954875711883      
   687.472056576205661277597528495046742      
   691.019575856802939022232117950683088      
   694.513663660094502338884737657917335      
   697.954601918420896856783674502185867      
   701.342693299022082508883596058194407      
   704.678259742091763241415330122471628      
   707.961641271182078527590424715795276      
   711.193195565975029114728112603966594      
   714.373296490717497750379217963995647      
   717.502333568575402812073788449411310      
   720.580710764299067952870035105712475      
   723.608845792822934890637250417903219      
   726.587169215079868219700470099908973      
   729.516123626228927697387239829126660      
   732.396162712912436412459526834068937      
