-0.33227159496602E-10
-0.34527349631777E-11
-0.95843736353274E-11
-0.10402253650502E-10
-0.94324680222772E-11
-0.50891262628024E-11
-0.30479273991300E-11
-0.41630642846825E-11
-0.43394304846438E-11
-0.23085226623457E-11
-0.38878232551084E-11
-0.38532475489195E-11
-0.19765634649843E-11
-0.12885713146314E-11
-0.17449547109891E-11
-0.20349038398647E-11
-0.12704400417608E-11
-0.76501295604417E-12
-0.55989612177148E-12
-0.13497214635410E-11
-0.86276597112156E-12
-0.18813143642567E-11
-0.15542561614532E-11
-0.19920394525761E-11
-0.12886478114841E-11
-0.12525874977549E-11
-0.13715340773978E-11
-0.19259325316615E-11
-0.27560438130112E-11
-0.16285263731839E-11
 0.37338713404442E-11
 0.19613221534752E-10
 0.56110748217128E-10
 0.13474921664966E-09
 0.28954650511338E-09
 0.57685527808733E-09
 0.10863464047095E-08
 0.19565429640244E-08
 0.33905596802578E-08
 0.56802498292639E-08
 0.92443238526388E-08
 0.14653401158978E-07
 0.22686059975465E-07
 0.34373143554947E-07
 0.49530636348089E-07
 0.75758953184104E-07
 0.10844319065035E-06
 0.15079144296352E-06
 0.20820926662964E-06
 0.28698058723916E-06
 0.39054111403671E-06
 0.52593074179692E-06
 0.69733491322937E-06
 0.91399998510510E-06
 0.11840652817946E-05
 0.15216308648964E-05
 0.19370533512773E-05
 0.24499135031513E-05
 0.30750285128221E-05
 0.38306564373515E-05
 0.47346147684427E-05
 0.58136516206177E-05
 0.70916083231823E-05
 0.85982051304177E-05
 0.10363823856417E-04
 0.12422126174788E-04
 0.14809584103894E-04
 0.17565537363307E-04
 0.20732239410497E-04
 0.24354886770464E-04
 0.28481635315193E-04
 0.33163597258794E-04
 0.38454827985059E-04
 0.44412296139278E-04
 0.51095836193557E-04
 0.58568089135212E-04
 0.66894431792198E-04
 0.76142892160774E-04
 0.86384053959459E-04
 0.97690950619608E-04
 0.11013879930958E-03
 0.12380566360549E-03
 0.13877075134420E-03
 0.15511565094584E-03
 0.17292379263213E-03
 0.19228054782974E-03
 0.21327253444279E-03
 0.23598774117853E-03
 0.26051545638184E-03
 0.28694611176533E-03
 0.31537093734801E-03
 0.34588230163297E-03
 0.37857330040661E-03
 0.41353775144086E-03
 0.45086969932039E-03
 0.49066460186778E-03
 0.53301638260468E-03
 0.57802384456443E-03
 0.62577905744984E-03
 0.67637925699122E-03
 0.72992019216188E-03
 0.78649912521454E-03
 0.84620820869664E-03
 0.90915996719095E-03
 0.97543249700276E-03
 0.10451251800658E-02
 0.11183425022813E-02
 0.11951809386991E-02
 0.12757453601107E-02
 0.13601267508913E-02
 0.14484271696400E-02
 0.15407354746174E-02
 0.16371608614852E-02
 0.17377897116751E-02
 0.18427718421154E-02
 0.19521770421656E-02
 0.20661068154885E-02
 0.21846713188137E-02
 0.23079863577313E-02
 0.24361633586986E-02
 0.25693030718108E-02
 0.27075426161388E-02
 0.28509702921154E-02
 0.29997436749477E-02
 0.31539421208503E-02
 0.33137413577375E-02
 0.34792101142048E-02
 0.36505311816493E-02
 0.38277995203623E-02
 0.40112013568246E-02
 0.42008706230601E-02
 0.43969025710481E-02
 0.45994981297201E-02
 0.48088477911807E-02
 0.50250243120051E-02
 0.52482545845960E-02
 0.54786916990348E-02
 0.57164902088462E-02
 0.59618365151321E-02
 0.62149599707922E-02
 0.64759823908201E-02
 0.67451547128462E-02
 0.70226428512634E-02
 0.73086661761450E-02
 0.76034298286863E-02
 0.79071357767827E-02
 0.82199407427226E-02
 0.85421272511046E-02
 0.88738943259456E-02
 0.92154762149015E-02
 0.95670428630426E-02
 0.99287845505045E-02
 0.10301003502194E-01
 0.10683813261591E-01
 0.11077513603572E-01
 0.11482159873929E-01
 0.11898010722890E-01
 0.12325204912624E-01
 0.12763894330530E-01
 0.13214207037466E-01
 0.13676209382460E-01
 0.14149918889594E-01
 0.14635428583658E-01
 0.15132659555316E-01
 0.15641556568403E-01
 0.16161920254376E-01
 0.16693524301695E-01
 0.17236083650223E-01
 0.17789148750451E-01
 0.18352144110914E-01
 0.18924383535921E-01
 0.19505013779938E-01
 0.20093080790004E-01
 0.20687280549822E-01
 0.21286125918195E-01
 0.21887832659868E-01
 0.22490442974292E-01
 0.23091518093141E-01
 0.23688284650964E-01
 0.24277629164055E-01
 0.24855967369958E-01
 0.25419301712275E-01
 0.25963146845273E-01
 0.26482586941755E-01
 0.26972207930231E-01
 0.27426306914504E-01
 0.27838878415436E-01
 0.28203746204029E-01
 0.28514930196921E-01
 0.28766297019348E-01
 0.28952457122919E-01
 0.29068629874748E-01
 0.29111125854964E-01
 0.29077599370340E-01
 0.28967057517820E-01
 0.28780204134328E-01
 0.28519447607697E-01
 0.28188775694040E-01
 0.27793701382990E-01
 0.27340834004442E-01
 0.26837798863797E-01
 0.26292971280802E-01
 0.25714858250447E-01
 0.25111149092121E-01
 0.24490069262396E-01
 0.23859019603583E-01
 0.23224353172092E-01
 0.22591672160018E-01
 0.21965640112604E-01
 0.21350081957344E-01
 0.20748010117757E-01
 0.20161729511391E-01
 0.19592903424910E-01
 0.19042728264667E-01
 0.18511968173471E-01
 0.18001032711965E-01
 0.17510056557264E-01
 0.17038944733288E-01
 0.16587424117253E-01
 0.16155085448436E-01
 0.15741415024126E-01
 0.15345820128708E-01
 0.14967655104748E-01
 0.14606228349110E-01
 0.14260846208571E-01
 0.13930797829634E-01
 0.13615369690168E-01
 0.13313868703074E-01
 0.13025611160001E-01
 0.12749932869776E-01
 0.12486191100221E-01
 0.12233771971948E-01
 0.11992087153634E-01
 0.11760575339645E-01
 0.11538700061763E-01
 0.11325953645755E-01
 0.11121860325773E-01
 0.10925966891182E-01
 0.10737844752507E-01
 0.10557085877824E-01
 0.10383317632505E-01
 0.10216181836764E-01
 0.10055342136971E-01
 0.99004819734047E-02
 0.97513066931634E-02
 0.96075381877533E-02
 0.94689142389953E-02
 0.93351877937231E-02
 0.92061290692853E-02
 0.90815205499941E-02
 0.89611572938647E-02
 0.88448459761723E-02
 0.87324060579921E-02
 0.86236662997513E-02
 0.85184649859934E-02
 0.84166493463607E-02
 0.83180758776802E-02
 0.82226088744983E-02
 0.81301184717377E-02
 0.80404828622225E-02
 0.79535866199783E-02
 0.78693199417499E-02
 0.77875781230446E-02
 0.77082624271012E-02
 0.76312782669997E-02
 0.75565362904924E-02
 0.74839502366306E-02
 0.74134396665412E-02
 0.73449258181483E-02
 0.72783344853097E-02
 0.72135950369716E-02
 0.71506396966161E-02
 0.70894028857261E-02
 0.70298226377952E-02
 0.69718390617633E-02
 0.69153954766234E-02
 0.68604368593028E-02
 0.68069103253476E-02
 0.67547657382331E-02
 0.67039541557033E-02
 0.66544290445924E-02
 0.66061457093872E-02
 0.65590609911888E-02
 0.65131329529827E-02
 0.64683220693011E-02
 0.64245895663147E-02
 0.63818986155557E-02
 0.63402133387454E-02
 0.62994994606985E-02
 0.62597236959775E-02
 0.62208539923366E-02
 0.61828597693359E-02
 0.61457111491011E-02
 0.61093795979591E-02
 0.60738371036713E-02
 0.60390573433175E-02
 0.60050146416250E-02
 0.59716836453592E-02
 0.59390408042791E-02
 0.59070632245923E-02
