   91.9024000948784202170827437330254962      
   91.9024000948756103372976966772670622      
   91.9024000947781154036684974976123775      
   91.9024000938787693816519513923051183      
   91.9024000896844288202579355684340279      
   91.9024000766383934658569785007527634      
   91.9024000450117361703983302299917494      
   91.9023999762874425594368150166269852      
   91.9023998183483728877791813355774214      
   91.9023994036952296989171273459897488      
   91.9023982669257000569166830241373024      
   91.9023953407678095373820180293830260      
   91.9023885526124730185799574967946490      
   91.9023743796547720886969669919924840      
   91.9023474335685270792709451948199951      
   91.9023001353230275101714615448154466      
   91.9022225173571892906106972088398400      
   91.9021021645583651498849023363446847      
   91.9019242842105469683773042023990474      
   91.9016718807861944480836969979370581      
   91.9013260039037455865357601682608925      
   91.9008660355028371484435806400182830      
   91.9002699837798127910654415504234994      
   91.8995147554162010943031095660607178      
   91.8985763833375552860363238133029813      
   91.8974301940033000683611730555643478      
   91.8960509052828137535323931457116516      
   91.8944126531698882055342724335581554      
   91.8924889518809658755812890316294294      
   91.8902525969220008821994137650919837      
   91.8876755246237148436618261632281255      
   91.8847286436118526889923464986741941      
   91.8813816541818162309922039155958717      
   91.8776028707230616682230268012176266      
   91.8733590604202661470500432380560008      
   91.8686152894373233226907917358456037      
   91.8633348942818101483103034512980814      
   91.8574793210312722186731621427250008      
   91.8510081667072152642897503118609592      
   91.8438791834224046070431432885193957      
   91.8360483336304588396611218187993721      
   91.8274698770693142216370942918522805      
   91.8180964839831686059113258669795819      
   91.8078793680707785909418779886710103      
   91.7967684330012308513856556950969116      
   91.7847124259046973826345423564299637      
   91.7716590924485869210330075387210165      
   91.7575553277679255092667825006886306      
   91.7423473192138043134990746230565255      
   91.7259806767229955006843997797603559      
   91.7084005486821428340073510887707892      
   91.6895517202395801300248639098765278      
   91.6693786935792341494839510157262580      
   91.6478257490121245287550408277986182      
   91.6248369865293045931972469958795266      
   91.6003563489912203123997741169594500      
   91.5743276268419225659078459416360235      
   91.5466944462090912167139760692776549      
   91.5174002404295441945196909526099139      
   91.4863882095624201759402908768102490      
   91.4536012636765710995703979988406962      
   91.4189819589414120687517128172319389      
   91.3824724209824106660170602311176961      
   91.3440142632576325042636639740326671      
   91.3035484988041250840162672290752857      
   91.2610154430333335500383031998901243      
   91.2163546192750498355201124821758800      
   91.1695046545756513952307503570578198      
   91.1204031805885432587260500400965984      
   91.0689867284780070516230288887783665      
   91.0151906315994689543193226837575748      
   90.9589489156378302657607878254484008      
   90.9001941995522088528849009343444689      
   90.8388576020360286719533665486832243      
   90.7748686325214686677336820253582705      
   90.7081551053086909024051763455459520      
   90.6386430314047526636900701938613199      
   90.5662565302142809304240823306729799      
   90.4909177402797456761034623802518780      
   90.4125467296864052337582944206469454      
   90.3310614080993541199172554219008984      
   90.2463774300666708602573232974595950      
   90.1584080883688059355488091723024804      
   90.0670642516629125089135396158497020      
   89.9722542581530708034070645018304702      
   89.8738838318870204810077686847389364      
   89.7718559825071352483194697438954938      
   89.6660709058786708208634777157317168      
   89.5564259843889575016149737374686471      
   89.4428154571299890914349038679024175      
   89.3251305047740285410534581546231453      
   89.2032590937999308161247716915712514      
   89.0770858699283318990392326215225921      
   88.9464920428377763879781278059819013      
   88.8113552234686026799468733019986336      
   88.6715493305934046921760652671931769      
   88.5269444087750365384441565277472420      
   88.3774065419178166026724136962612322      
   88.2227976658882953632339895532109680      
   88.0629755293698361404961532895493768      
   87.8977933701282742630810491613942244      
   87.7270997078444223161707340233982573      
   87.5507382686085571819260045471692820      
   87.3685478885305232641781613755718735      
   87.1803622419998624919204183931525465      
   86.9860092967439362724221896242408172      
   86.7853115296178404990643297981614959      
   86.5780857245470774752873501164651048      
   86.3641423071324445982541236182835252      
   86.1432850680069395582918132047893924      
   85.9153118508909702011769398770259231      
   85.6800126944662696995486981855523366      
   85.4371710044876972918216004547879007      
   85.1865622439206201752043180762702118      
   84.9279541087227901907714900849492990      
   84.6611057729544303537089055246070381      
   84.3857682993713375770652586397644838      
   84.1016830999243995031298325977096633      
   83.8085825399994334649388318115794123      
   83.5061889539928052280153548519324119      
   83.1942143322781613115299884282085411      
   82.8723599244919280729775768129457901      
   82.5403156456237553692864852812564456      
   82.1977596699353605814397847497061141      
   81.8443578965948867810018126458669379      
   81.4797631471140538431294321813236333      
   81.1036148113197629912421689124818662      
   80.7155381306876724937440693802744348      
   80.3151437848764687414554542003081650      
   79.9020268427184956326293466025365371      
   79.4757663644993410875638964159476450      
   79.0359243713618528930303135272618516      
   78.5820456980802559453204316667894145      
   78.1136566719132206257834019635020019      
   77.6302643889971274381724792791346734      
   77.1313561989882194404793285007657085      
   76.6163985015242813257853229765870520      
   76.0848369638943560388898146305151659      
   75.5360942749189613300407913430977032      
   74.9695702222985197650801083553319630      
   74.3846409219629882961041415907569616      
   73.7806582084698503127990160092682244      
   73.1569486663730354622829931763734550      
   72.5128137308777572987411645947552945      
   71.8475291158623158111190061607053774      
   71.1603448910822677696682691928802770      
   70.4504856373802904410435717323278787      
   69.7171515875977620162012803672362869      
   68.9595193980811395934444835728112589      
   68.1767442466955570655308081884766877      
   67.3679629994562494097441909819492647      
   66.5322974661371741498402259939225998      
   65.6688602252038676037907569591903713      
   64.7767619352570964738499866880027090      
   63.8551204936182803330937710393093018      
   62.9030726978030645402351773418917195      
   61.9197888048905601536292724254088292      
   60.9044963902304068998294539777846934      
   59.8564982419106966469275479038919172      
   58.7752070909460217648450851232352824      
   57.6601790220381320556549890283742633      
   56.5111596233006565552764464124290580      
   55.3281324422622805864808339498659446      
   54.1113788756393816176082769079387719      
   52.8615428277342212612490794382530862      
   51.5797009381249603347845141827233405      
   50.2674369665125800724211074976991459      
   48.9269109413179691600931432898986072      
   47.5609272482074431366106861810868304      
   46.1729858726011358517220300413386397      
   44.7673114194333067494315768416796051      
   43.3488587049334373784483636611060935      
   41.9232691806046809770825282749682522      
   40.4967884330723236333084781203814733      
   39.0761242963913105122854265866891241      
   37.6682580643647447916502894225770775      
   36.2802105853526014422745767028780995      
   34.9187858188902749118491839033578856      
   33.5903127785663501764224520336436331      
   32.3004136184612341992406029887998738      
   31.0538236036043352426697188192270706      
   29.8542749740575376471457343060036984      
   28.7044546065660739813051833582064701      
   27.6060284186031616486748218093207518      
   26.5597199044401635585767601061837375      
   25.5654274421253510463553868066928864      
   24.6223619189457827276014181081386797      
   23.7291890920754471841339687639438059      
   22.8841673756632576929496890939248377      
   22.0852699834643438637308329748576680      
   21.3302906398162154006560715669470731      
   20.6169291095337497886325069811962608      
   19.9428591437904524145638251698844356      
   19.3057791750346264674065548953696119      
   18.7034492330658794898639919481280572      
   18.1337160095190038055201011427035523      
   17.5945289598306345924094309013660320      
   17.0839490491246083460316846496749752      
   16.6001527507324766561867090529554049      
   16.1414318141060755338794364296436164      
   15.7061906405610426428053909249819337      
   15.2929419495698617527420500955491957      
   14.9003013858227958469120273086374737      
   14.5269815049627437497357757654536870      
   14.1717856397749622612351130592166317      
   13.8336016582558418395480744434367666      
   13.5113959300144463342058253568842820      
   13.2042076436965600487065397719869549      
   12.9111432889437200130818819682758607      
   12.6313716175680118170583816689707350      
   12.3641188806941814836759941810934058      
   12.1086644607297850771333753214845482      
   11.8643368147847382168219935390531205      
   11.6305097920118738619832910899174732      
   11.4065990913446886201519213007070273      
   11.1920592545389330414876660976007166      
   10.9863806511700285807788013812500824      
   10.7890869038938843359404569842403102      
   10.5997323641495475909799757534521106      
   10.4178998665876690557176274498828232      
   10.2431987689176007721535766876380959      
   10.0752628821186193373758815456864391      
   9.91374880311425086795632246457383206      
   9.75833432709096192955907437174297985      
   9.60871686560316542438715038233923050      
   9.46461216603814685518681309451269872      
   9.32575294977666680114098909829810141      
   9.19188780796429075112655388268865037      
   9.06278010556394225824560259256060036      
   8.93820695226375282244683348348792737      
   8.81795829709854904982058779105049318      
   8.70183605396048769891448752746295742      
   8.58965333370180172066345366637125977      
   8.48123368434201211945413928592264595      
   8.37641044592385465633352449161695631      
   8.27502607033187790294961776113701405      
   8.17693155153977108815633833604388532      
   8.08198591017444777881916889816207080      
   7.99005565395611157991829050388282662      
   7.90101432461999126908679686829519896      
   7.81474205008009572734785910892134191      
   7.73112516066784538962292239400209958      
   7.65005578052352267027088646596547553      
   7.57143150611942217100626788209735813      
   7.49515506494574863248640399453281239      
   7.42113399875103511571483406738199350      
   7.34928040987419380094823848097113308      
   7.27951066159247506205530001710392164      
   7.21174515783984700769517510689185312      
   7.14590809817378105894226378700866965      
   7.08192725830986344811543107963595362      
   7.01973380483217178179927411811548232      
   6.95926208342194472163811335480825553      
   6.90044947016797070776042876361267091      
   6.84323616763305623217356170407325868      
   6.78756509258419939053262785893603123      
   6.73338170137745849797900140800613707      
   6.68063386362696547276287870900853843      
   6.62927173459594257936592503606192821      
   6.57924763177188986718277267906055252      
   6.53051592701479925964151094841199759      
   6.48303293395521902262953544120269529      
   6.43675681493725422429977582307183346      
   6.39164748426855224392074199781629047      
   6.34766652005889379250406130073583029      
   6.30477708199065925044517788447761332      
   6.26294382994580850380263838672040068      
   6.22213285697492030693362872952004232      
   6.18231161285704924483358529669192625      
   6.14344884292420836756740896507013156      
   6.10551452419231898606597592123436460      
   6.06847980663686943569742228125999338      
   6.03231696005542542262840553285407409      
   5.99699932030261990234408380200825017      
   5.96250123875215581896572552295061357      
   5.92879803928805597422943954573152480      
   5.89586597019569478919145651679153844      
   5.86368216502013577186673269064153554      
   5.83222460132859775995229881456363058      
   5.80147206443532323506906831659823648      
   5.77140411028120873486205246847672287      
   5.74200103382081828414578289044474593      
   5.71324383448868257355101510816333053      
   5.68511418726709348894461407021720123      
   5.65759441445726496895408281428879750      
   5.63066745613633952784801392663312910      
   5.60431684601262034425149203066306152      
   5.57852668572192020673286353986168450      
   5.55328162143647569887591746724119017      
   5.52856682141825536362193103053821709      
   5.50436795451569730349242775259588884      
   5.48067117041258363672139808339276470      
   5.45746307957873057836904388778865211      
   5.43473073522404769006636965108336138      
   5.41246161522184883087069410670173416      
   5.39064360629662784638747019749795274      
   5.36926498691603559966278126400325577      
   5.34831441289652430405285228906011044      
   5.32778090231301960175247018664133282      
   5.30765382177007521914672134554738670      
