   305.833180578490118847143771537581802      
   305.833180575208522449485551403157112      
   305.833180532679864089517132468032889      
   305.833180317601823404850585586757227      
   305.833179632578655134427431713759582      
   305.833177969418442227807419600263107      
   305.833174579803515330158385065014061      
   305.833168436153001172839548986754347      
   305.833158097978758591351395423132118      
   305.833141312165118129611459516930389      
   305.833114153098472685273348026115461      
   305.833069624316697197837552297914483      
   305.832995839663005008412820522001897      
   305.832874054758595410626799731153055      
   305.832676856971739773106239218319749      
   305.832366754854888065620433213539673      
   305.831895290162526381761380683562403      
   305.831202679432699012573865076982576      
   305.830217908119439349236501775118379      
   305.828859156710209853800222280455114      
   305.827034429540925987902295637189626      
   305.824642271922615606177780510472608      
   305.821572488478362225710184382420872      
   305.817706806539897345380056272634810      
   305.812919457435989991314895691111065      
   305.807077672482307005825105684537507      
   305.800042108266614777823035202809108      
   305.791667227315121707228249264568415      
   305.781801666026559265785096833154373      
   305.770288622686850036680111910180246      
   305.756966295520238048238827742172346      
   305.741668395121156408565527341213808      
   305.724224748294009282934821554977489      
   305.704462002251794604112042139280465      
   305.682204430097938785251312675048686      
   305.657274831155216756975520098115699      
   305.629495513493984236908958380384294      
   305.598689341174462483894760264309957      
   305.564680825399818321158693008015415      
   305.527297236918428010817564008555330      
   305.486369716509793890721655534639114      
   305.441734361022298616086625859170639      
   305.393233264017541013047286048540253      
   305.340715492306687021262927366551364      
   305.284037982392096297344607588553363      
   305.223066343791243538940365634344426      
   305.157675552823370581487904949767807      
   305.087750566651032454242382816021385      
   305.013186765983708768516497831259955      
   304.933890336151158193348598753678444      
   304.849778507560535390326189892647549      
   304.760779688885292288313275905285680      
   304.666833492602449754805484216457693      
   304.567890658679633586309305840870216      
   304.463912883378753312055014541986249      
   304.354872560917974374358246962994067      
   304.240752446236445952509227345386074      
   304.121545247549517610728152079574409      
   303.997253157359696237138135725462658      
   303.867887330872619323934273962133812      
   303.733467320019077885370467977111778      
   303.594020471799802770672817192102482      
   303.449581298559101967213498106338583      
   303.300190827809264012406535199850279      
   303.145895938730706633813477720030526      
   302.986748691058669138879988120743954      
   302.822805653482663047615570253883567      
   302.654127235311910221981872126493942      
   302.480777027459777254352221539325664      
   302.302821156330786068713484379607507      
   302.120327653355920603110451837965473      
   301.933365844986044190212540350287741      
   301.742005764030882859994126071983344      
   301.546317584615459675639183495627614      
   301.346371083593017403173803916670666      
   301.142235127526410374111901990646178      
   300.933977186244080257988248709860035      
   300.721662875862408646432442996491921      
   300.505355527909346544268817784356346      
   300.285115786722914163693227046842054      
   300.061001235294322039191423885462777      
   299.833066042701034779703861181138373      
   299.601360638256642974123419850115972      
   299.365931412611146261324898558957230      
   299.126820438190852918419885577723688      
   298.884065213610351812728047352586753      
   298.637698427782620281031913257787445      
   298.387747739468967805310378524913977      
   298.134235583764398050848865423336900      
   297.877178978070868872857053706594197      
   297.616589345958146111923380121574230      
   297.352472365669330086152007314348750      
   297.084827819278346507895066238268500      
   296.813649453314445159908964211904813      
   296.538924856378701057468047056735231      
   296.260635319211346176213743159088356      
   295.978755697004351637678358006740061      
   295.693254313310431137559575583385270      
   295.404092840853240062078068686322790      
   295.111226176680838645670270653412646      
   294.814602321799431984658667533790690      
   294.514162272773456865313991677905225      
   294.209839899448422444682814301901261      
   293.901561747382412017652185645810296      
   293.589246972321859157626575065433814      
   293.272807147689360827328404253362527      
   292.952146281560905605662343498297855      
   292.627160328421813853684670640198306      
   292.297737213155241869961191526094976      
   291.963756697717639759154192961714629      
   291.625090100924567761718228794987434      
   291.281599932056469719790085191806300      
   290.933139901856914024151180524515707      
   290.579554658371479880211209555832469      
   290.220679191735873445144231273754570      
   289.856338883493302684954077566508280      
   289.486349183243188481469377246527506      
   289.110514984306910913683257372965596      
   288.728630398781793096143344100298140      
   288.340478655614319207397963056087645      
   287.945831043651214350103660354796199      
   287.544447201467801400986852611923445      
   287.136073862839289607685684632949787      
   286.720445115910844308565805321463426      
   286.297281029322243719027775549205460      
   285.866287890358925110918099769984125      
   285.427156660169372096112851675083785      
   284.979563151909340220300630332111717      
   284.523166564854258365459201477436317      
   284.057609114359265074511155510968167      
   283.582515108998891216958458076604782      
   283.097489753008473209599327171614442      
   282.602118457234159036363336460898157      
   282.095965604592219375324267754763692      
   281.578573541930432723724799842913802      
   281.049461485566469690374920426828124      
   280.508123326028997153994184300224248      
   279.954027505866976763303998721035413      
   279.386614650018322216809817925406423      
   278.805296063643099454640531138991848      
   278.209451957114285451442858049420708      
   277.598429877122593401312204551538565      
   276.971541974092795767499768262597043      
   276.328063654191048461824138009831957      
   275.667230334216639875948756466637817      
   274.988235505682523364737528965938943      
   274.290227766684719204949373257959678      
   273.572307713812486441111230428860427      
   272.833524903279821163598921431388320      
   272.072874211775201565672454857373019      
   271.289292201803478469767616914349790      
   270.481653222608130067617551528965360      
   269.648764495826808675207427449496620      
   268.789361806984364492130809827612773      
   267.902104460656581211337187328586282      
   266.985569776113300896593060022804387      
   266.038247221618154436728383997994518      
   265.058531376739179399821754878256010      
   264.044716216420204978611959419484140      
   262.994986842999201604517347943115983      
   261.907412662606095084146528128682186      
   260.779938362182497681690738366259464      
   259.610374890729053289142281038721518      
   258.396390908111833763701801024220928      
   257.135502548150577614343602442808594      
   255.825063504945370949622262901544947      
   254.462254775445764725476351720513486      
   253.044074364347697189138885984216594      
   251.567326315467390919358821636306759      
   250.028611740800688213982826135942995      
   248.424319739043509554649250982319378      
   246.750619549432451391133769150483701      
   245.003455710614835858864391153521774      
   243.178546176531873787513610017207473      
   241.271384497856056345839751460146583      
   239.277247786822015327888072544731901      
   237.191214406309902015502957872081477      
   235.008190774050025748722359605354596      
   232.722947015114424776763157762523346      
   230.330185713038214948087392444484418      
   227.824605193755932894165510945864969      
   225.201010538672912001822330160629706      
   222.454444323360668051315184370163308      
   219.580352656787986988208066597994280      
   216.574790787911370327029991607905061      
   213.434664834345327762709278083154441      
   210.158017496701409147768365688147684      
   206.744343199409326395766928310180239      
   203.194929775722503602653250481666228      
   199.513200836258724848604573693389762      
   195.705031814544289164904629874868818      
   191.779016688129779770348272047676753      
   187.746607973942540789618445369169469      
   183.622129534681481797490160595832274      
   179.422591775975447110885714141309833      
   175.167305684048239723799100083627448      
   170.877302712790175659656477581972859      
   166.574604823073817925465891620353398      
   162.281403798358481015339170569188144      
   158.019237246265247443832148519733406      
   153.808246573665780256984896923130523      
   149.666578576777622400638411795082234      
   145.609970248006806620315995684172089      
   141.651526919752557768311401303515841      
   137.801676620212698328293606809164270      
   134.068267227564738756906246476199466      
   130.456770152389217969312174267460371      
   126.970544282113354748529811582815288      
   123.611132275452686707313440911474360      
   120.378559191577575049970501217574289      
   117.271616994788991911098729894624532      
   114.288122444756582163391551856639853      
   111.425144598466655632683153837266605      
   108.679197489871015187459356336140195      
   106.046403296435670388420467530233821      
   103.522624661335548285457893989843890      
   101.103571969856760852391610491149151      
   98.7848884455178667883021032514154067      
   96.5622161167676680344470781030080970      
   94.4312471193106340071000361581378813      
   92.3877613448130394714736595704315448      
   90.4276547993760480752249998525506512      
   88.5469589659237330330938719073781199      
   86.7418544050487441234077082156510242      
   85.0086787485049507345975661523403694      
   83.3439308358701664744796937037854957      
   81.7442717039925230169379260631635977      
   80.2065236290956629629972187831936130      
   78.7276672296289233574800061546336293      
   77.3048367314922868866953737605332538      
   75.9353156990464606761804532669926479      
   74.6165307504933769583716037046383015      
   73.3460457328488286050157717362376857      
   72.1215554101608757431389563403456010      
   70.9408790593555137100111395826873691      
   69.8019542055263564503578709827073315      
   68.7028304835671711139503024674762124      
   67.6416635210322762029149682311035192      
   66.6167090132286442365447985793696919      
   65.6263172909763510008958107267637552      
   64.6689278184736900083741709251649315      
   63.7430641260096327308647540574361714      
   62.8473288527852143813927172165875371      
   61.9803992437275004689460164730547887      
   61.1410227172374905647575653813623147      
   60.3280128489026747176562211050198245      
   59.5402453195249052794550899012978015      
   58.7766544644686921853217673450722717      
   58.0362296550398327319727325233760558      
   57.3180121841704112986109312049539537      
   56.6210923011776974266637913538349586      
   55.9446061579647408559724867273356519      
   55.2877333295254418592305650978568567      
   54.6496942254089003203335362524023305      
   54.0297477479347000149224605142313573      
   53.4271891108653015686659328049136687      
   52.8413477809477752361218441348188313      
   52.2715855573653951494162221234932682      
   51.7172945951332984075837313056773970      
   51.1778960004765944863145646796162619      
   50.6528379606873423780712607883761094      
   50.1415944154357624287835126134285356      
   49.6436634492825419709815380473531033      
   49.1585663063822926280724901771291792      
   48.6858457856356229096286216306220755      
   48.2250653608177058613200907026578505      
   47.7758078151103650202023622983554580      
   47.3376744717156150741545312853326637      
   46.9102841282838684447264558337434014      
   46.4932720796718386939349367410342189      
   46.0862893268274676088753128109854346      
   45.6890017868849495635103537826627804      
   45.3010894935174192407577243793947439      
   44.9222459037846709356116025874246276      
   44.5521772254031691781595924985112654      
   44.1906017567201503594804804422295374      
   43.8372493288693338619167782044921761      
   43.4918607256536262884556895329170446      
   43.1541871121115775728642038389267799      
   42.8239896243784772630856392467859664      
   42.5010387950969163796170714057907604      
   42.1851141455617943085844342060930509      
   41.8760037871400120234832299078143011      
   41.5735039785761863283799249155607343      
   41.2774187691876190156342151140022936      
   40.9875596455145665071276670300464966      
   40.7037451615249085355629742971519178      
   40.4258006463453773729115980621329713      
   40.1535578954238327279895426980221224      
   39.8868548702147771007958253412776677      
   39.6255354250892312555053915723083559      
   39.3694490664434744972531742005258116      
   39.1184506785685728777325987071816322      
   38.8724003074673043218568061702877944      
   38.6311629349374715612013769117945998      
   38.3946082710847136248125352378118772      
   38.1626105466481102761204538885873495      
   37.9350483226461878892395874952474418      
   37.7118043193499296742304619964835074      
   37.4927652304943079166702760569594108      
