   6.91360382032448847522976250442333937      
   6.91360382032448897452856100055816334      
   6.91360382032452743201328781372420908      
   6.91360382032516444341181800519020195      
   6.91360382032990751712095170087932980      
   6.91360382035170981779289183518754994      
   6.91360382042467998402730538438102567      
   6.91360382061958405575439078450981029      
   6.91360382105548862151324569212826369      
   6.91360382188595357242001024785773274      
   6.91360382321898980234022876673801593      
   6.91360382491702757164340787180285170      
   6.91360382622650346139949488172860244      
   6.91360382520635179018456514099793473      
   6.91360381795271752377629198528175268      
   6.91360379764466427498577538125017586      
   6.91360375345691122401957682916561627      
   6.91360366939923818108501351831013005      
   6.91360352314906522638807360375801870      
   6.91360328494558976089288518659563326      
   6.91360291661224932241658621894879382      
   6.91360237076968777727889033953858235      
   6.91360159029346640558891182353602833      
   6.91360050805957805880517095046338142      
   6.91359904700543514469938640917878912      
   6.91359712051626646701590973016773760      
   6.91359463312674398047621534890393153      
   6.91359148150858740069876445881376751      
   6.91358755569776942947707272850628319      
   6.91358274050113441831912876100861745      
   6.91357691701480435645642174621350425      
   6.91356996418351365959951496047831543      
   6.91356176033255266205986864842882575      
   6.91355218461072425889976091167381291      
   6.91354111829273799665520117369770768      
   6.91352844590138924512524086431511787      
   6.91351405612274797908969704929405043      
   6.91349784249996353057359291428917752      
   6.91347970390307783099209217639637188      
   6.91345954478167473845364968069412949      
   6.91343727521562649135043421592576291      
   6.91341281078475159731235243978179927      
   6.91338607228247405666012029293833425      
   6.91335698530047768629217547722574361      
   6.91332547971214869693677358779642956      
   6.91329148908194301353026020003160168      
   6.91325495002614890506109443372699771      
   6.91321580154816535231387187877832508      
   6.91317398436877955528861345857707297      
   6.91312944026887565564066971027554148      
   6.91308211145870510502975282004384519      
   6.91303193998519595539331472156646292      
   6.91297886718572945864673992075910637      
   6.91292283319400288119934690817094090      
   6.91286377650170992328766088049016151      
   6.91280163357728834339549425227176943      
   6.91273633854139085731538540277045063      
   6.91266782288392315259391541674077993      
   6.91259601529678838612843519652443109      
   6.91252084143443494843111450995499296      
   6.91244222383218630654386508267431186      
   6.91236008180902579842086668722435112      
   6.91227433141405216807021131597326471      
   6.91218488540080936489980196303870597      
   6.91209165322446721369279540121111937      
   6.91199454105532967699777131337783948      
   6.91189345180536812957476426201977951      
   6.91178828516065281056041863907154468      
   6.91167893761704539995919484887528228      
   6.91156530251396393702209237492673050      
   6.91144727006110717212394166087444257      
   6.91132472735719940213892055806033498      
   6.91119755839510798066448233880384930      
   6.91106564405092945092380331164651511      
   6.91092886205600358528614405906851460      
   6.91078708694726084847518495603591992      
   6.91064018999395806418491866498439921      
   6.91048803910298419080457563187159532      
   6.91033049869652848321695139731345236      
   6.91016742956413446551382519451814776      
   6.90999868868979085092323989532095491      
   6.90982412904377197753876823966413273      
   6.90964359934888114727441469031818384      
   6.90945694381383105277483403845340929      
   6.90926400184679100753407942633390646      
   6.90906460772699678074503408031511958      
   6.90885859025523046973086610300302595      
   6.90864577236216944935518753724289950      
   6.90842597070705302651671003411566511      
   6.90819899521940366912273520941118300      
   6.90796464861147521532646115507273902      
   6.90772272588546277475569879366394538      
   6.90747301378775625561569775963588106      
   6.90721529024035469096131072797048019      
   6.90694932374426620998384819804900663      
   6.90667487275809534856176043564495388      
   6.90639168495808435931353868345626146      
   6.90609949660459315522291594923958074      
   6.90579803178629367750887509008493419      
   6.90548700166730045757221517782192639      
   6.90516610364830090776709539815531191      
   6.90483502056106501089509667432199390      
   6.90449341980641028015627113244345671      
   6.90414095235193053367048891187875942      
   6.90377725183097399795503224887440888      
   6.90340193355287238038183595564864313      
   6.90301459352912158969746289425688315      
   6.90261480725857960911044713527204716      
   6.90220212859411363869590137438041909      
   6.90177608865970853467613221424051199      
   6.90133619474583670351790623906724460      
   6.90088192867745609057686790466040526      
   6.90041274563208027988106616776422352      
   6.89992807292907699691526698624830558      
   6.89942730845721129622252644457317029      
   6.89890981865790603703166478794177088      
   6.89837493807547972143535246391227900      
   6.89782196665384323050069957333135484      
   6.89725016811903144966028696973773512      
   6.89665876867007636066235574389337603      
   6.89604695480341437726131867698070571      
   6.89541387100136948684859164210956435      
   6.89475861809600919300934664002541942      
   6.89408025094901155834383007816915865      
   6.89337777581898580703382127871496785      
   6.89265014858012786130455758869516458      
   6.89189627123991109117082872923762442      
   6.89111499038479619346470461834591111      
   6.89030509325172246931626775440540185      
   6.88946530584215550829994370251618254      
   6.88859428853811367001317710471807420      
   6.88769063419759125035313518348776686      
   6.88675286340513024051972030708943139      
   6.88577942174596661765967015013500392      
   6.88476867563688855015722645120238470      
   6.88371890768733649891650066342170271      
   6.88262831336339883679745636789883280      
   6.88149499578338814123982960682217633      
   6.88031696085962776557341111983923108      
   6.87909211244604586715687356207488301      
   6.87781824692374930320291300883266571      
   6.87649304676993418006671707392127710      
   6.87511407555017266948114112546120084      
   6.87367877089232797380162697633126054      
   6.87218443668415946155090334507016227      
   6.87062823805169588630892981674762726      
   6.86900719074479648038086463955260921      
   6.86731815496719991444782224755137264      
   6.86555782572316069784927333895145640      
   6.86372272354853590725048724327651449      
   6.86180918402688227187151958793542247      
   6.85981334826912193915603454381032167      
   6.85773114993554255201804243939823570      
   6.85555830429819045593950622094390418      
   6.85329029432045947165387879076607135      
   6.85092235775534352323600015957355883      
   6.84844947089875891550835849558926816      
   6.84586633388632443106130883255713178      
   6.84316735305786968840708600482057541      
   6.84034662309497277295212498648345615      
   6.83739790701618141338825444753480559      
   6.83431461566205159773909844024099021      
   6.83108978550632744674345170437866666      
   6.82771605446202984599931590806813163      
   6.82418563645055104668607477108164055      
   6.82049029465052021098996671415428086      
   6.81662131230776618258162886346732469      
   6.81256946135199337943194647804346030      
   6.80832496984510441731448661115093245      
   6.80387748741053402048478116954715204      
   6.79921604843080239142214561412117072      
   6.79432903293594282099051535183881731      
   6.78920412551413025778893394166547592      
   6.78382827545666053401693513980127686      
   6.77818764920995355530269870872280830      
   6.77226758851984565044205325901236555      
   6.76605256361031180163215072308545880      
   6.75952612794607174712518097248964335      
   6.75267087494804432298109754610815326      
   6.74546839474701683003765917490265532      
   6.73789923646688624248996059811312792      
   6.72994287595175516270136331618476845      
   6.72157769059503687140538060663173469      
   6.71278094473058358942357605437890551      
   6.70352878900329260974461797749459457      
   6.69379627604584890987265609931216038      
   6.68355739531834135404125433262636264      
   6.67278513245860607948217195511298401      
   6.66145155649647191462427615423279379      
   6.64952792952241151972581252978906853      
   6.63698485161760731752215239155490832      
   6.62379243067888287651381807501987037      
   6.60992047499171174974759950545007250      
   6.59533870384834863924789652032667833      
   6.58001696608952268483390920968852665      
   6.56392545341554327860695944111712974      
   6.54703489607723898207949803013583080      
   6.52931673081375747866837598831772262      
   6.51074322429927925644023342372844863      
   6.49128755797491365820154309577855519      
   6.47092385815439587578533824716926012      
   6.44962718465186428690410508557404553      
   6.42737349231209263658660533392466479      
   6.40413955137117843991689582078699698      
   6.37990289436482261504312843852694183      
   6.35464172882706572147226954044790679      
   6.32833488034426267488428602169281349      
   6.30096174836882001595980570398128607      
   6.27250227096329122443246240869851524      
   6.24293690939824948586029060970906044      
   6.21224663796559392440836260209082712      
   6.18041293936846826426402109677887455      
   6.14741780044905282442927734089856116      
   6.11324370479915264280557654116058701      
   6.07787362220821592899859416150316003      
   6.04129099107649850935968393108912307      
   6.00347969676818063388923695700979817      
   5.96442404529196498752550385061478589      
   5.92410873312033898203930635461997423      
   5.88251881499635983791405513432581391      
   5.83963967018921138276082083786977139      
   5.79545696869778697983379074057469020      
   5.74995663762658516502511643424035738      
   5.70312482858553073126581902064940126      
   5.65494788729325201836920266637755548      
   5.60541232428684681653565837565136227      
   5.55450478815738937045053510235849250      
   5.50221204072861250111068200620853106      
   5.44852093440117201994251407098979456      
   5.39341839180533013064347312505740634      
   5.33689138720610280293599068442174442      
   5.27892692993312304022127479656309557      
   5.21951204947763760752166289924424025      
   5.15863378229220955664589068765145354      
   5.09627916001347013200293322667834185      
   5.03243519898236678476424898311387904      
   4.96708889100169264069813710915061775      
   4.90022719518220306182575564194514014      
   4.83183703056757419022974670455619872      
   4.76190527001301334889410929475530026      
   4.69041873432976932785440420890443922      
   4.61736418745488193714719156633490318      
   4.54272833207525438120988389672079383      
   4.46649780578747907654360238956216008      
   4.38865917772523607478667922100530468      
   4.30919894563499389222067638778431333      
   4.22810353330258386434627939662777250      
   4.14535928825326763679064991401848366      
   4.06095247977836835496991838970847495      
   3.97486929725407891159109566645812167      
   3.88709584858513195449754504174456842      
   3.79761815893158654219493359867864087      
   3.70642216954866449203053974105970093      
   3.61349373685783172910664386916180667      
   3.51881863157689771557135841789508447      
   3.42238253798957038174679709914391709      
   3.32417105336898289941676329660254619      
   3.22416968746413786717688592531191862      
   3.12236386204356493914555642745625587      
   3.01873891057682575075927375462528932      
   2.91328007793735174818543909513910116      
   2.80597252016984729263962498936835397      
   2.69680130434360492523377197621124941      
   2.58575140840597880962151492775239172      
   2.47280772112801724428202838301593314      
   2.35795504203683587781585306055188474      
   2.24117808141955864313561075437193763      
   2.12246146034531486298091862569392568      
   2.00178971071017621707380915091796725      
   1.87914727531017443922623432338788713      
   1.75451850792737974678424660774208413      
   1.62788767345217466765137494940878510      
   1.49923894799860452055227339501897414      
   1.36855641906393497275008266032912842      
   1.23582408566187708685952682551449277      
   1.10102585850051460823177199309921068      
  0.964145560169677393009517057367517459      
  0.825166925306284920366384662294910202      
  0.684073600812934851098694023430583110      
  0.540849146032181953150719097513122121      
  0.395477032979058678548244923206941129      
  0.247940646536891157734090055925916485      
   9.82232846802000146562870473374837064E-0002
  -5.36918413008227878568099677310434777E-0002
 -0.207821606586393963406059568654449309      
 -0.364182972582883073538092464784170302      
 -0.522792986714164744761967670711386662      
 -0.683668782167998395720970981235569633      
 -0.846827577680263735459357033586768967      
  -1.01228667729025730787302605189680207      
  -1.18006347010716050216861448636801882      
  -1.35017543007445030445309778820744663      
  -1.52264011573308098424195928962863778      
  -1.69747516998346667334848205971603867      
  -1.87469831984766901124958509540333706      
  -2.05432737622646895559184277388215281      
  -2.23638023368552020690300034827378588      
  -2.42087487018927276903447049768887399      
  -2.60782934686815055842048246915216911      
  -2.79726180781485564547776596397724472      
