   6.91360382032448847522976250442333937      
   6.91360382032448897452856100055816334      
   6.91360382032452743201328781372420831      
   6.91360382032516444341181800519020426      
   6.91360382032990751712095170086744450      
   6.91360382035170981779289182836664717      
   6.91360382042467998402730470142227724      
   6.91360382061958405575436798299659222      
   6.91360382105548862151288142550823116      
   6.91360382188595357241654837889431753      
   6.91360382321898980231773387603172936      
   6.91360382491702757153368770119624680      
   6.91360382622650346097052815673395600      
   6.91360382520635178877096667013616944      
   6.91360381795271752363859707482724627      
   6.91360379764466427337744379228193436      
   6.91360375345691121051736136117323475      
   6.91360366939923809169816067854122378      
   6.91360352314906473828440279089435264      
   6.91360328494558751745215983450141733      
   6.91360291661224027578186727042215103      
   6.91360237076965539208086875707597681      
   6.91360159029336190495009310386936849      
   6.91360050805927021642352040128069202      
   6.91359904700459834975104722349706987      
   6.91359712051414847058586690519904623      
   6.91359463312171356795105183357439552      
   6.91359148149730148286783977451869778      
   6.91358755567371383863116945739482132      
   6.91358274045217847115014211994800369      
   6.91357691691926203434538436218433226      
   6.91356996400402105749551641594841204      
   6.91356176000685030362392427065155303      
   6.91355218403817300008766172465436716      
   6.91354111731509902164222364817793393      
   6.91352844427606291717186614377732213      
   6.91351405348629478096259866687600472      
   6.91349783831932566141739495579726742      
   6.91347969741148322473839484363617360      
   6.91345953489574008419064667372406268      
   6.91343726042968724932152473842004940      
   6.91341278903792746327001004139958766      
   6.91338604079345458424574977683107713      
   6.91335694034684558217413431911987897      
   6.91332541643000177246863099731997081      
   6.91329140112585679110633952749786936      
   6.91325482922635650390205902097855694      
   6.91321563748910262927217964519826805      
   6.91317376389356922225794550513765812      
   6.91312914690089978884266612463751603      
   6.91308172473100030525148768869241742      
   6.91303143466793151766355041585441794      
   6.91297821240177024995726537527189059      
   6.91292199141217519403117753933978530      
   6.91286270239725740012565976951936220      
   6.91280027274891172222063797582851323      
   6.91273462607412448027504479600478364      
   6.91266568176091293372708248679454118      
   6.91259335458554494530436872631568356      
   6.91251755435835420114484415430444825      
   6.91243818560260036658331804535743002      
   6.91235514726326809439254409166504472      
   6.91226833243996407804610202184437298      
   6.91217762813955634255198137862882722      
   6.91208291504435728216546411558984594      
   6.91198406728862210009138121910874552      
   6.91188095224342558808858711488953180      
   6.91177343030042173604220587008871906      
   6.91166135465517468187548375261216280      
   6.91154457108499051729619927235146817      
   6.91142291771492881732885776273266507      
   6.91129622477569274348481408360105052      
   6.91116431434440368065013409161547509      
   6.91102700007060088723379797156798820      
   6.91088408687954826310330295222428309      
   6.91073537066399175126803202374223753      
   6.91058063793953702130158573453067805      
   6.91041966549098307833153470021772720      
   6.91025221998395008488368727310564608      
   6.91007805756751229883738000087945134      
   6.90989692343288569028948784839058483      
   6.90970855135242302127072401993737961      
   6.90951266318590212825590246860301863      
   6.90930896836445855153557269203425815      
   6.90909716335186724058383917705119171      
   6.90887693106577876926955871508629154      
   6.90864794027394426071836645740839844      
   6.90840984495917459581079274444764274      
   6.90816228367270528297006435609833809      
   6.90790487879936477268083550949560719      
   6.90763723582603614898491239458561826      
   6.90735894259438905006820364407954007      
   6.90706956849563976679498752395112582      
   6.90676866364163449330766108895094586      
   6.90645575802247057785395948779003138      
   6.90613036051649755816882882211617514      
   6.90579195793135633334256409375321564      
   6.90544001404133706782111971784608428      
   6.90507396859728499422592307659606695      
   6.90469323612701241597171289828476018      
   6.90429720475838127249621203339145261      
   6.90388523549537221880720822981926563      
   6.90345666020982667673122020098148982      
   6.90301078080872400293502414576300237      
   6.90254686775849617097705479167180270      
   6.90206415884458389880962256596266519      
   6.90156185746837640797582340336074541      
   6.90103913093402630788457504724047360      
   6.90049510902317286540002672859064968      
   6.89992888274417995706422753800715523      
   6.89933950149721610401160517482438747      
   6.89872597165404134077702376129992676      
   6.89808725533211321532017016927005736      
   6.89742226719011113000484929914979847      
   6.89672987248101954129784701310503822      
   6.89600888539389878208510230144908307      
   6.89525806650835315471970619598161439      
   6.89447611898818646022160849834390691      
   6.89366168836698511564425158843864706      
   6.89281335706458631492347881260753079      
   6.89192964386251504387767248378893146      
   6.89100899883283328327863915496604191      
   6.89004980182102016133032571588823812      
   6.88905035768075310500394468017864560      
   6.88800889403911979503837804291788893      
   6.88692355589501370174664774146278628      
   6.88579240347635309677934614160318650      
   6.88461340706174620909000825983390257      
   6.88338444245240619507850611666037348      
   6.88210328721552031790928897892115619      
   6.88076761560610041698287523157715516      
   6.87937499266987402830090867535087439      
   6.87792287054964336960523282158146488      
   6.87640858199879291255180288810800399      
   6.87482933429724601361013782530341393      
   6.87318220286048875050387352046608715      
   6.87146412583081221345131807171050930      
   6.86967189750864349742359152432665735      
   6.86780215829017465202821129844451355      
   6.86585139148663720484561831310689412      
   6.86381591197909572349448610056622311      
   6.86169186005311739805688526251713414      
   6.85947519075947570663655188441882447      
   6.85716166674253017381868593192037731      
   6.85474684754259409684956786453242503      
   6.85222608027591523557903791722268243      
   6.84959448756920612177565894532053522      
   6.84684695937097942726464522392527714      
   6.84397813838255964156218643696438966      
   6.84098241014279980676672545155736728      
   6.83785388942902778684195305350753757      
   6.83458640727344869931355090639191026      
   6.83117349897396542346894529523331899      
   6.82760838724528329580212275191766815      
   6.82388396887536164333880972440494449      
   6.81999280165844596601871490550861225      
   6.81592708536942705219869924713204303      
   6.81167864780656385418566512592563127      
   6.80723892850325878710494313053266493      
   6.80259896156827626071194101825313539      
   6.79774936020701069958183796490497919      
   6.79268029898245342010529519476007697      
   6.78738149886766983519368231605376904      
   6.78184221018831727139974005372130588      
   6.77605119813134722577367217948932559      
   6.76999672892152676764911975082174912      
   6.76366655765582728364186461430746631      
   6.75704791645656847189948266229958987      
   6.75012750846547998779274112390973731      
   6.74289150183245792261432604661823542      
   6.73532552853739438460630392986026919      
   6.72741468985764579077536062929765675      
   6.71914356428331682964298736663564263      
   6.71049622396269957071597441058049262      
   6.70145625858759843326787812835624990      
   6.69200680371647512588795479778357738      
   6.68213058343342033335301888166520230      
   6.67180995773150668726638141457501220      
   6.66102697948128967844866183530080891      
   6.64976345717805113434170743125762555      
   6.63800102599288022827797405496554115      
   6.62572121779415926806775985273474172      
   6.61290553401669394614987342316695804      
   6.59953550367554959774708356017113086      
   6.58559273427026394108610262381760798      
   6.57105893763383140646954340229191706      
   6.55591592970385587904552208230150928      
   6.54014559585936074243433898506458453      
   6.52372982499908821495161753966554365      
   6.50665041281462621562444307522619792      
   6.48888893677660651027474978227391185      
   6.47042662876100911227942938333468894      
   6.45124424836106042618307360071758320      
   6.43132198391338319804060957872666907      
   6.41063938942265604481842305109679778      
   6.38917536885004556201371749600636769      
   6.36690821010881782006352886862212385      
   6.34381566410183337285995596232227099      
   6.31987505877808851660366705361811956      
   6.29506343639087178137195033872372334      
   6.26935770144796324873415618390068294      
   6.24273476599294222768075711162633565      
   6.21517168712013575807861298671776415      
   6.18664578478888303496041085732114046      
   6.15713474124821342257924625568346217      
   6.12661667759810648690541259085742614      
   6.09507020959378324393840902627869975      
   6.06247448340293358096773982467080654      
   6.02880919449498670628634396039083013      
   5.99405459171799912520894850198763025      
   5.95819146975475290468830371315718855      
   5.92120115234876427968158051194871683      
   5.88306546931797163235819838741439376      
   5.84376672833827164335402526020566709      
   5.80328768386761086056941376054434544      
   5.76161150460022355999214302167571205      
   5.71872174013562646797654299648735569      
   5.67460228801821388612964940205846395      
   5.62923736157341227608201515295524908      
   5.58261145891548643273294788158957871      
   5.53470933353092495073941295102785266      
   5.48551596655985058489302378023049695      
   5.43501654085111280841648241613844472      
   5.38319641678623614130515096407877630      
   5.33004110989191652930361446819089390      
   5.27553627018418435115268639641926407      
   5.21966766314377299840654267961310868      
   5.16242115234178041351444883860837135      
   5.10378268338533557998374367519959586      
   5.04373826930798909515712203732075789      
   4.98227397722632665689493617818487391      
   4.91937591617593514312047802778565207      
   4.85503022597768088279862420329009026      
   4.78922306711553796393162230889346245      
   4.72194061151656886601100603131384763      
   4.65316903416394548091856268200202611      
   4.58289450544823424374327047055612422      
   4.51110318420418964338012568781458225      
   4.43778121137794951536919836912278735      
   4.36291470426293786715154716456393905      
   4.28648975125998600161530044353881967      
   4.20849240707376751745912798114159488      
   4.12890868838378932257241143437026899      
   4.04772456987169366013165167899582699      
   3.96492598061646884592357580794696432      
   3.88049880080449796950256793961030657      
   3.79442885871682928935761668342419840      
   3.70670192802864199232746750438374749      
   3.61730372529593107721583553708691590      
   3.52621990770128463146385243611302326      
   3.43343607097233658443339468961726460      
   3.33893774750859232379009631506118883      
   3.24271040467822646797646293319017686      
   3.14473944319119346655091294972524723      
   3.04501019577013047522896654820932331      
   2.94350792574206295133324170278822829      
   2.84021782594382909243947350208989857      
   2.73512501758722679791664653825294021      
   2.62821454930213589704395875334963123      
   2.51947139624985280383409396345644099      
   2.40888045927855146046357667441945921      
   2.29642656421757230897857712567252782      
   2.18209446117770536476371899093197753      
   2.06586882404048865473235519231990142      
   1.94773424974839782077642075878008342      
   1.82767525795245667750783511598724317      
   1.70567629046373734816497620801347694      
   1.58172171092419656311885817302812864      
   1.45579580440497217223433854847950503      
   1.32788277712833122603969223997176762      
   1.19796675609985697589275654772600959      
   1.06603178893290591701571516581331288      
  0.932061843573255816628416769249490948      
  0.796040808124385469780428100899671672      
  0.657952490679064551317154212213682903      
  0.517780619132997720384469342404748657      
  0.375508841097659826191167271130184073      
  0.231120723764665393397539739817275517      
   8.45997538530429438543354159592007109E-0002
  -6.40706625137729616616013495912908177E-0002
 -0.214907199833100992237175911843636414      
 -0.367926613247936446800831894499057003      
 -0.523145738608601741761211768001671235      
 -0.680581492470239556068813015837228396      
 -0.840250872098664265765376880368693878      
  -1.00217095546185408545129640354891260      
  -1.16635890119190452730403431985414808      
  -1.33283194859391080155913662239039471      
  -1.50160741758091382935431929066221853      
  -1.67270270862268857695112747889979501      
  -1.84613530272137793774932460082588971      
  -2.02192276132404202091318735203896677      
  -2.20008272625997168812580378627496000      
  -2.38063291968057652187547659817113162      
  -2.56359114395430652381881798326559043      
  -2.74897528160497112226292677680560922      
  -2.93680329521315715282771853154937583      
  -3.12709322730600185285121149050224244      
  -3.31986320028197981838708152583694238      
  -3.51513141629050435814192125481665287      
