   482.989325850007905336203016426942572      
   482.989325850023373366427372730507558      
   482.989325850584957797292430936243272      
   482.989325856041768605215061144867016      
   482.989325882847423282309279440332942      
   482.989325962960785244021862817201705      
   482.989325964476093696761238239371532      
   482.989323864525929937062032553853109      
   482.989307845718907338225986164508854      
   482.989234833847240460365404773711163      
   482.988991236150626994881527345954818      
   482.988340379049838945115606703662484      
   482.986868768962185922389047313379495      
   482.983944750559992099527207150972002      
   482.978698897441246850447722553564715      
   482.970029026180323573046292550313451      
   482.956627168204560618808375086200422      
   482.937022552929519153389683337244625      
   482.909633636520483190819203432862948      
   482.872822783063832501606166801947407      
   482.824948603749282220052160279927003      
   482.764412590613388083767363413729783      
   482.689698180071078352220659944244052      
   482.599401575747816439713433369773538      
   482.492254507048260422622172556320995      
   482.367139629200888613739552219838309      
   482.223099544453959383830038544422895      
   482.059340512542729466161699663576107      
   481.875231885475273800592476376659753      
   481.670302199149051114280517055274111      
   481.444232720863694845880193153396785      
   481.196849113459714500573773403117187      
   480.928111749205139365741312499337078      
   480.638105097436570445788702147827757      
   480.327026521596696506222490974904929      
   479.995174752564996924153541814109093      
   479.642938253117792962525634474130721      
   479.270783649352053087666187027613609      
   478.879244375473453281169817198376583      
   478.468909655363881074060364244799964      
   478.040413925512991415652428259679658      
   477.594426787377585568247957530204917      
   477.131643562120073136745726256383158      
   476.652776506128023644264009829884544      
   476.158546731717121033365276747452489      
   475.649676863736036437126829566234963      
   475.126884449779821976282387485595835      
   474.590876129368824906094328280842224      
   474.042342556116538063197902787312062      
   473.481954056683290409540408714080494      
   472.910357001394342096544341205722409      
   472.328170853790345061898635356759178      
   471.735985860186826584227595386420428      
   471.134361335469183609069378926516105      
   470.523824497815294030791371879093620      
   469.904869802716643861115651272342073      
   469.277958725447301945230155005845230      
   468.643519940922875272328484396341393      
   468.001949850506162322309674208707691      
   467.353613406678575119876922047761869      
   466.698845184875545785708444751000183      
   466.037950678302783421225124038521240      
   465.371207724882064747790651706867921      
   464.698868090105525963955346883301217      
   464.021159125188108818946865845504415      
   463.338285485614332507393016596810705      
   462.650430878570199985260667231872955      
   461.957759813777500097680180810066398      
   461.260419335265151447359949866143946      
   460.558540715335867570604873874395038      
   459.852241094363003231528790897280511      
   459.141625053158225814949146511991747      
   458.426786107254702351046120012650644      
   457.707808114698069402598876597267324      
   456.984766591147331585136426142155255      
   456.257729928364661975696650061175649      
   455.526760513330282454883021772936845      
   454.791915746952291660776943986238223      
   454.053248963422564506520483441784576      
   453.310810251468742139061594845721206      
   452.564647179055391883895791729542232      
   451.814805426498695478855721989629971      
   451.061329331226824357502757431937874      
   450.304262347361357618184992549963089      
   449.543647428007672715970384519756830      
   448.779527331214991992378149427043020      
   448.011944858930958701442739667755868      
   447.240943030128011757680336226645286      
   446.466565198068274778483159108120994      
   445.688855112224017984527310545975940      
   444.907856932348675731811690491044888      
   444.123615201466500446689330234457153      
   443.336174776527155910382593286088244      
   442.545580725695373240093260498825903      
   441.751878204196412975159185044958382      
   440.955112284594486392039654063411776      
   440.155327790486715821508061125908743      
   439.352569086298704970382396031285335      
   438.546879869645369388913802211060073      
   437.738302941961427178201912534891089      
   436.926879968469325387989500695439791      
   436.112651233011260110704773733513767      
   435.295655386587644696960588397547524      
   434.475929183965287721844140174919357      
   433.653507232102989039922612032459798      
   432.828421724933669072599753827111431      
   432.000702177409835229620185474338467      
   431.170375162501800190903675607446034      
   430.337464055934409778645971393417648      
   429.501988779503364021391217980414526      
   428.663965526913435022133310765843147      
   427.823406525646104522052834931788769      
   426.980319778467639039974704181070225      
   426.134708806962265281183720554926420      
   425.286572408800357060470261917452534      
   424.435904404132718238537105781482770      
   423.582693402660839914422490888131064      
   422.726922500684927198141170406076794      
   421.868569206010210146186883976129236      
   421.007604956012075282316823323518363      
   420.143995044628779077171290305282013      
   419.277698291379389296504231094466121      
   418.408666823664693115155330625146289      
   417.536845810173893881877755893347150      
   416.662173225879465255819378534131741      
   415.784579555294169576897975215254798      
   414.903987524894287687606271228839426      
   414.020311835605679058896516683257905      
   413.133458849784333696363465928409603      
   412.243326328328917797044640001122926      
   411.349803049723982862388301808536023      
   410.452768535191319035231262042510055      
   409.552092709219142792095030008272294      
   408.647635474945921559848303049147416      
   407.739246387450628298070491694459758      
   406.826764212741249347694535530012009      
   405.910016493051800303409454662411964      
   404.988819133648241697371740967863639      
   404.062975856611397583307413418480886      
   403.132277721335062819697179987131851      
   402.196502571877127082987772575291065      
   401.255414423803188266405241558898541      
   400.308762789834014382994294694187420      
   399.356282149006739611930770725079170      
   398.397691045867444477885608278664852      
   397.432691427056425764441011523526342      
   396.460967759070608751685265655139832      
   395.482186181697678491297319210511361      
   394.495993450552289336896285180955540      
   393.502016133664180086749192386805719      
   392.499859175321132564195179524041881      
   391.489104997160912160285374153363284      
   390.469312023663706122097473873249775      
   389.440013804795361700172072780744426      
   388.400716853641815055431731091036804      
   387.350899543226587813735039099608742      
   386.290010415853170140402965078619248      
   385.217466350736992199719784457281137      
   384.132650676599932754106868940407447      
   383.034911310598607085793381713186733      
   381.923558670036633144215117678774406      
   380.797863265336660294858364609560403      
   379.657053587627233246114442621503773      
   378.500313601795808265781530640465780      
   377.326780410147190897462546661748140      
   376.135541773153564381704261953139565      
   374.925633277662584496607906548896117      
   373.696036286121516765887778598636701      
   372.445675249233200772429105180630325      
   371.173415692107477365169386098921936      
   369.878062526079329806821585973805460      
   368.558358446017136206214743283573445      
   367.212983569604095590753826955042796      
   365.840555693006072467750546321805257      
   364.439631604372729574839318614380293      
   363.008711838391150263049552760029099      
   361.546244972630993218936441373436258      
   360.050637742885329572487912946024696      
   358.520267417071362102989792580500101      
   356.953500380187176546270461910471615      
   355.348716501824925268761546518582066      
   353.704342467501254469201223378375520      
   352.018895678849169827422185507940061      
   350.291039827702999822949916085697629      
   348.519657702855331440259061421037526      
   346.703942188341561758624565023902404      
   344.843509641280799909730191565343008      
   342.938540053838954511892907626891816      
   340.989946327698291430357287878781518      
   338.999574054406825959189597936591304      
   336.970437056957361667147770048111940      
   334.906974614552076532103673898782928      
   332.815362643365759082065996424064937      
   330.703788295069769199537342063265267      
   328.582772134737432959799277205472880      
   326.465439067445562673136014947518045      
   324.367736345379482245322337930664769      
   322.308556585083796559111180438799303      
   320.309725652566884383720818493464405      
   318.395799479711996610264316538712633      
   316.593749638836291889110053374574380      
   314.932289971864982967440846982929659      
   313.441137421277423649922940548632884      
   312.150059994724145198904334261817520      
   311.088006482809906634723017964012030      
   310.281459585219417361023610591142127      
   309.754320512231338218986186558755142      
   309.526592444913595170955954142412635      
   309.613934796177038569138810818418483      
   310.027353434611627156471307221724056      
   310.773149596064275088977905830941362      
   311.853099987922838768566550697181988      
   313.264821990601006778250870222203858      
   315.002269133802323738766891136918454      
   317.056301331209592556844315493019674      
   319.415279389084495457376463274135253      
   322.065647145194128940043450159086895      
   324.992470736566384174094490570624957      
   328.179918259585822288123130715614438      
   331.611671336735542361381139659133600      
   335.271265820545024752184467063812803      
   339.142365805519122299608099745036540      
   343.208975700323881629730615012332597      
   347.455596760623770998116114766048488      
   351.867342031118790268664034325770756      
   356.430007274946689604380575869675682      
   361.130116700726369264914909866719473      
   365.954942298903753292599502260557881      
   370.892503986944826010191299290390055      
   375.931558283716290460542223839396617      
   381.061575511023308676591199117086154      
   386.272710805058836926395238999920544      
   391.555770036008421660090009785003583      
   396.902174548189676231563015119832737      
   402.303923908832530963819760669898712      
   407.753558475810442569595385008822754      
   413.244123997495375540623951375708092      
   418.769135131149459677114633348794512      
   424.322542953685116442406469141843812      
   429.898704709798630497769948932305722      
   435.492351304902828079237040023844225      
   441.098561742552081071506457142400688      
   446.712736836555058876946091742130215      
   452.330575732085396204483639792983624      
   457.948054632018974685540250303565635      
   463.561405473172628159772163145633095      
   469.167098272129108302648001894160899      
   474.761824461714363268850197647289933      
   480.342481153551082417100024147345687      
   485.906156939935967458643788207073795      
   491.450118771733077927807843877684872      
   496.971800848808612004094326239416474      
   502.468793397632595569788996481575858      
   507.938832704697782132895348702794482      
   513.379792391994758169662279894630789      
   518.789674858639608832278739448060318      
   524.166604267189741180866911798919196      
   529.508819003866507454228279968383226      
   534.814665751930170886494921335626205      
   540.082593583983264263777120128112757      
   545.311148526164595685424662335972741      
   550.498968626346623133789921953192746      
   555.644779589981768216322215634621322      
   560.747390363626259543462203731540194      
   565.805689128345146577691889420591270      
   570.818640166227290254487656280933215      
   575.785280162385996962093781993212645      
   580.704714986182649118530293238798690      
   585.576116855291038953259252223239806      
   590.398721704076463457469211428522301      
   595.171826580442280172129315561616029      
   599.894787039488832346199519404956365      
   604.567014878131806196316600340602824      
   609.187975723976917528067070763752463      
   613.757188728850320192462877898437440      
   618.274221594243659721739093049541820      
   622.738690632884389720497253983936368      
   627.150258839878604635834323537099203      
   631.508633671066630384252533103489489      
   635.813565836721539043574161410228958      
   640.064847340673756084472939890238187      
   644.262310126929097400243356034408483      
   648.405824606856118435660701484976292      
   652.495298097856470901045414407855587      
   656.530673514955758587786393247656023      
   660.511927996028832506209288756900298      
   664.439071463782367724901357139236511      
   668.312145527055486379008238975516735      
   672.131222093836992521196564991494773      
   675.896402181032879478684960848676457      
   679.607814666665849995775559820606675      
   683.265615234589051678026703970709350      
   686.869985128616290920671715438196115      
   690.421130124064729362702898010233942      
   693.919279294626227060277084841228005      
   697.364684114912700831776898479066616      
   700.757617341907809182080988429152069      
   704.098371946379860514650878685291101      
   707.387260236106268960125793506631143      
   710.624612782427331826572959158375277      
