   6.91360382032448847522976250442333937      
   6.91360382032448897452856100055816334      
   6.91360382032452743201328781372420600      
   6.91360382032516444341181800517825733      
   6.91360382032990751712095167913036993      
   6.91360382035170981779288826813818804      
   6.91360382042467998402715933056622010      
   6.91360382061958405575189716384661701      
   6.91360382105548862148959788390764663      
   6.91360382188595357227185101825508656      
   6.91360382321898980165200580559757657      
   6.91360382491702757148567981496154491      
   6.91360382622650345861399371240474306      
   6.91360382520635175721373742223302771      
   6.91360381795271723889730964407593993      
   6.91360379764466237023410378435636041      
   6.91360375345690091750871925765637965      
   6.91360366939919144779623045010747015      
   6.91360352314888269001698173172292629      
   6.91360328494496193096552384462243269      
   6.91360291661031343316925972710852804      
   6.91360237076425774095739275204453252      
   6.91360159027944302929650872168743305      
   6.91360050802589567594540759543125500      
   6.91359904692955459410996666150810918      
   6.91359712035477414177250956239811878      
   6.91359463280006060215552023060887975      
   6.91359148087713351766003679580955183      
   6.91358755452618887662873129311713238      
   6.91358273840636002999797692883753372      
   6.91357691339287939236214490775667754      
   6.91356995810917835917420957377932213      
   6.91356175042468715395741350270995690      
   6.91355216885581460567943792822732092      
   6.91354109381762054105714164904712258      
   6.91352840868562497586795751234998423      
   6.91351400061975269514396840400144412      
   6.91349776124921219479556175805338306      
   6.91347958694700825842305551132976550      
   6.91345937903674699466474458421539491      
   6.91343704370724486084349659923984586      
   6.91341249174551280074678924236740901      
   6.91338563809813620673123506251823393      
   6.91335640128703580372119265778792101      
   6.91332470270688289026605125225113057      
   6.91329046583029621475794013573404524      
   6.91325361534604908721533485786025464      
   6.91321407625252227990764918275728911      
   6.91317177292688360907442723993780211      
   6.91312662818676129264465662605700426      
   6.91307856235914315216061535675322958      
   6.91302749236736284728002780150568758      
   6.91297333084571707724097266618271090      
   6.91291598528736691504937352821033615      
   6.91285535723008154941485748924275263      
   6.91279134148253900101150395770823118      
   6.91272382539110858920497490933924909      
   6.91265268814799134840036448150327561      
   6.91257780013716959551223343913901116      
   6.91249902231944674169352513289995838      
   6.91241620564809044189439036861784284      
   6.91232919051859233241667645384610222      
   6.91223780624217971785249621324116339      
   6.91214187054556727949168226386052966      
   6.91204118909087762452553250529423577      
   6.91193555500569178154911387164737083      
   6.91182474843440656684803564981849108      
   6.91170853608907198471593628004589013      
   6.91158667081275741710267688496945196      
   6.91145889114479159550463539018116390      
   6.91132492087219853957535593257723796      
   6.91118446861428590040646541728164253      
   6.91103722734242866703830108431861450      
   6.91088287395231450058646122080261924      
   6.91072106877703768759397033544334278      
   6.91055145512464454229843088351134249      
   6.91037365876338654411563329549846968      
   6.91018728741468336143541407340593253      
   6.90999193022425320388754104544567047      
   6.90978715721445468732565597794479400      
   6.90957251870824131834102059995040829      
   6.90934754472048352292669094756184271      
   6.90911174429303248613202297353692233      
   6.90886460488138639737228858727201784      
   6.90860559163907083114044555926630926      
   6.90833414671271163848271928124125681      
   6.90804968845485330636553739541635716      
   6.90775161070881800756715681131272752      
   6.90743928189276359389684267880815480      
   6.90711204393373128294121384435904971      
   6.90676921190862060553870964286772636      
   6.90641007239222818859355904123976026      
   6.90603388291897231339048577858678295      
   6.90563987073733096710183864358302706      
   6.90522723169707706263433726634232462      
   6.90479512903594097882327213746856562      
   6.90434269210319396839261145969682397      
   6.90386901514669243297217191603387031      
   6.90337315578620805594031054289661554      
   6.90285413390504516417667657759479861      
   6.90231092987078330505680028392450151      
   6.90174248271056544993168190745086843      
   6.90114768866492928390441368896202909      
   6.90052539944522336395173168741483443      
   6.89987442080622276200076069215343917      
   6.89919350953016397003011298811710665      
   6.89848137167762645713160083254301264      
   6.89773666181424451678587433428720828      
   6.89695797877546888071739791781646706      
   6.89614386392314795816237465602576969      
   6.89529279929729646160162929161345104      
   6.89440320480628618926430786148076255      
   6.89347343405999677892598768314055279      
   6.89250177420549758883894091918042305      
   6.89148643931324373607362921546921791      
   6.89042557119357278205615927912515085      
   6.88931723199122193425131870278007350      
   6.88815940429264286928667975205124776      
   6.88694998508623123041578987892642657      
   6.88568678286306014716390834745079330      
   6.88436751356965332200789893275698427      
   6.88298979596018886069932826603372031      
   6.88155114745296218993826044758742773      
   6.88004897986241651740836326963160052      
   6.87848059456587447112185607055465460      
   6.87684317692402269748525785238025170      
   6.87513379128271063946173245688833433      
   6.87334937604918160172095386738030329      
   6.87148673768689994489726731955306141      
   6.86954254403212745608523862118199991      
   6.86751332012988651654876843647059762      
   6.86539543998880907755445892132910241      
   6.86318512083547362371004531620295739      
   6.86087841631333179486063923567039040      
   6.85847120884950078578787349375268038      
   6.85595920346740472942392780528683312      
   6.85333791995303141513039167760930398      
   6.85060268428125362000862951068234821      
   6.84774862053337856340479769445826455      
   6.84477064541902448168219796481308443      
   6.84166345818326794390706033235738974      
   6.83842153131532692846818092941966463      
   6.83503910398334262308539922374629078      
   6.83151017295311826393795098697496994      
   6.82782848426663406496300411556208084      
   6.82398752529087335308677709963580306      
   6.81998051592212442484256476170591387      
   6.81580040172394964418135411778121863      
   6.81143984639677348535559288731992847      
   6.80689122520136968576062059918553013      
   6.80214661906489027206175585599962888      
   6.79719780988321726834238358531399531      
   6.79203627718084885102584794968429318      
   6.78665319681526463542661968363953828      
   6.78103944058759476555854713858387059      
   6.77518557877155289961240489701134938      
   6.76908188846362050297303722154669023      
   6.76271835952100685171363647537734070      
   6.75608471088518445438537135520128879      
   6.74917040809270128659640516176866117      
   6.74196468820915296658090720958451360      
   6.73445659141197077587185597716557932      
   6.72663499810143518635599519168005828      
   6.71848867407695752757754650690981203      
   6.71000632909952802923276143326326980      
   6.70117667341142315607775454075769307      
   6.69198848879606266483375829028596602      
   6.68243070002855844460703410503817535      
   6.67249245402452023003405810799781976      
   6.66216318814005552013277719414907407      
   6.65143269776093197278605522540832254      
   6.64029118387495970509928370170873827      
   6.62872926649174133609982644218816018      
   6.61673798998145107072050481290009633      
   6.60430874654614730013351568282135367      
   6.59143317721474386557968774784754740      
   6.57810300919587209989288558150389779      
   6.56430984358468820142449426378566121      
   6.55004489679981994253397266297538801      
   6.53529873428049210866912506493885542      
   6.52006099465901169779235976107172294      
   6.50432014548679986897638594617218641      
   6.48806328847705026824799326839548859      
   6.47127602586299196388127447378665498      
   6.45394240030660710190012796503024940      
   6.43604490260579982457870783307601295      
   6.41756454368242253516059866044108005      
   6.39848097607078867726459755040246958      
   6.37877265491886978474591366667570490      
   6.35841702197627075148361479966410555      
   6.33739070354551485910572157959211189      
   6.31566970777409055198415197274955535      
   6.29322961640764481934613491953389729      
   6.27004576278916249675148792478475207      
   6.24609339260825578040231121454841275      
   6.22134780490132776388314038164149350      
   6.19578447213502703735422757720320487      
   6.16937913976943206313895129715556551      
   6.14210790599865147182252454595628425      
   6.11394728350943799012592702087291185      
   6.08487424580954979172729906642491979      
   6.05486625785316641811359186242232211      
   6.02390129581669435868982670267998741      
   5.99195785582290674270682315316850287      
   5.95901495434741524701892091509013923      
   5.92505212160463237242912243748455426      
   5.89004938945803564924092052989567473      
   5.85398727474883194304148192671025055      
   5.81684675969840373786551485271516729      
   5.77860926977071063255194406404068100      
   5.73925664986517321825476231576546023      
   5.69877113971151977848489308887329860      
   5.65713534870653979686148181351437990      
   5.61433223062295774001793842141955682      
   5.57034505877570440087355873872279634      
   5.52515740156977733037465439236597756      
   5.47875309888240418268319593701201792      
   5.43111623926563190686397861656711829      
   5.38223113814024583199542101394061137      
   5.33208231708611728360122561009367928      
   5.28065448410348168138685855920368524      
   5.22793251509109115449000698277434430      
   5.17390143630755154650463679942325805      
   5.11854640799997929955645256152056015      
   5.06185270899476487036865608931312737      
   5.00380572233423197179369874914443195      
   4.94439092189386301193233966659519496      
   4.88359385987379928637657177622519036      
   4.82140015520696253257591766438213277      
   4.75779548272667588039257874889027949      
   4.69276556321862680286761754356856663      
   4.62629615400093196621634929679270187      
   4.55837304052060752010861035629648728      
   4.48898202806408301422057802268526689      
   4.41810893465121890153996136957518932      
   4.34573958400279642097695540729979406      
   4.27185979926891017718007302568548110      
   4.19645539717637264870757153138765753      
   4.11951218253974004587974068156081937      
   4.04101594323916643914461029964824637      
   3.96095244563701856293285688544522298      
   3.87930743022196932574252374490078284      
   3.79606660755074750068625202459879638      
   3.71121565469472046706190525981914313      
   3.62474021175642720243632506374626055      
   3.53662587864583901206015016584765928      
   3.44685821226156653050478111070992019      
   3.35542272370439707756407673970064632      
   3.26230487578105924057745559236084126      
   3.16749008063984230159342763921483633      
   3.07096369769598647641088474196917829      
   2.97271103150428638565355054581297078      
   2.87271733004028376435176946714916326      
   2.77096778284691287065509882921127144      
   2.66744751946092721634932595757002434      
   2.56214160817490155755759962144096013      
   2.45503505420606366590429798452981281      
   2.34611279883462153689398570572582214      
   2.23535971795240363443799337455194817      
   2.12276062115279514656380208661621725      
   2.00830025059507329607287932563779136      
   1.89196328011657722423349928163816785      
   1.77373431434967654094099113234052759      
   1.65359788786727162187095680920948044      
   1.53153846452819649390706876324737489      
   1.40754043666449138039137387833309859      
   1.28158812453959941907012789491704960      
   1.15366577566739523353450464995420894      
   1.02375756435171943258753458787133769      
  0.891847591072104297293983741308935242      
  0.757919882114616031021733092186652741      
  0.621958389058489536160489514336409817      
  0.483946988439600506126996791755707053      
  0.343869481331374615493521001544392062      
  0.201709593039987826673216858921787563      
   5.74509727806494779969878895296783658E-0002
  -8.89228065956744790962830125370954898E-0002
 -0.237428248870902503910821366555927378      
 -0.388081934695807293892122283096407576      
 -0.540900521775821842163557164219916361      
 -0.695900745116690763886952712564591569      
 -0.853099417154852595449716269916103853      
  -1.01251342791580647347191069156415565      
  -1.17415974517818499866641615838234071      
  -1.33805541457006827461832763399253785      
  -1.50421755970627531506481494950328449      
  -1.67266338223646681744581255520490101      
  -1.84341016197571952247535993957532498      
  -2.01647525693233620173107833176915972      
  -2.19187610339579187436245292841270404      
  -2.36963021593956505984794059560615384      
  -2.54975518749396159383665121511839918      
  -2.73226868934832014989747275587557624      
  -2.91718847116662535858954796357050085      
  -3.10453236099558160239662062517379130      
  -3.29431826525573240225711635048183527      
  -3.48656416872922303779459829472813983      
  -3.68128813455068632623563767752432382      
  -3.87850830415520133431329889902898680      
  -4.07824289727368052334359367751763907      
