   91.9024000954186098051982755948291852      
   91.9024000954157999254187997248733201      
   91.9024000953183049918287565234925636      
   91.9024000944189589698065997008635562      
   91.9024000902246183962721118107986519      
   91.9024000771785825126478429707717765      
   91.9024000455519185186102204883613967      
   91.9023999768275853313570582030697939      
   91.9023998188883745646448181079574933      
   91.9023994042348768957043404386181558      
   91.9023982674646564887439661155225916      
   91.9023953413056547088677235762233807      
   91.9023885531493150055489101850921553      
   91.9023743801951092435465038859817287      
   91.9023474341429642763665540515101320      
   91.9023001360864846618790926151108361      
   91.9022225189347591043747896047637538      
   91.9021021690780262672229344252875251      
   91.9019242979562520140816450766869184      
   91.9016719202156430376886611091623038      
   91.9013261079318109351627412798148398      
   91.9008662884303747977996369959605577      
   91.9002705549217765750254939519442711      
   91.8995159632299911826662663287965437      
   91.8985787934471928016226633743179338      
   91.8974347617540584231695105725740366      
   91.8960591743570933565338756651978871      
   91.8944270219859378033445190772787464      
   91.8925130191712662026187749259516231      
   91.8902915971732947962819179639376954      
   91.8877368626788928710430589840306680      
   91.8848225361274317382752140400854677      
   91.8815218838246387272536322393761420      
   91.8778076570543716258298031332565234      
   91.8736520494910813804132306298896953      
   91.8690266816773471122216144239269793      
   91.8639026184809554593700179810077252      
   91.8582504225713077006316304993434749      
   91.8520402442711439971920812870149784      
   91.8452419458187384682455380217283073      
   91.8378252561945978378722646488252601      
   91.8297599512890130631754540977852293      
   91.8210160532702197987643878640696161      
   91.8115640425619691275211564877678394      
   91.8013750757522999521884988462159303      
   91.7904212030025504475789579371204385      
   91.7786755789963301003072546709099765      
   91.7661126621288606787454140335678219      
   91.7527083973968058596814838508647227      
   91.7384403792731870298058886704965246      
   91.7232879916852414395446537530076589      
   91.7072325230202325326404976162136972      
   91.6902572548604165617498759960329354      
   91.6723475238377806067351002121167930      
   91.6534907498041000317189402835739418      
   91.6336764699925369545356224044315480      
   91.6128962865307890631658421068462050      
   91.5911438485055651018798310876628458      
   91.5684147838906794398702597134887692      
   91.5447066164895907572778324009906436      
   91.5200186646383127747041475755354821      
   91.4943519237330345314450557812009465      
   91.4677089348686161829640779648004298      
   91.4400936417670547964385951745204790      
   91.4115112380667977871782201288429203      
   91.3819680070221422824917027034089133      
   91.3514711557384166716885069650957785      
   91.3200286457667676166270635192617705      
   91.2876490214506385784307555414322558      
   91.2543412381019276357407427800585888      
   91.2201144910667905202712761762812849      
   91.1849780470308471448943836515026171      
   91.1489410787703452395199176418662650      
   91.1120125041801915501835826085030120      
   91.0742008303557545028741568748664448      
   91.0355140037265474896950359283259145      
   90.9959592663824587779074347077154659      
   90.9555430188388625135942475183742580      
   90.9142706904025236076643629019175445      
   90.8721466168486834563991355651728726      
   90.8291739243424785988295699718449494      
   90.7853544216474512339521763202516546      
   90.7406885001012110824556211654783788      
   90.6951750381220440865499125382687422      
   90.6488113165142897581420801672100808      
   90.6015929366210815103017484211435718      
   90.5535137476417360949363275589522446      
   90.5045657770482189969638880721820846      
   90.4547391702142432212769916942448384      
   90.4040221320253362182970837834655598      
   90.3524008737852894485695063323128149      
   90.2998595695127503423183654409798155      
   90.2463803063223202922325354452052087      
   90.1919430447020144351046316877012386      
   90.1365255889473978649738925816363789      
   90.0801035382966028215592085503788836      
   90.0226502698215285414926191876968736      
   89.9641368942293876065390999120429408      
   89.9045322362868601160581501631509650      
   89.8438027989909037254210386432446590      
   89.7819127393069724217719754053066270      
   89.7188238405293009008508563182837177      
   89.6544954821515976380621008631058908      
   89.5888846087388533566349549502739535      
   89.5219457052540377280937352205477881      
   89.4536307638520827368078140633234823      
   89.3838892474718910984593312415386960      
   89.3126680528245307320312935077388010      
   89.2399114769383428882408209139279737      
   89.1655611827686936733238101689708008      
   89.0895561321641446206754241947597609      
   89.0118325633748978735116768882943315      
   88.9323238991229137430564551873187513      
   88.8509607933344415056934530046261927      
   88.7676709264704149714449751037175854      
   88.6823790296844032134639073948247891      
   88.5950067953840449509673274099483268      
   88.5054728096649406448639760708654378      
   88.4136924185682896170934827901522412      
   88.3195777153037114970322545473088793      
   88.2230373978033938463276180878637345      
   88.1239766476416674428552578190663618      
   88.0222970445932373360493648953414994      
   87.9178964448443174285775175504601174      
   87.8106688446459765791679207004596500      
   87.7005042289136118703913771230489563      
   87.5872884311273018032028610089926465      
   87.4709029756867436207920836129162060      
   87.3512248724383050822191793883013362      
   87.2281264712491862863115914690076404      
   87.1014752192973339740936861343637461      
   86.9711334854896991722301381352725863      
   86.8369583254350639914135502891608056      
   86.6988011828740491244759932963555166      
   86.5565076741635520638504475107750765      
   86.4099172996994323889983388906255888      
   86.2588631224454831790682230347457191      
   86.1031714484977090565906815543197829      
   85.9426614797241469366879550738256019      
   85.7771449358212112341615808679599077      
   85.6064256555415552143889472421165320      
   85.4302991673154765838293044192973132      
   85.2485521956889393493668512200892051      
   85.0609622257209947059672038144742610      
   84.8672969486164123037093860809366059      
   84.6673136118379538996622641150243715      
   84.4607584301719599162502839299411288      
   84.2473662189697648119897088725097288      
   84.0268591959661537962230775652248672      
   83.7989465097939214424070535934344989      
   83.5633234008545928478343075031848755      
   83.3196702681416358957904598140981914      
   83.0676517602402762440811795022459452      
   82.8069157744706064228908805597710349      
   82.5370922856138298883512250334215451      
   82.2577922361107378083232721065938698      
   81.9686062633399594974687410870779267      
   81.6691033312988425822733239798917871      
   81.3588293003767635675279337694451216      
   81.0373053725297240925537771574481969      
   80.7040263344794525448634438607035768      
   80.3584589114827700145838690093469766      
   80.0000397850459978378360058599509459      
   79.6281735948426918070274457822470792      
   79.2422307229300917583215422576246338      
   78.8415451067293069428004078184635858      
   78.4254119628225563473861900969008475      
   77.9930851184965083565908071985348498      
   77.5437745327759012540194404230727658      
   77.0766437008533313566078533109191347      
   76.5908072889180654855259245094122758      
   76.0853281272614588793314453545775020      
   75.5592151173905670866573468240369742      
   75.0114208533422079826021820127822267      
   74.4408399035446144176156253156744180      
   73.8463075277619035636272618930676533      
   73.2265990508887499236204878991857398      
   72.5804304368138695031878698780333346      
   71.9064603274700156957184258926092070      
   71.2032937702773674827798542058824247      
   70.4694883887827295239715298662731510      
   69.7035636346285861892159132764214785      
   68.9040140799264370865037819579157995      
   68.0693264956601390061175416147417296      
   67.1980036969990516814300694652406277      
   66.2885940752869962634487296806249935      
   65.3397298111552535768427783831903031      
   64.3501710412130127457439637920593720      
   63.3188642712697445543906219007480381      
   62.2450025130317158723813347223406270      
   61.1281009685923710340172156181669121      
   59.9680770797551597859188335256323721      
   58.7653353118995900996579006387526018      
   57.5208535779774788908830182614379956      
   56.2362647397635391437581991939788340      
   54.9139268529898171766178181877047814      
   53.5569741516081667478559217299352613      
   52.1693409867094577279718851128254645      
   50.7557498825935996066195000383990635      
   49.3216415046758618939708013035229912      
   47.8731621943324525349601012989788011      
   46.4168492766124203171975146881377313      
   44.9596226177191565962035627577123878      
   43.5084897906021334828904644340604216      
   42.0703435360038045917605644194997159      
   40.6517475343774153385314054522646101      
   39.2587456387967409070641722090041733      
   37.8967092891669627978852736700603177      
   36.5702317841855448235973937224714693      
   35.2830719641433207199819232514909057      
   34.0381454305823375797272844940294948      
   32.8375549115117147076071515939352878      
   31.6826515689631344286221081865761206      
   30.5741158502930897077761016738777704      
   29.5120485521597566240260355989203982      
   28.4960653672459236563452643680712390      
   27.5253879102976180151017048618785640      
   26.5989280077139814750512908393176399      
   25.7153627461318368086668804278759301      
   24.8731993839415535448863444608537306      
   24.0708303508145961139005545539393537      
   23.3065780762338726944199424618247667      
   22.5787321227637881075213937213229106      
   21.8855777080039060401958395638903711      
   21.2254183984184121393031914359540642      
   20.5965930123459776309342185342429410      
   19.9974882974282938739904930101964021      
   19.4265476153255060189638387150292231      
   18.8822770047966268852882491604586839      
   18.3632487967805851627321088111661221      
   17.8681033807233922523285718525543752      
   17.3955496675637015515426356449868143      
   16.9443644091149084935617285128150497      
   16.5133908263292849588379924747506078      
   16.1015365972492207212322456686809986      
   15.7077715205604532585225825126221661      
   15.3311247659440830699226055582264321      
   14.9706822450782014774280029244062274      
   14.6255836692538139539145645455925034      
   14.2950196555295063867673730247047040      
   13.9782289385648462940162365768323472      
   13.6744955120062924074693577746175688      
   13.3831460581874136768409720064620273      
   13.1035472719440570703507423514865679      
   12.8351034421279294688196058458061145      
   12.5772540888878385305890869476379696      
   12.3294717675322705143193461999262643      
   12.0912599710305612453743633441145214      
   11.8621511433718122631648845145833990      
   11.6417048435755262379617250364355702      
   11.4295060192543784040274015148040566      
   11.2251633762967427975321125112748364      
   11.0283078499158521396291923655265185      
   10.8385911938466601626666439031620286      
   10.6556846576657866630570488632730868      
   10.4792777388192258809691868966576141      
   10.3090770471797674168143400620295840      
   10.1448052138803717627106121970401309      
   9.98619988596595245589024496295428851      
   9.83301280617341736179668398329349998      
   9.68500892480589176163662866516808738      
   9.54196559442542190476077593744948060      
   9.40367180974391261112363723022572837      
   9.26992749646359307067837478097219338      
   9.14054286705997665255174026370194164      
   9.01533777818068392590062170466100069      
   8.89414118301107744250438055904555701      
   8.77679057931960309965573403494851929      
   8.66313151151495913781815291813991667      
   8.55301710511488403459620541955504339      
   8.44630762944204920219077947838099727      
   8.34287009313301326947265532874898174      
   8.24257782871469898687069098639798922      
   8.14531019499822532692004066402123097      
   8.05095219425523670132582034645683017      
   7.95939417805020753261683610523031205      
   7.87053154507720841681729310662454851      
   7.78426447274630006338227562347852062      
   7.70049765394372609888536636017716733      
   7.61914005636973643855658355618902292      
   7.54010469711756512339117691864670143      
   7.46330842558876687995553555846871908      
   7.38867172518559558167054402681764045      
   7.31611852568916087908127716663462412      
   7.24557602250132842043690828766129673      
   7.17697451269538940664690040743208821      
   7.11024723754248625745172177964351155      
   7.04533023470204686042009417256636536      
   6.98216219769060267367380579311899532      
   6.92068434678724248477004403843386283      
   6.86084030352108544617802466584848495      
   6.80257597516483920112528670972466302      
   6.74583944383365684627807696783075313      
   6.69058086341795280251648837299013416      
   6.63675235948869745285049633086467920      
   6.58430793908712056180488350264765425      
   6.53320340032360914995358263936645224      
   6.48339625176311208967998839593943883      
   6.43484563226935036089981834072001746      
   6.38751223719143737472467072964604839      
