   91.9024000948784202170827437330254962      
   91.9024000948756103372976966772670622      
   91.9024000947781154036684974976726021      
   91.9024000938787693816519558852098338      
   91.9024000896844288202618052505900558      
   91.9024000766383934662126809444054935      
   91.9024000450117361794664217299365128      
   91.9023999762874426629232707403980440      
   91.9023998183483735786073663046682931      
   91.9023994036952329112680600621900152      
   91.9023982669257131450838732503601875      
   91.9023953407678537275721315121743031      
   91.9023885526131422324682673518717555      
   91.9023743796609616724721923523422580      
   91.9023474336111901491875338279792450      
   91.9023001355545390206845243071660105      
   91.9022225183886877169538444288002261      
   91.9021021684572686560020924171357814      
   91.9019242970402450401904724162871559      
   91.9016719183073548392904256059076718      
   91.9013261030789487970990921707352140      
   91.9008662756956815867242889996259998      
   91.9002705228907199720809030727486146      
   91.8995158874790881878491783415701307      
   91.8985786251334539783067201702422977      
   91.8974344088742433218918988792165108      
   91.8960584724506374738212859236289028      
   91.8944256904456639987069753932042633      
   91.8925105987226319053601355109530026      
   91.8902873634436443656994483304256385      
   91.8877297105055523371041473583323903      
   91.8848108290334176886671003184253088      
   91.8815032630375396949748151572686125      
   91.8777788046121333756249341160266948      
   91.8736084002903351507243356051071366      
   91.8689620797665570288350777114803302      
   91.8638089134662757367493558229717356      
   91.8581170026308438633295227496499733      
   91.8518535029860062426175772813633200      
   91.8449846677280148957974299189279356      
   91.8374759806880331260397574554190611      
   91.8292921991697561858373222734136565      
   91.8203975248649738989882906208072797      
   91.8107557363731090724897047233516010      
   91.8003303387370958040992279789617237      
   91.7890847143299598470417975005017891      
   91.7769822696845880892344032324961916      
   91.7639865733796226073334025127108377      
   91.7500614809164183160506963395039766      
   91.7351712432491766779971577187971354      
   91.7192805966029924861477611139123082      
   91.7023548314882686904770364579695206      
   91.6843598403156927258481097459137802      
   91.6652621429369222187710817822773679      
   91.6450288903467854969776055007389781      
   91.6236278474928260640904391508323780      
   91.6010273560094957907053977265185276      
   91.5771962785236014627172358755450734      
   91.5521039258745528550070810455474941      
   91.5257199701236919597483203079616310      
   91.4980143432304158332317105165227970      
   91.4689571259066478569183726690228242      
   91.4385184266244324131185797379403781      
   91.4066682539101821329990087752686281      
   91.3733763839899704906370972296471352      
   91.3386122227200216235878976989948649      
   91.3023446687325236324110924543459163      
   91.2645419729798264345126657996490073      
   91.2251716012758067657373197168909211      
   91.1842000990032471477189083730072634      
   91.1415929557021064680353636019712688      
   91.0973144780316662969217148126026193      
   91.0513276626922619805890854049782254      
   91.0035940790958459170305744985390965      
   90.9540737482892684240807132053002851      
   90.9027250456817504073752872166002319      
   90.8495045806471520632821615233246798      
   90.7943671087821574512556822533325922      
   90.7372654349910386727694295044505236      
   90.6781503290851661577664130262416646      
   90.6169704445938985309193471939784208      
   90.5536722370286789791908015130100516      
   90.4881998834960518441125487349240227      
   90.4204952195256746221060171217015546      
   90.3504976717890344304425812181683358      
   90.2781441929740830332544446439717047      
   90.2033691974436271354400446032562796      
   90.1261045102792335432901181248608678      
   90.0462793126951217453088125325404768      
   89.9638200465293910667895169421069717      
   89.8786503857491223100128057133453088      
   89.7906911718926003805540389728242402      
   89.6998603540759090378366637422300997      
   89.6060729434974680742809524180901193      
   89.5092409066890418498186089228517394      
   89.4092731964289992969383915642080704      
   89.3060755033080022882247207546255237      
   89.1995503632892597841859761506401831      
   89.0895969695378986289950778144860689      
   88.9761111344547053817019426074416269      
   88.8589852151265509656716208194565427      
   88.7381080341120386346911775070053587      
   88.6133646595524519992235220433588260      
   88.4846364137878870108439878910962271      
   88.3518007530028187410677767621455040      
   88.2147312142004366249895019694179114      
   88.0732970687792782601577128518117520      
   87.9273632912873504953088509044665874      
   87.7767906977130202192426468662649420      
   87.6214353276350504913602230121798463      
   87.4611484533878227127915074755758051      
   87.2957766229479053835968517343109733      
   87.1251613560015042691675947210038980      
   86.9491385700916955248458873007887246      
   86.7675391365565504561913473600614666      
   86.5801879244108830945889349123415155      
   86.3869039689324601605553612318122911      
   86.1875002956056741920245232249662915      
   85.9817833158686557347659409135873330      
   85.7695528855591525650459886730081370      
   85.5506019193522448003409902100400573      
   85.3247159297898452993013853135535108      
   85.0916729827727173947346749194178409      
   84.8512431876754079959940293631679128      
   84.6031883638787118850175876939526432      
   84.3472619544180787735465414117940541      
   84.0832081595702390548054795252925925      
   83.8107618142000633291635202538759490      
   83.5296478982405660015689222705796922      
   83.2395811805091347506595006259186143      
   82.9402655511007772969710395438946003      
   82.6313940511797047191674715298165951      
   82.3126473945270711655823216210235608      
   81.9836944416112053523235050342086306      
   81.6441910366507764966689090738066402      
   81.2937795409193580626104310299841225      
   80.9320882317310635035102848023634286      
   80.5587308975513969508878270216706206      
   80.1733056326069247877077479537875809      
   79.7753946985607009347359037207370486      
   79.3645633661580822857590319726320729      
   78.9403595938469609574373331274289551      
   78.5023129245118570881790251743729175      
   78.0499337170570869447555725517528749      
   77.5827125482012952682070475956767920      
   77.1001194267718478084964668904542420      
   76.6016024817957864952933767612934472      
   76.0865882535645594381002778023618706      
   75.5544795216909164899769190034638834      
   75.0046557270234816888751341978367182      
   74.4364716330165736794703311371074695      
   73.8492572334990988062217123074035372      
   73.2423169025996855811491005199992878      
   72.6149292817032703542371934631667354      
   71.9663472315530946695579295604329566      
   71.2957983358567482550101110088195842      
   70.6024851778502925641704684018931288      
   69.8855865663576547798470831855229764      
   69.1442595391900996185934024582973856      
   68.3776417191708166775353394205837838      
   67.5848549933438067613909134014370429      
   66.7650104258676615231901573187573006      
   65.9172144994517588220111631053930009      
   65.0405777710058208588521800003528111      
   64.1342252106091281643782417899738933      
   63.1973100188627791102527482502688832      
   62.2290297955455200048453125443636985      
   61.2286505464109811309056944176876682      
   60.1955276934758019089084865632955598      
   59.1291412337183975781827912863861723      
   58.0291312574726525643745150858263777      
   56.8953427045854686868739368952038146      
   55.7278765196154838700558167083298121      
   54.5271457263984919697130881499936289      
   53.2939413741873117509282919485707801      
   52.0295000970916439220971978229892574      
   50.7355736465901097643099921568769677      
   49.4144969766483365290881926035482878      
   48.0692480822809401998777669278148915      
   46.7034901537033901025933070725414120      
   45.3215907201029320218252696139130399      
   43.9286034181647275423425807545741496      
   42.5302071268268741100361337662614245      
   41.1325897887985625698465711786841824      
   39.7422851917512368554395021010330265      
   38.3659599190185317271186144743811028      
   37.0101750867373427628819710021316529      
   35.6811391221679870989507762826239808      
   34.3844829583819507591569801587790397      
   33.1250766661933855004343311855741734      
   31.9069075726043413876161259617061317      
   30.7330237419962639629758455613618662      
   29.6055401032855666334964365862939365      
   28.5256966537871899074164446396951943      
   27.4939529216125742514387208488688912      
   26.5101029242748790640972603014706380      
   25.5733985303743605631394660254887012      
   24.6826679605956357348900736083464216      
   23.8364245918170758285487539126580978      
   23.0329615275404175536585051171858426      
   22.2704304564750003709383496666774247      
   21.5469053126966968584135767082108772      
   20.8604320769027876559345524170822613      
   20.2090665960734617624427529212815133      
   19.5909023026584573698528952835469816      
   19.0040898150801256996540334421815736      
   18.4468505366067452809405283203939452      
   17.9174849336201389437686104979481136      
   17.4143771270363699101924484001561661      
   16.9359969299171663803245343051580267      
   16.4808996614997411766000313275094651      
   16.0477246500798686083198117437342598      
   15.6351927077499085199960183556354603      
   15.2421029210518867694069811246539141      
   14.8673290733447809991473125278763888      
   14.5098158147825339204253086483151447      
   14.1685747398925304440454711672580031      
   13.8426804807721953098117427631799016      
   13.5312669076901824425154136618625717      
   13.2335233682403410877214852668116035      
   12.9486911464355724705238760580237201      
   12.6760599936938920778876325739942528      
   12.4149649982315727092974726080164383      
   12.1647834898057179468598069816616161      
   11.9249321894366287564375853813696202      
   11.6948645287458341480326513491109016      
   11.4740681380912542543348426746724664      
   11.2620625035278769225988129293509547      
   11.0583967963384394962763182069513288      
   10.8626478313734620489143587350964176      
   10.6744181912571981727361349866573808      
   10.4933344516475140237205053275393067      
   10.3190455611854762060165985646259478      
   10.1512213208108633217876430601806721      
   9.98955097931749622015623647091739056      
   9.83374192646459623450744422308827019      
   9.68351849637109398258838927074156159      
   9.53862081924209854971260969578185523      
   9.39880378452158649767463868460301614      
   9.26383611647988179613801210787757322      
   9.13349938413928912839096446812062544      
   9.00758724966214313856938271156770798      
   8.88590466939692950816883063686645088      
   8.76826715054155341502462920107434755      
   8.65450011268830022236726460344139300      
   8.54443826043494164856884338424685747      
   8.43792499603651239991222712343911005      
   8.33481187258200488147065839824698839      
   8.23495812305321668199396494089453665      
   8.13823016464005812876612137146633545      
   8.04450119608710078725024602142917068      
   7.95365075106847583379806012044943123      
   7.86556437135314660390379639170232449      
   7.78013320246207392543193481870954098      
   7.69725371631844792284166408434089633      
   7.61682736353350208247378393649090878      
   7.53876031566854435386913786578764627      
   7.46296317745543353313272201400498806      
   7.38935076184241719954678043788896837      
   7.31784181167838955524626528771221006      
   7.24835883378741280714856073949484330      
   7.18082786104519499644605530264229632      
   7.11517827244042864537790991952180168      
   7.05134259961083612909610393932324492      
   6.98925637565293254495127462381721114      
   6.92885796360655299998892948627986996      
   6.87008841657793673988235020436719192      
   6.81289132630666675767044435894231983      
   6.75721270755166197189359645351445166      
   6.70300085621499332992299890096155720      
   6.65020625190444285156094537469964578      
   6.59878143375183356416113356732618182      
   6.54868090519412543811324455802392059      
   6.49986103367203394640772673863170625      
   6.45227996242373739820173668003398778      
   6.40589751874500141881162535577312854      
   6.36067513988597433100417290137693921      
   6.31657578888700346855831119190871395      
   6.27356388636796115805148169900800654      
   6.23160524218601458548007966396981721      
   6.19066698827893783028151371813423844      
   6.15071751912790990761799963205260525      
   6.11172643340697633656304118707532969      
   6.07366447821231631715785535728277980      
   6.03650349851557234874408430954085835      
   6.00021638734159587149263725491929986      
   5.96477703839186915554800787096433647      
   5.93016030341311505498081527654866083      
   5.89634194955170231863943469923327569      
   5.86329861777457771403595892607804929      
   5.83100778870285303730359678199022440      
   5.79944774335015900752297960490715955      
   5.76859753104335779484961295725900824      
   5.73843693648969619136943734634132214      
   5.70894644812518449135779957170219060      
   5.68010723077658473881035568725246699      
   5.65190109557197473512945345531115905      
   5.62431047478870472429957252941305971      
   5.59731839655434852605331824430760774      
   5.57090846024331901638363962429693788      
