   305.833180578303937092587233033696728      
   305.833180575022340737581358857491305      
   305.833180532493682552876769675744081      
   305.833180317415642248021071425271435      
   305.833179632392474606900637713401828      
   305.833177969232262644846303331003016      
   305.833174579617336740321073246315366      
   305.833168435966822020983390527015802      
   305.833158097792574077757817295595471      
   305.833141311978921597648647169596873      
   305.833114152912262155117533354995542      
   305.833069624130483279745558143931066      
   305.832995839476813135644009491120251      
   305.832874054572463233158553554527211      
   305.832676856786172450996544211259250      
   305.832366754670400446352932185982108      
   305.831895289979133925414538917548852      
   305.831202679250376523762052426739360      
   305.830217907938193706196388328017689      
   305.828859156530342474326115484042053      
   305.827034429363777118783942363024765      
   305.824642271753562226875393643963950      
   305.821572488334487555031013259588222      
   305.817706806470077225230024810144244      
   305.812919457566794488871440144229470      
   305.807077673117902027100567790426211      
   305.800042110087206515605170828380058      
   305.791667231756166520173998492735056      
   305.781801675954580226563494119653220      
   305.770288643554795692382734209339326      
   305.756966337259229723093692135033485      
   305.741668475119663295074264582632724      
   305.724224895930469587222810973789007      
   305.704462265580395823472914677978077      
   305.682204885433504660486372406962335      
   305.657275596472510495551895176995023      
   305.629496766725115864169514664456772      
   305.598691344673235550978012255480193      
   305.564683958020480621591650750250385      
   305.527302035336414506886899820668630      
   305.486376927578753549866458824184672      
   305.441745007123255319759921786757508      
   305.393248723478057368508806841936790      
   305.340737597087746824015451579577124      
   305.284069135316775846364296771324717      
   305.223109657637867394354730523385431      
   305.157735020068892869157586575039566      
   305.087831231861336194450766568686481      
   305.013294960240268742680502382300133      
   304.934033921557463225225276607762363      
   304.849967159500212326329291280724079      
   304.761025212962991488955505108686971      
   304.667150177855621801256124843711592      
   304.568295668462907280310024154722213      
   304.464426685032945058431998306974348      
   304.355519395060317655296514211215984      
   304.241560836265956853465104649670782      
   304.122548549620545035100268253547073      
   303.998490150897060765415315369875855      
   303.869402844805502172997816300246873      
   303.735312915197548703079806329636860      
   303.596255139299521549831553863431437      
   303.452272210355706892376123397764984      
   303.303414120849297362645736310601663      
   303.149737534227989555494041975584014      
   302.991305148006961881729918883439153      
   302.828185054143780163588175859847246      
   302.660450101877201106035740104763875      
   302.488177267394927483558058606910374      
   302.311447034894831465474248227635583      
   302.130342792295619930833976609480923      
   301.944950244736048040001085657550203      
   301.755356848513954715486407921571166      
   301.561651267450946844718682035184872      
   301.363922853297967428615922125609709      
   301.162261151765985571434245317819686      
   300.956755434668497173787096922620823      
   300.747494258551532486739094755134996      
   300.534565050856493934479246203638951      
   300.318053723163141599376389228985735      
   300.098044309996544920092495455121740      
   299.874618634792475950313558255234892      
   299.647856001413594479783172454978254      
   299.417832908784166692665515950950325      
   299.184622791514434578404042072021146      
   298.948295780293103746165856898804886      
   298.708918485990840170300353981013063      
   298.466553801136307081368515626639702      
   298.221260723267612593651877523839477      
   297.973094193034663720406176398328916      
   297.722104948767871953785788334759610      
   297.468339398287457481039371965869119      
   297.211839499526652187781619924077217      
   296.952642654027639178865188925250953      
   296.690781621226664663635410934722773      
   296.426284418643436589259488640521812      
   296.159174260937111999437965370256977      
   295.889469474814696752440591578056058      
   295.617183448924278576726882340304605      
   295.342324559749771245873097582156290      
   295.064896124658538307429074061851039      
   294.784896343387728579733816430018352      
   294.502318247437125331329720507835423      
   294.217149640269665431185499060913996      
   293.929373053755868324244756019960912      
   293.638965689049144145369151257515870      
   293.345899355056958100812179244966244      
   293.050140406094001313685314350486457      
   292.751649683298491353805105041074984      
   292.450382447503192994836079055339651      
   292.146288283123713614611331648318027      
   291.839311035527963583389114338270172      
   291.529388713180277887242982801173708      
   291.216453382590922186016251170224725      
   290.900431066466168629806561078186790      
   290.581241617653493658733753584187976      
   290.258798604459451874260109034243154      
   289.933009101516884814658717592336584      
   289.603773732630772340066362218238112      
   289.270986227116239806691414975485666      
   288.934533437429372815598998766814421      
   288.594295045223667591597708741878231      
   288.250143383553876194340506547032172      
   287.901943189874938667312790221836238      
   287.549551378948431084785934147519712      
   287.192816734015783701622989191206651      
   286.831579617654473376426912909024330      
   286.465671664073415036108824781008474      
   286.094915412881458840408054292318174      
   285.719123973398296253101466017175355      
   285.338100549420112776343646183483228      
   284.951638078541878968638566189382854      
   284.559518737853932638931886460354390      
   284.161513418335601690892563150248657      
   283.757381189904415186391338988570097      
   283.346868710741000374336021862290223      
   282.929709579275829284794009512942784      
   282.505623688754848580411238073891258      
   282.074316413848558229678947002747445      
   281.635477890593311663788160597394483      
   281.188782099527597304448714274066617      
   280.733885934696227431753048633726393      
   280.270428208546153449777575912792949      
   279.798028565590341840992595714893708      
   279.316286263860336503121052215709060      
   278.824778917962345611217380438175005      
   278.323061139720433846544224058357265      
   277.810663009559053317089571370552025      
   277.287088368563147552959094390035826      
   276.751813255155028098676942429474208      
   276.204283695426211258660297127497465      
   275.643913707923898386990000067538325      
   275.070083514892759960446030196926597      
   274.482136199522488365045307395941451      
   273.879375597577311581639730406139202      
   273.261063195645787991190173603897899      
   272.626414978512355444202951755091493      
   271.974597846461678362352815861235832      
   271.304725870214721790057580262224804      
   270.615856093803061812202587790429954      
   269.906984153413091412793112974731435      
   269.177038994813480651174183370797837      
   268.424877641307683612231747633513051      
   267.649279194550755924778794573167215      
   266.848938585033071351849581209394424      
   266.022459118280651840654113593142983      
   265.168344958733145904185202254439829      
   264.284992939472711175662944277710330      
   263.370682926358460914495547867584325      
   262.423568534227534127062076949441616      
   261.441665952413463745095062140350199      
   260.422842488464387476864636098844770      
   259.364804552830730533803932928922399      
   258.265083668157208400993812513532910      
   257.121023052153607518341009976668434      
   255.929763745075743113189514158060951      
   254.688227761268894509059619417967775      
   253.393104393700502318969721093987497      
   252.040834273336126677461789729648781      
   250.627595438643452532037463338957446      
   249.149290546627820140093269266306872      
   247.601536069383143028113696766581342      
   245.979656969399037428378382339163977      
   244.278685100755827611298235820471377      
   242.493366099746272723022165603864342      
   240.618177410978211417752814033563621      
   238.647357685565433990401800762373825      
   236.574956342071499973594245542300276      
   234.394901491547528469556700501818103      
   232.101094081054668862172161753224144      
   229.687533922533645424762636743800913      
   227.148470644658825435353365452266915      
   224.478606007553438336362916268884947      
   221.673305800307428578745172478175132      
   218.728866027710069190563627429026284      
   215.642792015629788374013952344760326      
   212.414093645384595089746415345590465      
   209.043576236754658453492778888661010      
   205.534110467384430621916908566048189      
   201.890843387674442879905490768317030      
   198.121396146504779684684471460795364      
   194.235877463819713298984902080497238      
   190.246868712256548733186416725738145      
   186.169251973260443028566278416000127      
   182.020024540813057817145341398186208      
   177.817494257788417474325070059117582      
   173.581317516403678572765524606269329      
   169.331585323393171743168638435887199      
   165.088300012966166022845642494058452      
   160.870791613381571883479210276335161      
   156.697195248708375840306288958497688      
   152.584024229887115248307130822447175      
   148.545860155823270366030630331888257      
   144.595164211788487992424460306228315      
   140.742211594084895543150739464582355      
   136.995123623382978361598570434583994      
   133.359980916758454778458481435051927      
   129.840995221574155487312656236866688      
   126.440714086321565103830824577513331      
   123.160243038122422851319670176741232      
   119.999466326418099773936450184167593      
   116.957259264467901597738659907476678      
   114.031683393846094524754717376176849      
   111.220160726765181651679872312833409      
   108.519625027144524899385746299083469      
   105.926653219153709826443443402358911      
   103.437573893348660622135494709123121      
   101.048557724602500880460220893979331      
   98.7556913460941245243773176053154126      
   96.5550364593353649211534806565735619      
   94.4426764490007616417464172621935644      
   92.4147524677285317563381645256916624      
   90.4674915264192994636581962319879556      
   88.5972263963189566525396390756630726      
   86.8004103810758033598684118008999352      
   85.0736272025361068123464699105509632      
   83.4135970696815748695854933178794743      
   81.8171800264386404937614787303012681      
   80.2813760590742502623750410311113318      
   78.8033250836071125941853687779089245      
   77.3803039100165925083011245075899917      
   76.0097229712880919999374940178728465      
   74.6891223673080881611737477346979716      
   73.4161669337345401226456954974209298      
   72.1886414757594616759340261959162189      
   71.0044455235940368909483354021586455      
   69.8615880731542765507227664430649812      
   68.7581822721891262832041872647899249      
   67.6924402234777749965329118496628630      
   66.6626679669878198000280059227356737      
   65.6672604508569223245626214364267120      
   64.7046967639092886027880203018354192      
   63.7735355302414030710327363409672254      
   62.8724105728399766248334005012740082      
   62.0000266990968742518041363338246917      
   61.1551557076627934001102580247223295      
   60.3366325979733632514921418413615096      
   59.5433520461545415996201215553465984      
   58.7742649534822547693434905725787447      
   58.0283753322754645975845410381774298      
   57.3047372244464974118711091839008594      
   56.6024519260953406687039966814513040      
   55.9206652566154908005157967153553638      
   55.2585651035034620561566315282768374      
   54.6153790008149290692284713050336812      
   53.9903719521462889307220086855538183      
   53.3828443232809845058862531149911947      
   52.7921298789890488856842534379963354      
   52.2175939126185628813121346476481464      
   51.6586315630050682236292319654225443      
   51.1146661500794719138594538772944633      
   50.5851476213883156770603422680020225      
   50.0695511701988566433829358370453215      
   49.5673758745117979516510625394583333      
   49.0781432534630527465585592460219491      
   48.6013963621180771093076561716041533      
   48.1366984838814444803278548575605586      
   47.6836320708115922767561409308405069      
   47.2417978061629571069408453137303399      
   46.8108136136894228381283730053943673      
   46.3903138137378690259501976565029267      
   45.9799482636181115626364399263697654      
   45.5793815807001192186607415194521269      
   45.1882924043322301873254354711562147      
   44.8063726972612508498695326525217955      
   44.4333270794461214201311229042146588      
   44.0688722243698803828950439335486969      
   43.7127362550550364527341492240731229      
   43.3646581972246611669826033978582235      
   43.0243874571242118884042872912604473      
   42.6916833288300141329326437987034435      
   42.3663145220334159798131669898980631      
   42.0480587207477396330880498235996410      
   41.7367021691498969028987998809254465      
   41.4320392751394335914634905675001003      
   41.1338722348791169355903382241680513      
   40.8420106733683343022728581229102894      
   40.5562713194602827100724664388740710      
   40.2764776754902880524172511483546381      
   40.0024597226022240954786681244410881      
