   6.91360382032448847522976250442333937      
   6.91360382032448897452856100055816334      
   6.91360382032452743201328781372420908      
   6.91360382032516444341181800519020349      
   6.91360382032990751712095170087343337      
   6.91360382035170981779289183138594064      
   6.91360382042467998402730497058564329      
   6.91360382061958405575437607666636438      
   6.91360382105548862151299900543781020      
   6.91360382188595357241757281132043212      
   6.91360382321898980232387917871609474      
   6.91360382491702757156153010328717615      
   6.91360382622650346107227300877893822      
   6.91360382520635178908762159940181587      
   6.91360381795271752371623339924033281      
   6.91360379764466427417932964675518745      
   6.91360375345691121680546305677551294      
   6.91360366939923813122441710926878563      
   6.91360352314906494448460207072598441      
   6.91360328494558843534211892250583318      
   6.91360291661224384152915806037164674      
   6.91360237076966770473143193892898757      
   6.91360159029340027445645756966018927      
   6.91360050805937949829552493529159823      
   6.91359904700488585996320644892682679      
   6.91359712051485350480097374996499423      
   6.91359463312333744008783669451223495      
   6.91359148150083770134986890222451329      
   6.91358755568103606053625307379780050      
   6.91358274046666649634687453527448068      
   6.91357691694677336671144997198274546      
   6.91356996405434724161829944375034417      
   6.91356176009583288021101355535109317      
   6.91355218419069294457265937647782570      
   6.91354111756919515478307532186656975      
   6.91352844468847834361116537767597382      
   6.91351405413979521086740721757418889      
   6.91349783933217875440325920097604952      
   6.91347969894953369252282270072432815      
   6.91345953718756044781812097902875182      
   6.91343726378532801253074561904912679      
   6.91341279387183515936264299038212790      
   6.91338604765216590699391743816479702      
   6.91335694995971443814225636511506039      
   6.91332542968236194563584118640925715      
   6.91329141919900602136725944352251724      
   6.91325485359151847117087187488123998      
   6.91321566998377628800708549440027369      
   6.91317380679273925997484009633685694      
   6.91312920299823820170975563346730985      
   6.91308179743087786491636339222049252      
   6.91303152808907181251008761957786843      
   6.91297833149335312108549642978042750      
   6.91292214208319855468085961770614769      
   6.91286289165992871831588004522049524      
   6.91280050887680076712365715307060966      
   6.91273491877578641942375738361641601      
   6.91266604236960910620726953280622842      
   6.91259379626567164698749208547097122      
   6.91251809232904626481004726678636733      
   6.91243883737903401972164581252690566      
   6.91235593291596434297392117068792218      
   6.91226927487244172982927289688511566      
   6.91217875338451665667869465124719070      
   6.91208425257849336529236355888373555      
   6.91198565036627526530968607153781556      
   6.91188281824882722178173379642361168      
   6.91177562111867799750284989562099748      
   6.91166391706168598896147003047544789      
   6.91154755715304809347400153518899281      
   6.91142638524147835579990949144359053      
   6.91130023772457448989234867544251908      
   6.91116894330706637237993276486081593      
   6.91103232274330134781748174260383903      
   6.91089018855874030907126703277136597      
   6.91074234475461970205272272491250204      
   6.91058858648248424858817074044179553      
   6.91042869970394773057166891183691290      
   6.91026246082033153947676665107627388      
   6.91008963627751865985354871599663221      
   6.90990998216159760030111132472806815      
   6.90972324373010127866876669313226140      
   6.90952915494331299198848486936517530      
   6.90932743795872159429263634053100024      
   6.90911780260589875629588771958691026      
   6.90889994582118247508768000750803404      
   6.90867355105753259282349110010301801      
   6.90843828766135332640174020992184148      
   6.90819381023993240036495353921611024      
   6.90793975794430642287881462944221622      
   6.90767575374769682323970678989450017      
   6.90740140371519038668545349627633968      
   6.90711629621243316951762903131884596      
   6.90682000109194325393746586018811410      
   6.90651206886458461262250368702305011      
   6.90619202974238733263128880310376743      
   6.90585939267838734280348943609431294      
   6.90551364444657649308368212835504558      
   6.90515424862137788556595248665920848      
   6.90478064448809543922952669306576361      
   6.90439224590831624669353888873844732      
   6.90398844014637635777851735053815428      
   6.90356858694665082012125235275848716      
   6.90313201658302640272513523779961519      
   6.90267802908732708687594613234810654      
   6.90220589280897771098391932400604565      
   6.90171484283499280158702527844007435      
   6.90120407928670306686551583841696026      
   6.90067276588214332167004637743903358      
   6.90012002874358421025715623548974771      
   6.89954495375123628874907672704314094      
   6.89894658498631951495238505376255315      
   6.89832392348567167303226531669740882      
   6.89767592446293975975460672748954758      
   6.89700149503268348698383470269195037      
   6.89629949272498854862217602662957726      
   6.89556872317609742082080039338675222      
   6.89480793610633963205665669828813670      
   6.89401582529342420933263764567679303      
   6.89319102342125908169911262808585484      
   6.89233210098617209456503352173295465      
   6.89143756222400175612351644596452720      
   6.89050584246381191015352207378189265      
   6.88953530495648522724728581879846036      
   6.88852423708619345636061853709795053      
   6.88747084657110199757744912384320429      
   6.88637325859031555203862199351593620      
   6.88522951013728647481504091267397787      
   6.88403754755096936207783886744026279      
   6.88279522086261568483353884164996895      
   6.88150027949927049078194665072540426      
   6.88015036744185483672389429057316461      
   6.87874301750984644424977749074421068      
   6.87727564681105782142841693708186448      
   6.87574555086714468912766849028657147      
   6.87414989678831496307440484252635341      
   6.87248571666692184812085249367337799      
   6.87074990288914835992782271654418802      
   6.86893919943210994468276148945092850      
   6.86705019459461249134266018341964428      
   6.86507931369411684466993885153347202      
   6.86302281133587405403012717393634403      
   6.86087676129690157543426546815001109      
   6.85863704921173224022839507741311242      
   6.85629936188105240452051442650074070      
   6.85385917823126899268595466405892342      
   6.85131175835931252994921243751212021      
   6.84865213220489172083177934551043395      
   6.84587509002232354854817992011609310      
   6.84297516704760590190138446582940149      
   6.83994663440077589785492880837296620      
   6.83678348358271156820936728099808020      
   6.83347941314037557123219961252194810      
   6.83002781610019118113031290953625365      
   6.82642176308385034404378371550650904      
   6.82265398675125365909688973113134825      
   6.81871686948535680576006957861118946      
   6.81460242161353355688247502392126638      
   6.81030226843727767373980725800085761      
   6.80580763189046990056753769442576184      
   6.80110931209651549836510231463591651      
   6.79619767175363010972088553171155211      
   6.79106261638692277459688273652353393      
   6.78569357818527914228662992194550871      
   6.78007949887877343830655090020936044      
   6.77420881287826893687021510769633026      
   6.76806943224241591196892479422535557      
   6.76164873426015575506944744707582693      
   6.75493354853584668470219946083725380      
   6.74791014825087782671430550049065328      
   6.74056424587586018617274337211108218      
   6.73288098951832342472983171531570881      
   6.72484496912689371273951276657731307      
   6.71644022390801538326189635651379223      
   6.70765025886689735200754330070074064      
   6.69845807050163547740518158358937160      
   6.68884617563898362799187338879309231      
   6.67879665582168202125353150045892406      
   6.66829120858144801124128148621781833      
   6.65731120416236919851690432605156972      
   6.64583775513647482484394121242624999      
   6.63385178860866830512216106003833642      
   6.62133412116867124656601646621145093      
   6.60826553423384546763116242084758763      
   6.59462683857380910633891448622753963      
   6.58039892475449973220007509287561189      
   6.56556279337505878369358470001245886      
   6.55009955954511503131863881986471112      
   6.53399042069518705315460155903577865      
   6.51721659211486387096271299614097742      
   6.49975921651707985777522758986907594      
   6.48159925092539002153220310376533397      
   6.46271734115884056140706988253227503      
   6.44309371461966135141687615248921859      
   6.42270808832287537678043058445706737      
   6.40153962114266410879493782437018321      
   6.37956690899250115142895141128204673      
   6.35676802787046625510078276048514755      
   6.33312061695344715613052293522319354      
   6.30860199381762907847279116440531456      
   6.28318928809181419255378223581873055      
   6.25685958198352925432084367843722849      
   6.22959004636095864347512239089803798      
   6.20135806529510636044442175559563789      
   6.17214134248631716058604690942555096      
   6.14191798633915079039009200537195377      
   6.11066657535448374890864156090608694      
   6.07836620173738957494014126144054095      
   6.04499649762663431999362797891443608      
   6.01053764506277825560726877819558879      
   5.97497037299423251415802242896420933      
   5.93827594415051654297513358016161726      
   5.90043613366062909148050364882350411      
   5.86143320295257119829917191462340832      
   5.82124986908779135097812198462505740      
   5.77986927247200069194499829568570762      
   5.73727494324152191528328681578889201      
   5.69345076791382578318160011405195762      
   5.64838095658704771046761813329598455      
   5.60205001115184864645770874333236812      
   5.55444269517089624769072052127604110      
   5.50554400529038898197954548802252646      
   5.45533914462084186188739190678707830      
   5.40381349779896752877288400585983928      
   5.35095260796533903756136801550021446      
   5.29674215545693450948430686044439985      
   5.24116793835901589768995388381717118      
   5.18421585447349289075515845103343744      
   5.12587188500074457120726676417548377      
   5.06612207948448252302124686121993562      
   5.00495254214499883946386570660973295      
   4.94234941946642048471806466974898581      
   4.87829888880153322547478015825928254      
   4.81278714806640102412907096070396401      
   4.74580040632672043383649309745022137      
   4.67732487529902038429036369038154535      
   4.60734676155713390876253160664955847      
   4.53585225949264631417541442387198908      
   4.46282754488416077037152951104729492      
   4.38825876909734900320638658835627987      
   4.31213205376584807605842079873405635      
   4.23443348597619944879743172475971817      
   4.15514911389620733327835898127930058      
   4.07426494279561464192336465332173185      
   3.99176693141796754747307188115059755      
   3.90764098869261686362873250788267346      
   3.82187297073520075784091737177411869      
   3.73444867812583387638630229559644374      
   3.64535385342559642372006243529117558      
   3.55457417891590135244615972905569568      
   3.46209527455752859437751699366713041      
   3.36790269610437851368118899037174250      
   3.27198193342260098509666938781624042      
   3.17431840892066528974557394749341803      
   3.07489747616710781743602913168708221      
   2.97370441858954005966793269448791102      
   2.87072444830937956764002343580125511      
   2.76594270512702519143072101177942132      
   2.65934425548614864496817785416104733      
   2.55091409167939639952454680058031980      
   2.44063713101838990359147657775079384      
   2.32849821510547802658880252293914244      
   2.21448210921612201408040393801238444      
   2.09857350167972746021418477937617426      
   1.98075700344978679656198292854148232      
   1.86101714746078980172427126284691687      
   1.73933838834001276188280122079648167      
   1.61570510194725369167487790512858898      
   1.49010158509645737017434487195592160      
   1.36251205518457781345519856894718947      
   1.23292064996010003578489935994332957      
   1.10131142730149470375326502344363532      
  0.967668364956084907814789689225581667      
  0.831975360389121474299866936032117620      
  0.694216230630447961697893238057790029      
  0.554374712144119774571946345515777963      
  0.412434460671519154524596797177503457      
  0.268379051201393970831438584532476151      
  0.122191977847414642421503919039851896      
  -2.61433461916661647805299376999047068E-0002
 -0.176643588661134716398430926688104279      
 -0.329325498310885377841493374844429007      
 -0.484205904885591528440126624996214302      
 -0.641301719138760749590312267815711098      
 -0.800629932812560631183377458429046623      
 -0.962207618618655585849467587142445024      
  -1.12605193023611173370278580281749378      
  -1.29218010223101680104725277372395165      
  -1.46060945002445979573138661394654119      
  -1.63135736985632501251572296979681158      
  -1.80444133869834794083420268965637220      
  -1.97987891418879251081530165802656232      
  -2.15768773456123144681898766288327433      
  -2.33788551855903000601399887344362259      
  -2.52049006534679768671174486125539171      
  -2.70551925442198991057665752799995233      
  -2.89299104550101169743035022090533131      
  -3.08292347843633743383926449045775041      
  -3.27533467310075849684379615936936815      
  -3.47024282927196935940817897728456382      
