   6.91360382032448847522976250442333937      
   6.91360382032448897452856100055816334      
   6.91360382032452743201328781372420754      
   6.91360382032516444341181800519017345      
   6.91360382032990751712095170071394172      
   6.91360382035170981779289177401826462      
   6.91360382042467998402730090733801420      
   6.91360382061958405575427261750391357      
   6.91360382105548862151167320643234684      
   6.91360382188595357240709747697993985      
   6.91360382321898980226576482199091637      
   6.91360382491702757131434984844777206      
   6.91360382622650346021083347330032050      
   6.91360382520635179001298547352538622      
   6.91360381795271752162794248197276230      
   6.91360379764466425540597179213868441      
   6.91360375345691108508396191450792846      
   6.91360366939923738003250806742396884      
   6.91360352314906134802067887992297334      
   6.91360328494557360056805009327435841      
   6.91360291661219000478060731613096973      
   6.91360237076949282936124927325491551      
   6.91360159029288457559847417567204822      
   6.91360050805798241045776831313213698      
   6.91359904700137401138403382125084369      
   6.91359712050659317828408568749890686      
   6.91359463310502544099223300881641881      
   6.91359148146233968056530588654472867      
   6.91358755560386974566026380894694611      
   6.91358274031850934223654425384986326      
   6.91357691667319171033619726747742334      
   6.91356996356674057991354591425965057      
   6.91356175925436691452701941770203401      
   6.91355218278076295592313513560316781      
   6.91354111526972267063906976520763725      
   6.91352844103010260428809407409028416      
   6.91351404845078050712799908754318746      
   6.91349783066962324557038369592924808      
   6.91347968601323377281956891744791775      
   6.91345951821366150030016347650037105      
   6.91343723641668244398697989218808368      
   6.91341275498076267894111895872029169      
   6.91338599320973355538526933563266205      
   6.91335687476541427590562587615758031      
   6.91332532714116702292535997893214904      
   6.91329128097056433795886722476004491      
   6.91325466929219560705403688484273541      
   6.91321542677774273722082626338982298      
   6.91317348894330153943521018653180802      
   6.91312879136079067308346012706837403      
   6.91308126888325599538079443027663808      
   6.91303085489504051008019843408331109      
   6.91297748059520201635199487298600123      
   6.91292107431944036210818390909351920      
   6.91286156090437129646403185627317555      
   6.91279886109555913456562214080792626      
   6.91273289099894204243171926882756122      
   6.91266356157476728728537461312685513      
   6.91259077817075127986767104504879657      
   6.91251444009253541769585037479776274      
   6.91243444020554245463595352013532157      
   6.91235066456628822385706240268798577      
   6.91226299207693865587652186611759902      
   6.91217129415968778796798506765764602      
   6.91207543444704321955408845688024314      
   6.91197526848003283557671020482001207      
   6.91187064341695054330979374258836038      
   6.91176139774079523976985974397725756      
   6.91164736096832687696629726422695576      
   6.91152835335553925766370963701381058      
   6.91140418559154747903639326783308795      
   6.91127465848843093807462941684855913      
   6.91113956265361429672213026449337825      
   6.91099867815225785036247075961794178      
   6.91085177414514288173198902172221247      
   6.91069860851956753251691261622333438      
   6.91053892749192438014296758217279289      
   6.91037246518510236848707075657315808      
   6.91019894319375064119215973656217534      
   6.91001807012528253971722687320973462      
   6.90982954111734038403523016394648122      
   6.90963303731629240170767994922789113      
   6.90942822533063439252368298056013072      
   6.90921475667042808682018367709367479      
   6.90899226715496802604147658873787749      
   6.90876037628589439349380143901038244      
   6.90851868658808129580374078205064657      
   6.90826678293441554854839278104021129      
   6.90800423184453763841090911579683481      
   6.90773058066435003289308101106683287      
   6.90744535681422830792121193543008173      
   6.90714806696693979747796795585334205      
   6.90683819618127480226317568111928572      
   6.90651520702696273709177805941765620      
   6.90617853864652369820277470606310130      
   6.90582760568158518632299674777507186      
   6.90546179716405129634166965999185392      
   6.90508047581037124868590936867533954      
   6.90468297646668767245523087712437177      
   6.90426860508424394432449993374959910      
   6.90383663751026058100996298761557980      
   6.90338631829699221172538445857855518      
   6.90291685897793342222832283979973451      
   6.90242743689550244392940134708981761      
   6.90191719365280650392441871487185029      
   6.90138523384636956198023702652021788      
   6.90083062284931427792612135717217765      
   6.90025238518647916409789438862704511      
   6.89964950328103151503540943210312951      
   6.89902091532464807829020372888478471      
   6.89836551238714068092036011466951571      
   6.89768213760845187572844592115216993      
   6.89696958377762449382792983536554421      
   6.89622659017635934926931103800427677      
   6.89545184051465598691168237737008488      
   6.89464396173756186975649279624310907      
   6.89380151853047586319949167690960522      
   6.89292301391850180075334970303295156      
   6.89200688327527703751821581044709222      
   6.89105149356960902276639966741024092      
   6.89005513816695545790077436424183044      
   6.88901603547421491042486973516036451      
   6.88793232320824099913818322641630590      
   6.88680205687082021059401110054674144      
   6.88562320345725196379899533268123382      
   6.88439363975824924313999444022698410      
   6.88311114584560388459927613257785996      
   6.88177340252487592087087798044455567      
   6.88037798476896579555122552700433122      
   6.87892235805476730419216201914469248      
   6.87740387163660021199067812218948822      
   6.87581975530226870622018187300646650      
   6.87416711195347489280314471398622962      
   6.87244291095157030615318449342678615      
   6.87064398378787997612169035746312419      
   6.86876701631526037304111613223056436      
   6.86680854155606289132797667170100082      
   6.86476493290691628489225071446053742      
   6.86263239708029696673216636705203090      
   6.86040696505242332768436077184250943      
   6.85808448427343073776329221400532531      
   6.85566060960683327839044626021385453      
   6.85313079627988964922544419279978630      
   6.85049028735701147804739940865081796      
   6.84773410610565138401707845781167341      
   6.84485704545819394571333080639687317      
   6.84185365792298588013073083792611044      
   6.83871824278651022356608420980345276      
   6.83544483707327451252900107700563695      
   6.83202720212198476737984269804596507      
   6.82845881406065090192295013212649148      
   6.82473284906131311164013002048630401      
   6.82084217138602182101501661430253082      
   6.81677932166195018587707869270587038      
   6.81253650337490056549645668734409610      
   6.80810557000343838322584208060449661      
   6.80347801248553205187519429824490818      
   6.79864494665231474929916192236482527      
   6.79359710085335418541893208222439536      
   6.78832480459742664526720880531602090      
   6.78281797761705867142250002185703074      
   6.77706612019316118142589845310528876      
   6.77105830500726479126723523587286201      
   6.76478317142624453277827684369263615      
   6.75822892093800292273803536416367285      
   6.75138331618638485165977668414976628      
   6.74423368235142702184512965071891314      
   6.73676691828421667402028862623075555      
   6.72896950000948137733702740989876778      
   6.72082750481740404268603493511451291      
   6.71232663031749675497068754042369386      
   6.70345222502173543597891308773062460      
   6.69418932811332028002718657205834567      
   6.68452270881328496041233423454042601      
   6.67443692393227920614465745116893596      
   6.66391637053554572030866906579064763      
   6.65294535124174749597467988571691968      
   6.64150813506211366455734846071497571      
   6.62958901996909592797444487295918274      
   6.61717238516231660608566676225135051      
   6.60424272959208855704204959784462845      
   6.59078468905909165890018581695120495      
   6.57678302093924269598523378921380814      
   6.56222256115572253885012685155978442      
   6.54708813869134811883609930100123407      
   6.53136444924266470140675584823843384      
   6.51503590537919581300734549115192708      
   6.49808646610507447691522254132764283      
   6.48049946082786601830988941388592444      
   6.46225743911855085376923323297086356      
   6.44334205141675948542963720095057335      
   6.42373398372165855477728207628190476      
   6.40341294824495812887958788345173019      
   6.38235773311703020035643533329520684      
   6.36054630001930642403869226944409243      
   6.33795592199142104278124068289290106      
   6.31456334613011174862573665757411481      
   6.29034496581490306460058411598990716      
   6.26527699541012634011262202668717922      
   6.23933563170826658273038440274824104      
   6.21249720021878870788325880773526925      
   6.18473827954884307422818767122966167      
   6.15603580403605898296519019298300209      
   6.12636714201205115284576370989130203      
   6.09571015404115193066320560492590238      
   6.06404323038932062839530749188884546      
   6.03134531273222406808337526755397950      
   5.99759590097992443671966648158726991      
   5.96277504937031982711503393305321083      
   5.92686335283393455456308172349374202      
   5.88984192710299562531214625886053848      
   5.85169238374695916745605536921167998      
   5.81239680203145365890622989307570380      
   5.77193769865378881591729251643524620      
   5.73029799647076564043018989719541818      
   5.68746099312747026031003905716694264      
   5.64341032992833583054031662055945405      
   5.59812996183426277454815653221268077      
   5.55160412834040676642076249794667288      
   5.50381732590593679811080274897566888      
   5.45475428182773942597296887133748906      
   5.40439992964125962425812894018490580      
   5.35273938628773419546451043457259644      
   5.29975793060759515712166308483263230      
   5.24544098362328632147927026258154698      
   5.18977409007881651728053017739857682      
   5.13274290153353848761668253002446793      
   5.07433316073297777590766906155364696      
   5.01453068720667841318205386946067749      
   4.95332136405569004659672726630328511      
   4.89069112582428215046150982615117405      
   4.82662594734421419823579096065336181      
   4.76111183355304666739788195157626673      
   4.69413481011758555745665477216558640      
   4.62568091486830542818449678829577772      
   4.55573618995751321765161961191142161      
   4.48428667466854749973421303397597706      
   4.41131839884026095922096536001910709      
   4.33681737683792039972284476068674818      
   4.26076960203657364124851092380591394      
   4.18316104179521044792287300370289433      
   4.10397763279956919402792926718515837      
   4.02320527682223912835977392831743915      
   3.94082983687888992110746146163506132      
   3.85683713367433526690791556873528764      
   3.77121294228133958835246424711771684      
   3.68394298923721585243711868700614905      
   3.59501294976276402132400569816683176      
   3.50440844523316676841250237843066122      
   3.41211504093487399212047054417587574      
   3.31811824390855732541281145830681184      
   3.22240350102951201176787137000624383      
   3.12495619723248482356055361118256291      
   3.02576165389818059854214693408896189      
   2.92480512730108231229978905662460735      
   2.82207180730609141131553469013006202      
   2.71754681607539922178978998041052684      
   2.61121520695083544119337988116793565      
   2.50306196332173885992821259067015670      
   2.39307199773409227245408825356354546      
   2.28123015091821729029661587912086509      
   2.16752119116525627323634935558265744      
   2.05192981329404811688542839701784210      
   1.93444063817757416717604698057126039      
   1.81503821206516681958821178697460052      
   1.69370700600952664979956571883777810      
   1.57043141533585739164551071362937010      
   1.44519575919535064897708711430444961      
   1.31798428011852405330111095881434568      
   1.18878114362381174555242545552521236      
   1.05757043786751201251750269808150422      
  0.924336173325278508837291311235075339      
  0.789062282520488874173605980153385750      
  0.651732619698670913052786371097590811      
  0.512330960682750252388907907550109920      
  0.370841002614042206157149144571683889      
  0.227246363783835019823086862388575209      
   8.15305834558732026367698670231545347E-0002
  -6.63228782544762596981162705276017358E-0002
 -0.216330640510891843142022595884807107      
 -0.368509401873470922822101993511878550      
 -0.522875940357996993764109168631445369      
 -0.679447113541338039247035285971431181      
 -0.838239858609097170167318209545494655      
 -0.999271192379526571783841083467151760      
  -1.16255821137500168016370039292990760      
  -1.32811809180961119007130699017191450      
  -1.49596808962322574464944079126056414      
  -1.66612554046573886397363685471711162      
  -1.83860785969159174180536630404721532      
  -2.01343254235748426402954749357875958      
  -2.19061716315366979226080575544062749      
  -2.37017937642046313599176883086046445      
  -2.55213691606760792977366769096478237      
  -2.73650759553047052162091272833268786      
  -2.92330930774314074071020995633879977      
  -3.11256002503352226420892496799372516      
  -3.30427779908738985733441968488665594      
  -3.49848076085056635008293486963556935      
  -3.69518712046702897939637755682333773      
