   482.989325854482766625225197452827150      
   482.989325854498234655481154983509087      
   482.989325855059819086560773405629569      
   482.989325860516629894659871617052082      
   482.989325887322284515814488361502245      
   482.989325967435644092574248308849482      
   482.989325968950923144816678872703764      
   482.989323869000587485052950367357982      
   482.989307850192948610808219462035206      
   482.989234838319703248269599821481897      
   482.988991240619909494487089137718619      
   482.988340383513754810360221183303174      
   482.986868773418194566322066380837067      
   482.983944755005527744920521361480105      
   482.978698901874394749606996849633027      
   482.970029030595923299417460368253328      
   482.956627172593350682641781245179776      
   482.937022557255089887446190224693542      
   482.909633640642578154541031804952676      
   482.872822786505458280192514111587766      
   482.824948605073186268652914130666444      
   482.764412585967186917242848039953177      
   482.689698160036948837077624678560358      
   482.599401519162593975527587298659485      
   482.492254369753731981935371291223564      
   482.367139324670036181955339072984065      
   482.223098912673239440299563860272820      
   482.059339272215091384804429136650438      
   481.875229563627434313071569837507320      
   481.670298031978270044368057622296902      
   481.444225518782085086843183059056203      
   481.196837083099966532389787754638544      
   480.928092265474368881620581148729017      
   480.638074419114744908337401333494079      
   480.326979444857648549741426493008808      
   479.995104197918834564130114264791518      
   479.642834782617255571291885646479324      
   479.270634912594858129410158319344685      
   478.879034484344443636185318221151535      
   478.468618489346661472478592961871295      
   478.040016370658382139625812691952149      
   477.593891906381535041281866520958610      
   477.130933735464683239140786368059245      
   476.651846486169246675745088690243479      
   476.157342678927548794213286395704961      
   475.648135343111787089878304036821645      
   475.124931400948340906347072052950567      
   474.588425817700366425233646421403173      
   474.039296512130696922790771689668523      
   473.478200009653204793437314977210118      
   472.905767812429606174460624048989974      
   472.322603452998810542231805576433887      
   471.729280190742656632265170131061376      
   471.126339306466382627396936627657836      
   470.514288946895785361782215725346000      
   469.893603468139830745418711313487705      
   469.264723225860259976359216671144583      
   468.628054761073926860325028111357937      
   467.983971329397183183573246150840788      
   467.332813724681859568660116366937469      
   466.674891348996011283127158865008906      
   466.010483484389671243841993708443376      
   465.339840723637580822259261791561863      
   464.663186522300615335665629764845833      
   463.980718835861426264243500500756615      
   463.292611808735814085813378060607998      
   462.599017490152103106896564147579524      
   461.900067547060063261948261602721637      
   461.195874956220025111372483281022442      
   460.486535655509736522291719066123545      
   459.772130136172067247396644608492176      
   459.052724968679166375229356883519616      
   458.328374246087393780391669471140834      
   457.599120941564170846237702785429159      
   456.864998169316448493321187823690417      
   456.126030353248033920178937106255244      
   455.382234286942689567642235784972330      
   454.633620106045622836869815770483100      
   453.880192146651687108383075660211651      
   453.121949717792775446507422836225965      
   452.358887774688087421626576890271124      
   451.590997495011326968729489113913988      
   450.818266767813576299734016440185881      
   450.040680602909916907528320011245305      
   449.258221460701286954804252119453319      
   448.470869504454551061089133566864819      
   447.678602784193933179133123338338679      
   446.881397359612158077712477463110255      
   446.079227367085377647635185353035667      
   445.272065005436444586527097197277236      
   444.459880502195827417255437724883988      
   443.642642028245530933527590302342489      
   442.820315567620460331539603191518360      
   441.992864759712409588593577632576047      
   441.160250708496634126782453634834525      
   440.322431723626519786804363451423181      
   439.479363073864927796956296528823726      
   438.630996691074533494826432931776770      
   437.777281016922498706465183764467545      
   436.918160472063099703008937650752076      
   436.053575265858697584681089852837516      
   435.183461078976056632426203475160826      
   434.307748571754094642989263895897690      
   433.426363122451792413247614018546674      
   432.539224421731146114505040483619190      
   431.646246195705489347145402602534789      
   430.747335655012331090945023779315683      
   429.842393089274293737872749723753824      
   428.931311641055898393528863829775707      
   428.013976905521440982299711974106980      
   427.090266144562245799403444814947685      
   426.160048253986748471733119684964904      
   425.223183387718765496513680662828448      
   424.279522093022850761774107304234734      
   423.328905109069179921402707254478248      
   422.371163305544607720174968431160197      
   421.406116275277874232252004128732492      
   420.433572971122419523914462844786860      
   419.453330389872082330047338464614271      
   418.465173483284838389077312530027956      
   417.468874588053213468743722475564180      
   416.464192849827468668466657661441943      
   415.450873718536765801442273648388089      
   414.428648682397551901610910856133479      
   413.397234081982496208179522803727269      
   412.356331383880669247306467636347285      
   411.305625904428960135578510292543582      
   410.244786460288872657512472376707320      
   409.173465045333238694945159011957924      
   408.091295801745205280186683591161962      
   406.997894657600483425557669147600430      
   405.892858471866523346564538332231416      
   404.775764907356116089563649150975772      
   403.646170833569629633019946865590312      
   402.503612943337536877556763346511176      
   401.347606034529021325550131065600746      
   400.177642942230640686236624555653321      
   398.993193845473777709666852937688462      
   397.793705685971840081608569259037400      
   396.578601823605782341314397426455274      
   395.347281333048045128361810700997668      
   394.099118900543769106883196017924169      
   392.833464498903713142408597436873867      
   391.549643154083340319905705554041402      
   390.246955307429734887597386487659736      
   388.924676974401637138253865075085391      
   387.582060661345313634027623828838168      
   386.218336084305837695019536361237634      
   384.832711912905029279046761391912813      
   383.424377437780716551056346615473835      
   381.992505385814765895943228542950349      
   380.536256721491717135647509666761535      
   379.054783509095774634648161506088667      
   377.547235915134621227463316659655312      
   376.012769937626481351546110702511746      
   374.450556656170967431255590978046891      
   372.859794547595459898552422680137383      
   371.239724371048755854867422571770133      
   369.589647898357444198411068029142289      
   367.908950670573030087389454841280368      
   366.197130976486108679601885917374440      
   364.453834284259807394371015668657900      
   362.678896222152964626476240630703399      
   360.872394865238725482504721629878975      
   359.034714546975631417275999888352394      
   357.166623157559214684844686019105461      
   355.269365049627959033284597192383400      
   353.344771842618548131438357209576081      
   351.395398290416248345995191127138729      
   349.424668504328379028467912586943945      
   347.437086652860708075471578064317242      
   345.438408055495917138624586896392800      
   343.435902255542327835494393921477592      
   341.438606067560040141478226077726414      
   339.457602624514936544912734066411729      
   337.506305040892344900246373509868511      
   335.600728264026135594827120712719280      
   333.759722421572732917941027124579730      
   332.005133910754461609870975182857551      
   330.361853004048347984856095755441444      
   328.857698471303017621845836228642479      
   327.523090627356352097369441390817922      
   326.390470140963090324730496261009394      
   325.493433770654033397991079078067087      
   324.865592275063445546489227477559020      
   324.539192870091538004392304967344921      
   324.543604643212606433188475242803188      
   324.903810789339155555773397793601432      
   325.639081429357992521002140059707500      
   326.762001448293915414050185622832095      
   328.277980179174339308863453037875451      
   330.185297687737757250065684998625210      
   332.475653123222100126931862279388525      
   335.135104195522472706918490460182955      
   338.145245922873606555800757760075059      
   341.484467668870473076751032006262496      
   345.129153516211332216875739255089897      
   349.054733966964678364769865592118741      
   353.236540540439869831515929103677440      
   357.650445748252557103309696381531687      
   362.273315877880515333742737148503438      
   367.083293002838151912741858547683117      
   372.059948587310577090837212341655381      
   377.184340356801814043465418913611779      
   382.439001089493411723185988347220204      
   387.807884964149403546139115227215309      
   393.276285028035852098504187938764625      
   398.830740654990749880930131153238859      
   404.458939003503222409957352282130306      
   410.149615258711937915556773037171163      
   415.892462558543952900058295655545984      
   421.678043258030336614497571174910280      
   427.497709761701344900667984121155335      
   433.343532111816425042741783201608127      
   439.208232337981021599615208198017525      
   445.085125426002926793564127240931705      
   450.968067270609619185484122638220279      
   456.851405750820649477953703539460508      
   462.729939004251219474613218852202901      
   468.598876556119351231606668178938336      
   474.453805423596001002828164924963832      
   480.290659002294427400657877357389298      
   486.105687647837914982078282852793077      
   491.895436374380532115216563649435005      
   497.656718307077618519122506765170779      
   503.386596460686271292178026853780441      
   509.082363995819241269603117849911686      
   514.741526952398573007055123580334536      
   520.361789002103824213227361042727246      
   525.941037108971060393678971820985814      
   531.477328557102101071096478817245326      
   536.968878913134849892793607650120235      
   542.414051268224844661272223028884410      
   547.811346381151907942605845775861113      
   553.159393655789228388109208922693214      
   558.456942365566880368239928560327097      
   563.702854497953242563103056244570838      
   568.896096836616637354021734889184955      
   574.035735455665959509856925842644946      
   579.120928960158601443835369097650236      
   584.150922828875952704639196868659544      
   589.125045003694743083480445484532317      
   594.042700566473569454465035314813388      
   598.903366460119769149366755447989344      
   603.706588878649541167877118011723463      
   608.451979721390701160252931605970628      
   613.139209387280064026185126028018039      
   617.768008569299284520139715771178884      
   622.338160670032617639655632763001445      
   626.849501703391141868162705038387808      
   631.301916352934258680230122473294712      
   635.695334874469887234212649203054800      
   640.029731754893301542265599228725380      
   644.305123076141957831605862655659761      
   648.521563256740216255305004214835945      
   652.679144202251226512770627373302691      
   656.777992934792849097014431464576588      
   660.818269331051069344741602684743706      
   664.800164876355200205195635902907674      
   668.723900875832200256264351151893229      
   672.589725784094709874251547641394594      
   676.397915733299249251466365260002129      
   680.148770906951974730554225382030334      
   683.842615426116026846640604637132721      
   687.479795164868702467460096805802635      
   691.060677223123252757022573562204566      
   694.585648014869909689716322565069860      
   698.055112717489518139746983391123616      
   701.469493140029449949991356769718088      
   704.829227737924941058355444600351606      
   708.134769815590757056963871371141722      
   711.386586665698133256367382098012623      
   714.585158500017632904069770071459652      
   717.730977817715887393157981516995194      
   720.824548300752308800443746502765087      
   723.866383658420897095644569624066644      
   726.857007249447141159143010054999367      
   729.796951059699248475810142729747275      
   732.686754938723189175330339805870061      
   735.526965749611816274242288106641885      
   738.318136887820427384338479557062534      
   741.060827357790172582208606244067352      
   743.755601237846242747703013986156039      
   746.403027025671820559956539592886861      
   749.003677069536693614035675432669575      
   751.558126857020378340248295899206219      
   754.066954620962943865974586212031014      
   756.530740686322658726947251725041769      
   758.950066994365560818500955495426947      
   761.325516644792708098124173872801379      
   763.657673386863575390755414100243729      
   765.947121275997117687790226126732541      
   768.194444038474243243710342460025385      
   770.400224909682483309276374344796485      
   772.565046106942444347268227974174109      
   774.689488481279545514589718849765421      
   776.774131256364064755087746427287579      
   778.819551551828115645226107489031021      
   780.826324186097266450897910573244865      
   782.795021401245769460696748965860483      
