 0.13628526479576E+03
 0.13628526479576E+03
 0.13628526479591E+03
 0.13628526479727E+03
 0.13628526480368E+03
 0.13628526482384E+03
 0.13628526487274E+03
 0.13628526497353E+03
 0.13628526516517E+03
 0.13628526552759E+03
 0.13628526623692E+03
 0.13628526765493E+03
 0.13628527044280E+03
 0.13628527567948E+03
 0.13628528496318E+03
 0.13628530047963E+03
 0.13628532502973E+03
 0.13628536201720E+03
 0.13628541540259E+03
 0.13628548963359E+03
 0.13628558956254E+03
 0.13628572036223E+03
 0.13628588745014E+03
 0.13628609642989E+03
 0.13628635305696E+03
 0.13628666323304E+03
 0.13628703303103E+03
 0.13628746874947E+03
 0.13628797699249E+03
 0.13628856476923E+03
 0.13628923960468E+03
 0.13629000965312E+03
 0.13629088380540E+03
 0.13629187178170E+03
 0.13629298420297E+03
 0.13629423263562E+03
 0.13629562960628E+03
 0.13629718858488E+03
 0.13629892393663E+03
 0.13630085084459E+03
 0.13630298520598E+03
 0.13630534350644E+03
 0.13630794267682E+03
 0.13631079993751E+03
 0.13631393263555E+03
 0.13631735807924E+03
 0.13632109337499E+03
 0.13632515527036E+03
 0.13632956000712E+03
 0.13633432318704E+03
 0.13633945965302E+03
 0.13634498338726E+03
 0.13635090742776E+03
 0.13635724380381E+03
 0.13636400349084E+03
 0.13637119638439E+03
 0.13637883129274E+03
 0.13638691595495E+03
 0.13639545704007E+03
 0.13640446022983E+03
 0.13641393025085E+03
 0.13642387095083E+03
 0.13643428538005E+03
 0.13644517588270E+03
 0.13645654419672E+03
 0.13646839156057E+03
 0.13648071882545E+03
 0.13649352657165E+03
 0.13650681522808E+03
 0.13652058519342E+03
 0.13653483695800E+03
 0.13654957122561E+03
 0.13656478903411E+03
 0.13658049187426E+03
 0.13659668180633E+03
 0.13661336157327E+03
 0.13663053471076E+03
 0.13664820565373E+03
 0.13666637983822E+03
 0.13668506379885E+03
 0.13670426526315E+03
 0.13672399324023E+03
 0.13674425810491E+03
 0.13676507167911E+03
 0.13678644730619E+03
 0.13680839992426E+03
 0.13683094613273E+03
 0.13685410425823E+03
 0.13687789441335E+03
 0.13690233855533E+03
 0.13692746054104E+03
 0.13695328617693E+03
 0.13697984327120E+03
 0.13700716168319E+03
 0.13703527336162E+03
 0.13706421240116E+03
 0.13709401507538E+03
 0.13712471989116E+03
 0.13715636762319E+03
 0.13718900136519E+03
 0.13722266656984E+03
 0.13725741109621E+03
 0.13729328525606E+03
 0.13733034186819E+03
 0.13736863630112E+03
 0.13740822653101E+03
 0.13744917320145E+03
 0.13749153968650E+03
 0.13753539214834E+03
 0.13758079960287E+03
 0.13762783401456E+03
 0.13767657035281E+03
 0.13772708668833E+03
 0.13777946428826E+03
 0.13783378770835E+03
 0.13789014495166E+03
 0.13794862740824E+03
 0.13800933021377E+03
 0.13807235226902E+03
 0.13813779636968E+03
 0.13820576937052E+03
 0.13827638239684E+03
 0.13834975098498E+03
 0.13842599529221E+03
 0.13850524028397E+03
 0.13858761599423E+03
 0.13867325775852E+03
 0.13876230645609E+03
 0.13885490882862E+03
 0.13895121775232E+03
 0.13905139262607E+03
 0.13915559961449E+03
 0.13926401217806E+03
 0.13937681133376E+03
 0.13949418625648E+03
 0.13961633466384E+03
 0.13974346335460E+03
 0.13987578876857E+03
 0.14001353767028E+03
 0.14015694770479E+03
 0.14030626818853E+03
 0.14046176085110E+03
 0.14062370071657E+03
 0.14079237699381E+03
 0.14096809406809E+03
 0.14115117260010E+03
 0.14134195071367E+03
 0.14154078528136E+03
 0.14174805328769E+03
 0.14196415353289E+03
 0.14218950785685E+03
 0.14242456354877E+03
 0.14266979499358E+03
 0.14292570599213E+03
 0.14319283206644E+03
 0.14347174326972E+03
 0.14376304696523E+03
 0.14406739111308E+03
 0.14438546770864E+03
 0.14471801675953E+03
 0.14506583054129E+03
 0.14542975834851E+03
 0.14581071187171E+03
 0.14620967068628E+03
 0.14662768902384E+03
 0.14706590269616E+03
 0.14752553713662E+03
 0.14800791590624E+03
 0.14851447070638E+03
 0.14904675184478E+03
 0.14960644030399E+03
 0.15019536086330E+03
 0.15081549690372E+03
 0.15146900545939E+03
 0.15215823634847E+03
 0.15288575056271E+03
 0.15365434152597E+03
 0.15446705850073E+03
 0.15532723027610E+03
 0.15623849288527E+03
 0.15720481615304E+03
 0.15823053322275E+03
 0.15932036976342E+03
 0.16047947259438E+03
 0.16171343701571E+03
 0.16302833103437E+03
 0.16443071338539E+03
 0.16592764521875E+03
 0.16752668788910E+03
 0.16923589028228E+03
 0.17106375119621E+03
 0.17301917239752E+03
 0.17511136165218E+03
 0.17734972733779E+03
 0.17974373088232E+03
 0.18230270615437E+03
 0.18503564924245E+03
 0.18795098082099E+03
 0.19105628786988E+03
 0.19435804057651E+03
 0.19786139379769E+03
 0.20156986378306E+03
 0.20548522996019E+03
 0.20960718402077E+03
 0.21393353222699E+03
 0.21846004057048E+03
 0.22318057670695E+03
 0.22808729468290E+03
 0.23317088849653E+03
 0.23842089235011E+03
 0.24382600442895E+03
 0.24937440775565E+03
 0.25505406858167E+03
 0.26085299753401E+03
 0.26675946034740E+03
 0.27276214422144E+03
 0.27885027305327E+03
 0.28501368261545E+03
 0.29124285832335E+03
 0.29752894813427E+03
 0.30386375084843E+03
 0.31023969379074E+03
 0.31664979702389E+03
 0.32308763613414E+03
 0.32954729695237E+03
 0.33602333563242E+03
 0.34251073667033E+03
 0.34900487316186E+03
 0.35550147014281E+03
 0.36199657212733E+03
 0.36848651114214E+03
 0.37496787919882E+03
 0.38143750365894E+03
 0.38789242510152E+03
 0.39432987701141E+03
 0.40074726856522E+03
 0.40714216776910E+03
 0.41351229078106E+03
 0.41985548523372E+03
 0.42616972220204E+03
 0.43245308598976E+03
 0.43870376537792E+03
 0.44492004650909E+03
 0.45110030613841E+03
 0.45724300509922E+03
 0.46334668406418E+03
 0.46940995824776E+03
 0.47543151390287E+03
 0.48141010389123E+03
 0.48734454489220E+03
 0.49323371499883E+03
 0.49907655017608E+03
 0.50487204259387E+03
 0.51061923822285E+03
 0.51631723518206E+03
 0.52196518204227E+03
 0.52756227614624E+03
 0.53310776206283E+03
 0.53860093080968E+03
 0.54404111812914E+03
 0.54942770326956E+03
 0.55476010880272E+03
 0.56003779846442E+03
 0.56526027720317E+03
 0.57042708967711E+03
 0.57553781956737E+03
 0.58059208884760E+03
 0.58558955693119E+03
 0.59052991959441E+03
 0.59541290866710E+03
 0.60023829083976E+03
 0.60500586704198E+03
 0.60971547128196E+03
 0.61436697176033E+03
 0.61896026718158E+03
 0.62349528768251E+03
 0.62797199405534E+03
 0.63239037666147E+03
 0.63675045470382E+03
 0.64105227554736E+03
 0.64529591374705E+03
 0.64948147046766E+03
 0.65360907264859E+03
 0.65767887201283E+03
 0.66169104464437E+03
 0.66564578980657E+03
 0.66954332942683E+03
 0.67338390720152E+03
 0.67716778782027E+03
 0.68089525612182E+03
 0.68456661637822E+03
 0.68818219151745E+03
 0.69174232227045E+03
 0.69524736647950E+03
 0.69869769825179E+03
 0.70209370728188E+03
 0.70543579801717E+03
 0.70872438901303E+03
 0.71195991207073E+03
 0.71514281165585E+03
