-0.46107139278896E-13
-0.38219985241551E-12
-0.10156632113460E-11
-0.27521108018140E-11
-0.58779420058575E-11
-0.84407208035543E-11
-0.19969707070965E-10
-0.59947517151761E-11
-0.36007792273082E-10
-0.46773983344765E-10
-0.51659307094463E-10
-0.86325198089874E-10
-0.11358219238808E-09
-0.11451421260404E-09
-0.15262419052375E-09
-0.20942528474144E-09
-0.23201033723601E-09
-0.27136016535429E-09
-0.14472344801455E-09
-0.15582783449953E-09
 0.27230422454237E-09
 0.14423654719208E-08
 0.35538459176907E-08
 0.92675350871169E-08
 0.20221935404873E-07
 0.41289339616531E-07
 0.80563059231087E-07
 0.14817149812017E-06
 0.26074212158274E-06
 0.44127531165012E-06
 0.72107760233851E-06
 0.11412192461253E-05
 0.17553958763646E-05
 0.26314624963889E-05
 0.23796875526006E-05
 0.64874846482043E-05
 0.16538752138550E-05
 0.13508294104779E-04
 0.20695483857866E-04
 0.15526344991802E-04
 0.16807437721475E-04
 0.34310183149922E-04
 0.51949995368198E-04
 0.47684759165302E-04
 0.67592554331082E-04
 0.82990360334121E-04
 0.10481874521548E-03
 0.12826402543245E-03
 0.15572183580241E-03
 0.18768024620896E-03
 0.22464639233422E-03
 0.26716557320684E-03
 0.31582330281318E-03
 0.37122854547763E-03
 0.43403135677105E-03
 0.50493380880291E-03
 0.58464909969469E-03
 0.67394469754592E-03
 0.77363583280438E-03
 0.88460119807269E-03
 0.10077099918647E-02
 0.11439255506791E-02
 0.12942981982301E-02
 0.14598228283262E-02
 0.16417419872338E-02
 0.18410865345664E-02
 0.20593403044191E-02
 0.22978354982536E-02
 0.25596679284487E-02
 0.28430767165892E-02
 0.31416400640703E-02
 0.34889488546264E-02
 0.38560700392464E-02
 0.42424167332399E-02
 0.46616085682450E-02
 0.51274157236317E-02
 0.56381371898721E-02
 0.61768689807167E-02
 0.67526466442023E-02
 0.73886941654414E-02
 0.80694967676836E-02
 0.88065303158588E-02
 0.96037122320056E-02
 0.10458934342233E-01
 0.11381586634208E-01
 0.12381881004349E-01
 0.13725322186507E-01
 0.14901230661879E-01
 0.15756361395143E-01
 0.16741048672560E-01
 0.18392201769418E-01
 0.20508554464756E-01
 0.22527844896694E-01
 0.24056696671095E-01
 0.25472205139812E-01
 0.27755619283780E-01
 0.29640445598947E-01
 0.32981621360145E-01
 0.36237996823803E-01
 0.39147594057610E-01
 0.41612940203864E-01
 0.44728498723048E-01
 0.49413311285780E-01
 0.52802485784156E-01
 0.57433633178532E-01
 0.62184519188974E-01
 0.67164330224291E-01
 0.72864346978581E-01
 0.78326041443153E-01
 0.86268929684135E-01
 0.93126592317110E-01
 0.10069747557153E+00
 0.10929705508664E+00
 0.11815967557312E+00
 0.12813617929225E+00
 0.14244118274515E+00
 0.14867076629910E+00
 0.16188825699086E+00
 0.17851972570366E+00
 0.18702827213717E+00
 0.20939525727275E+00
 0.22751391333643E+00
 0.25503129241290E+00
 0.26056496647822E+00
 0.28894432866688E+00
 0.30960128636771E+00
 0.33332812218845E+00
 0.37270178435770E+00
 0.40687150597045E+00
 0.44950133260651E+00
 0.47695658236891E+00
 0.51743220693176E+00
 0.57519336781822E+00
 0.61882718731545E+00
 0.65953970828142E+00
 0.72850716867100E+00
 0.80601046776966E+00
 0.86096266224068E+00
 0.93069271402951E+00
 0.10203432720835E+01
 0.11227792079995E+01
 0.12226211697116E+01
 0.13450158653392E+01
 0.14585771949927E+01
 0.15891267516533E+01
 0.17231586974476E+01
 0.18555858116865E+01
 0.20185150698025E+01
 0.21975642982784E+01
 0.23885310262499E+01
 0.25943093661199E+01
 0.28043829430277E+01
 0.30366459020181E+01
 0.32477943121444E+01
 0.34320673571575E+01
 0.36444005865208E+01
 0.38594575123697E+01
 0.40218672295538E+01
 0.41762979430280E+01
 0.42464950643006E+01
 0.42360611330575E+01
 0.40000078425347E+01
 0.35657063919824E+01
 0.28187263446201E+01
 0.16551096090932E+01
-0.13268944759549E+00
-0.25730454741243E+01
-0.58304106722855E+01
-0.99328910237733E+01
-0.14984291988159E+02
-0.20639787013163E+02
-0.26563852519596E+02
-0.32058140552583E+02
-0.36158127388392E+02
-0.37737736291249E+02
-0.35856525889678E+02
-0.29392561862764E+02
-0.18188793625393E+02
-0.31554389600082E+01
 0.13843466863248E+02
 0.29962546847794E+02
 0.42106902284341E+02
 0.48143728294195E+02
 0.47237357574752E+02
 0.39976452373545E+02
 0.28748520586353E+02
 0.16311361123013E+02
 0.50555748862136E+01
-0.32535775237720E+01
-0.82486001349286E+01
-0.10305929290317E+02
-0.10225300885707E+02
-0.89676605362842E+01
-0.72059514043404E+01
-0.54196700442354E+01
-0.39224339325850E+01
-0.27392116128284E+01
-0.18473793786029E+01
-0.12027352751010E+01
-0.75789096031897E+00
-0.45830832146572E+00
-0.27839259251875E+00
-0.17141839472651E+00
-0.90716390991625E-01
-0.60746168771928E-01
-0.33412125002800E-01
-0.39058507830717E-01
-0.39724590198639E-01
-0.42536823959751E-01
-0.38559212837187E-01
-0.33453743436135E-01
-0.39704896023413E-01
-0.36954656027441E-01
-0.38360722457328E-01
-0.34880330970261E-01
-0.36216356890521E-01
-0.31494123896087E-01
-0.28760754282061E-01
-0.26435029643906E-01
-0.25348160458729E-01
-0.23577117438219E-01
-0.20201407798417E-01
-0.19285337202427E-01
-0.17590529608004E-01
-0.14103475542523E-01
-0.12825028327447E-01
-0.13746394850782E-01
-0.10217690552618E-01
-0.95026441112987E-02
-0.76824381644453E-02
-0.51735142239887E-02
-0.61249095254751E-02
-0.30017910635788E-02
-0.33111705648499E-02
-0.66528679589916E-03
-0.32163907056738E-02
 0.83474207131557E-03
 0.18230768685413E-02
 0.89079498065271E-03
 0.24004720274478E-02
 0.23041840387687E-02
 0.47142041231639E-02
 0.39788984329482E-02
 0.37814659758327E-02
 0.55420896016066E-02
 0.51761111118368E-02
 0.60469360340537E-02
 0.53067335124865E-02
 0.65060839627615E-02
 0.78662609726788E-02
 0.58331989429680E-02
 0.69251346698347E-02
 0.25338613595840E-02
 0.12566730427950E-01
 0.23445256918104E-02
 0.46520628785420E-02
 0.12754355403261E-01
 0.13182444798778E-01
 0.34640579613221E-02
 0.49033464229869E-02
 0.88149410655371E-02
 0.12847031780948E-01
 0.62822663995449E-02
 0.87284003870068E-02
 0.53549141655617E-02
 0.82988182826854E-02
 0.83518212184948E-02
 0.76793435634239E-02
 0.71033231299151E-02
 0.87457538106440E-02
 0.62754201917857E-02
 0.84168859503504E-02
 0.52882517172790E-02
 0.94828605461477E-02
 0.58602731691326E-02
 0.81049246950206E-02
 0.71213392158195E-02
 0.56766789638057E-02
 0.51974193094536E-02
 0.70475495290031E-02
 0.84574925983916E-02
 0.67060731122918E-02
 0.65330600741053E-02
 0.75959721954062E-02
 0.81596167606155E-02
 0.61338058396276E-02
 0.41889549825670E-02
 0.48853107066156E-02
 0.42560175449536E-02
 0.65422861873591E-02
 0.53028616542155E-02
 0.57304260861426E-02
 0.66243673351563E-02
 0.61737956463446E-02
 0.52763924023596E-02
 0.60937452816996E-02
 0.49727552375770E-02
 0.41475684550535E-02
 0.60459016964920E-02
 0.49486777228277E-02
