   91.9024000948784202170827437330254962      
   91.9024000948756103372976966772670622      
   91.9024000947781154036684974976726514      
   91.9024000938787693816519559027131288      
   91.9024000896844288202618512272143314      
   91.9024000766383934662216019744294323      
   91.9024000450117361798554788215759619      
   91.9023999762874426695816032713703361      
   91.9023998183483736395922184668539522      
   91.9023994036952332715990961260758645      
   91.9023982669257146962361423844125038      
   91.9023953407678591234796114265616077      
   91.9023885526131442190011591818126291      
   91.9023743796610093339893374429553073      
   91.9023474336116969491309043359356535      
   91.9023001355581767666896149696506532      
   91.9022225184094422223980712178755569      
   91.9021021685550428438746222976101123      
   91.9019242974322054562201014604308824      
   91.9016719196770760457320173507221731      
   91.9013261073336795305318739524590489      
   91.9008662876329081884976007139362436      
   91.9002705535431560722953278953653249      
   91.8995159603145661813268218533804484      
   91.8985787867780829170195637308681563      
   91.8974347465717272227121464068187371      
   91.8960591410229291520012126767321615      
   91.8944269520291302206308614161216256      
   91.8925128789701873309892102821045255      
   91.8902913281657979903326249935735603      
   91.8877363668450817512674589027474281      
   91.8848216552169787100303490981496913      
   91.8815203705266001260523375568625847      
   91.8778051361042907082406761105501888      
   91.8736479665227175328054135742339156      
   91.8690202374840809607506219797198704      
   91.8638926862674245302562065662995292      
   91.8582354457294906890673430420032598      
   91.8520181122577407139551674126568740      
   91.8452098457481002144611557206439474      
   91.8377794979359808474485998940583729      
   91.8296957639732535879416802431545310      
   91.8209273513416423352367835785934975      
   91.8114431597703547102330519584540573      
   91.8012124564804554785365888422416894      
   91.7902050930477125083974652828805532      
   91.7783916334007360075740937486990025      
   91.7657435469678057844515267334823023      
   91.7522333484702526772900177022088840      
   91.7378347248708808848884096312305996      
   91.7225226398905387909694551682346669      
   91.7062734141407111453283849638013268      
   91.6890647800898474892603637687797425      
   91.6708759113918177363289305133226023      
   91.6516874268113168054838804605094329      
   91.6314813696677113114434858279963391      
   91.6102411639654187921464383269241749      
   91.5879515487179222333246925785563696      
   91.5645984923700093989109775341779454      
   91.5401690896142117738160565384636984      
   91.5146514420351824441604945138263778      
   91.4880345257385287307082459590555718      
   91.4603080475411748389021622834443592      
   91.4314622921587574909406271653867067      
   91.4014879628907173536814762916791995      
   91.3703760166161582688892838912714534      
   91.3381174969813737048951765420028046      
   91.3047033652744572364982399682051056      
   91.2701243325727385455480807726045551      
   91.2343706937838538691062036793002664      
   91.1974321637739305266495202211063895      
   91.1592977191815014565125942304858687      
   91.1199554443503076517819569908799837      
   91.0793923839208182917534263994528173      
   91.0375944007311070373135305783510669      
   90.9945460427586557730153444320355632      
   90.9502304138528459448977782012577993      
   90.9046290555722089088766140345729904      
   90.8577218344311472890005935363534786      
   90.8094868368275568337092191296029165      
   90.7599002771469390229248003708722994      
   90.7089364003595431846226042230112184      
   90.6565674005824571799936354233293780      
   90.6027633431770464379838548574278173      
   90.5474920968237826617608576602019091      
   90.4907192665600898806053406419965014      
   90.4324081343314045922629177188778485      
   90.3725196024298805727160012704326218      
   90.3110121495490694925268356366846412      
   90.2478417718709078310686175006148282      
   90.1829619363818277845405118944256447      
   90.1163235463717948886039756344905838      
   90.0478748983894017916992371939067064      
   89.9775616453801638774442111529238839      
   89.9053267683077447323365685289511548      
   89.8311105193838773900630743496173494      
   89.7548503746646025561024425494459400      
   89.6764810151380166613833465107004634      
   89.5959342858349946986184313711932087      
   89.5131391470457428506232309337495436      
   89.4280216250744015954895932594297009      
   89.3405047882642802129823325706063214      
   89.2505086499198928105978014695378412      
   89.1579501811481781784802758728905041      
   89.0627431564309299367336053897902363      
   88.9647982001359855231813279612118217      
   88.8640226712184127006301329491036420      
   88.7603205278896025589255333502906122      
   88.6535922973368726221658749156069166      
   88.5437351182717486213331530779689126      
   88.4306424442718141108875037736177195      
   88.3142039564718959099152488660900771      
   88.1943056760456553360715215326647651      
   88.0708296836090177664414648861747759      
   87.9436538801289099309636034413185744      
   87.8126521325174171715836995921461408      
   87.6776940631426376117528987160703189      
   87.5386445600814330979077660569679940      
   87.3953642329055484399172530387471745      
   87.2477086492863616121130587545854316      
   87.0955285380457676797564155957032999      
   86.9386694015086663615593442410863754      
   86.7769713779711756783440208073481618      
   86.6102691173480522249140881815279773      
   86.4383913103848730318922402316312412      
   86.2611606453623529148079817669238791      
   86.0783935927450160485322850789222643      
   85.8898997630561692906927320796776001      
   85.6954821821375576704693296610084658      
   85.4949364335313343174649406105999188      
   85.2880507257786936980218493263453845      
   85.0746051917322149835179968167068812      
   84.8543717972139429996861502232568796      
   84.6271139586844947663106372139172348      
   84.3925859080547123688743045572033315      
   84.1505325254408498193077207469691136      
   83.9006884217464552322276928990703593      
   83.6427780676297327021585901288879263      
   83.3765146614966059265147514055555575      
   83.1016000746283927032724921224051090      
   82.8177238112937114229619585744432925      
   82.5245630383810601391259151575059263      
   82.2217811675562581845853191213165111      
   81.9090274894320988609888121430032019      
   81.5859367641678193000148995914627918      
   81.2521280475915463917799501296967935      
   80.9072038888726257991687997073141149      
   80.5507495890433090983257940847976264      
   80.1823324955956567024913058951414380      
   79.8015007273271220495450832895888121      
   79.4077822349977083438441928248295651      
   79.0006840746080409134623617719151522      
   78.5796909651979098461618009672416657      
   78.1442643051081839871865550427844488      
   77.6938412966360417098053494746082811      
   77.2278332257438022161118942507963823      
   76.7456247203659942375398852463520363      
   76.2465726973682012243631126764970086      
   75.7300044776050067583748287842260369      
   75.1952172999347266975152569705841104      
   74.6414771828019516900457314404181700      
   74.0680175224907734791637071251533559      
   73.4740389410759814230758484532183907      
   72.8587082047370412511299252988816123      
   72.2211582383996953780901578955542947      
   71.5604883877081765823704052193282998      
   70.8757648286653398152026112361319246      
   70.1660221703610128981990277560400029      
   69.4302660573999623340973926363127416      
   68.6674764107118640479363217085524430      
   67.8766125101976084346878198819444270      
   67.0566200934195928725721054955842884      
   66.2064402424012381807797303715643606      
   65.3250213896632897613654007932549459      
   64.4113353201929115621000403186975016      
   63.4643952038595708443135325509222531      
   62.4832836627995894945901196775073169      
   61.4671777103699334814753494537378706      
   60.4153890184524307126561010784494839      
   59.3274071852154721422828025996419433      
   58.2029511551424881922703565592562445      
   57.0420284077081697274878733545031451      
   55.8450033967675093994181067077588254      
   54.6126701564372920948968696653212517      
   53.3463308843011474731694258140493549      
   52.0478723675827753373288646016417558      
   50.7198383783306332995515110465242988      
   49.3654868266594529011813780602523231      
   47.9888226287533492756483922075181077      
   46.5945997961950728894394833385668488      
   45.1882746452556889212632372438810773      
   43.7759089696749663521521378445443311      
   42.3640205887785962646992331801561847      
   40.9593843515998303500837327832188357      
   39.5687984150363578172682728115399160      
   38.1988379326452793721290618467341728      
   36.8556210338862196181517394645863541      
   35.5446091313775379612800451079720459      
   34.2704606305619782349583806870199032      
   33.0369456442838465820759357405453431      
   31.8469226029705770438930100353213722      
   30.7023669094757421570996057529787126      
   29.6044410201887867173847316235644138      
   28.5535896684073771180846998497764814      
   27.5496495663068382804525682107095069      
   26.5919601140940692463881309406207597      
   25.6794696682954857224191038271969597      
   24.8108311052182919313681693510640254      
   23.9844851866773667527965105682618249      
   23.1987303489845087953430562101887529      
   22.4517799018388489149189384884304606      
   21.7418075307845546717348739615136761      
   21.0669824435159244569798496088678989      
   20.4254966360528678750529234824707912      
   19.8155845473365223753338393933206463      
   19.2355370901725391737701568870355341      
   18.6837114198141948755716965049610883      
   18.1585370130670661455568494327518611      
   17.6585190533462074999493545337983749      
   17.1822397332786623199758264150487006      
   16.7283580429316898810864988804983799      
   16.2956083927479933234231956695611876      
   15.8827985334265590215674334960436715      
   15.4888067648376210666109521097836440      
   15.1125789344920790116061194121204349      
   14.7531250848218440097008713575242458      
   14.4095161699694071907235791063468184      
   14.0808805389501732687736504951083866      
   13.7664007120798842561131739939869610      
   13.4653100096462497939457195532967093      
   13.1768894160165872691488617347311429      
   12.9004645787812297206010171787076857      
   12.6354029083760921752714978319491467      
   12.3811108564244658944120316614156949      
   12.1370313294650514043894985987992338      
   11.9026413093611510197599525020792938      
   11.6774495560364664255285408271322122      
   11.4609944962713906334604943153527503      
   11.2528422346497661475997808564225409      
   11.0525847210954520528488146262565687      
   10.8598380119589317992279935208597801      
   10.6742406781067791783742676692765803      
   10.4954522825696703923254789397301395      
   10.3231520517920724153386174814259751      
   10.1570375097794544444833668988394110      
   9.99682335294263384033063953931940805      
   9.84224027801526688638330548036976106      
   9.69303394627736541470574369734218290      
   9.54896407919700373333611629946587153      
   9.40980350030042924935741495080534261      
   9.27533732746439788829920962548412407      
   9.14536218524810761441381769440397635      
   9.01968552875981061945061147902166241      
   8.89812489599395497323276958106033712      
   8.78050737430387798887858957989728075      
   8.66666892835512745188954879951231675      
   8.55645394372582756432496715031793874      
   8.44971466296969051873416789789058127      
   8.34631074078109413903425901073789614      
   8.24610880421213634843929026203752606      
   8.14898203123993674625528667784437587      
   8.05480979592202721073513301281381371      
   7.96347728800409260421210704354444359      
   7.87487518702744347586849238160387232      
   7.78889934168970943481628301855586348      
   7.70545050325376533708828022153683933      
   7.62443403475288223511375205971842756      
   7.54575965399476411684765705686172550      
   7.46934120691028769210935989380743137      
   7.39509643335714132730061647102876950      
   7.32294676389190680486871179861911093      
   7.25281711597078277292881508835892057      
   7.18463571220843779472057181478604961      
   7.11833391755014349719221437220164632      
   7.05384605356873843785512100114090970      
   6.99110926872552443181164427476823170      
   6.93006337957934331678461239512460686      
   6.87065073919453913518502701578828613      
   6.81281611151176323925800973779767496      
   6.75650654946417997183265894857524337      
   6.70167128278318100703355683714952995      
   6.64826160799279680079040827607286584      
   6.59623079253629165318007901836565146      
   6.54553397920939237837073936261799385      
   6.49612809052172815227139818737494631      
   6.44797175269833330659301484111586030      
   6.40102520960356105344572463822265864      
   6.35525024883490473727153905516114020      
   6.31061013083180482403777747756591152      
   6.26706952239007942679130673635887873      
   6.22459442863361153617658145076674409      
   6.18315213596931035560302706545897601      
   6.14271115425839675413812069469154981      
   6.10324116043957628400965675110648590      
   6.06471294933405424208618098085515823      
   6.02709838230020273049107477399399240      
   5.99037034288658609666112789946578908      
   5.95450269211419350433415930123369898      
   5.91947022532437017209066131969408419      
   5.88524863427360878423187294429288790      
