   6.91360382032448847522976250442333937      
   6.91360382032448897452856100055816334      
   6.91360382032452743201328781372420908      
   6.91360382032516444341181800519020195      
   6.91360382032990751712095170087931054      
   6.91360382035170981779289183515160284      
   6.91360382042467998402730537677058485      
   6.91360382061958405575439033928451771      
   6.91360382105548862151323470031007860      
   6.91360382188595357241986245398968172      
   6.91360382321898980233895488793400115      
   6.91360382491702757163555696557731149      
   6.91360382622650346136216171266010208      
   6.91360382520635179003986177635453271      
   6.91360381795271752330009260877538972      
   6.91360379764466427361213326279781016      
   6.91360375345691122408929965389294358      
   6.91360366939923818051234520287588314      
   6.91360352314906521977294178861610319      
   6.91360328494558974093434152610967123      
   6.91360291661224922166458373535284118      
   6.91360237076968733493272441995515065      
   6.91360159029346468596911733736948270      
   6.91360050805957205051917797009336290      
   6.91359904700541603873305177957834757      
   6.91359712051621058064963359344488897      
   6.91359463312659224032699864923053132      
   6.91359148150820197983794117791147059      
   6.91358755569684742738198517472883694      
   6.91358274049904498370159429456484569      
   6.91357691701029574980656815294248523      
   6.91356996417420863362621220845617290      
   6.91356176031411232355597335123342142      
   6.91355218457551038774622130423643900      
   6.91354111822773988733858295791151483      
   6.91352844578510191809751960893018056      
   6.91351405592059275534623963684789734      
   6.91349784215772847177003042079573411      
   6.91347970333772358306571675714446239      
   6.91345954386870051756618054671290954      
   6.91343727377202142710374131479669915      
   6.91341280854636762534884204273636155      
   6.91338606887445067831089793412273146      
   6.91335698019912348964950545242877512      
   6.91332547219644591341874025486634462      
   6.91329147817258441502741674805975196      
   6.91325493440975210367513903278985099      
   6.91321577948402979900527351368486612      
   6.91317395357527120814195876362528080      
   6.91312939776852378430069097216199633      
   6.91308205346144148527899048464117427      
   6.91303186164989203051042869198228217      
   6.91297876240349551738802532807110411      
   6.91292269431901121251490548463019985      
   6.91286359403832426617263409094126539      
   6.91280139581877082594816531959181446      
   6.91273603115525840520895807124582905      
   6.91266742845248035678626164041941543      
   6.91259551274380068165570443490502270      
   6.91252020545341368486179040496260342      
   6.91244142419648732419007597188936951      
   6.91235908261303081219379156663226550      
   6.91227309022979342419089655607366780      
   6.91218335234496104351534708045514043      
   6.91208976993082963961370933377278599      
   6.91199223954780588100946163969061222      
   6.91189065326719751299182970946871792      
   6.91178489859526422173059110638495869      
   6.91167485839669908705449950757392632      
   6.91156041081253796022125073820518141      
   6.91144142916724144044998594841865704      
   6.91131778186517418635627304752375417      
   6.91118933227054774756087212079387855      
   6.91105593856858065964727641132976964      
   6.91091745360838414222832393359463308      
   6.91077372472171695263253038769279135      
   6.91062459351639399250298753170897771      
   6.91046989564828317483993263745201979      
   6.91030946056380829325855969016971527      
   6.91014311121697618737496865595672814      
   6.90997066376208910318499029982107581      
   6.90979192720782136125924200519417576      
   6.90960670304814871298995501142735487      
   6.90941478485897282421788334105048430      
   6.90921595787563306630344562401734941      
   6.90900999853574023256654725785321309      
   6.90879667398416142787384709828155887      
   6.90857574155180835402285419952164138      
   6.90834694822180846325793589194943734      
   6.90811003002980143487176006539092825      
   6.90786471143986423473060399154398390      
   6.90761070471731274101059565316017105      
   6.90734770924727595680287084166779188      
   6.90707541082620847495512752104083753      
   6.90679348093826362038542219022632359      
   6.90650157595893752313744438220522736      
   6.90619933629173686096828811241117273      
   6.90588638558167245823304693481505804      
   6.90556232981475043695350908262949325      
   6.90522675640006352867341189373308235      
   6.90487923316289824662394466561485183      
   6.90451930740262531321017702175346763      
   6.90414650482844060896656521601743535      
   6.90376032837032332191290458622793630      
   6.90336025707963055641699672096363162      
   6.90294574502043975279935919646534591      
   6.90251622004280945485281206805416182      
   6.90207108216834755840911016790308798      
   6.90160970267266572251522170980526523      
   6.90113142234551975291097241961277406      
   6.90063555031399152190366229771127556      
   6.90012136195276630643636517674248004      
   6.89958809768722032087933664774452963      
   6.89903496158400364722731291206188109      
   6.89846111869527562902938448348322492      
   6.89786569376951208922859668237128369      
   6.89724776968527746497174793497927948      
   6.89660638445080479048050181040583218      
   6.89594052948149485892760965476396683      
   6.89524914792090707882440528768354684      
   6.89453113138099845818074830593379876      
   6.89378531787608742775162045758965857      
   6.89301048936058509653973318761968280      
   6.89220536845411974565587481982603611      
   6.89136861642641073322820264369924994      
   6.89049882907836052913730334762232873      
   6.88959453466992112646515457788862672      
   6.88865418957333078828892136876811497      
   6.88767617547654145088221332203308478      
   6.88665879540073556759958375612009020      
   6.88560026915840324689928815480244975      
   6.88449873083547382250933915236679954      
   6.88335222237007176465250253471861620      
   6.88215869052218951784378737452321592      
   6.88091598132980987992047642407493104      
   6.87962183530749480477011559808331170      
   6.87827388141324448966779914963821284      
   6.87686963281580368816969426082517285      
   6.87540647829299827010483118060269169      
   6.87388167881912731119420716174374835      
   6.87229235843297055326608174786937321      
   6.87063549860714151330202295974030305      
   6.86890793024855114234234719141831018      
   6.86710632539311866753361060905244391      
   6.86522718902847925801228737897862888      
   6.86326685025887772824313350614477740      
   6.86122145278694613042289513924994756      
   6.85908694487406715443684788454656484      
   6.85685906873216209097579038583901704      
   6.85453334927055261990213065320681237      
   6.85210508270757243627389627760459250      
   6.84956932276074345148883539688863524      
   6.84692086875035406744702391225533481      
   6.84415425067085507415625989541212900      
   6.84126371482204152064958008446142071      
   6.83824320697707064868652284877661217      
   6.83508635750469811347857728202810675      
   6.83178646183650777837809797445783200      
   6.82833646348330873683417018211753893      
   6.82472893290092368321363928529824729      
   6.82095604840577177943013454209610690      
   6.81700957391740553984068799878099863      
   6.81288083634380162174819060334399271      
   6.80856070105452173742073461837289090      
   6.80403954961720024899899517596616701      
   6.79930725126643078050794490740090129      
   6.79435313842903907713978061905485183      
   6.78916597918570894423855044984846329      
   6.78373394958702215994785033326298455      
   6.77804460611436481550393190901214618      
   6.77208485803309695386644994004059932      
   6.76584094023698969382532391568193149      
   6.75929838752689736805067461074173231      
   6.75244200971829119897061602161694741      
   6.74525587134583591421339309615063103      
   6.73772327251206607493114800353841638      
   6.72982673603358992529888517983705866      
   6.72154799977880199129391660281499507      
   6.71286801781687797560815647118545703      
   6.70376696675208223082477979449144692      
   6.69422427124885499679952422720825587      
   6.68421862977247989759177897652173135      
   6.67372806375045711321906032556617783      
   6.66272997867382628417560786707571572      
   6.65120123872233520204059400927504713      
   6.63911825972365352815434543100675969      
   6.62645711169187260846656783568028319      
   6.61319363568027435603579558916623668      
   6.59930356340397307492191793430635810      
   6.58476263955638665174742670226173507      
   6.56954673310155818683426572198775590      
   6.55363193876340655800190686025310065      
   6.53699464785265546861167065138682637      
   6.51961159606264931204655558673212557      
   6.50145986974381065890876326490919330      
   6.48251688957873803302962909106275273      
   6.46276035883685890129219601947572633      
   6.44216819434485610711065893224089927      
   6.42071845668256616755627588671477710      
   6.39838928650472465735257550817275242      
   6.37515885501557438590564542461682467      
   6.35100535052962635915339396813080181      
   6.32590698852897538765894525348079096      
   6.29984205173741927381149285779128573      
   6.27278895039162931414357842390621127      
   6.24472629476497281726569301636463534      
   6.21563297081068667178469433018448962      
   6.18548821116904391687091024069464213      
   6.15427165769771558045307094370540314      
   6.12196340808340389274813311767345857      
   6.08854404910015803302066764898642952      
   6.05399467442649021410276810051033972      
   6.01829688915453059466666600039999102      
   5.98143280253281209861660211669756584      
   5.94338501150722753501912483360485940      
   5.90413657693645294243668879905073062      
   5.86367099515037867257377190463071742      
   5.82197216559696350713528718286224598      
   5.77902435766867907596018435454439446      
   5.73481217604394836271459043881147798      
   5.68932052711313079570771679353981184      
   5.64253458616971432161488912646706704      
   5.59443976605020965496192852238128494      
   5.54502168769684956601091071587864727      
   5.49426615274230410167450124916302774      
   5.44215911809720265155001540007753498      
   5.38868667250618161887392569806767765      
   5.33383501517816269659829967804366731      
   5.27759043629490260844296778084281021      
   5.21993929935314467963515406370602464      
   5.16086802511188837024005028666034817      
   5.10036307711526900177240277209704376      
   5.03841094852901292049019003498810346      
   4.97499815055895801958447888022996275      
   4.91011120171655625638050250457908710      
   4.84373661828911920617069577723688940      
   4.77586090579318264579805316540936669      
   4.70647055129081793357744700624364725      
   4.63555201643001615229441156280740823      
   4.56309173124718367415589010958449491      
   4.48907608856626071573208949460619542      
   4.41349143903275438318487280820587937      
   4.33632408655618303223644571028160449      
   4.25756028429244646125820791856785773      
   4.17718623100104139843467125822057484      
   4.09518806780340234304243692232403493      
   4.01155187523914940277986846148347958      
   3.92626367063400309089263762441978304      
   3.83930940574760551837119458724288501      
   3.75067496465841891588284230820705348      
   3.66034616186149483426530318022820112      
   3.56830874055150556085624760504140378      
   3.47454837112371484687435638129907176      
   3.37905064978491320781662295756499981      
   3.28180109733872299131070229423524324      
   3.18278515808690200533963203995363410      
   3.08198819886362187988631301293030454      
   2.97939550815965134763864096798254377      
   2.87499229534830678533701351299634322      
   2.76876369000049600078448091551421596      
   2.66069474127620708425714332946482834      
   2.55077041739100746800963173585712560      
   2.43897560513740203484674080690838231      
   2.32529510947993330762323351025611214      
   2.20971365318431003931594226448401250      
   2.09221587652293409104399045698021189      
   1.97278633698765339315863266849068082      
   1.85140950905804726142207063321629518      
   1.72806978406757215228168818478819917      
   1.60275146996591360541429753339021418      
   1.47543879122620128433375840955199466      
   1.34611588875284908832592199399752677      
   1.21476681980166955700704508609390719      
   1.08137555790187302755492449965373071      
  0.945925992876593880702862603798805910      
  0.808401930763095244839020385186416042      
  0.668787093876905376490375565627555155      
  0.527065120805674096871851233974840182      
  0.383219566427368149091026733830981400      
  0.237233902001921294516940982642050349      
   8.90915151786389140403982130828234163E-0002
  -6.12242898958695453083080377311107462E-0002
 -0.213730292496227723060885370070442396      
 -0.368443355266965518558098000423113093      
 -0.525380424079243294442376922074511435      
 -0.684558527939214768250125107335031327      
 -0.845994778901156204255200431529576378      
  -1.00970637190527706558430438319265711      
  -1.17571058468257450097300339289163025      
  -1.34402477762059995336437886953345176      
  -1.51466639361641200731043616300384113      
  -1.68765295794347863948527739092232975      
  -1.86300207812230359369882716734736682      
  -2.04073144373605806607175434935242076      
  -2.22085882631849908469783789976990406      
  -2.40340207919194731475484606194557063      
  -2.58837913728837879633719840011227479      
  -2.77580801700801687607179455145245808      
  -2.96570681606806389143285897347154957      
  -3.15809371331547872793736702904854539      
