   305.833180578490118847143771537581802      
   305.833180575208522449485551403157112      
   305.833180532679864089517132468030473      
   305.833180317601823404850585358534541      
   305.833179632578655134427167544210908      
   305.833177969418442227776783647884789      
   305.833174579803515329211078884520953      
   305.833168436153001160073560591609087      
   305.833158097978758492707452599042823      
   305.833141312165117612118902359816338      
   305.833114153098470561908423646981873      
   305.833069624316694384019119670183533      
   305.832995839662962143388746552819095      
   305.832874054758153985969210903495493      
   305.832676856968382750760967407559244      
   305.832366754834912567514061582039275      
   305.831895290065462790798052807420650      
   305.831202679034261269938085159938961      
   305.830217906700802971343219305050106      
   305.828859152235514725729061537510465      
   305.827034416821410308523895997696418      
   305.824642238879657468947286084192742      
   305.821572409114860720222236519453816      
   305.817706628591581533074205057955626      
   305.812919081920618594839467933872741      
   305.807076921530189793774098996309558      
   305.800040676746547364488347621265228      
   305.791664612916778646451930665845084      
   305.781797071673896839522065749346589      
   305.770280824481955665790252439054404      
   305.756953468886518136795181025305984      
   305.741647891454386329778742486092985      
   305.724192814253681081984511315054902      
   305.704413433829122026848551871481471      
   305.682132153791951042563756782754384      
   305.657169394046144377522761397575800      
   305.629344526161122594211979790468231      
   305.598476772387709961284381493845307      
   305.564386232559313073515803126480277      
   305.526894885714645915394563187103147      
   305.485827594453567260273241052644054      
   305.441013082548981600647758129991418      
   305.392284866171570967157676981761633      
   305.339482121070630891720480109291877      
   305.282450471177642953279397250051809      
   305.221042686605245058597927507329691      
   305.155119282606717322398334311364718      
   305.084549013351317106236331068960141      
   305.009209257791297847956217509445952      
   304.928986296698672048412746032869107      
   304.843775482945379331873318346527866      
   304.753481308000438224242999153007479      
   304.658017370122291885795144576119238      
   304.557306250147875584961328468305835      
   304.451279301905279538142543237242314      
   304.339876365439243355910641775048468      
   304.223045410501033437359912154237715      
   304.100742119221910972829824808437911      
   303.972929415199390220474806366911370      
   303.839576949206645777243364507590862      
   303.700660545404496430617385755538057      
   303.556161620436714703284813784258316      
   303.406066577406857303984483358373237      
   303.250366185510580704710044328460659      
   303.089054949219598763473315792968147      
   302.922130468988456189683565660188245      
   302.749592806792864600046641338645881      
   302.571443849639755413525001802255360      
   302.387686685465428167277365993147764      
   302.198324985877318487578827424516361      
   302.003362407434649440034441557284946      
   301.802801998064730831996354551183983      
   301.596645627330213252642200318213990      
   301.384893438714088345631762958965608      
   301.167543305745054050011545456679768      
   300.944590325755927675358108371935506      
   300.716026312006518317896727738257753      
   300.481839319947460658324853374559190      
   300.242013190927476272909122943592885      
   299.996527110195814734179866258807878      
   299.745355185409842055124962877083671      
   299.488466030249565265500448956331887      
   299.225822353743193130522821998282770      
   298.957380600782271667945373730685245      
   298.683090566829379540180534786272923      
   298.402895045527415384155641651527112      
   298.116729463426628984254435115364040      
   297.824521530153332373737754479021705      
   297.526190993568083841159954405486050      
   297.221649070515965387510863973190559      
   296.910798291616913764233479051295153      
   296.593532106134678812529253422784308      
   296.269734552294759788727739975904294      
   295.939279895235091056868752704784453      
   295.602032240857582875687339475305479      
   295.257845184027399946317678212486250      
   294.906561384941662486894013420388181      
   294.548012231403382733807778195739914      
   294.182017371655245603016847035390898      
   293.808384406421947964480898502754455      
   293.426908303605842580377971115723756      
   293.037370826448140394340340882786744      
   292.639540174670311773733707268231759      
   292.233170497035897562780685049630333      
   291.818001367043564234932690737003497      
   291.393756724849458956746974785221946      
   290.960144661600518477210656643100944      
   290.516856982087552995799159973484234      
   290.063567699021798629800120824176951      
   289.599932642786408075093182079228962      
   289.125589180734868881468746295431224      
   288.640154256949132463871539401758285      
   288.143224309375653438232320153830437      
   287.634373882327622761428167337460899      
   287.113154474913056398247284668319075      
   286.579093556693559589448954769602556      
   286.031693484561191526795893810052199      
   285.470429571028903618761293958246146      
   284.894749351842072177084911399246341      
   284.304070281358744632878456965306895      
   283.697778865202311515006692030728887      
   283.075228451655216704539378125861861      
   282.435737283794149357401204283514738      
   281.778586555206740758896177375748141      
   281.103018472022252420561556579811292      
   280.408233154743894758508362519290349      
   279.693386939248655484954067509825239      
   278.957588991645982727623960045381063      
   278.199898943407093592716623327721095      
   277.419323073463073741045353891437911      
   276.614811366374739005524755782775933      
   275.785253452567182332070139268790703      
   274.929474939446037077773740546234377      
   274.046233064546580051778333171833343      
   273.134212233689819575423801707716509      
   272.192018517650151601308883998248032      
   271.218174775844498412465780668294575      
   270.211114635076256203936142686818648      
   269.169177555650758511144595480892543      
   268.090600166352271415406630453900251      
   266.973510323004679542251405653970440      
   265.815920104435678089607428524022580      
   264.615716908042004238864707337092558      
   263.370654928483457462130445955891823      
   262.078347383746926950278944348374047      
   260.736255653869490788067033918905928      
   259.341680826261514080912227978449492      
   257.891753105680064435705806539947291      
   256.383422473590609656846975899654821      
   254.813448655423180622949098810116401      
   253.178391893678718237159903278257332      
   251.474605612852091681422746557900382      
   249.698228662810508310945729167509333      
   247.845182764043649865888659080305604      
   245.911171951656936255992942144211429      
   243.891687297144026797412306935969322      
   241.782015496921954404439106459569152      
   239.577269915054647752797347418673797      
   237.272409518637142624372426472889941      
   234.862294819985010016509757314635256      
   232.341756231544885442456728054815569      
   229.705678736971698535815185463259932      
   226.949127393469037725742397382595914      
   224.067491084116463950459834936581606      
   221.056672297478772744790422356936971      
   217.913309545158803814474446504864083      
   214.635037440862388962234058218485220      
   211.220780887785079064549323579397862      
   207.671080058258786575201607358337616      
   203.988418522131769351182028465967665      
   200.177562086180366058047982059536385      
   196.245837924268026582243329497474569      
   192.203375676560309089708134555016536      
   188.063206490833863310285263566227407      
   183.841220356084251234182154341091412      
   179.555924824893500604992407463288165      
   175.227981962380659080504751384850269      
   170.879545091766551163475673593617334      
   166.533438767973232347677731311977470      
   162.212252547785502862978110903997769      
   157.937457227477999894608862844678113      
   153.728628718773937452573029706309787      
   149.602863957409200777491944775943338      
   145.574418522093328217567202015220555      
   141.654576389663316932873962803204669      
   137.851718700044831826235116002153601      
   134.171542197942222404635144068871118      
   130.617379585469043198438133630601049      
   127.190567775280052776469339075459944      
   123.890819497356564418716222952071602      
   120.716576709327412755622069598637048      
   117.665324829113117263553016718469929      
   114.733857226058350399793161152386324      
   111.918494491540289707153145856153089      
   109.215256690219942100425049922662331      
   106.619995957119379846259968466466424      
   104.128496327901984297683348347314157      
   101.736545691623699268712317604948312      
   99.4399866857559706139053443355521447      
   97.2347525342464694020892580107592679      
   95.1168895336948316915555724207860129      
   93.0825716429312132292882838520992896      
   91.1281082832892223714047829780293814      
   89.2499487084729561483394273535584927      
   87.4446824475884092527799181068700624      
   85.7090387024684392707679972661731583      
   84.0398837749852779369099802314122301      
   82.4342182709034574383826739763868195      
   80.8891731785282566688346399595699031      
   79.4020065723990936378107011882784387      
   77.9700989785078923936688752922491165      
   76.5909499411024557582839092488177899      
   75.2621734538829196194416475164025589      
   73.9814941741412238714647893824118777      
   72.7467431229564551976581449965936506      
   71.5558536186935061605784662354166862      
   70.4068574354173824985273541243817146      
   69.2978807005590728060258796797172216      
   68.2271400507262807076297517363944379      
   67.1929383324416163866455258826880238      
   66.1936617618878693659985013520984510      
   65.2277751450577604136409732411496644      
   64.2938188946267762191992128265979406      
   63.3904054952219315703097313481615713      
   62.5162156372413711329331268512986133      
   61.6699954967926403062179709318267177      
   60.8505530854864698204202261041274050      
   60.0567552732530502654220476790089141      
   59.2875252070846530352755289687949402      
   58.5418386082703081633087938213667500      
   57.8187221615130831039285028271153953      
   57.1172498509577913265175572610217044      
   56.4365412973228832574829781696795753      
   55.7757588298123882431940387444188693      
   55.1341054853776630834227678335651897      
   54.5108228900989870716887869459535272      
   53.9051891352609268532916155382855644      
   53.3165169069711800227783347518547245      
   52.7441514477601038542614070993510562      
   52.1874692216966238458140999266252415      
   51.6458759069505472853441620722970337      
   51.1188049662695159490831597499676698      
   50.6057162562904104129991183685399067      
   50.1060945213576693978347344999373620      
   49.6194481379642975405471390171711327      
   49.1453078921580997977534090655427874      
   48.6832257415452073076030159587962577      
   48.2327737835898660219116442863653830      
   47.7935431708885925851012666688429076      
   47.3651431154794029263543216638687754      
   46.9472000071133772160118317093995393      
   46.5393564863742377393786043980164628      
   46.1412706358531838731635618523893821      
   45.7526152125525544564923636379722793      
   45.3730769071216522531173668291984164      
   45.0023555510472063940251055887843965      
   44.6401636268382035419401505454629652      
   44.2862255291928021109342358502999315      
   43.9402770073503132749251025783024198      
   43.6020646108995100331996896220491369      
   43.2713451566313576082571803793074698      
   42.9478852484833927882387737891398812      
   42.6314607873498611511813014995352514      
   42.3218565573167499129979546029559992      
   42.0188657669292622814916994068930653      
   41.7222896935585981911721280425041784      
   41.4319372587152451006415052196335632      
   41.1476247313210038835275806141517690      
   40.8691753450109824921334070883680620      
   40.5964189947881760972712789051668227      
   40.3291919357045213851936116182794816      
   40.0673364926489314574836714555484491      
   39.8107007925032959584575295759610222      
   39.5591384997705408515404295191160930      
   39.3125085802838840791817824431322118      
   39.0706750643783240903137851374985366      
   38.8335068210303039240474757638663865      
   38.6008773665170858418627287721122569      
   38.3726646374559409885521063833932515      
   38.1487508357748900215430935174376438      
   37.9290222108429389150712171499353657      
   37.7133689287689639648059777577414947      
   37.5016848769582052965656314979485365      
   37.2938675272650318633437759388549764      
   37.0898177834576176438776820690432332      
   36.8894398448208776370807497691190757      
   36.6926410618274871049783959628339621      
   36.4993318256518552084358289108928690      
   36.3094254343390585613392178413858943      
   36.1228379808983855332937339020087367      
   35.9394882438049780951207826186257847      
   35.7592975834075630024794148707880936      
   35.5821898395103024095782051030188397      
   35.4080912333011524647741707480765433      
   35.2369302815094742896922070420465008      
   35.0686377049272340306112712866112496      
   34.9031463473471474454473828658254157      
   34.7403910951742937591852117699822872      
   34.5803088008281024390456736859220825      
   34.4228382102341982746733030519338945      
