   6.96056439612021242808744040163291888      
   6.96056439612024352967699031335822291      
   6.96056439612189877694146464658920275      
   6.96056439614162191579811018367699277      
   6.96056439625239883292483610227853546      
   6.96056439665422381575731541226116544      
   6.96056439775841288409158843126036893      
   6.96056440027108812797605469301674257      
   6.96056440526140059587262638723918565      
   6.96056441418962540554106989251502372      
   6.96056442885352210796731022100484379      
   6.96056445120135424932128122831265209      
   6.96056448296614495179764163248975039      
   6.96056452509694175144015895081564572      
   6.96056457699071219775218034460909233      
   6.96056463555440884845459118986948691      
   6.96056469414586494159570969753982631      
   6.96056474145354774933229240214226014      
   6.96056476038014853389614003070437155      
   6.96056472699546042286353264443050233      
   6.96056460962139488751242053443129865      
   6.96056436810678794593998045165895558      
   6.96056395334160295147049526110761365      
   6.96056330704880337084539165809507509      
   6.96056236187747723736533546366544236      
   6.96056104180337862201305354125878957      
   6.96055926282427422309202503777998945      
   6.96055693391916721930315357158255184      
   6.96055395822451184737822210423588660      
   6.96055023436850388501147139489637243      
   6.96054565789742836661050039767603823      
   6.96054012272617748851035496275599501      
   6.96053352254808851304691682505323450      
   6.96052575214637857008286042457606541      
   6.96051670855955563669422228236699834      
   6.96050629206505092487778135114163672      
   6.96049440695778734477721450314861195      
   6.96048096211249190290340388995171106      
   6.96046587132950994502199393148840384      
   6.96044905347319132954625075876422409      
   6.96043043241930928142498720497329711      
   6.96040993683336887564875721772032352      
   6.96038749980514814607942409923592688      
   6.96036305836657111159664349889783229      
   6.96033655292029607891373823176766736      
   6.96030792660549634930598172397323073      
   6.96027712462549720006803782602101118      
   6.96024409355948427769360110437829462      
   6.96020878067764889351277110226834782      
   6.96017113327608869110268252022006308      
   6.96013109804470198291610171442076556      
   6.96008862047833033159463517719178753      
   6.96004364433859318272581803290689453      
   6.95999611117131299838440631093238687      
   6.95994595986858154680557195777812842      
   6.95989312635345609083659405758845262      
   6.95983754320217265469222891823938165      
   6.95977913943589860319410809165064403      
   6.95971784031032014553755431039796606      
   6.95965356716330619381240422458590305      
   6.95958623730546099313183316383260119      
   6.95951576394817765995062826443371788      
   6.95944205616381762132778901653565008      
   6.95936501887199533675043069796368339      
   6.95928455284702831348703096684139879      
   6.95920055474047427997661528045600924      
   6.95911291711389772807370030733538481      
   6.95902152847645032539907836076863310      
   6.95892627332356283420238978501162078      
   6.95882703217111632487852230530369233      
   6.95872368158185019653331764963044573      
   6.95861609418104561504559986824610909      
   6.95850413865655552636241338186874953      
   6.95838767974217054367044155546034092      
   6.95826657818041044518052530474925510      
   6.95814069066281173857659480566551354      
   6.95800986974690402629022951955633120      
   6.95787396374674774016455017148170235      
   6.95773281659603434508776106869500789      
   6.95758626768264529783060342126793268      
   6.95743415165657315347398148147554813      
   6.95727629820154847255522748819285500      
   6.95711253178284946767739267338674096      
   6.95694267136234883204215946714532529      
   6.95676653007351243578350749576227204      
   6.95658391487955939109022271867697377      
   6.95639462618470282626349263864456291      
   6.95619845742244576053411239509352855      
   6.95599519460572043584558720569279600      
   6.95578461584642325496097983817523108      
   6.95556649084061066048710756328272294      
   6.95534058032514233535305664425476266      
   6.95510663549067963484881272535390340      
   6.95486439736049732228375935358956599      
   6.95461359615597324681053654572883113      
   6.95435395058858293824426223363096367      
   6.95408516715778677297402843036526058      
   6.95380693937669316071208386279184098      
   6.95351894697933743864727377010051939      
   6.95322085509732867885579794940934749      
   6.95291231335563106063892873394715858      
   6.95259295498682524505416487049976589      
   6.95226239585515687594466128626036271      
   6.95192023344709570770266774107872778      
   6.95156604585898561919515813239071796      
   6.95119939064493183352685771781629966      
   6.95081980370016138090724199160483351      
   6.95042679808990623713512882337049399      
   6.95001986272608210450918548301599788      
   6.94959846113164225620738400123220773      
   6.94916203001526433640379783118493077      
   6.94870997787639876922743804389654215      
   6.94824168338167247910533011434279881      
   6.94775649418562396465610467241978154      
   6.94725372471615357174920537446796689      
   6.94673265483312257020475732828290121      
   6.94619252796879710377930666988783131      
   6.94563254912261946744548932052480309      
   6.94505188299417083438855245502914394      
   6.94444965181344344562051078106979331      
   6.94382493324917200079176766686885777      
   6.94317675795937089432455632761449743      
   6.94250410733649933732014780850407556      
   6.94180591088958717068796306865740278      
   6.94108104349663838476244888077259006      
   6.94032832278360847374748359769533871      
   6.93954650591643223417577843919407764      
   6.93873428670655077027495449732801368      
   6.93789029198570060282408783618009400      
   6.93701307870398142842991926207721913      
   6.93610112947987348411141180771208965      
   6.93515284940628959859911069940053948      
   6.93416656163470928470806392975289813      
   6.93314050304650145729223911418761520      
   6.93207281958817157291765663266101009      
   6.93096156164446529279877548234825838      
   6.92980467866673444329840417676829457      
   6.92860001390378199214603584784227500      
   6.92734529834553584005852546238776125      
   6.92603814504766072309117695393309543      
   6.92467604186774649223601512315065563      
   6.92325634524557146805243308926081863      
   6.92177627257460122411922086108251250      
   6.92023289425646007999851617988669216      
   6.91862312539942297140717169957828646      
   6.91694371681026362610418775575821252      
   6.91519124616744907923614186974797064      
   6.91336210722157193635089140611665739      
   6.91145249903773588581740158957374819      
   6.90945841486752783200726677153215964      
   6.90737562967723684556391650511204821      
   6.90519968736643586317147240286507365      
   6.90292588617878002304684833025454720      
   6.90054926431268127133943427821830879      
   6.89806458349956627000169976717942752      
   6.89546631225032042005205531866889348      
   6.89274860732489133604829730012817355      
   6.88990529428327299936051013835014193      
   6.88692984666511691268580328849201588      
   6.88381536328289659660700090252923104      
   6.88055454476087183026703231178963252      
   6.87713966814671580186760736240778391      
   6.87356255904487961931713951831271533      
   6.86981456332582526568452517431533969      
   6.86588651605719909028959347094783406      
   6.86176870875031776331749787857718585      
   6.85745085525440483076303598913907368      
   6.85292205449069634485074805545039337      
   6.84817075217551828580798156279383881      
   6.84318470234516358545982507268925915      
   6.83795092336523831121157767865737333      
   6.83245565662017180628110000226222696      
   6.82668432209380871217223546855757598      
   6.82062147487628657121553323747004760      
   6.81425076128003266635691987794626729      
   6.80755487693399471858747624530937056      
   6.80051552762630671450841005337804624      
   6.79311339412658249945977242973293176      
   6.78532810339346556077222381063119334      
   6.77713820801741255815539360489798367      
   6.76852117724517192683951160679302054      
   6.75945340101672743986050476157271556      
   6.74991021152677616045222816365261659      
   6.73986592508800817701006132225558470      
   6.72929390837635682435688623159535529      
   6.71816666620569501531421100810560121      
   6.70645596021235804027112872196988503      
   6.69413295211880738161067782009020610      
   6.68116837133326339139481344596198756      
   6.66753270312021507695263905033116817      
   6.65319638810146809255196393984253021      
   6.63813002564104587032005633537955162      
   6.62230456891671452806785827401669272      
   6.60569150151716882892249445286568132      
   6.58826298233182387862468104363622331      
   6.56999195673133501733873301203929460      
   6.55085222440362296703934375665037891      
   6.53081846984676508652809720969663748      
   6.50986625911920527194020791027557827      
   6.48797201115306323910343919026874541      
   6.46511295423425322945771071981466261      
   6.44126707792506726883958196442707202      
   6.41641308626485519684863649586751378      
   6.39053035844933081616131059026070498      
   6.36359891728563939748835674359076023      
   6.33559940563598805407079618552116588      
   6.30651306736221593426347041772804675      
   6.27632173072310621929997513305816668      
   6.24500779058240305208284122553892136      
   6.21255418733842409744465429464540991      
   6.17894438361601481507646953080433842      
   6.14416233479545679657877428202695249      
   6.10819245719481540624027458085596030      
   6.07101959277658470515217682322407801      
   6.03262897222014253421849538830938221      
   5.99300617716173161302655488262247713      
   5.95213710227843625174783518816692143      
   5.91000791855219448033403383795396638      
   5.86660503780024316150622670749520160      
   5.82191507900056855404377810118171975      
   5.77592483742081942535705896986019835      
   5.72862125524988406086406746076058525      
   5.67999139533540141451475084880478948      
   5.63002241694794383787252865885278586      
   5.57870155408028177481099351630860622      
   5.52601609582853822236267185582192879      
   5.47195336891471418418865322683698642      
   5.41650072203055470733571311471760491      
   5.35964551205262325531201537386139219      
   5.30137509170500750683499580226551082      
   5.24167679873719074371111683912069186      
   5.18053794633119451084903301199002941      
   5.11794581467145029824077884709689562      
   5.05388764360535057901707175146952695      
   4.98835062591394134005090390880811990      
   4.92132190187698812494569417286125189      
   4.85278855405588812996056711126494149      
   4.78273760296705264693553909916367840      
   4.71115600324797973634792950831829723      
   4.63803064024506763140206425491729072      
   4.56334832711801983388577465408548290      
   4.48709580225400964678979682905336713      
   4.40925972704316756480206530767884001      
   4.32982668392445026170123421367407802      
   4.24878317468520005305567213563139155      
   4.16611561901908371507580639538260752      
   4.08181035324911180841964146087246685      
   3.99585362922679929706286896583306657      
   3.90823161340275647117911475110605666      
   3.81893038603019708855887465643009647      
   3.72793594048555029642718032875500270      
   3.63523418268656012340879298013142337      
   3.54081093061808287702446884568928255      
   3.44465191394612123222529497782913571      
   3.34674277368129139588960124248119791      
   3.24706906193468994532572569068609691      
   3.14561624172173820147208934772630445      
   3.04236968681541516506590887100525805      
   2.93731468164174130901450676136799797      
   2.83043642122655157256107271959994676      
   2.72172001117343601499566732740763112      
   2.61115046767032010241763206310685232      
   2.49871271753026890142505355228564563      
   2.38439159825342111185079360194521328      
   2.26817185811192841285530382349005337      
   2.15003815625818380423022208098870110      
   2.02997506284515302881498477398426103      
   1.90796705916725427512745651384637317      
   1.78399853781096108130806101280213572      
   1.65805380282489814497543927426223949      
   1.53011706988901379021193517350141967      
   1.40017246650288607760125321158861193      
   1.26820403217863785825800226497052136      
   1.13419571864301280278952092632555402      
  0.998131390042051624258919789107384739      
  0.859994823156794044401368691822923975      
  0.719769707619417264871462788435727804      
  0.577439646133897150551171117276769660      
  0.432988154705025344833709919126409449      
  0.286398662862316715609945775088515177      
  0.137654513893790871382777011621792013      
  -1.32610349205152536539209969315131993E-0002
 -0.166364812074646979797141016957403916      
 -0.321673731602893996422683290702127919      
 -0.479204792837678774700604048037020746      
 -0.638975080174324671437414383132662277      
 -0.801001762831266222021519364552933420      
 -0.965302094613851146450786085474944184      
  -1.13189341367004290346581381279123033      
  -1.30079314225474127922828969431915689      
  -1.47201878649192155353536259677511170      
  -1.64558793613247866703881704400941746      
  -1.82151826431800327986780789866527906      
  -1.99982752734508835923550035594962527      
  -2.18053356442399338679192050600859856      
  -2.36365429744714169972755024934322360      
  -2.54920773075077965546358216127144702      
  -2.73721195088165914182807536827331627      
  -2.92768512636489703812055537211806872      
  -3.12064550747055176569032205454077138      
