   482.989325854482766625225197452827150      
   482.989325854498234655481154983509087      
   482.989325855059819086560773405629421      
   482.989325860516629894659871621309762      
   482.989325887322284515814506978034323      
   482.989325967435644092579296784162424      
   482.989325968950923145095315026401080      
   482.989323869000587490726473321396893      
   482.989307850192948670134342878133091      
   482.989234838319703636824491569529406      
   482.988991240619911303882132291358985      
   482.988340383513761360117285089366428      
   482.986868773418214819927095115252653      
   482.983944755005545970432876001728894      
   482.978698901874597043084240200171328      
   482.970029030597573971484874922291611      
   482.956627172603870667474792493327132      
   482.937022557309711762939758908677945      
   482.909633640881267646387535704653880      
   482.872822787406303006355263089993598      
   482.824948608071791401993723268788621      
   482.764412594921904628777778191713020      
   482.689698184368650331951031452163070      
   482.599401580030332282086962211031878      
   482.492254511328810774148677774567285      
   482.367139633417504688845440357127100      
   482.223099548489663038146087267651679      
   482.059340516228638165441118764909040      
   481.875231888350415865427437977757906      
   481.670302200220335319561084347965218      
   481.444232718200670950929441444014359      
   481.196849103418879784949859381046736      
   480.928111725201963621475608191481966      
   480.638105048031468054776821177440378      
   480.327026427633775303798386043885105      
   479.995174583013803357384143693870523      
   479.642937959161067668745672481643505      
   479.270783156342474575885460968162368      
   478.879243572107105941316243841249668      
   478.468908379626427124231720149294553      
   478.040411946626791981585224608199562      
   477.594423783188811990097680714419328      
   477.131639091222482393168083825293932      
   476.652769974035382297622460299590027      
   476.158537350730725986789078967937398      
   475.649663605638238002408531693256680      
   475.126865991022854615665647872419835      
   474.590850788211688006725583647949269      
   474.042308221658827049486060504160365      
   473.481908109282596862567435045102157      
   472.910296224233982723613812418453294      
   472.328091335929710201294193073789344      
   471.735882890752624205590660608029438      
   471.134229289034447914946968443417800      
   470.523656707240697262981116217792148      
   469.904658438959978662517717193775235      
   469.277694647439943010747519612693181      
   468.643192551277066571164955493061327      
   468.001546940206432450256776805436371      
   467.353120992141829677664342371731508      
   466.698247341556436939673374512106467      
   466.037229353810139808898933848166526      
   465.370342563738970790162941524829961      
   464.697836240287624302455783804691095      
   464.019935040664656406381724260837036      
   463.336840722192898427116789229301760      
   462.648733883614261036172533229551959      
   461.955775708924652662280472107725773      
   461.258109693071036795245919484993294      
   460.555863329489174720116578115321970      
   459.849149742908830026810546211859418      
   459.138069255760533394498219349827134      
   458.422710875676977638201160349104549      
   457.703153696395585158343380560957564      
   456.979468206913808031518368410796399      
   456.251717502616433143294540782338024      
   455.519958397646941285317755308044152      
   454.784242437290398073112606730504341      
   454.044616810075715013583962253637716      
   453.301125162285887891465367064747770      
   452.553808317283006551300141095887609      
   451.802704900344375912804439194027659      
   451.047851876485901526407868599016671      
   450.289285002873062894033576248326094      
   449.527039205057187954589060806795756      
   448.761148875794947934291393987749058      
   447.991648107425933336737388361895563      
   447.218570856902530917281692779681751      
   446.441951059219209905667346710255146      
   445.661822679015736397788997421406190      
   444.878219713874732958728039659257995      
   444.091176165377092603761186840208954      
   443.300725958914524659229751575392619      
   442.506902837177833859028928048921478      
   441.709740223447017406087219015071003      
   440.909271056041376753640581222268710      
   440.105527581770013719198489853865482      
   439.298541166919248251735551278408402      
   438.488342066294405118985581277519781      
   437.674959191144936278683432335627847      
   436.858419847856925743772520385020105      
   436.038749494552365004586329620686077      
   435.215971477016624089732060785047915      
   434.390106735195700044555925017488243      
   433.561173536206650840834900070567021      
   432.729187222022213940376578130494544      
   431.894159934452556970962321255451485      
   431.056100297793356420415524896650191      
   430.215013139945142791197292590284283      
   429.370899253314576325800607888838479      
   428.523755159074807278569430395912464      
   427.673572691897930718372850540854827      
   426.820338805500859485740948183844304      
   425.964035322519651816356428263972512      
   425.104638744161325749329317329783928      
   424.242119655920482641093211888831077      
   423.376442854365420567992464681688702      
   422.507566829271256725878565170350527      
   421.635443468694105608863479776533596      
   420.760017942486462363973497079444731      
   419.881228400394972578319736317988066      
   418.999005424488040220632004926762521      
   418.113272162162994997618891390466961      
   417.223943653455800612157572884902481      
   416.330926741065515182905760266137422      
   415.434119748845248936964141522062213      
   414.533411983603909294159118402763160      
   413.628683697279534715460301552804779      
   412.719805437477603616485954182439420      
   411.806637950509535590968893509993093      
   410.889031622809679828039733736022382      
   409.966826082710371238177886605722168      
   409.039850084082569953973651609687879      
   408.107920556125341693676632059166581      
   407.170842696508166461513783480583971      
   406.228409164058190263877339575452001      
   405.280399602276008229080160931739148      
   404.326580142346828009302970279578668      
   403.366702930361083299509649471837754      
   402.400505393273738072792265991705175      
   401.427709611771919378883162865330679      
   400.448021720761539988793570691518985      
   399.461131155293164701500557348703839      
   398.466709667083848790849676064859554      
   397.464411029896637159426857673999228      
   396.453869675762217413581067020107120      
   395.434699817411001583073194790204313      
   394.406494914812612867300019682355546      
   393.368826111721703175936375512215240      
   392.321241439613623481405301086126095      
   391.263264519250377662754313465238810      
   390.194393368567219393998696470819113      
   389.114099229583976428029846465686915      
   388.021824794482353497398298256395709      
   386.916983490442550113821149268946520      
   385.798957264426977385886722391168469      
   384.667095394824455002644763713065380      
   383.520712831533635378532707967887772      
   382.359088584115422956750348667426406      
   381.181464069642025438295184985240203      
   379.987041117450465577813609939123940      
   378.774981051556010891735917432511847      
   377.544402377601364131279707510528026      
   376.294379401075120941520592262901757      
   375.023941543151631192099474848297489      
   373.732071727264497060132003773451073      
   372.417706111525123806188611794131204      
   371.079733944062946598508467169359178      
   369.716997773197159018330298379514331      
   368.328295168021620418142930266749728      
   366.912382293666569440138374997166221      
   365.467976979192394326600438608022209      
   363.993765837763250491265885546445484      
   362.488413112579577261934761598570341      
   360.950573169959753065204604217372579      
   359.378907089151566003489005059013624      
   357.772104346214800471793750639933522      
   356.128911645724192712921404607367613      
   354.448169656426427312243078579432016      
   352.728860012811367314455297337423481      
   350.970164991470473069579733454633741      
   349.171541973085776181410209834053210      
   347.332816136157543658069887812247508      
   345.454294494687751702348398230399828      
   343.536903609467052561333939742255189      
   341.582356521430779493512597946197281      
   339.593348210709114285573931522589081      
   337.573776556946363109708155168430192      
   335.529020674441598361603862851011946      
   333.466190459550024762917883788573870      
   331.394444615003162848906152908314609      
   329.325281733411352431655922891957054      
   327.272813590370923928657025552197885      
   325.253980160126164312392408384423784      
   323.288673667287003987127957013125265      
   321.399721984985000892889275058910246      
   319.612692204470614912162496897916542      
   317.955479772345355837413858391885203      
   316.457664574236703155495984051719716      
   315.149546539817178002223108829888564      
   314.061616470105804888218053434119920      
   313.222391052492995560436714001544644      
   312.658299357335956216017598785392469      
   312.392141151561367334504380316941075      
   312.442371797768226754328614962663447      
   312.822564446184067941723326704765027      
   313.541183006764724372326680016174781      
   314.601654363613497672905348732143206      
   316.002694913559277463912922838423794      
   317.738825804127502150451416815593305      
   319.801004187332352236398277153823120      
   322.177305315368399517234297085481838      
   324.853595483816048333188862486561241      
   327.814162684929658898629110092935135      
   331.042275348490936138183845968203275      
   334.520657543438918422237833544012928      
   338.231880545362184985944611230070660      
   342.158671927785194488308066933056250      
   346.284151885227073988038598487850506      
   350.592005446461087710269985206929879      
   355.066601910841470839473285087356865      
   359.693072589868042427024286118383998      
   364.457351185662891065181626130025753      
   369.346190589741219253054389017357342      
   374.347158770691398082701643274246140      
   379.448620782692056446937893308343150      
   384.639710679092168838622480721806042      
   389.910296346637286677529790335721239      
   395.250939905381681122545027941300887      
   400.652857465157112730624857939685737      
   406.107877539552123916484660527656440      
   411.608399523571480983454776696470849      
   417.147353380866321155295514243301829      
   422.718162083823351515475034163100029      
   428.314704908036313582738463512025112      
   433.931283557189528846032037297644859      
   439.562591216840123582718476862696976      
   445.203681069839508709405015312478415      
   450.849940805039511471558509303177244      
   456.497067148410806343404679128577993      
   462.141042125294789705508373832241474      
   467.778112498740646109772087515072423      
   473.404770596435787890588953092869473      
   479.017736161603048547080417371297631      
   484.613940020887823674253150418249413      
   490.190509575281670812250821334414101      
   495.744755714441490398528950988084516      
   501.274159629541246903314652380345525      
   506.776362122733317613280336319336042      
   512.249153146926215111261040794071017      
   517.690462736364217862221112984289980      
   523.098352097076523042134292038530280      
   528.471005421960409463134543117489737      
   533.806723645749246808800399073611695      
   539.103917099373373094424289516409251      
   544.361099663885042038507602203741074      
   549.576883251681527504145519074395795      
   554.749972290598507293013634365336184      
   559.879159824140130962312083590052145      
   564.963322330942876136181311490174945      
   570.001416056679779243428171647540982      
   574.992473283810392276076495346324132      
   579.935598199656877248060603925893708      
   584.829964495981981065865342554239165      
   589.674812105769596327900733740094375      
   594.469444071703049183986445408377568      
   599.213223923578142264306871283872483      
   603.905573016523566312730411466428912      
   608.545968670594016223627854264775196      
   613.133941444872509984941051820397723      
   617.669073278162999449953713091372335      
   622.150994235963688314459697904202131      
   626.579384106689596979123275577680989      
   630.953965683505514765094017221290445      
   635.274505996521500786714174232008830      
   639.540814232453956129919409618540688      
   643.752740025605304933539771734993582      
   647.910171045798876049269851149656039      
   652.013032538930606469331162913338900      
   656.061285157166726886242699627958148      
   660.054924306097124344231035147621623      
   663.993977439267725340629439115558569      
   667.878504134981369086059007029183569      
   671.708593927515176175781394952480742      
   675.484365123320290884162189264423985      
   679.205964177624663832714083464574839      
   682.873563387621015032234300507009932      
   686.487360906566640151306049914583535      
   690.047578743693967027527042728222643      
   693.554461946378063786073750225701464      
   697.008277783263134191464507212887944      
   700.409314236344533584079635926087312      
   703.757879006524007655662005085217641      
   707.054299033409651135747975591947815      
   710.298918826725440603978054510322285      
   713.492099882474258323651499193571369      
   716.634219809572922839666935885099880      
   719.725671278617473723363202200753190      
   722.766861023238393187318320150736473      
   725.758209253195750612358607844721913      
