 0.69605643961238E+01
 0.69605643961238E+01
 0.69605643961255E+01
 0.69605643961452E+01
 0.69605643962560E+01
 0.69605643966578E+01
 0.69605643977620E+01
 0.69605644002746E+01
 0.69605644052650E+01
 0.69605644141932E+01
 0.69605644288571E+01
 0.69605644512049E+01
 0.69605644829697E+01
 0.69605645251005E+01
 0.69605645769943E+01
 0.69605646355580E+01
 0.69605646941494E+01
 0.69605647414571E+01
 0.69605647603837E+01
 0.69605647269990E+01
 0.69605646096249E+01
 0.69605643681103E+01
 0.69605639533451E+01
 0.69605633070523E+01
 0.69605623618810E+01
 0.69605610418069E+01
 0.69605592628279E+01
 0.69605569339230E+01
 0.69605539582290E+01
 0.69605502343743E+01
 0.69605456579059E+01
 0.69605401227400E+01
 0.69605335225720E+01
 0.69605257521889E+01
 0.69605167086349E+01
 0.69605062921966E+01
 0.69604944071831E+01
 0.69604809624899E+01
 0.69604658719478E+01
 0.69604490544647E+01
 0.69604304339768E+01
 0.69604099392331E+01
 0.69603875034357E+01
 0.69603630637662E+01
 0.69603365608232E+01
 0.69603079379994E+01
 0.69602771408223E+01
 0.69602441162804E+01
 0.69602088121558E+01
 0.69601711763779E+01
 0.69601311564135E+01
 0.69600886987019E+01
 0.69600437481439E+01
 0.69599962476487E+01
 0.69599461377424E+01
 0.69598933562379E+01
 0.69598378379660E+01
 0.69597795145652E+01
 0.69597183143261E+01
 0.69596541620878E+01
 0.69595869791791E+01
 0.69595166834015E+01
 0.69594431890466E+01
 0.69593664069436E+01
 0.69592862445304E+01
 0.69592026059306E+01
 0.69591153921022E+01
 0.69590245008833E+01
 0.69589298271467E+01
 0.69588312629020E+01
 0.69587286974030E+01
 0.69586220172460E+01
 0.69585111064553E+01
 0.69583958465519E+01
 0.69582761166068E+01
 0.69581517932722E+01
 0.69580227507897E+01
 0.69578888609747E+01
 0.69577499931747E+01
 0.69576060142018E+01
 0.69574567882361E+01
 0.69573021766984E+01
 0.69571420380961E+01
 0.69569762278324E+01
 0.69568045979958E+01
 0.69566269971085E+01
 0.69564432698516E+01
 0.69562532567497E+01
 0.69560567938253E+01
 0.69558537122310E+01
 0.69556438378329E+01
 0.69554269907800E+01
 0.69552029850248E+01
 0.69549716278208E+01
 0.69547327191850E+01
 0.69544860513340E+01
 0.69542314080763E+01
 0.69539685641404E+01
 0.69536972845178E+01
 0.69534173238014E+01
 0.69531284253837E+01
 0.69528303206728E+01
 0.69525227282682E+01
 0.69522053531412E+01
 0.69518778856984E+01
 0.69515400008732E+01
 0.69511913570363E+01
 0.69508315950677E+01
 0.69504603372673E+01
 0.69500771862112E+01
 0.69496817234624E+01
 0.69492735085070E+01
 0.69488520774634E+01
 0.69484169414799E+01
 0.69479675855723E+01
 0.69475034670999E+01
 0.69470240142468E+01
 0.69465286241036E+01
 0.69460166615043E+01
 0.69454874567394E+01
 0.69449403037089E+01
 0.69443744588220E+01
 0.69437891374617E+01
 0.69431835132224E+01
 0.69425567145426E+01
 0.69419078232665E+01
 0.69412358712482E+01
 0.69405398384678E+01
 0.69398186495703E+01
 0.69390711716867E+01
 0.69382962103526E+01
 0.69374925073054E+01
 0.69366587359204E+01
 0.69357934986667E+01
 0.69348953222593E+01
 0.69339626540883E+01
 0.69329938578207E+01
 0.69319872087341E+01
 0.69309408887263E+01
 0.69298529812527E+01
 0.69287214657923E+01
 0.69275442117181E+01
 0.69263189724996E+01
 0.69250433786742E+01
 0.69237149310934E+01
 0.69223309930096E+01
 0.69208887818043E+01
 0.69193853608826E+01
 0.69178176301241E+01
 0.69161823159914E+01
 0.69144759608056E+01
 0.69126949115512E+01
 0.69108353075049E+01
 0.69088930669428E+01
 0.69068638733329E+01
 0.69047431601206E+01
 0.69025260939743E+01
 0.69002075573754E+01
 0.68977821296846E+01
 0.68952440662129E+01
 0.68925872765923E+01
 0.68898053003214E+01
 0.68868912809805E+01
 0.68838379384367E+01
 0.68806375382976E+01
 0.68772818590525E+01
 0.68737621572694E+01
 0.68700691280819E+01
 0.68661928648046E+01
 0.68621228141999E+01
 0.68578477277092E+01
 0.68533556104274E+01
 0.68486336647496E+01
 0.68436682316349E+01
 0.68384447265962E+01
 0.68329475733830E+01
 0.68271601328305E+01
 0.68210646297963E+01
 0.68146420760175E+01
 0.68078721954943E+01
 0.68007333458405E+01
 0.67932024457158E+01
 0.67852549061382E+01
 0.67768645713579E+01
 0.67680036737175E+01
 0.67586428064801E+01
 0.67487509240200E+01
 0.67382953747115E+01
 0.67272419726789E+01
 0.67155551179894E+01
 0.67031979717171E+01
 0.66901326833330E+01
 0.66763206776339E+01
 0.66617229881614E+01
 0.66463006296814E+01
 0.66300149867308E+01
 0.66128281954528E+01
 0.65947034953805E+01
 0.65756055244382E+01
 0.65555005408025E+01
 0.65343565653713E+01
 0.65121434405074E+01
 0.64888328234434E+01
 0.64643981283361E+01
 0.64388144210955E+01
 0.64120583271383E+01
 0.63841079046592E+01
 0.63549425352311E+01
 0.63245428186911E+01
 0.62928904741782E+01
 0.62599682466666E+01
 0.62257598165584E+01
 0.61902497117646E+01
 0.61534232230674E+01
 0.61152663197942E+01
 0.60757655690679E+01
 0.60349080583662E+01
 0.59926813225251E+01
 0.59490732756181E+01
 0.59040721481346E+01
 0.58576664299777E+01
 0.58098448190836E+01
 0.57605961750738E+01
 0.57099094790643E+01
 0.56577737973567E+01
 0.56041782502122E+01
 0.55491119845078E+01
 0.54925641500145E+01
 0.54345238790580E+01
 0.53749802690116E+01
 0.53139223673230E+01
 0.52513391587262E+01
 0.51872195544527E+01
 0.51215523831345E+01
 0.50543263830898E+01
 0.49855301958889E+01
 0.49151523610608E+01
 0.48431813115268E+01
 0.47696053702224E+01
 0.46944127469528E+01
 0.46175915360754E+01
 0.45391297146811E+01
 0.44590151411082E+01
 0.43772355538604E+01
 0.42937785708515E+01
 0.42086316888821E+01
 0.41217822833561E+01
 0.40332176081587E+01
 0.39429247957317E+01
 0.38508908572595E+01
 0.37571026829621E+01
 0.36615470424972E+01
 0.35642105854345E+01
 0.34650798418264E+01
 0.33641412227567E+01
 0.32613810210203E+01
 0.31567854117842E+01
 0.30503404533185E+01
 0.29420320877035E+01
 0.28318461415796E+01
 0.27197683269287E+01
 0.26057842418459E+01
 0.24898793712939E+01
 0.23720390879149E+01
 0.22522486527991E+01
 0.21304932162695E+01
 0.20067578186630E+01
 0.18810273911180E+01
 0.17532867563269E+01
 0.16235206293183E+01
 0.14917136182112E+01
 0.13578502249473E+01
 0.12219148460720E+01
 0.10838917734294E+01
 0.94376519490834E+00
 0.80151919515156E+00
 0.65713775626090E+00
 0.51060475849373E+00
 0.36190398094654E+00
 0.21101910223276E+00
 0.57933701145778E-01
-0.97368742685732E-01
-0.25490484814900E+00
-0.41469133201927E+00
-0.57674500832398E+00
-0.74108278774199E+00
-0.90772167698370E+00
-0.10766787781979E+01
-0.12479712883985E+01
-0.14216164988684E+01
-0.15976317946031E+01
-0.17760346537498E+01
-0.19568426470570E+01
-0.21400734373316E+01
-0.23257447789066E+01
-0.25138745171269E+01
-0.27044805878162E+01
-0.28975810167794E+01
-0.30931939193088E+01
-0.32913374996791E+01
