   482.989325854482766625225197452827150      
   482.989325854498234655481154983509087      
   482.989325855059819086560773405629421      
   482.989325860516629894659871621309713      
   482.989325887322284515814506978045909      
   482.989325967435644092579296817414242      
   482.989325968950923145095325066262121      
   482.989323869000587490727202159224640      
   482.989307850192948670154753979291332      
   482.989234838319703637117425629325009      
   482.988991240619911306463763935400664      
   482.988340383513761375880147815167273      
   482.986868773418214892416836781244911      
   482.983944755005546236966327897297193      
   482.978698901874597861812360141490270      
   482.970029030597576144392597406985596      
   482.956627172603875795618736000234094      
   482.937022557309722902527448701198460      
   482.909633640881304115394897135113524      
   482.872822787406498285831455318959449      
   482.824948608071899435030482034413582      
   482.764412594922417074003094024951681      
   482.689698184370773935580856139014862      
   482.599401580038150931809331697748418      
   482.492254511354750110609007278376833      
   482.367139633495983021133531010586631      
   482.223099548708404910249557935191788      
   482.059340516795271373470665124360984      
   481.875231889724883293244326373514898      
   481.670302203362783572883677907960140      
   481.444232725011133063922155790753378      
   481.196849117480159633270065118718980      
   480.928111752980936323757688896466815      
   480.638105100746009541073083846618036      
   480.327026524051299627372339266859672      
   479.995174753510622578043639221642503      
   479.642938251436443462349048105604337      
   479.270783643243745956808695475079949      
   478.879244362078855295279435433738634      
   478.468909630343587208470937831205435      
   478.040413882405614384876869064247582      
   477.594426716788218920970484355766003      
   477.131643450649571719075302260193486      
   476.652776334952626981909616197554713      
   476.158546475028328922332618564175709      
   475.649676486685737180931956247291444      
   475.126883906050314723016739323100271      
   474.590875358197575743693276957424438      
   474.042341479020083637512805122748218      
   473.481952573579149822688771836230353      
   472.910354986015255316824446069852354      
   472.328168148771889866374606282951152      
   471.735982271461113830647790538944185      
   471.134356625923437565051900681847293      
   470.523818380473201112859671590211184      
   469.904861933318972343141791734508053      
   469.277948694162721369531674842754286      
   468.643507263708627460358275247692535      
   468.001933959737178181210581964090462      
   467.353593637738916032153047859928780      
   466.698820778088954031202357116523042      
   466.037920749820540454313329139184865      
   465.371171266193638482767838944475117      
   464.698823952977354637598553850516799      
   464.021106008657751296860149300935683      
   463.338221922300126546541316691644732      
   462.650355220769075442048949884113250      
   461.957670218499181250105065640906768      
   461.260313749104231017296489052953382      
   460.558416858819568444478161851165116      
   459.852096445300293190740877970649398      
   459.141456829991145600921560268314339      
   458.426591251660541016227428996533642      
   457.707583273410517766216199128182125      
   456.984508097903637354445150650783539      
   456.257433784671230711272941280932546      
   455.526422368741461405815585316086127      
   454.791530879188684192737715893769703      
   454.052812257535754719151088779741395      
   453.310316178514853162963500990654159      
   452.564089775536221650987525309178672      
   451.814178272055238419490465600481256      
   451.060625525657449047138173207153088      
   450.303474486982175172923832272092475      
   449.542767582091903020932253623667673      
   448.778547017869645472184494547034346      
   448.010855020711250686931860256529038      
   447.239734008379542053603720012699296      
   446.465226709385054222175037617875154      
   445.687376222038235712819078768049567      
   444.906226025389482640544791979418673      
   444.121819954536228841497053197980471      
   443.334202130958639586879581057520948      
   442.543416861387434079325774504929868      
   441.749508508297283242861713729742487      
   440.952521333480465379988278445541269      
   440.152499301350007777985862422609182      
   439.349485894569608985631509080828585      
   438.543523897944653998856681008167387      
   437.734655168881592855885981501821395      
   436.922920392241284881342209825553796      
   436.108358841987299570315559450136457      
   435.291008132724251250070041258102602      
   434.470903936410956223798702522424665      
   433.648079736321312468327626257222594      
   432.822566566541109862015970617343012      
   431.994392768614593137588216007795354      
   431.163583689478318297549027420073447      
   430.330161417293334748710952208495834      
   429.494144548297144164021726110421443      
   428.655547967299494006954363616036054      
   427.814382489376677300028051563701736      
   426.970654642548550699224723503659969      
   426.124366477506565413984803332618210      
   425.275515291168551480525122150527177      
   424.424093249498916486955385464508241      
   423.570087348879020581138185426864386      
   422.713479023065691066209757686508810      
   421.854243980183005187495507527322459      
   420.992351867996598615648338376812786      
   420.127766120499597843327766947605815      
   419.260443621630990747844450719526153      
   418.390334463467485706406270317824220      
   417.517381827485530806644107425787536      
   416.641521452382836852532912073735394      
   415.762681706725627650391507715715968      
   414.880782922574910653024411410086508      
   413.995737503837199564604660904121152      
   413.107449316397878222560715497419340      
   412.215813634391891774806099439236208      
   411.320716511659083113697426888036702      
   410.422034837016141638178873285731018      
   409.519635565201865303219968480848626      
   408.613375774327712181781645046740560      
   407.703101883983360867105441913543148      
   406.788649471775472854302791578954749      
   405.869842888815879624983538059399193      
   404.946494586017342053562294599807874      
   404.018404667824784682116943347954445      
   403.085360527283252110474272074078600      
   402.147136105082670077829487640726524      
   401.203491527801081640830976530359503      
   400.254172109042799245890090422506568      
   399.298908049402073540634965354452548      
   398.337413265881637304643355622631553      
   397.369385080930982035609326801702205      
   396.394503190995143980243077466231591      
   395.412428578210812604823007876924411      
   394.422802670147837142283647487580934      
   393.425246637089025592653043393787850      
   392.419359646171792018894216063394020      
   391.404718143144450272674014564086578      
   390.380874702311200123142919049998122      
   389.347356084978309389810636598760935      
   388.303662288849489418725564661623348      
   387.249264793328824505061663636904043      
   386.183605004035360932907358759017619      
   385.106092366688388802583006345832509      
   384.016102641589594743518699836212138      
   382.912975883201502573380121965008744      
   381.796014288480638812061709974969394      
   380.664480281856215466585798990662082      
   379.517593704195911436563800717071169      
   378.354530148250139822953508007145602      
   377.174417942221765751534400622843236      
   375.976336002625447998492936880333494      
   374.759311465412608570817895278512973      
   373.522317216803648423730455203444140      
   372.264269657430980408392073903367068      
   370.984026719297423639835677964013924      
   369.680386326345061081032801670920207      
   368.352085397134317319002504943707969      
   366.997799368302137399129074932106344      
   365.616143392561709053549935564485298      
   364.205673947603026752953613076925515      
   362.764894144985039844278747116233842      
   361.292259115861559649429146356358348      
   359.786186770136417366239981654918970      
   358.245071924723758952723152777435252      
   356.667306299144511517316175898057815      
   355.051304661916983005074500307416842      
   353.395540577445752185901367862958274      
   351.698592528639783567129483024397241      
   349.959203727794347271765430759058721      
   348.176358310263300452495095914744549      
   346.349376457604206952228778066305785      
   344.478034076657318528356704302118858      
   342.562707500346976474958939973739023      
   340.604549393871482772250630952343324      
   338.605695082922138465885422353247666      
   336.569504326569651124822785711275902      
   334.500823613477027830260109765324777      
   332.406300982631946120402288281189563      
   330.294661339569069644183261495413388      
   328.177025156517314138272716138470627      
   326.067170403876402157191273756245170      
   323.981733136609954290660670636421137      
   321.940305987048346844514137911809465      
   319.965394019373760464726952589947099      
   318.082165239962634717982119780441587      
   316.318104587731684830098938213569629      
   314.702274412033866938389160861671511      
   313.264541886576087804343340409662721      
   312.034591422801284941856861160706881      
   311.041048958257333386136985744582846      
   310.309791154719436304083198066103624      
   309.863918346977715532010311519365716      
   309.722438822707623325947038667499528      
   309.899887960366276890535200323703547      
   310.406081093626861071614408542898855      
   311.246123547496313185662075116763897      
   312.420645462006700787415327918362520      
   313.926210456028094726690001413614277      
   315.755842540536382466502086539914018      
   317.899611692453682870324399929931691      
   320.345236612661993800323818998020889      
   323.078662658426808796288240738782081      
   326.084590865215274791397644060535458      
   329.346944265903684409223113999759456      
   332.849262167371165342751114430221645      
   336.575024764710783201769335170957909      
   340.507910505409336729587401315143153      
   344.631991968834512279158565277102385      
   348.931881709554915756834683996423159      
   353.392833057255187120903779645839396      
   358.000803678139773824620720701505233      
   362.742492162577445189051602547578141      
   367.605351593659206110263532004020975      
   372.577585839777971316813711753441499      
   377.648133676706368463153016463241664      
   382.806643188670834080505249897427823      
   388.043441469606838558854363823065336      
   393.349499218699108871592990056507372      
   398.716394766683116856274326366315252      
   404.136275673593542600574703546107789      
   409.601822263216685688793247439756529      
   415.106211215378710841835710868172404      
   420.643080067919207568913418268989371      
   426.206496593679624560701008838000235      
   431.790923660144563996321894957766420      
   437.391193019275351826896030219684484      
   443.002477745848137482524452964430454      
   448.620266186554133720536308487537742      
   454.240339254661967149387338839609371      
   459.858749108413942037605088790504701      
   465.471799680850086869412936545909069      
   471.076027999987249987977622721285486      
   476.668188100239317206919441753747741      
   482.245236014856338823718376049470123      
   487.804315926934059844125022030157661      
   493.342747218852965127813611119495572      
   498.858013156441596645443585308712269      
   504.347750726899837938145188705363787      
   509.809740436108734731344575509910371      
   515.241897537233710881307373121119094      
   520.642264467767950183333431663440044      
   526.009002963796284378726955146003651      
   531.340387959671308091583254215732230      
   536.634800197464579915743793317609414      
   541.890721558717942695173416114781381      
   547.106730041865429806785066347032199      
   552.281493812587253426858963910384933      
   557.413767405094636857442189153749330      
   562.502387725305583830315295874237360      
   567.546270196956217500125743974048075      
   572.544404611405200616076579065554083      
   577.495852513095245496016349443075116      
   582.399744182989020427914635548314908      
   587.255275017101247022251307552295619      
   592.061703295115241578550076187156950      
   596.818347696631970153307035521034397      
   601.524584936792752453719468735756149      
   606.179847026045906285292506765037297      
   610.783619359482090817027394276388379      
   615.335439803821918789351311184067724      
   619.834894860958157067807337457999506      
   624.281618242113359904619012580491482      
   628.675290569137906907783896364901427      
   633.015635505293063003727535810720845      
   637.302420448663625708091083472503839      
   641.535452370649877584235975744137639      
   645.714578816426223820069548279189886      
   649.839684505102391313496447804013333      
   653.910690775927677524615104590347232      
   657.927554272231719863946656056351474      
   661.890265088113774545511667755021073      
   665.798845963139038957475845553338818      
   669.653350474441053144121981197336788      
   673.453862281202291549527971822219922      
   677.200493813261427936114194803956613      
   680.893384615734528329212591737065863      
   684.532700808181786594516129058915939      
   688.118633642247565238256603956390746      
   691.651398437657755398567191520410055      
   695.131233375686806985083240856004317      
   698.558398773882843721012504940693984      
   701.933175745883563784024917813110288      
   705.255865106982121136698649224433125      
   708.526786874814908319700290424526830      
   711.746278840289016546686633051205441      
