   482.989325854482766625225197452827150      
   482.989325854498234655481154983509087      
   482.989325855059819086560773405629421      
   482.989325860516629894659871621309713      
   482.989325887322284515814506978045416      
   482.989325967435644092579296816906807      
   482.989325968950923145095324811943226      
   482.989323869000587490727175476064770      
   482.989307850192948670153767349126176      
   482.989234838319703637099852273891697      
   482.988991240619911306279833902846724      
   482.988340383513761374588847980213462      
   482.986868773418214885753139232510397      
   482.983944755005546209984812200233202      
   482.978698901874597771891020421852623      
   482.970029030597575888694036347265003      
   482.956627172603875157666715278778372      
   482.937022557309721472851645991883233      
   482.909633640881301163640357896376957      
   482.872822787406322081876303007588695      
   482.824948608071896697453021493718094      
   482.764412594922402214101948546548095      
   482.689698184370704350652350330448969      
   482.599401580037864694064594184244582      
   482.492254511353699578907815414847248      
   482.367139633492497394991738148765022      
   482.223099548697831537798627035859415      
   482.059340516765665154443955676687949      
   481.875231889647723973130648056511429      
   481.670302203174267300473680411365671      
   481.444232724576642529851625329690773      
   481.196849116530301382854545915904026      
   480.928111751001818117571713722629524      
   480.638105096799069634663000277392358      
   480.327026516488968813359319160462071      
   479.995174739543522418444799258837000      
   479.642938226495986394511879329481956      
   479.270783600071345427820769493252961      
   478.879244289460049150273983771666457      
   478.468909511392887605256493611562628      
   478.040413692296522781280873662676421      
   477.594426419813255843948500206706030      
   477.131642996487996048374783669580742      
   476.652775654019184951702218252387710      
   476.158545472775272222123980543408461      
   475.649675036732496468388094940626477      
   475.126881842020694880431891073866300      
   474.590872464152702688494232097736303      
   474.042337478386430668654211220731539      
   473.481947116483940046098818314549499      
   472.910347634956147606177625706119853      
   472.328158362562998166737755194013773      
   471.735969387412957775702539476435918      
   471.134339840229157565365770237985031      
   470.523796726787159658400556613386350      
   469.904834259526582797491014468923780      
   469.277913637350389495683040815336301      
   468.643463223351697713535648859668639      
   468.001879065314255792858734095528221      
   467.353525732066030734300011996438302      
   466.698737366906584894343062944737255      
   466.037818979234060796162132849587488      
   465.371047884851192555758712792072906      
   464.698675275162446973368828512829953      
   464.020927875804477162601565415626580      
   463.338009662949233792218735362525773      
   462.650103608992134541616350393035474      
   461.957373430800675872348571960074433      
   461.259965319817915344980200922056661      
   460.558009634012964835924613768149566      
   459.851622535185541997524667850649023      
   459.140907559858555876473459672211956      
   458.425957111335073497774497621870673      
   457.706853865229758016348908446415818      
   456.983672083233109589514387076378540      
   456.256478828949216322239121131768414      
   455.525335085050003144703761121967153      
   454.790296770374266187123459190239357      
   454.051415656866594046225501964787320      
   453.308740188891017522938490385196932      
   452.562316207279690727981627255879786      
   451.812187579221294378551207353322990      
   451.058396740921451013656451388083612      
   450.300985155063687292190182893856426      
   449.539993691791834552529671892504854      
   448.775462932645681224125007554857580      
   448.007433407852523497155616648982798      
   447.235945766680098881399487712008802      
   446.461040895495059025105222828545351      
   445.682759975218863201155411816292151      
   444.901144490763112790414485123977668      
   444.116236204869819750520468267515050      
   443.328077086945293478611078821129065      
   442.536709210318709890782450140088983      
   441.742174621257903458823343116943926      
   440.944515179839269405241433136756132      
   440.143772364515536936144678438125741      
   439.339987082768493271187712360048583      
   438.533199451770686499743770913083693      
   437.723448572154714948195044054139809      
   436.910772276699428514918807512668609      
   436.095206891206965013733088335717257      
   435.276786983588143385424929940105456      
   434.455545077224834436644766999939344      
   433.631511403261135091379151595589139      
   432.804713637185297098391093043540356      
   431.975176653204327443646016111268607      
   431.142922217427033332610762690538709      
   430.307968720309647143847796418905846      
   429.470330942243079695743357216429909      
   428.630019831546287888895570069218755      
   427.787042133660106526182850755435069      
   426.941400178839500660057510458758293      
   426.093091686502356551136056272035667      
   425.242109477465920443816132947908386      
   424.388441095517689488845169486126220      
   423.532068718958908229283768382637063      
   422.672968994803489498240805814976364      
   421.811112399483822747631759626858829      
   420.946463366905876459814546315775649      
   420.078979906395499521770150098624314      
   419.208613244162699829703954925507709      
   418.335307701097482950237585239309434      
   417.459000417751723155952511484680784      
   416.579620936128855520048436787610629      
   415.697091174688517156108610493629564      
   414.811324804806454034943745601195053      
   413.922227344754077212434335241436098      
   413.029695483470596911891119789474012      
   412.133617127586073143602353855675066      
   411.233870621392951217633752855988973      
   410.330324919884457180159458401226846      
   409.422838721767179981729078824215389      
   408.511260516068637678696901977577996      
   407.595427897211320276344755589034325      
   406.675167165881811883614079853100453      
   405.750293075325333449917062038558352      
   404.820608153214759313730689456613181      
   403.885902195886668528653784314659931      
   402.945951812753512216736554585674477      
   402.000519898145349008578785297473417      
   401.049354838546870746042732938758035      
   400.092189840256017105904428442827849      
   399.128742514452134235969510967203755      
   398.158713948985305315109834005848285      
   397.181787827923744996379675412437794      
   396.197629506477136168499769992218265      
   395.205885465399285125271979854500078      
   394.206181804894619533103651664345729      
   393.198123769509451781798322602343720      
   392.181294006666107861194096544026271      
   391.155252041983868971925601151447707      
   390.119532368188765051724973145547583      
   389.073643376610229654939420462717932      
   388.017065840057632134983617758413007      
   386.949251461602846383674337178015035      
   385.869621051722606359476905328699044      
   384.777562912160875810267088083260175      
   383.672430883401735205370252861502632      
   382.553542694637831532072516369391809      
   381.420177568592425548275644838849030      
   380.271574172187416625098420084493923      
   379.106928656306703488479081340011175      
   377.925392335421055399715912610773871      
   376.726069306240360707731644068544503      
   375.508014440345269075125522117418278      
   374.270231237914531198036403079630316      
   373.011669607864936557319485956976218      
   371.731224306502129607456541484825060      
   370.427733267292201993770765602861373      
   369.099977277802055486201846360628791      
   367.746679146222385170183137969858075      
   366.366505163639200378180945786596307      
   364.958066647243257967568327308977107      
   363.519925088757527119828147872787986      
   362.050596993801998948738655231397480      
   360.548564234064014193562548321089666      
   359.012286849865711858492899719141691      
   357.440221789491550705859859467256181      
   355.830846854952934430222331933827736      
   354.182693739781031619347790700227562      
   352.494390314911807787908123506765231      
   350.764715524506602952984822873907180      
   348.992669474158756670412215706458963      
   347.177560521353566624656836791894581      
   345.319115739903758961425757588257343      
   343.417614467869852357892831900250468      
   341.474051486254693179905936167007697      
   339.490329470243256149949240273302736      
   337.469486824560022586617359936792983      
   335.415946711580852635738307535706839      
   333.335822057172614738438370549823105      
   331.237186840566807384949462522238388      
   329.130397611688795942769285301188542      
   327.028372478822137366579246192704822      
   324.946821470904520416196763736225688      
   322.904390749310528286946471062608821      
   320.922679194831146589778180432791314      
   319.026085560810429902027829355095563      
   317.241422537097074130064435184264339      
   315.597470574732397525193711040050180      
   314.124047451459631588863349227678849      
   312.851151007765498780597109614432463      
   311.808047247562526401190845836871447      
   311.021590902498817556140754410386003      
   310.516057091198257360080297076509809      
   310.311783942046364655618882196036332      
   310.424685601567441599363254725727221      
   310.865915779728013528281224449108782      
   311.641804404796381593999846335641997      
   312.754040555794555353261409857933713      
   314.200052679135977494621693178269056      
   315.973525485916632223613480717239684      
   318.064996224293596304433094810397640      
   320.462473359182910830968226810238899      
   323.152040636896366311696000234270456      
   326.118414047740369416770994229120399      
   329.345434188511076437668596375752138      
   332.816485696771899512125208444811034      
   336.514843003426235439672050620064311      
   340.423945653857132992355222135808059      
   344.527608699732773570816028448973928      
   348.810178568821459015694570323944287      
   353.256643938455343829242222537299344      
   357.852703714828615385752206890534984      
   362.584808778256357124644782979983283      
   367.440177485564706360507381586692922      
   372.406793970480975890369838310757648      
   377.473393016497378315247274576267744      
   382.629434726591556097867238839949023      
   387.865073412071835521748537109390139      
   393.171121835542374125872312196202746      
   398.539014670403847159187501017481320      
   403.960769624808741550729976328320280      
   409.428948565681932112058405810184135      
   414.936621612211125591343856219257345      
   420.477330833213280698654168851267377      
   426.045056015207152108329967844210218      
   431.634184079361691675897390029113009      
   437.239476454795195133023145870380930      
   442.856043816663976267944339610475312      
   448.479318909190293564971216206529874      
   454.105032874278177278315051291339089      
   459.729193534245793119008001513138837      
   465.348065343570655319247422659969832      
   470.958150590276242023397005784834970      
   476.556172392530657169752997518725429      
   482.139059419282319375157715431927226      
   487.703932023136260757087677364886008      
   493.248088679632402278426684221049784      
   498.768994354717414816234403050083444      
   504.264270118995015426667167753752845      
   509.731682936043893777696485163308183      
   515.169136756241649972918080046674820      
   520.574663787054334507964735891352814      
   525.946417792079546463389736596864984      
   531.282666770750100093400267794314620      
   536.581786626198204499915074083172813      
   541.842254554418213067067904384026074      
   547.062645567994754189450218250949387      
   552.241625730831893726303922415941725      
   557.377948452609092039815598150164708      
   562.470449825540675026503800165826349      
   567.518045601410313595678576379455965      
   572.519726345094919237944573623173479      
   577.474555255986510026242913645777912      
   582.381663954342773878434089631858440      
   587.240250519265421058976641627296072      
   592.049575744571731995180041532107974      
   596.808961360329462884978431005489835      
   601.517787507786087130202848355127978      
   606.175489432806369907978980977291469      
   610.781556961280480880389326265781241      
   615.335530480079798919498287201489590      
   619.837001896923886186369091992423757      
   624.285608756102116133943827847020753      
   628.681035984460915846958503996401486      
   633.023011682004332042356851859065222      
   637.311307470647081328867452235736544      
   641.545735091189201379358905981830741      
   645.726146186411643284207273424465882      
   649.852430314697532869140645481436905      
   653.924513100077723775391507889370485      
   657.942355770586318953068981710637832      
   661.905952595382151506038522902395332      
   665.815330889638875352433114593946436      
   669.670548392853667654698236982412981      
   673.471693011220290769576781039392843      
   677.218881371629045544270827124378344      
   680.912257061861299526725211830995285      
   684.551990225877849977638695150210679      
   688.138276033017353044323668864299505      
   691.671333385464481101401862992836100      
   695.151404521143611870324078041874666      
   698.578753041832899241115078403534609      
   701.953663732731327556534709195506079      
   705.276440692854191730129010954238268      
   708.547407205987310634071485766997619      
   711.766904364433779064010409719788687      
   714.935289829368972420928399491756227      
