-0.10482791611405E+11
-0.65517447571279E+09
-0.12941718038771E+09
-0.40948404732054E+08
-0.16772466578261E+08
-0.80885737742639E+07
-0.43660106670373E+07
-0.25592752958623E+07
-0.15977429679185E+07
-0.10482791613772E+07
-0.71598877233751E+06
-0.50553586122532E+06
-0.36703167327312E+06
-0.27287566687856E+06
-0.20706748854930E+06
-0.15995470545984E+06
-0.12551084769120E+06
-0.99858933304407E+05
-0.80438234519462E+05
-0.65517442497709E+05
-0.53901359213218E+05
-0.44749288869907E+05
-0.37459801208927E+05
-0.31595976168149E+05
-0.26835927997010E+05
-0.22939457329885E+05
-0.19725195612048E+05
-0.17054698730025E+05
-0.14821219501255E+05
-0.12941678579003E+05
-0.11350852681302E+05
-0.99971201675425E+04
-0.88393137802874E+04
-0.78443694687046E+04
-0.69855537118612E+04
-0.62411154240646E+04
-0.55932523968020E+04
-0.50273128087564E+04
-0.45311738736156E+04
-0.40947550194938E+04
-0.37096340001676E+04
-0.33687423145627E+04
-0.30661221403151E+04
-0.27967312820304E+04
-0.25562858232258E+04
-0.23411325551509E+04
-0.21481450509268E+04
-0.19746386141314E+04
-0.18183003687848E+04
-0.16771315540277E+04
-0.15493997013491E+04
-0.14335988491088E+04
-0.13284163211230E+04
-0.12327048877525E+04
-0.11454593577379E+04
-0.10657968309122E+04
-0.99293998655338E+03
-0.92620289761156E+03
-0.86497895365414E+03
-0.80873054991739E+03
-0.75698026010361E+03
-0.70930325943588E+03
-0.66532080427073E+03
-0.62469460707427E+03
-0.58712197221159E+03
-0.55233157990982E+03
-0.52007982383151E+03
-0.49014762265112E+03
-0.46233763844086E+03
-0.43647184500261E+03
-0.41238939790509E+03
-0.38994476520086E+03
-0.36900608385136E+03
-0.34945371198075E+03
-0.33117895137334E+03
-0.31408291825850E+03
-0.29807554350232E+03
-0.28307468593629E+03
-0.26900534477526E+03
-0.25579895897190E+03
-0.24339278297508E+03
-0.23172932974498E+03
-0.22075587306996E+03
-0.21042400225162E+03
-0.20068922310687E+03
-0.19151059999511E+03
-0.18285043423714E+03
-0.17467397486086E+03
-0.16694915810390E+03
-0.15964637252988E+03
-0.15273824699139E+03
-0.14619945899759E+03
-0.14000656132650E+03
-0.13413782497298E+03
-0.12857309674061E+03
-0.12329366997348E+03
-0.11828216709715E+03
-0.11352243278230E+03
-0.10899943667217E+03
-0.10469918473319E+03
-0.10060863838724E+03
-0.96715640675165E+02
-0.93008848777347E+02
-0.89477672287203E+02
-0.86112216703690E+02
-0.82903231652443E+02
-0.79842063400436E+02
-0.76920611268918E+02
-0.74131287601826E+02
-0.71466980963528E+02
-0.68921022277377E+02
-0.66487153645775E+02
-0.64159499630215E+02
-0.61932540764511E+02
-0.59801089102818E+02
-0.57760265659093E+02
-0.55805479548321E+02
-0.53932408696271E+02
-0.52136981993567E+02
-0.50415362779736E+02
-0.48763933518016E+02
-0.47179281614561E+02
-0.45658186235581E+02
-0.44197606093587E+02
-0.42794668080728E+02
-0.41446656724247E+02
-0.40151004360707E+02
-0.38905282011963E+02
-0.37707190872520E+02
-0.36554554393295E+02
-0.35445310892236E+02
-0.34377506670993E+02
-0.33349289586659E+02
-0.32358903051024E+02
-0.31404680428289E+02
-0.30485039796318E+02
-0.29598479046595E+02
-0.28743571303831E+02
-0.27918960638158E+02
-0.27123358045564E+02
-0.26355537685540E+02
-0.25614333355811E+02
-0.24898635181261E+02
-0.24207386511768E+02
-0.23539581007902E+02
-0.22894259904723E+02
-0.22270509442125E+02
-0.21667458447105E+02
-0.21084276062628E+02
-0.20520169608798E+02
-0.19974382572999E+02
-0.19446192713158E+02
-0.18934910275174E+02
-0.18439876310511E+02
-0.17960461091240E+02
-0.17496062615803E+02
-0.17046105197456E+02
-0.16610038133990E+02
-0.16187334450840E+02
-0.15777489713879E+02
-0.15380020909255E+02
-0.14994465382396E+02
-0.14620379838038E+02
-0.14257339392257E+02
-0.13904936678939E+02
-0.13562781002543E+02
-0.13230497538383E+02
-0.12907726577083E+02
-0.12594122809493E+02
-0.12289354653162E+02
-0.11993103614808E+02
-0.11705063690661E+02
-0.11424940802087E+02
-0.11152452264417E+02
-0.10887326290407E+02
-0.10629301523956E+02
-0.10378126607285E+02
-0.10133559778033E+02
-0.98953684966344E+01
-0.96633291041418E+01
-0.94372265056336E+01
-0.92168538844406E+01
-0.90020124368930E+01
-0.87925111317695E+01
-0.85881664872679E+01
-0.83888023597480E+01
-0.81942497425537E+01
-0.80043465638813E+01
-0.78189374795238E+01
-0.76378736538942E+01
-0.74610125204323E+01
-0.72882175216847E+01
-0.71193578232995E+01
-0.69543080104386E+01
-0.67929477693530E+01
-0.66351615691627E+01
-0.64808383591372E+01
-0.63298712931745E+01
-0.61821574916253E+01
-0.60375978471877E+01
-0.58960968750506E+01
-0.57575625980574E+01
-0.56219064637910E+01
-0.54890432728198E+01
-0.53588911159350E+01
-0.52313713072887E+01
-0.51064083083196E+01
-0.49839296401539E+01
-0.48638657834818E+01
-0.47461500672498E+01
-0.46307185483332E+01
-0.45175098856636E+01
-0.44064652109308E+01
-0.42975279990130E+01
-0.41906439403056E+01
-0.40857608167695E+01
-0.39828283830208E+01
-0.38817982532941E+01
-0.37826237949579E+01
-0.36852600288009E+01
-0.35896635360382E+01
-0.34957923719266E+01
-0.34036059857508E+01
-0.33130651468079E+01
-0.32241318760322E+01
-0.31367693827756E+01
-0.30509420063986E+01
-0.29666151622833E+01
-0.28837552918603E+01
-0.28023298162722E+01
-0.27223070933554E+01
-0.26436563776655E+01
-0.25663477832450E+01
-0.24903522488641E+01
-0.24156415055111E+01
-0.23421880459429E+01
-0.22699650961322E+01
-0.21989465883763E+01
-0.21291071359687E+01
-0.20604220093055E+01
-0.19928671132770E+01
-0.19264189658562E+01
-0.18610546777758E+01
-0.17967519332252E+01
-0.17334889714789E+01
-0.16712445693810E+01
-0.16099980246299E+01
-0.15497291398103E+01
-0.14904182071181E+01
-0.14320459937269E+01
-0.13745937277574E+01
-0.13180430848147E+01
-0.12623761750608E+01
-0.12075755307762E+01
-0.11536240943982E+01
-0.11005052070027E+01
-0.10482025972061E+01
-0.99670037045639E+00
-0.94598299871700E+00
-0.89603531048437E+00
-0.84684248117174E+00
-0.79839002379750E+00
-0.75066377998720E+00
-0.70364991127210E+00
-0.65733489066622E+00
-0.61170549451671E+00
-0.56674879460762E+00
-0.52245215050674E+00
-0.47880320215611E+00
-0.43578986268382E+00
-0.39340031143945E+00
-0.35162298723390E+00
-0.31044658178397E+00
-0.26986003334676E+00
-0.22985252054522E+00
-0.19041345637287E+00
-0.15153248236817E+00
-0.11319946296127E+00
-0.75404479980722E-01
-0.38137827310771E-01
-0.13900057076482E-02
 0.34848282241357E-01
 0.70586137024690E-01
 0.10583246696907E+00
 0.14059599287262E+00
 0.17488525251421E+00
 0.20870860503643E+00
 0.24207423520811E+00
 0.27499015757824E+00
 0.30746422050924E+00
 0.33950411010555E+00
 0.37111735404175E+00
 0.40231132528175E+00
 0.43309324570071E+00
 0.46347018961649E+00
 0.49344908722508E+00
 0.52303672794112E+00
 0.55223976365884E+00
 0.58106471192577E+00
 0.60951795903061E+00
