 0.66774639305329E-12
 0.13682587841122E-11
 0.15084965883392E-11
 0.24416254577648E-11
 0.33085655156538E-11
 0.34042331661927E-11
 0.60640349890295E-11
 0.98460523772174E-12
 0.58312541184372E-11
 0.67337982738738E-11
 0.54745950411399E-11
 0.87015511120166E-11
 0.99398251249421E-11
 0.81533661440844E-11
 0.83690155165658E-11
 0.10492876356097E-10
 0.14005034165030E-10
 0.14463175178602E-10
 0.75691734525148E-11
 0.93938947481236E-11
 0.25225877490417E-10
 0.28640373493118E-10
 0.51066990574016E-10
 0.12961979383580E-09
 0.29498080285515E-09
 0.66135417566144E-09
 0.14172342206783E-08
 0.29280790122424E-08
 0.57456104180459E-08
 0.10858035717325E-07
 0.19729759389455E-07
 0.34593802407195E-07
 0.58684113775027E-07
 0.96592843272755E-07
 0.15458546563426E-06
 0.24117436045692E-06
 0.36742596214089E-06
 0.54766535210632E-06
 0.82798411459134E-06
 0.10903737140867E-05
 0.16127882797696E-05
 0.23158251594632E-05
 0.31043618290935E-05
 0.40793931135374E-05
 0.53889607511244E-05
 0.71582918516319E-05
 0.94178377958844E-05
 0.12147442648005E-04
 0.15386934138052E-04
 0.19292460691252E-04
 0.24108260023515E-04
 0.29985728750971E-04
 0.36965812808611E-04
 0.45052723177452E-04
 0.54655506735866E-04
 0.65908738852207E-04
 0.78953876133867E-04
 0.94029332026597E-04
 0.11136291382039E-03
 0.13119709425810E-03
 0.15378886747187E-03
 0.17940955033574E-03
 0.20834464180425E-03
 0.24089343244478E-03
 0.27736871013076E-03
 0.31809619139507E-03
 0.36341434003831E-03
 0.41367360693349E-03
 0.46923594343885E-03
 0.53047455586594E-03
 0.59777280500850E-03
 0.67152410434677E-03
 0.75213315869361E-03
 0.83999571554929E-03
 0.93555752722843E-03
 0.10392627349551E-02
 0.11514939922454E-02
 0.12727005725666E-02
 0.14033537504949E-02
 0.15439217411250E-02
 0.16948717587099E-02
 0.18566732645208E-02
 0.20297791383647E-02
 0.22146761548608E-02
 0.24118590161867E-02
 0.26218347140928E-02
 0.28451528306494E-02
 0.30823277705523E-02
 0.33338617267218E-02
 0.36002648894801E-02
 0.38821275291218E-02
 0.41800922556967E-02
 0.44946326999234E-02
 0.48266042086260E-02
 0.51753020816929E-02
 0.55436418544469E-02
 0.59317951608594E-02
 0.63392256732368E-02
 0.67669367271927E-02
 0.72150355657468E-02
 0.76852121992473E-02
 0.81788352739597E-02
 0.86958155604631E-02
 0.92383338683357E-02
 0.98072743269405E-02
 0.10401438760684E-01
 0.11022553499434E-01
 0.11670823467309E-01
 0.12348473695038E-01
 0.13058167526693E-01
 0.13800769860554E-01
 0.14576013918098E-01
 0.15384316944542E-01
 0.16228459987207E-01
 0.17112600299860E-01
 0.18028708691147E-01
 0.18993508425555E-01
 0.19991247500856E-01
 0.21043201451659E-01
 0.22126583117363E-01
 0.23273046345389E-01
 0.24452312872966E-01
 0.25702267171716E-01
 0.26980680391981E-01
 0.28330681764100E-01
 0.29731700823666E-01
 0.31201529215563E-01
 0.32737024478411E-01
 0.34320386215280E-01
 0.35985014466163E-01
 0.37704117110160E-01
 0.39508257207440E-01
 0.41385996905339E-01
 0.43326950865735E-01
 0.45373536043993E-01
 0.47489354463230E-01
 0.49699081522872E-01
 0.52002722642968E-01
 0.54389383552936E-01
 0.56867721490514E-01
 0.59441273236527E-01
 0.62118581431674E-01
 0.64901553290249E-01
 0.67784754756064E-01
 0.70785221447723E-01
 0.73875481933558E-01
 0.77070744944744E-01
 0.80400098682715E-01
 0.83810444949368E-01
 0.87354204016856E-01
 0.90985069293555E-01
 0.94709887840967E-01
 0.98532398537931E-01
 0.10243031310451E+00
 0.10640205358045E+00
 0.11044613212399E+00
 0.11455656245596E+00
 0.11868431033433E+00
 0.12283259507016E+00
 0.12696194635568E+00
 0.13103266489283E+00
 0.13500882675712E+00
 0.13883912261546E+00
 0.14248351404942E+00
 0.14588231816172E+00
 0.14892413404279E+00
 0.15153999762012E+00
 0.15362053901532E+00
 0.15504047592232E+00
 0.15561921792693E+00
 0.15528578318620E+00
 0.15382362308040E+00
 0.15104128730060E+00
 0.14676990329039E+00
 0.14074544083568E+00
 0.13276619493892E+00
 0.12260732991033E+00
 0.10998629191615E+00
 0.94712334718733E-01
 0.76509780584635E-01
 0.55259799978119E-01
 0.30725278669800E-01
 0.29081579114452E-02
-0.28063372884579E-01
-0.61789069741775E-01
-0.97272545079430E-01
-0.13305614710032E+00
-0.16700897175467E+00
-0.19652242357410E+00
-0.21888985775572E+00
-0.23180391531406E+00
-0.23377833920095E+00
-0.22471890581447E+00
-0.20606756904927E+00
-0.18035925932191E+00
-0.15087214720900E+00
-0.12084519066836E+00
-0.92967350235156E-01
-0.69005202659034E-01
-0.49856613436252E-01
-0.35259983557632E-01
-0.25131273604765E-01
-0.18354297578307E-01
-0.14207321070002E-01
-0.11914444604706E-01
-0.10861298266754E-01
-0.10590239107076E-01
-0.10774405286373E-01
-0.11179921721018E-01
-0.11646903755443E-01
-0.12106238611192E-01
-0.12506015983451E-01
-0.12830893355311E-01
-0.13073135027409E-01
-0.13236118221579E-01
-0.13331436456436E-01
-0.13371333148135E-01
-0.13364285995379E-01
-0.13322117182704E-01
-0.13247696297864E-01
-0.13150472414745E-01
-0.13033884046378E-01
-0.12900516356772E-01
-0.12755198314340E-01
-0.12601534596114E-01
-0.12438893482114E-01
-0.12268722404772E-01
-0.12093254298786E-01
-0.11915831434404E-01
-0.11732790610952E-01
-0.11545797591119E-01
-0.11355964182382E-01
-0.11166305130522E-01
-0.10975642076342E-01
-0.10781143436104E-01
-0.10587393464135E-01
-0.10392833623125E-01
-0.10197887145119E-01
-0.10002487648927E-01
-0.98083443674289E-02
-0.96149427209153E-02
-0.94220888796037E-02
-0.92295360554998E-02
-0.90380846409396E-02
-0.88488270168337E-02
-0.86601595659619E-02
-0.84738779449012E-02
-0.82888113349673E-02
-0.81059085322813E-02
-0.79241866913507E-02
-0.77459003200991E-02
-0.75687423794163E-02
-0.73941391302741E-02
-0.72218813855407E-02
-0.70524188827296E-02
-0.68848015455633E-02
-0.67201293170081E-02
-0.65569684064378E-02
-0.63992830315386E-02
-0.62410886754640E-02
-0.60862959291439E-02
-0.59354592396107E-02
-0.57877479210109E-02
-0.56419747276217E-02
-0.54978996240263E-02
-0.53567861728814E-02
-0.52195695090007E-02
-0.50859814224568E-02
-0.49543945711651E-02
-0.48244310327748E-02
-0.46985085332118E-02
-0.45747438813300E-02
-0.44544300512554E-02
-0.43363038905121E-02
-0.42212085667795E-02
-0.41089527514937E-02
-0.39990345337240E-02
-0.38920888873881E-02
-0.37876634401155E-02
-0.36860222019791E-02
-0.35863997562825E-02
-0.34901673019279E-02
-0.33959105613506E-02
-0.33041366246133E-02
-0.32155230744620E-02
-0.31280484380563E-02
-0.30439464971282E-02
-0.29621984770720E-02
-0.28823195821730E-02
-0.28050224236036E-02
-0.27294450837068E-02
-0.26564950392643E-02
-0.25856601682312E-02
-0.25166390712694E-02
-0.24497887903588E-02
-0.23851241645929E-02
-0.23223833633644E-02
-0.22614428151942E-02
-0.22024036427349E-02
-0.21451682884539E-02
