   299.98752335222969     
   299.98752332266378     
   299.98752299140858     
   299.98752154990456     
   299.98751754758587     
   299.98750891620546     
   299.98749300242076     
   299.98746655357513     
   299.98742558822113     
   299.98736500139216     
   299.98727772778261     
   299.98715339445170     
   299.98697658348550     
   299.98672496732047     
   299.98636761098015     
   299.98586366528673     
   299.98516155954030     
   299.98419869419160     
   299.98290155390936     
   299.98118612337095     
   299.97895848967863     
   299.97611552121936     
   299.97254555203983     
   299.96812902020645     
   299.96273904435174     
   299.95624192508848     
   299.94849760436011     
   299.93936008664991     
   299.92867786324786     
   299.91629436603353     
   299.90204845021560     
   299.88577498940822     
   299.86730547745890     
   299.84646883432970     
   299.82309217044383     
   299.79700172430552     
   299.76802383135885     
   299.73598595203953     
   299.70071773536239     
   299.66205209267997     
   299.61982626600019     
   299.57388286817655     
   299.52407087661516     
   299.47024656265643     
   299.41227434657571     
   299.35002755721945     
   299.28338910222260     
   299.21225202619951     
   299.13651996457327     
   299.05610748967797     
   298.97094034302722     
   298.88095557166895     
   298.78610155106674     
   298.68633792362976     
   298.58163543807001     
   298.47197571408969     
   298.35735092726429     
   298.23776343027902     
   298.11322531438128     
   297.98375792323293     
   297.84939131845857     
   297.71016371818837     
   297.56612090546895     
   297.41731561205449     
   297.26380689831876     
   297.10565951608135     
   296.94294327927940     
   296.77573242645775     
   296.60410500066473     
   296.42814224054536     
   296.24792797491381     
   296.06354805289681     
   295.87508978410727     
   295.68264139581026     
   295.48629153693201     
   295.28612877402117     
   295.08224114425860     
   294.87471572198979     
   294.66363820356008     
   294.44909254055989     
   294.23116057756698     
   294.00992172535769     
   293.78545267070143     
   293.55782708599861     
   293.32711537856352     
   293.09338446628072     
   292.85669756371811     
   292.61711399537086     
   292.37468901009686     
   292.12947363854687     
   291.88151456034791     
   291.63085396944325     
   291.37752946140267     
   291.12156985297111     
   290.86301084385104     
   290.60187213798696     
   290.33817206432462     
   290.07192392818166     
   289.80313600644934     
   289.53181146868400     
   289.25794834687667     
   288.98153939354893     
   288.70257219136499     
   288.42102879296897     
   288.13688621932494     
   287.85011592414992     
   287.56068387781733     
   287.26855061011605     
   286.97367100214274     
   286.67599433057660     
   286.37546418203431     
   286.07201830731651     
   285.76558864326893     
   285.45610110205587     
   285.14347554161083     
   284.82762563008060     
   284.50845865842535     
   284.18587571775635     
   283.85977107382161     
   283.53003211317770     
   283.19653942083698     
   282.85916648724049     
   282.51777938594165     
   282.17223650787838     
   281.82238882542572     
   281.46807874221332     
   281.10914028686437     
   280.74539916889751     
   280.37667170153838     
   280.00276475013590     
   279.62347553658105     
   279.23859041500577     
   278.84788646727463     
   278.45112822203788     
   278.04806913429468     
   277.63844900875455     
   277.22199638853181     
   276.79842581012866     
   276.36743575837494     
   275.92871132846881     
   275.48192189834327     
   275.02671599346007     
   274.56272675962754     
   274.08957996794010     
   273.60685706316457     
   273.11413389695991     
   272.61096078899203     
   272.09684760185257     
   271.57132628723576     
   271.03385070056515     
   270.48386389284013     
   269.92077744108735     
   269.34396892267506     
   268.75277860609657     
   268.14650861643634     
   267.52441879895918     
   266.88572628483792     
   266.22959774692345     
   265.55515108678975     
   264.86144416585807     
   264.14747862081038     
   263.41219171580411     
   262.65444969516432     
   261.87304287976531     
   261.06668390932936     
   260.23399541212234     
   259.37350672401203     
   258.48364538059138     
   257.56273029538471     
   256.60896117975415     
   255.62040967218257     
   254.59501484084848     
   253.53056249499346     
   252.42468867281767     
   251.27485632577304     
   250.07835218868098     
   248.83227340975046     
   247.53352001517982     
   246.17874945236403     
   244.76450314576132     
   243.28701179919022     
   241.74231502284815     
   240.12624073116706     
   238.43440709823003     
   236.66225019730174     
   234.80504636199925     
   232.85796014983987     
   230.81609154612335     
   228.67456009797584     
   226.42859035335900     
   224.07362431015267     
   221.60546836487276     
   219.02043628531194     
   216.31553123473228     
   213.48863309440625     
   210.53869400873720     
   207.46594223183510     
   204.27205320454811     
   200.96032043117947     
   197.53575466298187     
   194.00523722792229     
   190.37742696946671     
   186.66278843683986     
   182.87342515254343     
   179.02289594896553     
   175.12592594223912     
   171.19806557966027     
   167.25531395940538     
   163.31371904311607     
   159.38894745225420     
   155.49593586353461     
   151.64856643648335     
   147.85939677426603     
   144.13949782896321     
   140.49833989105997     
   136.94377304803601     
   133.48206755983344     
   130.11798683485657     
   126.85490247566372     
   123.69494727024041     
   120.63917824775771     
   117.68762625919591     
   114.83962322330855     
   112.09381032893248     
   109.44829252138095     
   106.90076000709955     
   104.44858195491223     
   102.08889282498647     
   99.818658975128116     
   97.634745777918866     
   95.533960569047977     
   93.513094776780321     
   91.568961584294783     
   89.698412116627892     
   87.898363841232168     
   86.165809733838643     
   84.497833522311723     
   82.891615931204768     
   81.344441352394199     
   79.853693343136371     
   78.416871279885257     
   77.031587844767216     
   75.695524093647407     
   74.406505603438291     
   73.162446056822674     
   71.961355318402198     
   70.801340154007931     
   69.680598022881242     
   68.597413367871823     
   67.550156177957646     
   66.537275034040007     
   65.557296201439826     
   64.608818599258029     
   63.690510351903079     
   62.801104939696060     
   61.939398793558560     
   61.104247799004774     
   60.294563255442036     
   59.509310358239055     
   58.747504379172270     
   58.008208478855245     
   57.290531092616028     
   56.593622988589154     
   55.916675997431646     
   55.258919950335752     
   54.619621259410707     
   53.998080194717922     
   53.393630134053197     
   52.805634875891585     
   52.233487652025111     
   51.676609097595168     
   51.134446280804937     
   50.606470974114238     
   50.092178537938210     
   49.591086536506936     
   49.102733858140745     
   48.626679382611869     
   48.162501159383368     
   47.709795194185467     
   47.268174769274495     
   46.837269532892833     
   46.416724551845320     
   46.006199699157641     
   45.605368919770008     
   45.213919408706126     
   44.831551170781694     
   44.457976177284898     
   44.092917987048551     
   43.736111083104220     
   43.387300447877273     
   43.046240946966343     
   42.712697017957964     
   42.386442076258788     
   42.067258251818423     
   41.754935853596820     
   41.449273091528049     
   41.150075695063691     
   40.857156580386302     
   40.570335506429991     
   40.289438837639565     
