   6.96056439612021242808744050703330543      
   6.96056439612024352967699183789865264      
   6.96056439612189877694147163300529111      
   6.96056439614162191579813019684797339      
   6.96056439625239883292488044288538068      
   6.96056439665422381575739895242079922      
   6.96056439775841288409172921712392340      
   6.96056440027108812797627342812336752      
   6.96056440526140059587294622439203685      
   6.96056441418962540554152197470769449      
   6.96056442885352210796799047804470894      
   6.96056445120135424932270167092483686      
   6.96056448296614495180228617914042187      
   6.96056452509694175145781502934509583      
   6.96056457699071219781487584149382779      
   6.96056463555440884865227241668565032      
   6.96056469414586494215136301171941192      
   6.96056474145354775074584313166929560      
   6.96056476038014854077420135943651600      
   6.96056472699546046426500004579188639      
   6.96056460962139501170019194857923155      
   6.96056436810678847583426009791568643      
   6.96056395334160496495983692765784662      
   6.96056330704881027853490251554005908      
   6.96056236187749888231691319987757286      
   6.96056104180344117912502265042050958      
   6.96055926282444238837381978192744601      
   6.96055693391959074502797154422000807      
   6.96055395822551748126243589689472691      
   6.96055023437076752172197849665784281      
   6.96054565790228216657662873005709374      
   6.96054012273613434146599402959373565      
   6.96053352256770289884164467802568090      
   6.96052575218360974672158726289358861      
   6.96051670862785696470401896282921102      
   6.96050629218647838667069622920277586      
   6.96049440716750082717352578684478017      
   6.96048096246511399448814536769875116      
   6.96046587190790781319058266401533884      
   6.96044905440035630287363531629444264      
   6.96043043387412431447348919270522006      
   6.96040993907117437319220950407311356      
   6.96038750318413955549480104208721301      
   6.96036306338118538840683260341121462      
   6.96033656024286675205072040775525833      
   6.96030793713757657746935984558834039      
   6.96027713956036549805870011656373348      
   6.96024411445745682601684576781117686      
   6.96020880955592446269609363314871039      
   6.96017117271494600299285899047088472      
   6.96013115131195432190449004234179340      
   6.96008869167401477826230759043742924      
   6.96004373856193775319775218590555388      
   6.95999623471207417916664825034548775      
   6.95994612043845780007879755184111094      
   6.95989333329597808729869120383452805      
   6.95983780780359958045521980027797056      
   6.95977947522524625034011087830716806      
   6.95971826340487799953614700405198836      
   6.95965409665143212291039414043454861      
   6.95958689566871182133547525189725990      
   6.95951657751608738412831221911552112      
   6.95944305564411943114094476219860954      
   6.95936623988103533164295589297455944      
   6.95928603651509846235723915016905757      
   6.95920234835901418650131796869507065      
   6.95911507483262346387484350587035279      
   6.95902411205185362811083475184448511      
   6.95892935291972537196107316641237566      
   6.95883068721409188594802473203647510      
   6.95872800166843599424022623197618004      
   6.95862118004234604415298399907624522      
   6.95851010317718080681426654859591344      
   6.95839464903504793212890822165051332      
   6.95827469271747716355283450344864014      
   6.95815010646158429628625731723717657      
   6.95802075961230843010632014429944124      
   6.95788651856797844382531610308470330      
   6.95774724669780649640665784700488259      
   6.95760280423012323903805902148652751      
   6.95745304811201072113890396076829413      
   6.95729783183350469478913624679383216      
   6.95713700522429640733058210637426653      
   6.95697041421694368322046741814581100      
   6.95679790057065628554509894104580268      
   6.95661930157187061502307010656654964      
   6.95643444969071507945166216478296146      
   6.95624317220904108667805844252313957      
   6.95604529081065657813427784224082109      
   6.95584062113671201839918519689420677      
   6.95562897230812928232246258708627858      
   6.95541014640543113856695093872465537      
   6.95518393792324432973181627750378938      
   6.95495013317002827922287979738702599      
   6.95470850965608323891850257993743532      
   6.95445883541259475175826713341888509      
   6.95420086830330656928705552905341570      
   6.95393435526876677469652080135522899      
   6.95365903154662754296630327805983128      
   6.95337461985982152774256597493749066      
   6.95308082951927770339200282954690235      
   6.95277735554227064529313825015661626      
   6.95246387767127886300436377164855299      
   6.95214005937829557304155262225931143      
   6.95180554682750372357370126028734252      
   6.95145996772918609437275527561229723      
   6.95110293022042439558976525767828969      
   6.95073402163539578185771242325306305      
   6.95035280721688980261251306592418947      
   6.94995882881554815957795005795694389      
   6.94955160347026259578774497953477357      
   6.94913062194053175049804397431862177      
   6.94869534719556553080044600917107435      
   6.94824521274359253575446319865034312      
   6.94777962101123312026708308094119073      
   6.94729794150583858964971315575783321      
   6.94679950900087602215635545279437931      
   6.94628362144504055326620913917901818      
   6.94574953827415382784159853779976503      
   6.94519647771473286404231885450375188      
   6.94462361486835825999562680134051878      
   6.94403007917057991916652472516331819      
   6.94341495187519896096673558185127358      
   6.94277726347124248479397571066263917      
   6.94211599070295249771176088064192826      
   6.94143005371264070741123799017661633      
   6.94071831293203897629574703785775361      
   6.93997956561514007130393301183181589      
   6.93921254235820593727138993810452575      
   6.93841590355068961738005511687565862      
   6.93758823527177732959664655408733753      
   6.93672804500588068667399680000472548      
   6.93583375747385507526569605466045651      
   6.93490370967907678188096193314085263      
   6.93393614613975009086632943039539131      
   6.93292921323668638694270580303682401      
   6.93188095387212278230085990762555356      
   6.93078930110215969015110635182219977      
   6.92965207201361456548884827221339850      
   6.92846696071623877325779687925546242      
   6.92723153080068140302139840321804682      
   6.92594320785639214267136458334802322      
   6.92459927062770876910876802422159513      
   6.92319684242829788692246978973106546      
   6.92173288140230541616211678081336564      
   6.92020416989306340810521808409899096      
   6.91860730369403463509951115535339748      
   6.91693867980407880990016643045349051      
   6.91519448384849711016110170984808495      
   6.91337067615071076592951411712946510      
   6.91146297642660568762005799049724560      
   6.90946684901041871754622504797345777      
   6.90737748384722904179751071874739072      
   6.90518977878785113768857901316234222      
   6.90289831915408919598729061142116140      
   6.90049735565533306501086986256363103      
   6.89798078106255006769365111114648130      
   6.89534210413052562678114042800754066      
   6.89257442220483386050577928163907355      
   6.88967039079961349469264699034158994      
   6.88662219098424775953316997263932362      
   6.88342149442976717944548549102004015      
   6.88005942445721105760813630703203531      
   6.87652651497533263517996642120521988      
   6.87281266533044522934330249796625480      
   6.86890709186624149854239210395778359      
   6.86479827574219049235020550971021214      
   6.86047390590773769286908965404089597      
   6.85592081956074936964874204326966438      
   6.85112493651019511251518203279348138      
   6.84607119131090378131268037481461049      
   6.84074345964831098191015089833449238      
   6.83512448457393673224504328804846972      
   6.82919579534760407592802504470576411      
   6.82293762877331784725748654827844764      
   6.81632884945645220458823092736246273      
   6.80934687208020635695168981542004784      
   6.80196759033230730875954014179657228      
   6.79416531407284362021312453370335197      
   6.78591272251579680916312269992410521      
   6.77718083712882730583253476151226304      
   6.76793902341477217068942202643599144      
   6.75815502831500026695044198141229827      
   6.74779506238881623759938286019796327      
   6.73682393502598968810251471079992595      
   6.72520525124200110504508762221120407      
   6.71290166578508912130814519326408185      
   6.69987520460556556349709956460819342      
   6.68608763426575922693956387990436935      
   6.67150087226539532098545042452090326      
   6.65607740663022326812220342379949036      
   6.63978070247136023755789712140807307      
   6.62257556081772797707690469746591468      
   6.60442840491148228449052257297181860      
   6.58530747485374098081829013773225505      
   6.56518292519509377598435195435589332      
   6.54402683302011302839955022449601626      
   6.52181313361500156488708241603147718      
   6.49851750693985434959512591564109788      
   6.47411723593788844211224370285043386      
   6.44859105969305099079092130762615676      
   6.42191903129847818800888520427581693      
   6.39408238902955163396531060364828735      
   6.36506344179727184796057732812855996      
   6.33484546852722892395630946067161257      
   6.30341262760746661000089988922573823      
   6.27074987408466597959570007049870430      
   6.23684288142516942298263828248357676      
   6.20167796620560870271992483584795210      
   6.16524201715956705489758624317365556      
   6.12752242500828732527788473238807546      
   6.08850701617123652397670856758462233      
   6.04818399004120735391882401252810047      
   6.00654186018254966747030485443995051      
   5.96356940008422465490374549082751770      
   5.91925559346364532206029267086101125      
   5.87358958936748429703265137727414240      
   5.82656066196291887130409778249866757      
   5.77815817440219611872476990951866886      
   5.72837154773481841057431857422781469      
   5.67719023264947262414271503523599269      
   5.62460368550820798972775491384047073      
   5.57060134730635175248813844189625668      
   5.51517262551967867319149841328083153      
   5.45830687866579888070317867964204633      
   5.39999340289741597151404140522262096      
   5.34022142085145120444912731991420932      
   5.27898007206049315364722677366616404      
   5.21625840495500114471765837295999552      
   5.15204537013683179423395897872523289      
   5.08632981484883866256302217220791712      
   5.01910047842980481132607035311216314      
   4.95034598857311366025267200438070204      
   4.88005485817817219598213218778886478      
   4.80821548317635047987192581414527358      
   4.73481614055496972183419584998882120      
   4.65984498693944322585628662653616812      
   4.58329005754706387549063908271698941      
   4.50513926548749499508188061747093169      
   4.42538040132434772100810421696270127      
   4.34400113287594655861688235040788835      
   4.26098900517051988114396983222262506      
   4.17633144058717667492657630616555773      
   4.09001573917420887707689296464872625      
   4.00202907901956645204254243369442683      
   3.91235851674238097106683773886294194      
   3.82099098805696022945547891280735733      
   3.72791330841677428368585383473978585      
   3.63311217369022277683332673518902480      
   3.53657416088809398025130924167233321      
   3.43828572891319945280232888268639553      
   3.33823321935153277753346113873546165      
   3.23640285728327300429030244562672290      
   3.13278075208404237761337228108326693      
   3.02735289827177475263223528788103464      
   2.92010517632904347626610153727709185      
   2.81102335353776865992275035327694207      
   2.70009308482687684190885215774014671      
   2.58729991360304171359668999459684626      
   2.47262927258257390884012119352711750      
   2.35606648461381322349491305225657459      
   2.23759676350658093041410038615094322      
   2.11720521483922782120803814649464863      
   1.99487683675772098757926008767438104      
   1.87059652077879084213511156560134976      
   1.74434905256755960279516501306097262      
   1.61611911272003172789460790597817357      
   1.48589127749945143096398667263591851      
   1.35365001963249141261529039041599928      
   1.21937970902146659199095893491344998      
   1.08306461347861147470935284401940224      
  0.944688899448301378701605714539765484      
  0.804236632712687922025808350643804127      
  0.661691779089405620918462825040801623      
  0.517038205115653284240660924232249744      
  0.370259678722553470917187872556135103      
  0.221339869897585927769909826386387409      
   7.02623513370308742403328729768029876E-0002
  -8.29894009140545159959721626610047558E-0002
 -0.238432006830367666390175481791321117      
 -0.396082181786596273297554144494542070      
 -0.555956735948940566964103562400189364      
 -0.718072573675409874161326501085901102      
 -0.882446692925438030017522833837790237      
  -1.04909618468213653591723215629785522      
  -1.21803823238102243958912678877599632      
  -1.38929011135077860184301339475491585      
  -1.56286918826186935870993220581061873      
  -1.73879292058366656648073682253022487      
  -1.91707885605437419825137971991877443      
  -2.09774463215272594661207950628297208      
  -2.28080797558562001504196883857938766      
  -2.46628670177984938095531463167457383      
  -2.65419871438184730131490397032732727      
  -2.84456200476850210421461578329712917      
  -3.03739465156338529519703809458294919      
  -3.23271482016177529704771474160299267      
  -3.43054076226199460110429143069925134      
  -3.63089081540418360342396347854533057      
  -3.83378340252103039936728057807257797      
