   6.96056439612021242808744050703330543      
   6.96056439612024352967699183789865264      
   6.96056439612189877694147163300529111      
   6.96056439614162191579813019684797339      
   6.96056439625239883292488044288537683      
   6.96056439665422381575739895242065593      
   6.96056439775841288409172921706065275      
   6.96056440027108812797627342150536455      
   6.96056440526140059587294596868366112      
   6.96056441418962540554151707363978999      
   6.96056442885352210796793421690394157      
   6.96056445120135424932226282478684101      
   6.96056448296614495179974662964558870      
   6.96056452509694175144620141641414720      
   6.96056457699071219777090267458934609      
   6.96056463555440884850948496056869320      
   6.96056469414586494174282272175920384      
   6.96056474145354774969346824028351635      
   6.96056476038014853837383211978693659      
   6.96056472699546044824601614728504704      
   6.96056460962139501099420048309166788      
   6.96056436810678847201234331723309756      
   6.96056395334160494698831923717791994      
   6.96056330704881020384710597173184547      
   6.96056236187749860394556844330071501      
   6.96056104180344023704595902926630082      
   6.96055926282443946270696643485575765      
   6.96055693391958233158607450949947930      
   6.96055395822549490083088395462897484      
   6.96055023437071057742470095608176415      
   6.96054565790214642870681494004674497      
   6.96054012273582691572267663356609652      
   6.96053352256703830888849633241938651      
   6.96052575218223286248892019459486584      
   6.96051670862511330921963853985462613      
   6.96050629218120319219167894887833375      
   6.96049440715768639736820733295616190      
   6.96048096244739976681841903718706705      
   6.96046587187681851707724110755064891      
   6.96044905434719031038264681919903823      
   6.96043043378536625718118096119164259      
   6.96040993892627297292769515709956200      
   6.96038750295245307644233379406345982      
   6.96036306301785292311663519262725423      
   6.96033655968331353140257364329835175      
   6.96030793629030560746342534223057325      
   6.96027713829762607601594122569469108      
   6.96024411260331308211373158580469699      
   6.96020880687117427299955711051095307      
   6.96017116887826284185208452962197316      
   6.96013114589654253163429640049185378      
   6.96008868411898300178296704001798874      
   6.96004372813750664659050228106699448      
   6.95999622047764438772165926365508132      
   6.95994610119247333625432383413316382      
   6.95989330751642973768884027377199869      
   6.95983777356942796612895563405680205      
   6.95977943015715377948732641567159267      
   6.95971820454904276221539654315464546      
   6.95965402037571007506457204266897476      
   6.95958679753602977636092764123821507      
   6.95951645214855833123069629526334842      
   6.95944289653531229766175735055829522      
   6.95936603923188858997064206074747073      
   6.95928578501861727098574111626993039      
   6.95920203496675245721699602522635238      
   6.95911468649456386227231349767188958      
   6.95902363342791877246106378633209952      
   6.95892876606118739240965694978558830      
   6.95882997121313809819555694407983464      
   6.95872713227419214592414838821585218      
   6.95862012924172960840766576208788941      
   6.95850883873893776866078866481309074      
   6.95839313401544313354720772331388137      
   6.95827288492612908633210673979629252      
   6.95814795788598288451079987941778923      
   6.95801821579968102595042673483168290      
   6.95788351796316654467576383206613828      
   6.95774371993588842122403602361880355      
   6.95759867338256640028620326894429931      
   6.95744822588535054264503124370030642      
   6.95729222071917747098095832630337286      
   6.95713049659893049531116894840711170      
   6.95696288739185526347634280789626093      
   6.95678922178944299876447100608131740      
   6.95660932295563429281953878095488032      
   6.95642300812927786935938502342754962      
   6.95623008819774783536919936610385591      
   6.95603036723122248036734033071838030      
   6.95582364198161701410280399959396769      
   6.95560970134688077537628189646419362      
   6.95538832579214655454505023905030879      
   6.95515928674196483817137156955599630      
   6.95492234592456930340553160963326425      
   6.95467725468844114849292945450400865      
   6.95442375326107557810235722270675771      
   6.95416156999374249399532351557319083      
   6.95389042053680544867654709190402411      
   6.95361000699079512125174174878420553      
   6.95332001701422147900262274588193268      
   6.95302012286088809655252866019629845      
   6.95270998041084416139980837542072925      
   6.95238922811498896789225576392393441      
   6.95205748590555767403432583839234808      
   6.95171435407457859741447494754191937      
   6.95135941203267030851825325082403715      
   6.95099221708939407502370453497515220      
   6.95061230312601244334666174291584808      
   6.95021917918890444423537275841507267      
   6.94981232808339141960280139403920815      
   6.94939120482020301261039999474186683      
   6.94895523503998066256230817851588353      
   6.94850381334287351792604731919866341      
   6.94803630149280071067868873095919733      
   6.94755202651915729825569193999398787      
   6.94705027912895285823098383741722917      
   6.94653031116299706796782641899818036      
   6.94599133375289995038381832140724814      
   6.94543251497795950180416347304971957      
   6.94485297752284614509011360677733325      
   6.94425179617749869441529924143003677      
   6.94362799514135948257230038914879613      
   6.94298054528763729175496576745003812      
   6.94230836125158140672848604392497939      
   6.94161029822804702223066485875902349      
   6.94088514873101985997703165674909143      
   6.94013163925658709707916332912274223      
   6.93934842638562868770558315457284831      
   6.93853409300038988372874750432254025      
   6.93768714425128128226370281451727235      
   6.93680600308082216143690927337688955      
   6.93588900560910625679664017974432489      
   6.93493439621260780669915463732246130      
   6.93394032247397970182739795257616269      
   6.93290482919024188564098876234593264      
   6.93182585292135163580996595795912675      
   6.93070121551237447256659453652161139      
   6.92952861734560831261244909117086481      
   6.92830563034067335794954083150844330      
   6.92702969007494896975956744543101683      
   6.92569808806036548139045113648338360      
   6.92430796236869590137413197498811252      
   6.92285628918290719784298076119036340      
   6.92133987218420010957659730283442854      
   6.91975533213265911687876921906919352      
   6.91809909545544124428178893140466665      
   6.91636738160017308151883897922446443      
   6.91455619103940272959496783065606492      
   6.91266128980723772462553776700052010      
   6.91067819484178322301841643556556526      
   6.90860215788984002532606603694053079      
   6.90642814760310479922558714415765720      
   6.90415083102937699846016538272464666      
   6.90176455277782443425105157645340831      
   6.89926331328022726656082044534278878      
   6.89664074534479982321260928511823729      
   6.89389008831550770186788046546103125      
   6.89100416061739279756871389929729108      
   6.88797533024891591180117169965293571      
   6.88479548262570224216889124668162878      
   6.88145598623717168965943869426550866      
   6.87794765517312615525366755783770158      
   6.87426070949717746752027375132683440      
   6.87038473230175009343011420560335753      
   6.86630862332094283232982010603189622      
   6.86202054984707385841140561841361702      
   6.85750789394198016282532296737274009      
   6.85275719672243388340305698350313005      
   6.84775410021177502763101932569829647      
   6.84248328372558811536735566555781270      
   6.83692840090157555315882976973016755      
   6.83107201314813331589334051984545486      
   6.82489552229945197192672036119638683      
   6.81837910434321359361961798627703406      
   6.81150164565853501673285023147773218      
   6.80424068265163617444321273212629731      
   6.79657235102634129654905865250605564      
   6.78847134562137413521264265447840125      
   6.77991089683677853974267810269291497      
   6.77086276908713778170046826286982909      
   6.76129728751158272409815977748833715      
   6.75118339774846681477029502802715576      
   6.74048877080647103987287687755642610      
   6.72917994766219033774599509741305413      
   6.71722253929424079885600741315453687      
   6.70458147369142839100152852351052451      
   6.69122128899620647793873605182031231      
   6.67710646129165536452845059143001820      
   6.66220175125846123221781866580348710      
   6.64647254983527769751353632541465823      
   6.62988519629051209768183823031934163      
   6.61240724819356445568593956310300385      
   6.59400768248570158893180989723585255      
   6.57465701794158951266390133992247513      
   6.55432735978152582428184399731132123      
   6.53299237547293461047542740918559635      
   6.51062721985208575275155861253537577      
   6.48720842779441596162396780316919823      
   6.46271379752818177688065596333025194      
   6.43712227624629981946528207136344286      
   6.41041385871164485881174268088144317      
   6.38256950156719556832076910752095756      
   6.35357105274675546319564192860970023      
   6.32340119154754334633260882423882850      
   6.29204337545615331984022559043418376      
   6.25948178963551204735054260121533007      
   6.22570129494745139259161972103923764      
   6.19068737685675003757024813339482338      
   6.15442609001498384405873626358569869      
   6.11690400265402141500564945045047002      
   6.07810814058901435910952346729548453      
   6.03802593181023184650693320813157389      
   5.99664515285107772361800302620175374      
   5.95395387778475754712471116530696607      
   5.90994043042128551890331289156097898      
   5.86459334017380894342607111314126732      
   5.81790130124693807081884800570822350      
   5.76985313651500115816142330570122876      
   5.72043776437276802484123547326859004      
   5.66964416941446726709284043017335792      
   5.61746137661957070518909578221077188      
   5.56387842849905226363440803359378018      
   5.50888436515691575363037013723527323      
   5.45246820683808005198198665624878892      
   5.39461893893320729937742009591604303      
   5.33532549888119780238720940463815584      
   5.27457676498425593671690106964499157      
   5.21236154677551432648970033626925418      
   5.14866857681211472780541751819906137      
   5.08348650373910462222024063871015785      
   5.01680388632358589692440898925287368      
   4.94860918838410235256887219085581904      
   4.87889077481657897976887428986438738      
   4.80763690795776935098793409192922277      
   4.73483574473414477379212105276482634      
   4.66047533430130769300932680084328454      
   4.58454361612146705587821804082733168      
   4.50702841845525073816464539769333511      
   4.42791745715957438638974638930356639      
   4.34719833477039925631481748102313208      
   4.26485853983434483580704711364275024      
   4.18088544647944861758721036385448198      
   4.09526631412631385386624235772521558      
   4.00798828736922359508978048318861277      
   3.91903839598970639783022839715469873      
   3.82840355510530699458708150212694936      
   3.73607056537130268309724469435474873      
   3.64202611330492719480995270180390941      
   3.54625677163855129811062875241507885      
   3.44874899977489403506263278989556693      
   3.34948914426897860036652831441710339      
   3.24846343933871669189195803058147490      
   3.14565800743941163897999568162645628      
   3.04105885984079911835784634257857863      
   2.93465189724531482091876540852021948      
   2.82642291041118306738201211150814818      
   2.71635758079374701409203414378985333      
   2.60444148120764210412668876349191479      
   2.49066007648580052770948934994056860      
   2.37499872414747684385372148834866944      
   2.25744267506734423167496324720086775      
   2.13797707415848307880187277408201591      
   2.01658696103952572776671041111973174      
   1.89325727070875784743099038999863707      
   1.76797283421715081171784822402995237      
   1.64071837933570998036594592536930646      
   1.51147853121176561608695713233648170      
   1.38023781303952968411466295365626182      
   1.24698064670392136107876741634712532      
   1.11169135342866428190863741885157972      
  0.974354154417215013056447289152806778      
  0.834953171485646934641689688973787590      
  0.693472427688778161122168267301719087      
  0.549895847938515776652359669139022287      
  0.404207259615417424262666022220139669      
  0.256390393171753659619341913966622678      
  0.106428882726095334048843796109742711      
  -4.56937333470644220673699990591980672E-0002
 -0.199994011839609540787171941283522608      
 -0.356488604137250959833275340477971091      
 -0.515194255654859267129869376237011575      
 -0.676127805283456245116958419569749334      
 -0.839306184838945655668698415029324044      
  -1.00474641852369968548553098858720618      
  -1.17246562239505863588436136912600877      
  -1.34248100383931218784655890080982476      
  -1.51480986105462640562601494115418037      
  -1.68946958254384178364905032516990714      
  -1.86647764660992518966080092855925666      
  -2.04585162086249972723911994830617922      
  -2.22760916173125314786873578093494473      
  -2.41176801398280083645035692578729570      
  -2.59834601025297862947997448425642525      
  -2.78736107057478674499468758337932169      
  -2.97883120192288988971814930340158855      
  -3.17277449775778750226222613891488116      
  -3.36920913758262654967119437398261911      
  -3.56815338650184573628092510549496931      
  -3.76962559478677457797757883586700726      
  -3.97364419745184424875919799412738401      
