   6.96056439612021242808744050703330543      
   6.96056439612024352967699183789865264      
   6.96056439612189877694147163300529111      
   6.96056439614162191579813019684797185      
   6.96056439625239883292488044288538376      
   6.96056439665422381575739895242056426      
   6.96056439775841288409172921702360479      
   6.96056440027108812797627341818896095      
   6.96056440526140059587294585624139368      
   6.96056441418962540554151514534571498      
   6.96056442885352210796791410292518392      
   6.96056445120135424932211846550244996      
   6.96056448296614495179897000510186608      
   6.96056452509694175144287109481987004      
   6.96056457699071219775899193978988717      
   6.96056463555440884847272248805288729      
   6.96056469414586494164226834599088279      
   6.96056474145354774944430955311770503      
   6.96056476038014853836428365671524732      
   6.96056472699546044817710418972205441      
   6.96056460962139501058073863072917086      
   6.96056436810678846989422411270395403      
   6.96056395334160493753174259309505623      
   6.96056330704881016641869496645124799      
   6.96056236187749847072096834177722637      
   6.96056104180343980536917415540179943      
   6.96055926282443817617425349729586282      
   6.96055693391957877340827699118614818      
   6.96055395822548569831723751733992761      
   6.96055023437068817249898966369529975      
   6.96054565790209478052761861517990460      
   6.96054012273571361174308683676906583      
   6.96053352256680070510924320021352677      
   6.96052575218175468061706745660953189      
   6.96051670862418651267453331728174698      
   6.96050629217946786878969297140372411      
   6.96049440715453872134330195294880610      
   6.96048096244185482954191315963739787      
   6.96046587186731084544840330838080606      
   6.96044905433129018455209792670718390      
   6.96043043375938445650786408161948584      
   6.96040993888472029203619968623480333      
   6.96038750288731384679366416908955841      
   6.96036306291762384649185834452993900      
   6.96033655953175038619493993440586878      
   6.96030793606481085908635781215399303      
   6.96027713796720013843514884812730142      
   6.96024411212598100965829859577180667      
   6.96020880619078807956564672412392994      
   6.96017116792056754170948737446050900      
   6.96013114456438151256575251907356809      
   6.96008868228650559837039758280154970      
   6.96004372564322790439975671718316881      
   6.95999621711619426309093616458343710      
   6.95994609670486005979528981330079557      
   6.95989330157862993284650499103252056      
   6.95983776577774517495806708002617825      
   6.95977942001654842439650166460830465      
   6.95971819145206760004060245218070248      
   6.95965400358336715483823456013344782      
   6.95958677615481350625379189226205502      
   6.95951642510449548047395504571864105      
   6.95944286254475491391887187171608745      
   6.95936599676881171695965768954778853      
   6.95928573227817484228968174349476840      
   6.95920196982484298101966014149355126      
   6.95911460646316106857518064270481873      
   6.95902353560592422138850622664939500      
   6.95892864708057152422043658063955311      
   6.95882982718013598407133987288754405      
   6.95872695870533012572445412505257885      
   6.95861992099447364174759307095999293      
   6.95850858993675003816003225380148793      
   6.95839283796705572306253356543440817      
   6.95827253403884619100090841076325567      
   6.95814754357282988336227185435424525      
   6.95801772838024343632590627052767567      
   6.95788294655795163692206257336059758      
   6.95774305235406469185002959706987312      
   6.95759789600293017773600150144255835      
   6.95744732353041411539564415140335395      
   6.95729117652219791756412644392016112      
   6.95712929186381381691546381571923773      
   6.95696150144578839441873284161287343      
   6.95678763182809188761333688916640848      
   6.95660750388089055234781292669958321      
   6.95642093237931344227262299919790577      
   6.95622772556935215907999227143397247      
   6.95602768469418464222031248250728759      
   6.95582060348517247732388045302305332      
   6.95560626761778661419297157698578593      
   6.95538445412312649778355056378754617      
   6.95515493077862742874384130676793973      
   6.95491745542959764670143422417419604      
   6.95467177531061299890285229187105242      
   6.95441762628814071407980056030248069      
   6.95415473209731537293823029058287349      
   6.95388280350739160371399794232636633      
   6.95360153746245328199687778326741260      
   6.95331061617929536496652833198935509      
   6.95300970617288972506402811665732411      
   6.95269845727672449859239058500623032      
   6.95237650157540083653371692482141616      
   6.95204345230211893516247487021460862      
   6.95169890270490686401357774320979343      
   6.95134242479106099107699512014885772      
   6.95097356809331300937642014527099673      
   6.95059185832768618723428359388225741      
   6.95019679597024238641692225776453862      
   6.94978785483482082840958254022456166      
   6.94936448049984237684875993583003528      
   6.94892608871729940975281612448609709      
   6.94847206371806172399677726716116049      
   6.94800175639966407429999940097767925      
   6.94751448238493341379496239780716931      
   6.94700952046266946072797262807043104      
   6.94648610995389384599397597261255352      
   6.94594344887938883667137790317088573      
   6.94538069157813663826933582815549717      
   6.94479694633177174999595495959894931      
   6.94419127283977469091609337709886272      
   6.94356267947377874910444759476544850      
   6.94291012052834183936950096853774556      
   6.94223249324359416731187043430251106      
   6.94152863456915970642112308238653368      
   6.94079731788799861753627444377160612      
   6.94003724961720082159293669737982812      
   6.93924706527854609730667044005506660      
   6.93842532562244435799781340554519785      
   6.93757051261612280839160026289216476      
   6.93668102473226844760690543663661654      
   6.93575517255321512895120814237362872      
   6.93479117349503756579380164844882138      
   6.93378714682006240286732860843713037      
   6.93274110758125968462208642778042575      
   6.93165096102896327357750770242210885      
   6.93051449604665206298715358193179748      
   6.92932937837017671977826172063370171      
   6.92809314340074477908661496016349889      
   6.92680318840427755037988784737637507      
   6.92545676406694516241353000166730647      
   6.92405096614839839732395042821878762      
   6.92258272566102738065713804740655525      
   6.92104879896855928213524441592326184      
   6.91944575682376435403946650726837620      
   6.91776997285217487739337810658529702      
   6.91601761098642872321240654288290497      
   6.91418461293926978668496365831501809      
   6.91226668279375954824915199946210382      
   6.91025927218603950534614327553639551      
   6.90815756386435082373152016353644354      
   6.90595645360098871697280838286604006      
   6.90365053155437243936480374482721632      
   6.90123406127112399398532056234565130      
   6.89870095757719938187904770473137406      
   6.89604476288124433001191344964145108      
   6.89325862119804866685711958701939524      
   6.89033525051714814390530405689928561      
   6.88726691292478630652119403009904777      
   6.88404538221043632139988724604389086      
   6.88066190947467568236295222637445605      
   6.87710718550707035593121673755946198      
   6.87337130070135133927436222314075673      
   6.86944370201008492248570426444502066      
   6.86531314682339239262158271422488428      
   6.86096765389166101384085131297628169      
   6.85639445046391666209367604804720982      
   6.85157991672612005303662642925856786      
   6.84650952830983389265205682989177427      
   6.84116779350724952317932460326593199      
   6.83553819070541152317073303895299132      
   6.82960310338895925993171154955686638      
   6.82334375434405495301236413922532166      
   6.81674014223135367177797332819865743      
   6.80977097894027490680551930716779436      
   6.80241363444697007488776736704198884      
   6.79464408904705775142306074675138067      
   6.78643689896023871093227787161067014      
   6.77776517799031621539751162229040688      
   6.76860060390961271908419454277720871      
   6.75891345120835041645187977928140114      
   6.74867266112074723346317567953408765      
   6.73784595338707695978976243645463993      
   6.72639997945854542706339272467076480      
   6.71430052958050014154519761528634536      
   6.70151278397215572113530309800905023      
   6.68800160832922921980078487812355225      
   6.67373187778764916101045282371413195      
   6.65866881692600216177253726336733770      
   6.64277833207154517825964364010248795      
   6.62602731208063226498393719762768744      
   6.60838387765473736221781130217471264      
   6.58981756085411257441545800089227984      
   6.57029940653857651875446452282150124      
   6.54980199978180257890244499306794300      
   6.52829942972752895340595658638203185      
   6.50576720649902352093400756221685315      
   6.48218215401178023562641856573260917      
   6.45752229597207555890795456413452545      
   6.43176674763056559226230147153381258      
   6.40489562296503675163297779159623492      
   6.37688995746253757710007410361418938      
   6.34773164553455294523868844953480786      
   6.31740338770300271472783617050268369      
   6.28588864310789692999422795809082755      
   6.25317158337718897823180864311050143      
   6.21923704445058312657751301847645930      
   6.18407047762264822192355117254269995      
   6.14765789634338538891601883471410347      
   6.10998582222631123800650991939333964      
   6.07104123018598192851736892541100984      
   6.03081149421994078084901413660488615      
   5.98928433457444844658096586142979407      
   5.94644776758251767863994903386311769      
   5.90229005839343951584730022409992304      
   5.85679967745382906434246699800418623      
   5.80996526023040768205573508374699287      
   5.76177557133942209065256542333737396      
   5.71221947174288764355626392573981911      
   5.66128588980664581041478633185854945      
   5.60896379557537118982290759458649682      
   5.55524217811154766863337651421744547      
   5.50011002567796698834860328144480129      
   5.44355630841882404462659723923679325      
   5.38556996334425151657422270155708678      
   5.32613988134644706750732372916924203      
   5.26525489595590510990789525980381358      
   5.20290377375821698356123493754524672      
   5.13907520613166188523844370830088855      
   5.07375780232543644199169758740594860      
   5.00694008325929111799276406815534469      
   4.93861047680487809590516965768761400      
   4.86875731334651636164317658262683679      
   4.79736882230148623248522214209124686      
   4.72443312916097994920157642624522391      
   4.64993825306654746595824605819284443      
   4.57387210484958853744305487282256099      
   4.49622248543159078440828472446061408      
   4.41697708459145844285182126586615605      
   4.33612347995839660720310067023303082      
   4.25364913632621513805107335447967930      
   4.16954140514519105249367388128094967      
   4.08378752418083708845434571670810544      
   3.99637461735490992999238740263999519      
   3.90728969471343181836518641662854928      
   3.81651965251662689466615963425820310      
   3.72405127341577527354297609618162092      
   3.62987122671323906151001961259286457      
   3.53396606869925976592517621328778422      
   3.43632224306182266455156479786275145      
   3.33692608132769649107485606049680240      
   3.23576380334795176526920269590492750      
   3.13282151783586740340401456817860983      
   3.02808522292579757254236166897484333      
   2.92154080674307167967187414121130328      
   2.81317404801804334598359936730362425      
   2.70297061670120645261303606729582571      
   2.59091607458921647999909834443161820      
   2.47699587597110895887847665031406324      
   2.36119536827464466943119837602382216      
   2.24349979271823281051221321120501558      
   2.12389428496312881156537512973477278      
   2.00236387577413364932337079824904025      
   1.87889349167205537095562311894450154      
   1.75346795559331437639370876518607403      
   1.62607198753012808120179578833442953      
   1.49669020519596045000105947132292036      
   1.36530712465814762586170321149760049      
   1.23190716098011447829283348483693587      
   1.09647462885522163077826338454254851      
  0.958993743235334941131185246012948996      
  0.819448619952638343275114893074022193      
  0.677823276334066379594874551717314515      
  0.534101631810029032343488904662963877      
  0.388267508515725665034690615196907199      
  0.240304631885182645510516095367706968      
   9.01966312359459193991094353037659378E-0002
  -6.20729596487011946850439802233936231E-0002
 -0.216520701951678263055932007120606895      
 -0.373163251256570793371108043367893466      
 -0.532017356991422321200082832288984404      
 -0.693099861880631239678553867414230216      
 -0.856427701403832870248466941025250575      
  -1.02201790326209100179510891733767097      
  -1.18988758685302624897678526869375386      
  -1.36005396275192418721341732357599981      
  -1.53253433219953291056106299333445105      
  -1.70734608660053823875764955016669137      
  -1.88450670702460547804103882130417456      
  -2.06403376371853873753845705410042422      
  -2.24594491562417381827965071718830698      
  -2.43025790990176044749607258323747718      
  -2.61699058146283629918540578075037863      
  -2.80616085250666444186455515994848871      
  -2.99778673206681115380128364734497496      
  -3.19188631556263711075372449682991917      
  -3.38847778435400698813429529925176053      
  -3.58757940530967754058511578573797289      
  -3.78920953037458391061682156658156826      
  -3.99338659614695700535460534749273199      
