   6.96056439612054146968061169673797858      
   6.96056439612057257127016213088331173      
   6.96056439612222781853464022874231585      
   6.96056439614195095739128438021320375      
   6.96056439625272787451873886328118942      
   6.96056439665455285738032487209890687      
   6.96056439775874192606201395379460272      
   6.96056440027141717156509741122199067      
   6.96056440526172964295569300949677241      
   6.96056441418995445523459858268897551      
   6.96056442885385115208097639777104632      
   6.96056445120168328389958730287324341      
   6.96056448296647395019163356113005907      
   6.96056452509727027853762296155852827      
   6.96056457699103854067716887116274199      
   6.96056463555472394284930976261141495      
   6.96056469414612867473859858349395521      
   6.96056474145361032317312509610738925      
   6.96056476037952422685794210296394001      
   6.96056472699275548586167830458808074      
   6.96056460961299635421483379600638688      
   6.96056436808412496125363691170393556      
   6.96056395328584502247460104406570081      
   6.96056330692125732071339729772710677      
   6.96056236160318036650757592861873400      
   6.96056104124444908428588262435624551      
   6.96055926173852222250983705897342439      
   6.96055693189830123097496789334274833      
   6.96055395460503708040851069266819876      
   6.96055022810717314000342329729112341      
   6.96054564740185137548278032364275742      
   6.96054010563004729512783427179964468      
   6.96053349539598346649707928000937122      
   6.96052571008223871931881805752906529      
   6.96051664480834265878250796963377577      
   6.96050619737592401949922810969354815      
   6.96049426890834020207959719017758867      
   6.96048076427410159913094850753363084      
   6.96046559227734146511839515195628380      
   6.96044866562401034264560364665842141      
   6.96042990067912104238957447490978131      
   6.96040921703700962955078779238209291      
   6.96038653692955580856806362640014350      
   6.96036178449829428706291841112166978      
   6.96033488495814276150568869557864884      
   6.96030576367944125482614898490109377      
   6.96027434521109229371125092166024006      
   6.96024055226950597032737718135318600      
   6.96020430471007207956829504884050867      
   6.96016551850088193780786944429267253      
   6.96012410470900267852635420345925731      
   6.96007996851422711883111697890978651      
   6.96003300825413913197557544917406591      
   6.95998311451149942684149405246014589      
   6.95993016924217994477299548402388550      
   6.95987404495263633878360913260783267      
   6.95981460391866962522985055265457079      
   6.95975169745589857477788215716156465      
   6.95968516522760956609477730916485146      
   6.95961483460227666620738297099530750      
   6.95954052003825768732519789141139300      
   6.95946202251884336777436439818679288      
   6.95937912900204997452654022160132771      
   6.95929161191640075168285090734527343      
   6.95919922866212805708348221805325796      
   6.95910172114429000189119752524155955      
   6.95899881531617411083866508920873732      
   6.95889022075724725226325209172968363      
   6.95877563021246837453429238419758514      
   6.95865471918186499936402486159789436      
   6.95852714549315265625774866655973747      
   6.95839254887466986572034932947145512      
   6.95825055053147698765236991674332135      
   6.95810075270558692327644073756613983      
   6.95794273824345484445820146850661810      
   6.95777607010050758567419105939820997      
   6.95760029091320407309873002150428449      
   6.95741492249371054521607937813642807      
   6.95721946532070860128132493277325561      
   6.95701339800086015666430572440712825      
   6.95679617671297036003772509372232130      
   6.95656723466911536799086324912704204      
   6.95632598143734319793381892282073231      
   6.95607180222965355735707306346874011      
   6.95580405766051368703651583887911410      
   6.95552208240609625009109407021377460      
   6.95522518489760199386801911109638475      
   6.95491264630600274314316391257504446      
   6.95458371987567262735074445804121023      
   6.95423763000358611736420297392615820      
   6.95387357122422296519744121276167756      
   6.95349070731673212396149390779704548      
   6.95308817028831433199452554513879200      
   6.95266505934040341711995806865159582      
   6.95222043949030040825104333167760570      
   6.95175334068579947512523205216536082      
   6.95126275639203403073186299326935944      
   6.95074764214848151750254563857297740      
   6.95020691443047099722926637400233062      
   6.94963944901290987593278926995029467      
   6.94904407929471965777882974013869726      
   6.94841959503419816406516992079277726      
   6.94776474014332765622010056379699750      
   6.94707821155277388936531772360348212      
   6.94635865637793680963511040350017073      
   6.94560467109443741996734425245064872      
   6.94481479835486768234651545608680396      
   6.94398752564082539547246934524951350      
   6.94312128241239735696792667577230428      
   6.94221443801914266324515364792630523      
   6.94126529917661949000083332688417418      
   6.94027210693412911902201386827200425      
   6.93923303503076663252885048989320551      
   6.93814618578927168997722999135809964      
   6.93700958743057665981460052927879509      
   6.93582119144397971199486312895865868      
   6.93457886882850137743796959053097661      
   6.93328040703318403401492798750095262      
   6.93192350606818573592637260599560299      
   6.93050577516513381044527551990661244      
   6.92902472862704580906074790355854335      
   6.92747778201033966586536447864624557      
   6.92586224784734566562084329407239674      
   6.92417533199658558339536385804564204      
   6.92241412768802472824354301056335313      
   6.92057561266691280065925085190583413      
   6.91865664284378734028123804323696522      
   6.91665394888333458063877278639177759      
   6.91456413063647258105415372445877673      
   6.91238364979194114761316907354467685      
   6.91010882802317331720420890540584732      
   6.90773583966391353609280259889950966      
   6.90526070451645504832002273767494352      
   6.90267928666697688208457715820064307      
   6.89998728271537054467926811549336692      
   6.89718022058378242023473090040532099      
   6.89425345138369477999810252172348296      
   6.89120214320109402362577938114254363      
   6.88802127572965683140430589627248109      
   6.88470563502376684168756280224386334      
   6.88124980662326723469595990998053943      
   6.87764816902600390731510087447772643      
   6.87389489030200963745848408610094158      
   6.86998392249639518297759574400860968      
   6.86590899587710901512829255117564883      
   6.86166361575003510432402242668150343      
   6.85724105903412239040788556017214281      
   6.85263437216517922242734691848331544      
   6.84783636931195894247034433488027995      
   6.84283963215332991408343083806309007      
   6.83763651373007233583951518117266145      
   6.83221913940212409788927530967456655      
   6.82657941454197242278553996384918254      
   6.82070903185368087753967422739453874      
   6.81459948525375385021066219187461876      
   6.80824208436669365674105966597154887      
   6.80162797401150508082977650160150231      
   6.79474815795670942805609519706388686      
   6.78759352763600213220125881241555256      
   6.78015489767358278401205408939858991      
   6.77242304325172537516219798150104841      
   6.76438874256491767691455162244749031      
   6.75604282384806612545464590043296607      
   6.74737621611213967330572884317215340      
   6.73837999442011461416576241587732970      
   6.72904542774190990713594445685661153      
   6.71936401388930355265690865980130652      
   6.70932750963742230021752082601935905      
   6.69892793787346729701736496000630508      
   6.68815757757766596582400715641908931      
   6.67700892026276508408096572655597324      
   6.66547460518783911128405326251067451      
   6.65354731519101326123459348389895861      
   6.64121964551438782188073308999401418      
   6.62848394623977681823860139620515278      
   6.61533215254248389968154491795142995      
   6.60175560744213973729316061598097548      
   6.58774489680315559807911042211620594      
   6.57328970670444959922387876980019972      
   6.55837871318685873974555305594336709      
   6.54299951103919099702108332865438048      
   6.52713858413679585551928071332982315      
   6.51078131465488272200532136779155019      
   6.49391202673597170106448497666064022      
   6.47651406014725567878875198354001405      
   6.45856986437890403225279370526340445      
   6.44006110612980964247534130351553988      
   6.42096878820783114330851903697858529      
   6.40127336644309280305871073699962927      
   6.38095486691749518026860643104252023      
   6.35999299776108890558124444208175880      
   6.33836725050518608504869059899401088      
   6.31605699241312399824361158118689658      
   6.29304154863597729279050506307265117      
   6.26930027187344246170912834327165024      
   6.24481260244570359950485574021630016      
   6.21955811703875155825967216897679347      
   6.19351656837991858091345273730937198      
   6.16666791678110907188211134433066078      
   6.13899235341905553329728315841911437      
   6.11047031764031927667163260805324540      
   6.08108250796045505881896030461963128      
   6.05080988871237048973777432805777564      
   6.01963369256152469289390435237107468      
   5.98753541950475669979545168787492494      
   5.95449683317328834247446692779725450      
   5.92049995517584083728887364134093569      
   5.88552705692238129385964226451438349      
   5.84956065118117749511850153324261746      
   5.81258348152888100150376791205002600      
   5.77457851180256909328538122312277876      
   5.73552891461710705886309439277570638      
   5.69541805974248559955312953798461187      
   5.65422950235269703434514359880537254      
   5.61194697111128416177852147212807391      
   5.56855435652230231327276620658564249      
   5.52403569944650630856898988894262755      
   5.47837517980233364862130027293214580      
   5.43155710560654699726041021708541107      
   5.38356590247694316755179711255215487      
   5.33438610339217334459497676215609137      
   5.28400233890255093704049072700259390      
   5.23239932782523261952475862820391369      
   5.17956186825427041550816797460914342      
   5.12547482910098730220869583566437591      
   5.07012314198838382189417261439065432      
   5.01349179357974494243688889857160016      
   4.95556581832923085049326042004381268      
   4.89633029159236537790560822401929313      
   4.83577032313945457657182128673276915      
   4.77387105101669472454145665890809919      
   4.71061763575775439362926104829529453      
   4.64599525493646525791828411699145977      
   4.57998909801172461851557123863904581      
   4.51258436149019925599533404277843262      
   4.44376624436906870207611234412172185      
   4.37351994382979538224563210283821187      
   4.30183065121842542517569212925446939      
   4.22868354821617218249693031166835135      
   4.15406380327650415003620018470373107      
   4.07795656825386171104450280990878770      
   4.00034697522398778292938599521744328      
   3.92122013350814474552472251516022651      
   3.84056112685672476704074521323306544      
   3.75835501080580256599515588596390550      
   3.67458681017481533429341497316112672      
   3.58924151673380130245883620951261695      
   3.50230408697044141366387068133994396      
   3.41375944001855990280089246326446106      
   3.32359245568038964685990401514368972      
   3.23178797256810632342403317702905553      
   3.13833078635733906818783012537145634      
   3.04320564813196620692001439088212478      
   2.94639726276761476316881526185459763      
   2.84789028766344967760383213921013883      
   2.74766933102481959540194456577910335      
   2.64571895077655458090210958002549333      
   2.54202365323843945352994786809462338      
   2.43656789195170996361846597525448379      
   2.32933606658175165931539290236967532      
   2.22031252181612498192766849509981341      
   2.10948154641655680210966154662985746      
   1.99682737221387620189534561818338615      
   1.88233417326812040834890953278210490      
   1.76598606495263257687453491582687032      
   1.64776710318915429217439592947509943      
   1.52766128367391301305964123176606102      
   1.40565254113131736121965339680883837      
   1.28172474863039265269746006430906691      
   1.15586171694371693807519096250718900      
   1.02804719390687682380256708948287616      
  0.898264863837385354621795181879029837      
  0.766498346970255049046829315238687441      
  0.632731198909850962844128325656520633      
  0.496946910163542906472953489508999701      
  0.359128905613157867136866562824996307      
  0.219260544082105296970341818981370170      
   7.73251179130854578186939206718934195E-0002
  -6.66941474824783265595079588114464850E-0002
 -0.212814093971554883029873651163909973      
 -0.361051631068622255032839810330285867      
 -0.511423736379384840330892484520136389      
 -0.663947455818727036273951969575663512      
 -0.818639903957869697034601305555568302      
 -0.975518264399280987104989440721203808      
  -1.13459978996394727807509770157088101      
  -1.29590180302647060014686552144282924      
  -1.45944169574531911841230557875943377      
  -1.62523693030638368437151558712556206      
  -1.79330503916963527731208040598240923      
  -1.96366362526737364405673695007904250      
  -2.13633036220803499891281541071459895      
  -2.31132299449272984926320886273357853      
  -2.48865933767307745009416987262575960      
  -2.66835727854113430059767378377833307      
  -2.85043477527282967214756051588744488      
  -3.03490985759829434101699934897492406      
  -3.22180062694078829698567170148126179      
  -3.41112525652595773276452245303477440      
  -3.60290199155425256170790326637317241      
