   91.9024000954186098051982755948291852      
   91.9024000954157999254187997248733201      
   91.9024000953183049918287565234925636      
   91.9024000944189589698065997008635562      
   91.9024000902246183962721118108028058      
   91.9024000771785825126478429819676356      
   91.9024000455519185186102236879752256      
   91.9023999768275853313572806119135359      
   91.9023998188883745646508420469874743      
   91.9023994042348768957887034560253767      
   91.9023982674646564894754278223802025      
   91.9023953413056547132953247074562477      
   91.9023885531493150258823073195324900      
   91.9023743801951093187308515748372502      
   91.9023474341429645101914957376130557      
   91.9023001360864852943121006227175403      
   91.9022225189347606354791539336421123      
   91.9021021690780297019745027131775909      
   91.9019242979562529959995404609616356      
   91.9016719202156494525449863504037159      
   91.9013261079318459170376346967921465      
   91.9008662884305383404618110421220767      
   91.9002705549224453444805936697066825      
   91.8995159632324236803479082781106000      
   91.8985787934551740377949384359138162      
   91.8974347617779641405424050260909234      
   91.8960591744231253255827361345173103      
   91.8944270221556081033401459011028478      
   91.8925130195798812740066105107187405      
   91.8902915981016282964350241808626544      
   91.8877368646798371853566266941885371      
   91.8848225402395017398726996397245134      
   91.8815218919169591887610137341608926      
   91.8778076723632342678376580349908168      
   91.8736520774261408968394109169108964      
   91.8690267309956791899352169759805699      
   91.8639027029489950870324453270039313      
   91.8582505632574574300228171042633418      
   91.8520404726348358979188725130859934      
   91.8452423077841553085533752465366111      
   91.8378258174183171891378489797133824      
   91.8297608038498013688866165765415607      
   91.8210173240253989053745203176968709      
   91.8115659034276706563240402006605717      
   91.8013777561740223094880354950499042      
   91.7904250048875171058821508419160999      
   91.7786808943799001811510832741232234      
   91.7661199938436089659083147025293318      
   91.7527183830050141348711928032799564      
   91.7384538185112852614994415410638600      
   91.7233058776523828726174901773262450      
   91.7072560773234604532460647307002488      
   91.6902879669051999843016912236768026      
   91.6723871944262566938888744856139785      
   91.6535415459977159898544242183103683      
   91.6337409590483039770688390099557220      
   91.6129775041129863576206982586640047      
   91.5912453721985545022562897756908469      
   91.5685407839654101580827664095392605      
   91.5448619318902715338333353387538453      
   91.5202088786279309068247097975077571      
   91.4945834439816437125191019520885968      
   91.4679890778469175400537606808630903      
   91.4404307212774740911039919409667653      
   91.4119146577215163262063264570623399      
   91.3824483564515783893493745296890266      
   91.3520403102824220140554628708759575      
   91.3206998693812706716709438196487536      
   91.2884370725673701184987638751598541      
   91.2552624781324674335182323354284735      
   91.2211869952546072417644068731932306      
   91.1862217173456839374173857263252855      
   91.1503777585273078598438088130707600      
   91.1136660940764949963969187057986939      
   91.0760974056190039700554474232808050      
   91.0376819320630140249673027971099997      
   90.9984293264405302041079972373581560      
   90.9583485189311730858715162196737099      
   90.9174475871782955558456738229192251      
   90.8757336336753981068338269033259482      
   90.8332126692336494454837365641374430      
   90.7898895045237188708224423245407363      
   90.7457676487628879812805817478707756      
   90.7008492139965074272722584608400560      
   90.6551348283675295605246729576442608      
   90.6086235533782121541348649509981155      
   90.5613128096984089292402580509416114      
   90.5131983063186979819067889817274260      
   90.4642739784154715039177840174902113      
   90.4145319277263341419332523020581611      
   90.3639623685347317332286683871575541      
   90.3125535799895220994072962221303223      
   90.2602918581818351630744285984476046      
   90.2071614755450605389927171223158108      
   90.1531446464690560302428520658763150      
   90.0982214808604459990683797104648557      
   90.0423699643198966997776870246495286      
   89.9855659147170870742441369399573971      
   89.9277829608986607181154771112662217      
   89.8689925076808567894827053390736576      
   89.8091637116488031169575111915336104      
   89.7482634526059286014387883369437640      
   89.6862563059667840547636187804201186      
   89.6231045110108745678573896041979446      
   89.5587679486074762282027744479696153      
   89.4932041087437880820184156475651086      
   89.4263680567225077469759734168983641      
   89.3582123981398236119274058900439442      
   89.2886872491670834805410537184728730      
   89.2177402030412842075427693017532214      
   89.1453162698658574707481229498825554      
   89.0713578551719473156388837452599948      
   88.9958047009706536236750863162719673      
   88.9185938332806754689139046036205531      
   88.8396594809118566386556571189752723      
   88.7589331290969422160041309921125773      
   88.6763432903306070518654212817873525      
   88.5918155466594341789812884425048210      
   88.5052724107173766514603978053617257      
   88.4166332972476668157973406906714660      
   88.3258144170607633299156110133358766      
   88.2327286497701855407587378467225107      
   88.1372854694871579934268365028063984      
   88.0393908250683521329039127497857843      
   87.9389470386478095507583551197738110      
   87.8358526420939553721892306449671670      
   87.7300022644930685732939868837161680      
   87.6212864717682830791077726638810671      
   87.5095915980624306453689387220111218      
   87.3947995965314156962191919550634133      
   87.2767878103864219246099517642691361      
   87.1554288507168750616062284895954218      
   87.0305902828221629615654697087306950      
   86.9021344773402851981236887487597540      
   86.7699183511478840253706781015416216      
   86.6337930389135179493954977030193336      
   86.4936036816822756946029984495339588      
   86.3491891239946951465771094275638578      
   86.2003815099314322094658347913561855      
   86.0470060312751377379741666428813261      
   85.8888804714386843364943493795069301      
   85.7258148512718931278561258395166231      
   85.5576109721236466498186638073121199      
   85.3840619406911349620561223855275289      
   85.2049517131920438964306900033456714      
   85.0200544889078365940652943435458411      
   84.8291341928304015434449794004213870      
   84.6319437684143678361282321797634546      
   84.4282245605137324639793276896010303      
   84.2177057495289455094329739573060550      
   84.0001032101702642161843745226898104      
   83.7751189931151511004939868527847748      
   83.5424402347555573992173267478878600      
   83.3017383064458444475169314132183303      
   83.0526676625795936439899791122277219      
   82.7948647819776859529965576014767724      
   82.5279468805412541414895529770632752      
   82.2515106734372999254093412842390714      
   81.9651308940865544653017369648093270      
   81.6683587920993434908061239020228273      
   81.3607205574257343470776970984909368      
   81.0417153552984622001134055622903053      
   80.7108137110533225837507301972783699      
   80.3674553000231235552904193273285597      
   80.0110468811204438154451614379873325      
   79.6409598756602740651013397430388084      
   79.2565280781913197784870386878621181      
   78.8570449825214138573820524389499386      
   78.4417611305899817017923825802141284      
   78.0098813410235064139440670468939537      
   77.5605616660016571617399468524923448      
   77.0929065478194532661700533165513054      
   76.6059662277656969396159570763120878      
   76.0987333311716309157815603694826699      
   75.5701405438390012298398076099063444      
   75.0190584045734000370824058180020440      
   74.4442931354304712401526513647359157      
   73.8445861807799636192785189793200995      
   73.2186134522425258403502379451203217      
   72.5649873096946176782054178337927559      
   71.8822595077607467788493941582906986      
   71.1689268419666582261960145799637796      
   70.4234400786855399086423200963447101      
   69.6442165702891330850424207380856094      
   68.8296574929382077869033470175830333      
   67.9781715194118787976396825084990761      
   67.0882044596978868214036069098463057      
   66.1582781272536127010835342510485011      
   65.1870359668736717232087910767640711      
   64.1732992698735347886627604016322130      
   63.1161351629960471134447043793558996      
   62.0149271821507235821897168291714010      
   60.8694597243858591973394152968620042      
   59.6800034139622802333103248763910481      
   58.4474019198112612603206735011404007      
   57.1731534855209900660911736604758680      
   55.8594804018851368417138364886201295      
   54.5093795130580025477057655959295974      
   53.1266457168384302294370755437896125      
   51.7158516839258440022219449741610621      
   50.2823322149791224334661225586444377      
   48.8320474906392772521957259827119032      
   47.3715053115804943433365963114014839      
   45.9074803888780984207575809696683649      
   44.4469645209088970547395320917129151      
   42.9968667245042441170148316160441798      
   41.5638273688568582274255354432002208      
   40.1540291905810968989421889128360994      
   38.7730402399801052044174327801501933      
   37.4256988944483277738033739592401360      
   36.1160447470624848936703431645712348      
   34.8472944765886191094628010744829422      
   33.6218575204907552092289337335003917      
   32.4413847532191901398895661606092062      
   31.3068380961468302438849187243450800      
   30.2185746430788626644023717219647687      
   29.1764364609787024642982146773453785      
   28.1798395589658789787545477946130951      
   27.2278581421405162668788586262213497      
   26.3193013843013301987496777883490279      
   25.4527804860846903968956437696253894      
   24.6267667808300761943765448960773717      
   23.8396398520661850324021816411251405      
   23.0897277059744175990300144496341372      
   22.3753384157763132954146475060404669      
   21.6947854529023577847512515823175276      
   21.0464072481293672955160795225995880      
   20.4285817304992924321607571117700051      
   19.8397371401959393444166334902480666      
   19.2783593770504979255219981936138743      
   18.7429970516655553001092435855571411      
   18.2322642788928877579312668191921119      
   17.7448419635986949875324240070714470      
   17.2794778735383503997593597679561604      
   16.8349857561115956001142642272948577      
   16.4102438220461732516745630723033165      
   16.0041927044546194310419987338877291      
   15.6158329503482912315362420739155517      
   15.2442226353880056022157256029294481      
   14.8884745170299381923938008048188365      
   14.5477532614097565300158961080391979      
   14.2212726795178409650773110974613743      
   13.9082929419269573606973840429044408      
   13.6081179990152543919205947624072737      
   13.3200929027119729148699164892052468      
   13.0436013803211783806784538133863553      
   12.7780634421616294353187445801030137      
   12.5229331559619058440786636938703830      
   12.2776965086557883900384369968062022      
   12.0418693952807888190896443455511489      
   11.8149957171382023910303981720435907      
   11.5966456299217087648906720827336398      
   11.3864138673521122024689478070470077      
   11.1839181725235282558545773727705133      
   10.9887978394519745379379141641826711      
   10.8007123513665924461990208546681895      
   10.6193401118834732426056268055759800      
   10.4443772362250310113403856736755351      
   10.2755364572536615465146517464032462      
   10.1125460725840618748623001808137334      
   9.95514899090927435881276642072150844      
   9.80310182054794444916705915229043061      
   9.65617402657931374051488153816203295      
   9.51414715258998221543015853371234214      
   9.37681407479641857943118639410336624      
   9.24397833485626366967846286132099208      
   9.11545349013065033367207477322758674      
   8.99106251791620862605958020544922731      
   8.87063726536620258972819296661655478      
   8.75401792432162073647100457052207772      
   8.64105254244255890693803055594298169      
   8.53159658508342572385178776802652633      
   8.42551249992145406787168774990165334      
   8.32266929390733382246907677766831753      
   8.22294221779372350844506331578638475      
   8.12621238209058140587575377574527649      
   8.03236643148436178189767104675410829      
   7.94129625206756662373777372306338416      
   7.85289867500094538475384319671424178      
   7.76707521622545709308805874258232674      
   7.68373182044593716870899655747255738      
   7.60277862560369526549918314203108738      
   7.52412974175701503932007720010380559      
   7.44770304392489588453418591344805632      
   7.37341997396908790693503077388488326      
   7.30120535880511434482825238304907501      
   7.23098723680585916333938811259543997      
   7.16269669340572303546677424172529039      
   7.09626770962542276990639317728031741      
   7.03163701609764281348417594048340816      
   6.96874395825912067150466000448819448      
   6.90753036659097782175970502846271283      
   6.84794043768609930892849511561188948      
   6.78992061724201739270817820702778043      
   6.73341949437675659781800579161707510      
   6.67838769839619926652588714356632855      
   6.62477780393675995469284495496317138      
   6.57254423809768044795912357916193096      
   6.52164319638131587753008583027620721      
   6.47203256000738710365359958288820775      
