 0.76390099926112E+07
 0.76390099926172E+07
 0.76390099926983E+07
 0.76390099931404E+07
 0.76390099947822E+07
 0.76390100002567E+07
 0.76390100172416E+07
 0.76390100725237E+07
 0.76390101715472E+07
 0.76390103576075E+07
 0.76390110831639E+07
 0.76390116073591E+07
 0.76390133741877E+07
 0.76390159143798E+07
 0.76390203469448E+07
 0.76390275748719E+07
 0.76390394773417E+07
 0.76390580363258E+07
 0.76390843488474E+07
 0.76391208555570E+07
 0.76391710387690E+07
 0.76392372912301E+07
 0.76393246036645E+07
 0.76394346714392E+07
 0.76395702850323E+07
 0.76397369677154E+07
 0.76399385480684E+07
 0.76401803491000E+07
 0.76404640865250E+07
 0.76407924870490E+07
 0.76411758804828E+07
 0.76416113320590E+07
 0.76421041302418E+07
 0.76426623874875E+07
 0.76432873020540E+07
 0.76439830682546E+07
 0.76447411230934E+07
 0.76455977612694E+07
 0.76465210189350E+07
 0.76475363627851E+07
 0.76486341377882E+07
 0.76498299166814E+07
 0.76511208490298E+07
 0.76524965039197E+07
 0.76539590426834E+07
 0.76555321161408E+07
 0.76571959256843E+07
 0.76589405731865E+07
 0.76607953310688E+07
 0.76627316191413E+07
 0.76647737187633E+07
 0.76668880548904E+07
 0.76690598671445E+07
 0.76713089253184E+07
 0.76736387208710E+07
 0.76760268358639E+07
 0.76784739068152E+07
 0.76809367095155E+07
 0.76834290054495E+07
 0.76859293846152E+07
 0.76884061089627E+07
 0.76908766139270E+07
 0.76932988233822E+07
 0.76956603893707E+07
 0.76979436853640E+07
 0.77001272307393E+07
 0.77021919033692E+07
 0.77040732515853E+07
 0.77057600153280E+07
 0.77072814943210E+07
 0.77085331080391E+07
 0.77094439346408E+07
 0.77100238706885E+07
 0.77103897385474E+07
 0.77102706635694E+07
 0.77098271115456E+07
 0.77087427407842E+07
 0.77071705382536E+07
 0.77051712901852E+07
 0.77025360472050E+07
 0.76990989569460E+07
 0.76949954043558E+07
 0.76901219454064E+07
 0.76843849378299E+07
 0.76777602858292E+07
 0.76701626620379E+07
 0.76616685664824E+07
 0.76519961546063E+07
 0.76412013850882E+07
 0.76290648938578E+07
 0.76157750197665E+07
 0.76009111692260E+07
 0.75847621048630E+07
 0.75669341908543E+07
 0.75474667045658E+07
 0.75261208912770E+07
 0.75030623187175E+07
 0.74778840630637E+07
 0.74507536581969E+07
 0.74212625256363E+07
 0.73896054544093E+07
 0.73555183487290E+07
 0.73186701853054E+07
 0.72790908967626E+07
 0.72367024874448E+07
 0.71911941294132E+07
 0.71424968826014E+07
 0.70903678280225E+07
 0.70346708564438E+07
 0.69751645933905E+07
 0.69117011223778E+07
 0.68439990482760E+07
 0.67720062639839E+07
 0.66953486070673E+07
 0.66137675963571E+07
 0.65270797784122E+07
 0.64352455480097E+07
 0.63376991345479E+07
 0.62340757351680E+07
 0.61243577960429E+07
 0.60090558257834E+07
 0.58862642588480E+07
 0.57578878556837E+07
 0.56226377937508E+07
 0.54803785803565E+07
 0.53313452452140E+07
 0.51771788874338E+07
 0.50168102002370E+07
 0.48522551252853E+07
 0.46843064587680E+07
 0.45130224471879E+07
 0.43427947086000E+07
 0.41750670683336E+07
 0.40125754651737E+07
 0.38585244882706E+07
 0.37150403013412E+07
 0.35862492370922E+07
 0.34713336645200E+07
 0.33724294830166E+07
 0.32877653552924E+07
 0.32153298407653E+07
 0.31523798474775E+07
 0.30963234803138E+07
 0.30441522575839E+07
 0.29939845257879E+07
 0.29442337696165E+07
 0.28939305443073E+07
 0.28425045098722E+07
 0.27896405490451E+07
 0.27354633871260E+07
 0.26800277301770E+07
 0.26234264043483E+07
 0.25660467562825E+07
 0.25079553634428E+07
 0.24495345231074E+07
 0.23909715414448E+07
 0.23326087039004E+07
 0.22745139560561E+07
 0.22170837719099E+07
 0.21601997487385E+07
 0.21041110205920E+07
 0.20490032345185E+07
 0.19948704551643E+07
 0.19417349971534E+07
 0.18899100600825E+07
 0.18392237667510E+07
 0.17896962722290E+07
 0.17416170763588E+07
 0.16947547877772E+07
 0.16491582168028E+07
 0.16048640356137E+07
 0.15615923175388E+07
 0.15198127080867E+07
 0.14792813507131E+07
 0.14398603679201E+07
 0.14016821913905E+07
 0.13646156959314E+07
 0.13287645292413E+07
 0.12940237670627E+07
 0.12603425006958E+07
 0.12276941980153E+07
 0.11960483093940E+07
 0.11654719055106E+07
 0.11358944200695E+07
 0.11070247313630E+07
 0.10792145755356E+07
 0.10522565439121E+07
 0.10261502849312E+07
 0.10008041152937E+07
 0.97628966381296E+06
 0.95255429333828E+06
 0.92948101863848E+06
 0.90711819371894E+06
 0.88543880519076E+06
 0.86436402309329E+06
 0.84393332560301E+06
 0.82416383718010E+06
 0.80492805538364E+06
 0.78628759011619E+06
 0.76820617363189E+06
