 0.57849560497847E-01
 0.57849560497893E-01
 0.57849560498511E-01
 0.57849560502215E-01
 0.57849560516636E-01
 0.57849560520979E-01
 0.57849560677708E-01
 0.57849560966234E-01
 0.57849561763991E-01
 0.57849562562123E-01
 0.57849567277907E-01
 0.57849565515772E-01
 0.57849565395368E-01
 0.57849552887159E-01
 0.57849524152327E-01
 0.57849466842147E-01
 0.57849363308642E-01
 0.57849186213992E-01
 0.57848912606740E-01
 0.57848496608999E-01
 0.57847914166020E-01
 0.57847104663466E-01
 0.57846013501243E-01
 0.57844615240035E-01
 0.57842815734593E-01
 0.57840598560079E-01
 0.57837857500771E-01
 0.57834550204368E-01
 0.57830597679993E-01
 0.57825951854530E-01
 0.57820486095709E-01
 0.57814201757154E-01
 0.57806998403257E-01
 0.57798709054666E-01
 0.57789396994633E-01
 0.57778914621959E-01
 0.57767253853518E-01
 0.57754168419301E-01
 0.57739770077729E-01
 0.57723890035660E-01
 0.57706542672581E-01
 0.57687558107361E-01
 0.57666951552605E-01
 0.57644709655354E-01
 0.57620724367709E-01
 0.57594934987205E-01
 0.57567355591590E-01
 0.57538012850105E-01
 0.57506755233697E-01
 0.57473783865247E-01
 0.57438754741330E-01
 0.57401831794372E-01
 0.57363402511243E-01
 0.57322895255252E-01
 0.57280583371975E-01
 0.57236405623218E-01
 0.57190289517208E-01
 0.57142695336952E-01
 0.57093207632053E-01
 0.57041910554672E-01
 0.56989032170920E-01
 0.56934531051446E-01
 0.56878519574737E-01
 0.56820735912498E-01
 0.56761525098496E-01
 0.56700627490279E-01
 0.56638269377814E-01
 0.56574545018701E-01
 0.56509387271414E-01
 0.56442545999320E-01
 0.56374380356069E-01
 0.56305280817125E-01
 0.56234976387614E-01
 0.56162143824281E-01
 0.56088642348463E-01
 0.56012890736397E-01
 0.55936771919116E-01
 0.55859074563228E-01
 0.55778791377009E-01
 0.55697148602008E-01
 0.55614896534240E-01
 0.55530578392614E-01
 0.55444443923961E-01
 0.55356879091628E-01
 0.55267166592484E-01
 0.55175787247307E-01
 0.55081243892167E-01
 0.54985193542091E-01
 0.54886463390707E-01
 0.54786249748004E-01
 0.54681867037469E-01
 0.54576457235173E-01
 0.54466084099114E-01
 0.54353736540590E-01
 0.54237657876366E-01
 0.54119458090294E-01
 0.53995714479398E-01
 0.53869898117744E-01
 0.53738102119099E-01
 0.53603815163589E-01
 0.53462441632609E-01
 0.53314931061136E-01
 0.53165128978663E-01
 0.53009208990286E-01
 0.52845270601546E-01
 0.52678130031756E-01
 0.52501235379620E-01
 0.52318723809418E-01
 0.52128320180093E-01
 0.51930504627689E-01
 0.51722090916489E-01
 0.51505526348854E-01
 0.51281469085978E-01
 0.51045519030761E-01
 0.50799592354734E-01
 0.50541126570454E-01
 0.50274054131971E-01
 0.49993237618621E-01
 0.49695453420381E-01
 0.49384215865725E-01
 0.49063879554529E-01
 0.48719633684560E-01
 0.48366722029067E-01
 0.47994176256858E-01
 0.47601158656446E-01
 0.47187292427031E-01
 0.46758591050368E-01
 0.46305353398399E-01
 0.45832728081268E-01
 0.45336840519956E-01
 0.44808926885031E-01
 0.44259961615777E-01
 0.43682163352927E-01
 0.43074917611050E-01
 0.42438349141493E-01
 0.41764560257237E-01
 0.41067747500005E-01
 0.40324757935030E-01
 0.39554143091897E-01
 0.38744013103235E-01
 0.37891901748117E-01
 0.36992100223201E-01
 0.36062724039502E-01
 0.35077467684870E-01
 0.34052225164539E-01
 0.32980734667901E-01
 0.31860275008651E-01
 0.30691862141270E-01
 0.29462931077684E-01
 0.28200343438306E-01
 0.26895272262397E-01
 0.25538581286563E-01
 0.24149399093679E-01
 0.22715698364041E-01
 0.21256357112684E-01
 0.19773948953870E-01
 0.18289216346385E-01
 0.16803714797324E-01
 0.15345276390151E-01
 0.13914380100236E-01
 0.12530434303967E-01
 0.11215116037473E-01
 0.99747794733723E-02
 0.88192117309751E-02
 0.77668801864898E-02
 0.68121564559316E-02
 0.59545365538911E-02
 0.52004492590374E-02
 0.45357699154773E-02
 0.39545808130927E-02
 0.34495647518167E-02
 0.30074796884171E-02
 0.26301308593639E-02
 0.23049217679058E-02
 0.20230791234087E-02
 0.17808213636383E-02
 0.15714388972454E-02
 0.13914257194841E-02
 0.12353296874744E-02
 0.10999326225625E-02
 0.98207997018914E-03
 0.87931310744131E-03
 0.78996465679679E-03
 0.71178954448954E-03
 0.64222929184169E-03
 0.58159135341783E-03
 0.52793009587607E-03
 0.48051608930099E-03
 0.43819794314207E-03
 0.40063256203450E-03
 0.36719408307831E-03
 0.33708857916833E-03
 0.31009590333634E-03
 0.28583723108046E-03
 0.26388870397073E-03
 0.24407110808650E-03
 0.22622890962225E-03
 0.20995909233232E-03
 0.19519606551168E-03
 0.18177336439992E-03
