   6.91360382032448847522976250442333937      
   6.91360382032448897452856100055816334      
   6.91360382032452743201328781372420985      
   6.91360382032516444341181800518972586      
   6.91360382032990751712095169923057969      
   6.91360382035170981779289141952628117      
   6.91360382042467998402728224720198428      
   6.91360382061958405575389344556500953      
   6.91360382105548862150760413338677334      
   6.91360382188595357237923654079024421      
   6.91360382321898980212832136588546589      
   6.91360382491702757078138139390585308      
   6.91360382622650346125920481785145479      
   6.91360382520635178811002334713406900      
   6.91360381795271750220483761829878496      
   6.91360379764466410544443281586277793      
   6.91360375345691016614186770635919264      
   6.91360366939923273686041787311215468      
   6.91360352314904141123313281561403236      
   6.91360328494549907736260610341008669      
   6.91360291661194271174003289512467960      
   6.91360237076875260638092220917700952      
   6.91360159029085930273502261467628494      
   6.91360050805286134063899247670382446      
   6.91359904698929538063889521453417858      
   6.91359712047980990366599441986492190      
   6.91359463304881622631676635619485589      
   6.91359148135004794084216766188148423      
   6.91358755538926267300712243264663280      
   6.91358273992443969112234929586379061      
   6.91357691597532177791514119574793579      
   6.91356996237085874659432027149097892      
   6.91356175726559918342829514294176654      
   6.91355217956275990007281207350077494      
   6.91354111019169238257819195965679300      
   6.91352843319936361523935083377508869      
   6.91351403662832709068712407270183409      
   6.91349781316603135332199077540965841      
   6.91347966056208162419511557246113591      
   6.91345948179643356039069038333699009      
   6.91343718514299863523896186651668652      
   6.91341268384217539209217276792485641      
   6.91338589579338599797078690652963718      
   6.91335674301842586678600166050933702      
   6.91332515102759152423939355721341801      
   6.91329104809820610135976905417353598      
   6.91325436449047973200183989816806680      
   6.91321503162306347236338210451863416      
   6.91317298122839103444195485307411095      
   6.91312814450462701797768567495181359      
   6.91308045127829097343729064790611492      
   6.91302982918850325820543584444486147      
   6.91297620290163771341374989429476800      
   6.91291949336172959549127978027463236      
   6.91285961708080506143688027105900838      
   6.91279648547098309026237116267128133      
   6.91273000421810197572982949420862406      
   6.91266007269666132611371002138552095      
   6.91258658342278717111717721895557931      
   6.91250942154438810943318949201478799      
   6.91242846436190672789523768901574847      
   6.91234358087946166659765699953440530      
   6.91225463137922023501756959083263467      
   6.91216146701719830930473678585095104      
   6.91206392943638273406607115864946770      
   6.91196185038822600511413652554007077      
   6.91185505136853087628299356991063114      
   6.91174334325237091045514618413262322      
   6.91162652593392968327676338162471585      
   6.91150438796585600832951712426694446      
   6.91137670618717555563567220285645171      
   6.91124324535353819954626679491889024      
   6.91110375774793327529946069188612718      
   6.91095798278646118870925144841933335      
   6.91080564661117833725811532951749117      
   6.91064646165771689766003439069845828      
   6.91048012620421702637792966518958835      
   6.91030632391570078534553238705911002      
   6.91012472335300735430399568381706742      
   6.90993497747371196554819336808974705      
   6.90973672310418732747438687058401932      
   6.90952958037570186103202213361909090      
   6.90931315212469476853913787218777824      
   6.90908702330237786561599005419785302      
   6.90885076033155450313963859043250058      
   6.90860391043722069606115033504473707      
   6.90834600093394202727690826734938153      
   6.90807653852796857170450233858669232      
   6.90779500854457298092152107174402315      
   6.90750087402738559348105540371549959      
   6.90719357497536089558536880067997696      
   6.90687252744372526041566211731640135      
   6.90653712261652710930728527256854238      
   6.90618672577578941391972406395926559      
   6.90582067563434444983998329505513526      
   6.90543828265350284466541793425041090      
   6.90503882824875905112617673410054256      
   6.90462156374698672478706209510258538      
   6.90418570890297205450083451876087224      
   6.90373045066964725537343461494878666      
   6.90325494219008827190882240375870775      
   6.90275830081362144622411634159784647      
   6.90223960680005892914394571829943576      
   6.90169790183974022378575169173184139      
   6.90113218750493853651457101737646824      
   6.90054142353530575856564843964615131      
   6.89992452546574577681533525242155211      
   6.89928036310570845578955525401815535      
   6.89860775941641994713426507339312256      
   6.89790548657745760937795073203475814      
   6.89717226502163522101345525748116487      
   6.89640676102937111308303194433752252      
   6.89560758462969797831644416959764312      
   6.89477328518441129624523637029268688      
   6.89390235183515683169840036196015122      
   6.89299320712776657538619528811667589      
   6.89204420759994384444730926811103086      
   6.89105363758809481438958406029601022      
   6.89001970836080646220962554778217538      
   6.88894055281689341388924426108254160      
   6.88781422390815891351792631349455860      
   6.88663868844393308009811670981913326      
   6.88541182560106582004069784610945861      
   6.88413142154404399177996940649861334      
   6.88279516495842753324929065535347475      
   6.88140064334148578433099988221269888      
   6.87994533707526985355395726235700967      
   6.87842661617676386977512809850190501      
   6.87684173368303503320164285091585513      
   6.87518782068118192359988316288697965      
   6.87346188081380426016176889276357898      
   6.87166078464858365315149487816216248      
   6.86978126231959910607987539610450661      
   6.86781989861934393553086744857989617      
   6.86577312514561038722623719603164203      
   6.86363721420099990485820191264926825      
   6.86140827036849773846450793142841965      
   6.85908222437592001223468404879469557      
   6.85665482420118202817179148048989726      
   6.85412162697002606130278153146432287      
   6.85147799112402239457937877444483576      
   6.84871906695520865065088406319429126      
   6.84583978788755149590055004100711886      
   6.84283486142640668081814774180900577      
   6.83969875940090641488942027835834999      
   6.83642570856949904389665588687640298      
   6.83300967925040777150489755216979598      
   6.82944437691964868091983133044892296      
   6.82572323104143197412697128952333751      
   6.82183938445221884100813949999715565      
   6.81778568395181372277733378023942834      
   6.81355466940145380183453906722916716      
   6.80913856345788309164887600853328567      
   6.80452926239789228955171804669830690      
   6.79971832700449364052613106173934102      
   6.79469697381304703825222726953990114      
   6.78945606754940585190904053089813776      
   6.78398611523687157394288955272059027      
   6.77827726042230566854402151366261133      
   6.77231928126363312551800589065176181      
   6.76610158957042171628620579764174691      
   6.75961323236511135746451209167256197      
   6.75284290005194276999090193171805222      
   6.74577893128401491691242213138151664      
   6.73840933179698676423737070097006199      
   6.73072179266849123228296566962848829      
   6.72270371483120670792921301809503589      
   6.71434224057062812269365479740657592      
   6.70562429512870644161644183784592339      
   6.69653663160670167316431276659394766      
   6.68706588287152782767197045122385438      
   6.67719862193140465761372477713853426      
   6.66692142454102956052932314503275541      
   6.65622093130996084418908439825962189      
   6.64508391469861490479754310517063496      
   6.63349732617943688893541596718547153      
   6.62144833675310471844357694973245418      
   6.60892435732320871079791943629493429      
   6.59591301189673726161468427066355620      
   6.58240209740530220342676205317309725      
   6.56837947281327279726726259856929823      
   6.55383293010955321647101048098158161      
   6.53875000663163993364158517919868098      
   6.52311777458380025664196637907522317      
   6.50692262889250496644601695619082230      
   6.49015007038018342857475045380128914      
   6.47278453499279206456196657917822432      
   6.45480926625056613082121285289484163      
   6.43620625107104929223152271440279824      
   6.41695622087090849849076595860359291      
   6.39703871579503690642180363490674684      
   6.37643219725289223452845391378524699      
   6.35511420316115124870919751264201460      
   6.33306152532621009297023937215093700      
   6.31025039861102546289960322254243473      
   6.28665669229664614970189311812945466      
   6.26225608834926107434917732935650145      
   6.23702424647457346537531147538588548      
   6.21093694778503615748560369825590650      
   6.18397021711890591849619901835092128      
   6.15610042098936791122998993759231757      
   6.12730434561197933999998439074220308      
   6.09755925335455042682014052807282891      
   6.06684292177451767481781276180584092      
   6.03513366655306394774661260987798860      
   6.00241035222725476990447059329666934      
   5.96865239116505495936335505517505105      
   5.93383973468592703211586110185099157      
   5.89795285722640480358649782581921528      
   5.86097273550757267646329638672526297      
   5.82288082424872128703723077893044094      
   5.78365902946810652841518509146155418      
   5.74328968028213301801931383876369551      
   5.70175550011230758007059036023998192      
   5.65903957771773836156721659557279204      
   5.61512533873907712841661022916949338      
   5.56999651784221675878609071193249059      
   5.52363713197538331917120065132991285      
   5.47603145470055462064683948328895882      
   5.42716399187547386731032050131171463      
   5.37701945859232407641880870179855535      
   5.32558275754855050229490344843161386      
   5.27283895872765573158691791572394672      
   5.21877328048914478332391113172964520      
   5.16337107187126966306581207552832248      
   5.10661779623532736852953521906843669      
   5.04849901602111274211787978515592333      
   4.98900037867542711645213750987201751      
   4.92810760360862664729418764620428654      
   4.86580647018451331761814413778072096      
   4.80208280659824836415048718029535509      
   4.73692247965808595123358200837610086      
   4.67031138532613397472295434158210662      
   4.60223544004813457064491390772868820      
   4.53268057274304154237785965919937815      
   4.46163271742176783274113505901393366      
   4.38907780643961343671804154912380393      
   4.31500176424183221618988179748036668      
   4.23939050159774934022782807595387571      
   4.16222991034559663040361144033099186      
   4.08350585852043983052689188665221930      
   4.00320418587869858344276503408260511      
   3.92131069977032208129850637565206617      
   3.83781117135378560038358664828028143      
   3.75269133212005688757201047049507828      
   3.66593687063844716600938603497671082      
   3.57753342961687088320986280993607307      
   3.48746660313770046462867814245841272      
   3.39572193423941846696704552272139656      
   3.30228491244750818237917168435031783      
   3.20714097179127908550418420955720151      
   3.11027548869066235732209834701495897      
   3.01167378026028283311616915699053341      
   2.91132110256715890258895210332167246      
   2.80920264907686403683254006779561949      
   2.70530354925815294240163469831686534      
   2.59960886728088636653082261114223905      
   2.49210360071533990382040757957039513      
   2.38277267960572465824153496732015671      
   2.27160096520985603543859589565818931      
   2.15857324914756229417790049582527890      
   2.04367425254592663844353869246603910      
   1.92688862523213937708374400283349987      
   1.80820094494355513801341248243643605      
   1.68759571666045967822185402684296859      
   1.56505737202085022943815982401059916      
   1.44057026866336427975293977781532085      
   1.31411868974493876421267796229161382      
   1.18568684345608592894370650943611489      
   1.05525886253354211412616566279628971      
  0.922818803897542293064695398278081620      
  0.788350648242270694275288907250120352      
  0.651838299700943643107748073846212405      
  0.513265585558965957448087487367141284      
  0.372616255932006982457281125459619031      
  0.229873983529643173570078068300727316      
   8.50223634401892446129572033797082319E-0002
  -6.19550871121011583776695018769300015E-0002
 -0.211074928932686978032099423421738241      
 -0.362353801025591642211273747073133711      
 -0.515808420733739668177202257999308152      
 -0.671455583892532002247315421465209526      
 -0.829312164917685623902673315656425827      
 -0.989395116913207848226464505575087537      
  -1.15172147175142207296644889591469008      
  -1.31630834015384348802293536679234117      
  -1.48317291172620408888070777204776899      
  -1.65233245500730571371376838650782957      
  -1.82380431752779045627620862849749189      
  -1.99760592578179710264824281845444302      
  -2.17375478529659717640586083559230603      
  -2.35226848057406560138881246543182054      
  -2.53316467514854233908116779053741512      
  -2.71646111151145724129226768933439570      
  -2.90217561111870425303211906869946312      
  -3.09032607436458992857448707959523166      
  -3.28093048051425959137273425044013284      
  -3.47400688770022228063922457767644398      
  -3.66957343282617457183503106048819033      
  -3.86764833154324930081633256043897516      
