   6.91360382032448847522976250442333937      
   6.91360382032448897452856100055816334      
   6.91360382032452743201328781372420908      
   6.91360382032516444341181800519020272      
   6.91360382032990751712095170087933365      
   6.91360382035170981779289183518445458      
   6.91360382042467998402730538345425817      
   6.91360382061958405575439071432832454      
   6.91360382105548862151324357945213771      
   6.91360382188595357241997702993809617      
   6.91360382321898980233990398731577468      
   6.91360382491702757164118839144622126      
   6.91360382622650346138799361995415156      
   6.91360382520635179013664214654596277      
   6.91360381795271752360861172860822564      
   6.91360379764466427447662370647561704      
   6.91360375345691122264251497226501506      
   6.91360366939923818094250282957306144      
   6.91360352314906522280857307456380901      
   6.91360328494558975870215466189677661      
   6.91360291661224931014862576838191759      
   6.91360237076968771810270806317875817      
   6.91360159029346615497256327314285267      
   6.91360050805957711191466479311190202      
   6.91359904700543190986159456829738335      
   6.91359712051625636029417378164178262      
   6.91359463312671482032216644498007302      
   6.91359148150850905559543673300304418      
   6.91358755569757200333294274864583025      
   6.91358274050066486400967766923341564      
   6.91357691701374454506394395457780353      
   6.91356996418123271125737234055713771      
   6.91356176032785175159463909539097610      
   6.91355218460141204665532976700238969      
   6.91354111827494817038576360905940495      
   6.91352844586851726800738434658817937      
   6.91351405606384095838346878232568999      
   6.91349784239734420082811503816482419      
   6.91347970372892012805939163745258310      
   6.91345954449317367045744783735346203      
   6.91343727474831856828468951546298052      
   6.91341281004344335139442582994727017      
   6.91338607112912573967348111239897368      
   6.91335698353826605070234229208519663      
   6.91332547706479887250987870186183611      
   6.91329148516727324633695942555643379      
   6.91325494432261727259213212981583592      
   6.91321579335304199648011107223024792      
   6.91317397274639715756524022032072047      
   6.91312942398723214768575202838158531      
   6.91308208891251394522984594773205735      
   6.91303190908878208199334066833149562      
   6.91297882530149913086455223978660916      
   6.91292277696597663427880984684191907      
   6.91286370171261003765294637402295455      
   6.91280153496896448443477515875148322      
   6.91273620960660692854889831921435609      
   6.91266765564005197030239219685465274      
   6.91259579997442613635848592989649753      
   6.91252056619839194104908050322120506      
   6.91244187441709066198522080422215031      
   6.91235964112069993299753348081631098      
   6.91227377908292096186233740829996844      
   6.91218419728403524552966463022188461      
   6.91209080085358016972407839073290749      
   6.91199349102604933471480730264474833      
   6.91189216510665614931237695179324449      
   6.91178671643985674612706144006640018      
   6.91167703437837150283467078459253464      
   6.91156300424762513288754216120940963      
   6.91144450730044902326000150879753751      
   6.91132142066167605668545475816359778      
   6.91119361725689587272609894259673899      
   6.91106096572306785390134511106753247      
   6.91092333030073181994087714475210044      
   6.91078057070268921599104924360290548      
   6.91063254195759149655967340820902047      
   6.91047909423149721660656455973527038      
   6.91032007262039604475762563030155275      
   6.91015531691666348707617992262139472      
   6.90998466135054574581460856798696876      
   6.90980793429420464582913433097253434      
   6.90962495794131295907982354310605447      
   6.90943554795242010521447283085981977      
   6.90923951308204235077909562358096618      
   6.90903665476216952532904434864482755      
   6.90882676666561757033844813368959148      
   6.90860963422357476168534586621725407      
   6.90838503414709638691437267887627423      
   6.90815273386661711469421733244811571      
   6.90791249096266734870233499566538395      
   6.90766405258412598138411334624274125      
   6.90740715481437953413249859468440489      
   6.90714152201223605960349666933334826      
   6.90686686613293425752027124531557482      
   6.90658288599547487322721467370778127      
   6.90628926646327056309577030110232622      
   6.90598567771371731824958688301328020      
   6.90567177438681091746151655381143833      
   6.90534719473199821259723392329271886      
   6.90501155966045314768752672346741044      
   6.90466447185441084637301260748729776      
   6.90430551477655739370227393775120123      
   6.90393425156073818883908785816739913      
   6.90355022396662413419327273922194927      
   6.90315295134437928172527059676291579      
   6.90274192947577264142639081347277250      
   6.90231662920329044183071866040120942      
   6.90187649518000296875324133050141268      
   6.90142094469629800712112708236169482      
   6.90094936627022867717521894794568693      
   6.90046111813939060593676222306574537      
   6.89995552649599312437832324362524906      
   6.89943188454507353156214441369973621      
   6.89888945021909680968902731360092991      
   6.89832744451485489245801155960406195      
   6.89774505036268792032001046132216573      
   6.89714140987936554161484499746533255      
   6.89651562259283924621062664901729168      
   6.89586674377207561527301783594285026      
   6.89519378203634497133173015520622897      
   6.89449569640079674176567686225260166      
   6.89377139527034853473526848627679627      
   6.89301973226370612157152986878563291      
   6.89223950502315146208068182039292171      
   6.89142945123069850343089183078950763      
   6.89058824675613891229253313908062837      
   6.88971450134420296747302069095686581      
   6.88880675679399879058066684106078402      
   6.88786348188995899179215756079288032      
   6.88688307047156675595497735804463334      
   6.88586383601868263552865521887736963      
   6.88480400879953407132675607684833452      
   6.88370173150463968546055600421766072      
   6.88255505367563765506014863633664220      
   6.88136192846720718846091087188694861      
   6.88012020662698242821622889620467140      
   6.87882763158444434451434455471229370      
   6.87748183376482999234790902531479891      
   6.87608032479559764601379454879583632      
   6.87462049135184134936503082877085852      
   6.87309958748069623052612865412479002      
   6.87151472952755968778308452531950998      
   6.86986288658384384053400477726479600      
   6.86814087466365592625728821733282545      
   6.86634534631121931465304435728632216      
   6.86447278282306739271700803292492943      
   6.86251948501431960471308073020742938      
   6.86048156284465349449143403548509653      
   6.85835492455065303184130260232110438      
   6.85613526566966120679867449391530620      
   6.85381805719278850605396674216229511      
   6.85139853242741720679152215844795656      
   6.84887167395865381521655340444510240      
   6.84623219856746194820661474889403780      
   6.84347454272862927375685652083600820      
   6.84059284556343867683819620844842337      
   6.83758093277347483522979114076099298      
   6.83443229708872288272627095458520608      
   6.83114007919934632362120050726724991      
   6.82769704725152239961378069765773792      
   6.82409557552614465030514611514122005      
   6.82032762114614705096355986737474084      
   6.81638469837848929780644270781705733      
   6.81225785498839753307289869720589849      
   6.80793764405620922339901848567828811      
   6.80341409551947889324361526147746017      
   6.79867668786509406071740734847812668      
   6.79371431558670259008936073437924306      
   6.78851525904103113589951374368645185      
   6.78306715055581791088145878461201810      
   6.77735694226051242048491948120500701      
   6.77137087256740845666337798848169095      
   6.76509443226164114130420184890846911      
   6.75851233379835995811354654926843754      
   6.75160847895255598752955378912036705      
   6.74436593317437215693883138929856413      
   6.73676689921055843558014099435618068      
   6.72879269998218342029803682447186899      
   6.72042376550836853693177860957811317      
   6.71163962977338604571644057737455640      
   6.70241893744603849322892381099712943      
   6.69273946410194219885546163376549075      
   6.68257815055777228976747891117479985      
   6.67191115497937196211054431426451231      
   6.66071392260046187377001627582226331      
   6.64896127309173525702573215302463346      
   6.63662751192556740507055957848052320      
   6.62368655449353022131870311742547133      
   6.61011206713808015028507249782861604      
   6.59587761599904703583281348386012889      
   6.58095681810392623713773340733133727      
   6.56532348798296987035674237110374196      
   6.54895176578970842656114182757328359      
   6.53181622212644594382414465818656486      
   6.51389193133434296071612191352297307      
   6.49515450452843046079526492941783447      
   6.47558009138461838199748275807963955      
   6.45514534873794616699358096348939345      
   6.43382738461367992388771269112243084      
   6.41160369215891781819121003754106533      
   6.38845209107836210579655891098820911      
   6.36435067383765361122458904694934050      
   6.33927778030318337322543848185470351      
   6.31321198976132028961744491219542791      
   6.28613213929255478548049242803761469      
   6.25801735597649886171703230072636578      
   6.22884710039592147731543211920075016      
   6.19860121260251800886579022996367955      
   6.16725995371837111274548401952886516      
   6.13480404172436087802350718198600197      
   6.10121467410131141578556992738345313      
   6.06647354031134485861635982149433883      
   6.03056282259294616554921334641029647      
   5.99346518685554271274097021579950646      
   5.95516376488656445069059901138793376      
   5.91564213019254700033093301592284970      
   5.87488426920923223918555348858327503      
   5.83287454950025079117982774427671239      
   5.78959768585323188484679623636833531      
   5.74503870695899419933705895361323125      
   5.69918292129874568940951045251271166      
   5.65201588516691322943125930684074471      
   5.60352337163470709880753670706630379      
   5.55369134163502712431253353544853320      
   5.50250591695291871815054900437547509      
   5.44995335549762363667679749075995846      
   5.39602002847360991235264808650921811      
   5.34069239967077786709061248741923125      
   5.28395700656559001289665126466042100      
   5.22580044340394696982800883848361633      
   5.16620934586406446046456710533814711      
   5.10517037725015951962755067693418990      
   5.04267021614116808887051441701563278      
   4.97869554522153623377014801377702138      
   4.91323304153864328624220641365756865      
   4.84626936747329055587525223355512703      
   4.77779116284853313765617655713061868      
   4.70778503786731729079052464710297329      
   4.63623756676823832837298925075112046      
   4.56313528216029971487082695493610571      
   4.48846466998398543476741390508855867      
   4.41221216503779128343415623815230671      
   4.33436414695737388500456147113907678      
   4.25490693660472908119371480328868623      
   4.17382679289374356536095483210376966      
   4.09110990995714613945114060735518403      
   4.00674241459052076015116649212027149      
   3.92071036399997333202989529765057713      
   3.83299974377542780814006556353355494      
   3.74359646612485400054110642305597598      
   3.65248636826772179249089520449909302      
   3.55965521101836089248472768919098412      
   3.46508867753500156033673314558363390      
   3.36877237222957739136950432840236321      
   3.27069181975247841489800100321106844      
   3.17083246415233727475353325276774592      
   3.06917966810333554397021588613075822      
   2.96571871224649007121709051892126104      
   2.86043479459895982731818770566577467      
   2.75331303005018461483947941214011243      
   2.64433844992250255550010518975502539      
   2.53349600159446609067380618750366306      
   2.42077054817908305792063045978521852      
   2.30614686825464388290817782639592842      
   2.18960965563758794999168101039783456      
   2.07114351919621255086761097696388724      
   1.95073298271230619486373281462092235      
   1.82836248475189869499953222468605178      
   1.70401637858977280606752274472744562      
   1.57767893217579779688476520236851618      
   1.44933432806557608258365388343689301      
   1.31896666342705267615503590384652708      
   1.18655995005699922234039571648182332      
   1.05209811441122916375608072844457310      
  0.915564997642695217932557531027561971      
  0.776944355677535213949528152640241966      
  0.636219859272472164116928905315918699      
  0.493375094130126045820342304936126316      
  0.348393560965636315284469398223535093      
  0.201258675635834740671958902742947867      
   5.19537692609043989197014497945663621E-0002
  -9.95379116652184022128214877592661704E-0002
 -0.253233205119627138915222752387313975      
 -0.409149033434335663705515717436894224      
 -0.567302403126917668431549332104036656      
 -0.727710404751834401619526312577822362      
 -0.890390212761121018806308105704922961      
  -1.05535908531931052993400839519699760      
  -1.22263436413492035692810256866257185      
  -1.39223347432802126096009930689671847      
  -1.56417392421266855332142024393347735      
  -1.73847330514028898327527375716260588      
  -1.91514929133540859855342887294485502      
  -2.09421963968975412646315197481159729      
  -2.27570218958746854811386847834557282      
  -2.45961486273864192263448385968297340      
  -2.64597566296674566213335956025029596      
  -2.83480267604379970498869349138010987      
  -3.02611406948894742843949477492948847      
