 0.22299149716394E-11
 0.45692508106523E-11
 0.50375698947969E-11
 0.81537200650533E-11
 0.11048835088942E-10
 0.11368313769588E-10
 0.20250626495551E-10
 0.32880629622181E-11
 0.19473347191786E-10
 0.22487791924639E-10
 0.18282007199645E-10
 0.29060318515031E-10
 0.33245003150283E-10
 0.27428897519376E-10
 0.32190208971693E-10
 0.42289278995086E-10
 0.41545244566756E-10
 0.65042070871966E-10
 0.79497380792463E-10
 0.15738815513479E-09
 0.41889452549218E-09
 0.10436486572215E-08
 0.25414663219025E-08
 0.57896499062278E-08
 0.12470927155342E-07
 0.25417938855021E-07
 0.49189510395134E-07
 0.90930614322615E-07
 0.16124006335778E-06
 0.27524779363497E-06
 0.45390943476095E-06
 0.72561784597314E-06
 0.11273835966387E-05
 0.17067846934081E-05
 0.24754823152420E-05
 0.36448891246047E-05
 0.54093137031346E-05
 0.71985508418628E-05
 0.96066957947393E-05
 0.13157332323341E-04
 0.17825016726172E-04
 0.23491262128716E-04
 0.29984601744010E-04
 0.38102229826916E-04
 0.48453809071194E-04
 0.61128078106741E-04
 0.75579070360332E-04
 0.93160135469987E-04
 0.11374157684080E-03
 0.13785351134168E-03
 0.16588552223162E-03
 0.19827991381793E-03
 0.23550526174901E-03
 0.27805644741874E-03
 0.32645371628980E-03
 0.38124267990772E-03
 0.44299335848632E-03
 0.51229929143591E-03
 0.58977719210714E-03
 0.67606561603544E-03
 0.77182458361375E-03
 0.87773469294788E-03
 0.99449395558711E-03
 0.11228218078362E-02
 0.12634529734137E-02
 0.14171410627907E-02
 0.15846533423631E-02
 0.17667729405863E-02
 0.19642357708823E-02
 0.21780511833590E-02
 0.24089562893968E-02
 0.26575383284466E-02
 0.29249531056059E-02
 0.32120573639882E-02
 0.35197491101800E-02
 0.38489034083036E-02
 0.42003412011420E-02
 0.45750447979583E-02
 0.49740336849366E-02
 0.53984364018770E-02
 0.58492241751250E-02
 0.63273072971214E-02
 0.68338282879272E-02
 0.73700843818733E-02
 0.79371728335720E-02
 0.85378736992533E-02
 0.91660705200597E-02
 0.98338555458946E-02
 0.10539479123293E-01
 0.11281734702125E-01
 0.12060824342792E-01
 0.12877504109515E-01
 0.13736446070971E-01
 0.14641560349815E-01
 0.15595853215393E-01
 0.16595047766681E-01
 0.17648175962388E-01
 0.18750335678958E-01
 0.19904797919070E-01
 0.21112265490312E-01
 0.22382287921672E-01
 0.23718163929301E-01
 0.25118015479901E-01
 0.26585996667107E-01
 0.28122961049718E-01
 0.29731599677162E-01
 0.31426606825296E-01
 0.33195441822761E-01
 0.35061454998636E-01
 0.36999984546341E-01
 0.39048153723373E-01
 0.41184129235694E-01
 0.43445225916831E-01
 0.45786442165798E-01
 0.48282807783373E-01
 0.50836891635385E-01
 0.53616149678080E-01
 0.56449043657435E-01
 0.59465705116257E-01
 0.62600226388284E-01
 0.65922563980021E-01
 0.69366641132330E-01
 0.73027989177489E-01
 0.76855015058363E-01
 0.80892519478923E-01
 0.85146939641423E-01
 0.89588864737993E-01
 0.94283325790757E-01
 0.99199609412641E-01
 0.10433467326625E+00
 0.10974628780562E+00
 0.11545232532487E+00
 0.12144271522570E+00
 0.12776678239503E+00
 0.13441687089580E+00
 0.14130920517661E+00
 0.14859257946053E+00
 0.15632175409297E+00
 0.16441799201449E+00
 0.17286435893276E+00
 0.18177490093079E+00
 0.19109476310290E+00
 0.20079467112608E+00
 0.21102203505325E+00
 0.22173132185481E+00
 0.23287357748663E+00
 0.24452532673572E+00
 0.25668067755834E+00
 0.26928262739273E+00
 0.28237582701700E+00
 0.29591453232675E+00
 0.30971548449109E+00
 0.32390729487219E+00
 0.33833660223417E+00
 0.35296327931819E+00
 0.36757389890995E+00
 0.38200305355758E+00
 0.39594876783588E+00
 0.40915440318780E+00
 0.42115553098523E+00
 0.43172680184397E+00
 0.44023914205883E+00
 0.44614656793391E+00
 0.44872831018104E+00
 0.44720053318627E+00
 0.44056437645056E+00
 0.42789757836554E+00
 0.40781868250552E+00
 0.37895531058608E+00
 0.33957023573048E+00
 0.28776010593250E+00
 0.22108092616974E+00
 0.13742534132897E+00
 0.34796212344586E-01
-0.88114601629515E-01
-0.23047780678466E+00
-0.38949693116361E+00
-0.55753701114808E+00
-0.72341201120598E+00
-0.87118271626978E+00
-0.98334479575076E+00
-0.10431581859478E+01
-0.10389706417870E+01
-0.96784745750334E+00
-0.83673878016228E+00
-0.66168919453187E+00
-0.46532024322396E+00
-0.27109935672600E+00
-0.99169517681614E-01
 0.37123770531564E-01
 0.13217819077121E+00
 0.18791589346582E+00
 0.21061265543425E+00
 0.20940699303079E+00
 0.19272249212774E+00
 0.16824568740638E+00
 0.14096105300778E+00
 0.11455264272779E+00
 0.90789347494659E-01
 0.70485835596376E-01
 0.53704937205323E-01
 0.40204476499274E-01
 0.29517790948324E-01
 0.21176685993353E-01
 0.14696635161528E-01
 0.96380376962992E-02
 0.57029897581712E-02
 0.25897004114230E-02
 0.10097258449449E-03
-0.19124468115318E-02
-0.35789040121923E-02
-0.49812684359205E-02
-0.61551929689314E-02
-0.71512147957572E-02
-0.80086446838712E-02
-0.87496792349408E-02
-0.93919372950817E-02
-0.99382188133425E-02
-0.10405235622101E-01
-0.10800188237563E-01
-0.11136374514636E-01
-0.11410376836961E-01
-0.11631406523362E-01
-0.11801679160407E-01
-0.11928899459768E-01
-0.12019621319790E-01
-0.12071422840160E-01
-0.12099435043171E-01
-0.12084815207656E-01
-0.12049208012326E-01
-0.11990651568958E-01
-0.11907731640303E-01
-0.11810257302014E-01
-0.11690041156623E-01
-0.11556891055339E-01
-0.11410049456296E-01
-0.11254630357407E-01
-0.11086369888850E-01
-0.10909138040349E-01
-0.10723850768367E-01
-0.10532252879264E-01
-0.10337940782619E-01
-0.10134439382860E-01
-0.99315297770771E-02
-0.97258348192533E-02
-0.95160862719394E-02
-0.93066298089977E-02
-0.90955685576635E-02
-0.88857807507035E-02
-0.86736438787868E-02
-0.84642444460627E-02
-0.82552972949222E-02
-0.80476534265104E-02
-0.78475090946774E-02
-0.76355219838862E-02
-0.74374079750545E-02
-0.72466068414298E-02
-0.70542466778387E-02
-0.68585384115398E-02
-0.66640243714838E-02
-0.64786529755891E-02
-0.63039495429346E-02
-0.61278887057048E-02
-0.59518494408734E-02
-0.57784445873743E-02
-0.56154674845974E-02
-0.54512203530938E-02
-0.52915669271476E-02
-0.51376409388621E-02
-0.49872409119404E-02
-0.48391764741052E-02
-0.46974178134325E-02
-0.45570002213646E-02
-0.44219121656742E-02
-0.42895795628984E-02
-0.41618953969181E-02
-0.40363454327750E-02
-0.39177829406108E-02
-0.37998890249002E-02
-0.36864217698705E-02
-0.35780552013841E-02
-0.34715095458703E-02
-0.33679268476489E-02
-0.32673372743116E-02
-0.31704042271308E-02
-0.30776414594372E-02
-0.29860042045283E-02
-0.28983240033001E-02
-0.28147104568308E-02
-0.27345588537850E-02
-0.26550268774707E-02
-0.25789776766330E-02
-0.25057847117897E-02
-0.24345372213314E-02
-0.23664854768321E-02
-0.23011346446110E-02
-0.22382140939537E-02
-0.21766720000445E-02
-0.21174491807013E-02
-0.20604957742092E-02
