-0.53743171765251E-15
-0.44549786948986E-14
-0.11838722435768E-13
-0.32079015495674E-13
-0.68514171944981E-13
-0.98386305146703E-13
-0.23276988924105E-12
-0.69875598089058E-13
-0.41971074606773E-12
-0.54519329730411E-12
-0.60208438773671E-12
-0.10061832750403E-11
-0.13223777935314E-11
-0.13148773306699E-11
-0.16761188895337E-11
-0.22546160340275E-11
-0.34487612095217E-11
-0.37321647950881E-11
-0.20861043153262E-11
-0.35021814962695E-11
-0.76197798267448E-11
-0.99426736976572E-11
-0.15320841207561E-10
-0.25693031294823E-10
-0.36070827941338E-10
-0.35514196002079E-10
-0.69013493158535E-11
 0.11383270640196E-09
 0.46129216052891E-09
 0.12728985513717E-08
 0.29564646329305E-08
 0.61965157407640E-08
 0.12099527499814E-07
 0.22268237842514E-07
 0.39099622042711E-07
 0.65976852292456E-07
 0.10753486028657E-06
 0.16999656748501E-06
 0.26158063990680E-06
 0.36226281737496E-06
 0.65970385817507E-06
 0.81039736721787E-06
 0.10818737741752E-05
 0.15637123797239E-05
 0.22706761406548E-05
 0.31171884237606E-05
 0.41410321882618E-05
 0.53054237711650E-05
 0.68203616554369E-05
 0.87135760421623E-05
 0.11219393231203E-04
 0.14261567734955E-04
 0.17996864332646E-04
 0.22290677151807E-04
 0.27269891518171E-04
 0.33227740002801E-04
 0.40547003465010E-04
 0.49125114703291E-04
 0.58642650941243E-04
 0.70041883099678E-04
 0.83071632396484E-04
 0.98010020903108E-04
 0.11505938372877E-03
 0.13443477563202E-03
 0.15636377651913E-03
 0.18108649477740E-03
 0.20885668560799E-03
 0.23993968240262E-03
 0.27461482028464E-03
 0.31317424300508E-03
 0.35592273450442E-03
 0.40317942792903E-03
 0.45528619675576E-03
 0.51249912344621E-03
 0.57546885969217E-03
 0.64421284203473E-03
 0.71919930729118E-03
 0.80092918681201E-03
 0.88989809000129E-03
 0.98652731901716E-03
 0.10911577118442E-02
 0.12042877006147E-02
 0.13264588561301E-02
 0.14581932438773E-02
 0.16000131160266E-02
 0.17526192347815E-02
 0.19166287599375E-02
 0.20927511583806E-02
 0.22815249854439E-02
 0.24836297956955E-02
 0.26998626928208E-02
 0.29310371896527E-02
 0.31783078162595E-02
 0.34424194375651E-02
 0.37221630349820E-02
 0.40302846021126E-02
 0.43518792644325E-02
 0.46893993861440E-02
 0.50479491285763E-02
 0.54307158477957E-02
 0.58491897778150E-02
 0.62938955163074E-02
 0.67662724735294E-02
 0.72703534363516E-02
 0.78028730303298E-02
 0.83642853351479E-02
 0.89643068995155E-02
 0.95979179597036E-02
 0.10276098642008E-01
 0.11009397691939E-01
 0.11791040418150E-01
 0.12620236088220E-01
 0.13484024936285E-01
 0.14399026900237E-01
 0.15384409168572E-01
 0.16486504826518E-01
 0.17569484108983E-01
 0.18797863100445E-01
 0.20073331995663E-01
 0.21432235078220E-01
 0.22857100703457E-01
 0.24415710924295E-01
 0.26013520302456E-01
 0.27817976349714E-01
 0.29612719014789E-01
 0.31695868362280E-01
 0.33707777309894E-01
 0.36014254797659E-01
 0.38259535685764E-01
 0.40818242691340E-01
 0.43490570829036E-01
 0.46319301835253E-01
 0.49417324402386E-01
 0.52701264930210E-01
 0.56151566535059E-01
 0.59794384586328E-01
 0.63710868300080E-01
 0.67822551982720E-01
 0.71994784351299E-01
 0.76527646072986E-01
 0.81465515442028E-01
 0.86525480984234E-01
 0.92078041275156E-01
 0.97779418020083E-01
 0.10398960383332E+00
 0.11021830533532E+00
 0.11709717749113E+00
 0.12427406298288E+00
 0.13171810253864E+00
 0.13959933455248E+00
 0.14754896590929E+00
 0.15608856809698E+00
 0.16505379968043E+00
 0.17436468203224E+00
 0.18399887474796E+00
 0.19432981093940E+00
 0.20475223171588E+00
 0.21540216638474E+00
 0.22628625631779E+00
 0.23734827126405E+00
 0.24864772234044E+00
 0.26013472014117E+00
 0.27186040750474E+00
 0.28373779039617E+00
 0.29548546340397E+00
 0.30663092444311E+00
 0.31729770853851E+00
 0.32759086209864E+00
 0.33682041606672E+00
 0.34377997576668E+00
 0.34842971530894E+00
 0.34899348758292E+00
 0.34341638354429E+00
 0.32871065220200E+00
 0.30052634126569E+00
 0.25446346905067E+00
 0.18377377527403E+00
 0.80971709556709E-01
-0.62118438056977E-01
-0.25244091453425E+00
-0.49581483002012E+00
-0.79183597313939E+00
-0.11320857911722E+01
-0.14977849233980E+01
-0.18568300978610E+01
-0.21636870600624E+01
-0.23680356993691E+01
-0.24178767415436E+01
-0.22802278081153E+01
-0.19436627624473E+01
-0.14338780206647E+01
-0.80615581502546E+00
-0.14065783204794E+00
 0.47697255663789E+00
 0.97484047801418E+00
 0.13075853122433E+01
 0.14645489859724E+01
 0.14649957600434E+01
 0.13478830740606E+01
 0.11571534981189E+01
 0.94258396024784E+00
 0.73327019462835E+00
 0.54167293493538E+00
 0.38860584143253E+00
 0.26892133098087E+00
 0.17988523889948E+00
 0.11686015279730E+00
 0.73781217724256E-01
 0.45608710966954E-01
 0.28019774266696E-01
 0.17844698112032E-01
 0.11813710241921E-01
 0.89313454385996E-02
 0.77984377223401E-02
 0.72764347518796E-02
 0.71763621366428E-02
 0.72088835028465E-02
 0.72473760624021E-02
 0.71168791042733E-02
 0.69095358316317E-02
 0.67659576408954E-02
 0.65098295846957E-02
 0.63647573631881E-02
 0.60136697958114E-02
 0.56824453592314E-02
 0.54489824376327E-02
 0.52526010451328E-02
 0.50206667321735E-02
 0.48186228770279E-02
 0.47115083398178E-02
 0.46237943523447E-02
 0.45033366850379E-02
 0.43898175926610E-02
 0.42958123209976E-02
 0.43006468084272E-02
 0.43186702300185E-02
 0.42093366425064E-02
 0.42634996179423E-02
 0.43116962039130E-02
 0.42829780195977E-02
 0.43089600201888E-02
 0.43441024519897E-02
 0.44304560888881E-02
 0.44411991945863E-02
 0.44738214060361E-02
 0.45283227855937E-02
 0.45814261177058E-02
 0.46242791134774E-02
 0.46698377147487E-02
 0.47233751186658E-02
 0.47554451970113E-02
 0.47881188511349E-02
 0.48496908901970E-02
 0.48907065797829E-02
 0.49168179041827E-02
 0.49481171360198E-02
 0.50020755881031E-02
 0.50236788119887E-02
 0.50573602841689E-02
 0.51307853292853E-02
 0.50700988049483E-02
 0.50588991889974E-02
 0.50977635432835E-02
 0.51496735359812E-02
 0.51641380506162E-02
 0.51608571321497E-02
 0.51389800762000E-02
 0.51190746331856E-02
 0.51284858994956E-02
 0.51142840501805E-02
 0.51111020513100E-02
 0.50782211913855E-02
 0.50568244340674E-02
 0.50430195539258E-02
 0.50176066581882E-02
 0.49627114888454E-02
 0.49482836424486E-02
 0.49168433934901E-02
 0.48744102190798E-02
 0.48412136210590E-02
 0.47849633007798E-02
 0.47530462265255E-02
 0.46936745656403E-02
 0.46638164664438E-02
 0.46070186775964E-02
 0.45497858971530E-02
 0.44989820444630E-02
 0.44415450549634E-02
 0.44003083402620E-02
 0.43251878637567E-02
 0.42715500218913E-02
 0.42183012694975E-02
 0.41326992568247E-02
 0.40907377745271E-02
 0.40435678377874E-02
 0.39595650675438E-02
 0.38931689423986E-02
 0.38356143392014E-02
 0.37687379747055E-02
 0.37269407458926E-02
