   305.833180578490118847143771537581802      
   305.833180575208522449485551403157112      
   305.833180532679864089517132468032889      
   305.833180317601823404850585586757474      
   305.833179632578655134427431715613306      
   305.833177969418442227807421105317960      
   305.833174579803515330158569620694040      
   305.833168436153001172846463145149055      
   305.833158097978758591468634244673070      
   305.833141312165118130751669282192320      
   305.833114153098472692673882958476785      
   305.833069624316697233318951061277226      
   305.832995839663005143293621452723746      
   305.832874054758595838994658234366142      
   305.832676856971740964197559378101063      
   305.832366754854886877095998936060558      
   305.831895290162529075178147116906726      
   305.831202679432718573751466697373198      
   305.830217908119555239841401447961081      
   305.828859156710787060157534899076399      
   305.827034429543403006377579316545960      
   305.824642271931960910223544465089090      
   305.821572488509880279504570784285997      
   305.817706806636249790230099303806071      
   305.812919457706123492353558091522690      
   305.807077673183770563078938129041456      
   305.800042109968022123998573050353771      
   305.791667231197816504332821054495898      
   305.781801674415251701507402481002291      
   305.770288639939119673394352240128243      
   305.756966329454806463206434073179005      
   305.741668459224533095360111323173697      
   305.724224865013616380643775172265129      
   305.704462207759460028022614773881563      
   305.682204780988555486104997823143278      
   305.657275413628898945318260349471827      
   305.629496455653293921274776640258567      
   305.598690829148269760198371348342340      
   305.564683124079096847023942967469391      
   305.527300716153907988524389946362740      
   305.486374883673860286925567702535288      
   305.441741900876685911852432314589194      
   305.393244086849724447412235920490834      
   305.340730791304160144959591430507081      
   305.284059301207898594756702119047665      
   305.223095655223822688216843391001277      
   305.157715355942453395940190669354510      
   305.087803972852426677114738853219943      
   305.013257631842397419382956355584175      
   304.933983383825378255796192224282491      
   304.849899486040128704955046701278556      
   304.760935520358677031368093791891604      
   304.667032452703719354532501012839718      
   304.568142567658972033175208205900867      
   304.464229312559020906249885763372601      
   304.355267054262757761681558397272199      
   304.241240756740327203932439197667711      
   304.122145588020867423488030291510018      
   303.997986465082489088434127891855952      
   303.868777545474966872620648320216222      
   303.734541673901593680841594721915803      
   303.595309792279592227945533240286542      
   303.451120320933479153184212538140436      
   303.302018518451556208883772889821051      
   303.148055827278757997916210832080707      
   302.989289210951352511571422419088728      
   302.825780489753244389584812606351800      
   302.657595679005403166203701030641988      
   302.484804335715142359763459322918074      
   302.307478917352638912097120291453583      
   302.125694155792139614292985090981196      
   301.939526450815592560361183368879312      
   301.749053284588419553694711831078999      
   301.554352659393977598638556772408426      
   301.355502561142363093358206849557114      
   301.152580448517258808895277291655526      
   300.945662768714396096148346043477904      
   300.734824502047318312313019054229774      
   300.520138733179083323884371925827802      
   300.301676250463906037457161278768876      
   300.079505173698295344975799059479977      
   299.853690604878607022834800277358615      
   299.624294306599417948128022219707307      
   299.391374403393455016887947878884475      
   299.154985111063098456792446618426305      
   298.915176482440920093883058895621607      
   298.671994181443180305634430166421613      
   298.425479264978215878419261579869221      
   298.175667998935273377972353026922983      
   297.922591674666818552137447087225830      
   297.666276443437330184940067485901234      
   297.406743174566626253018401218787186      
   297.144007317525224487349599233400781      
   296.878078776754408539710855041265278      
   296.608961801446137273655511238845351      
   296.336654870805986807533012851902024      
   296.061150571262584122085521283828268      
   295.782435520972740923741944373742300      
   295.500490268436471550160260602751996      
   295.215289202642558562040679748420134      
   294.926800444424014171578340448142152      
   294.634985776228921116286243750994392      
   294.339800542178361516625208798291201      
   294.041193516754095823363514945346276      
   293.739106816085268114689920921937741      
   293.433475821382631176030534010877832      
   293.124229071125050444238972508803478      
   292.811288062773120523513735014462500      
   292.494567107192397603430198979280383      
   292.173973402554929525056791882002025      
   291.849406679891502337477664352224631      
   291.520758993032009659589977828092181      
   291.187914662055564626284731118045836      
   290.850750196485434503129855230362709      
   290.509133776996048861722629209031898      
   290.162925207327787517214838613618882      
   289.811975851661976771974142332259687      
   289.456128014536979352796227923235475      
   289.095214795604304971917743888778540      
   288.729060002630631816945006309031718      
   288.357477545940158070512806752456522      
   287.980271120007105770507125467954874      
   287.597234055410112815118448888263745      
   287.208148482479057741596213781944349      
   286.812785479872652859103708399902303      
   286.410903908904519492254631866312224      
   286.002250608771301515316500050151473      
   285.586559193945114213765431101738960      
   285.163550034305029625088828349082446      
   284.732929210606792189097059466227665      
   284.294387970807958238177219904550176      
   283.847602211982299331830849264395261      
   283.392231177213356150513529010181694      
   282.927917214477568929254484176057827      
   282.454284457933026358610748795717280      
   281.970938042166282191831920895724929      
   281.477462971982739383089493824371694      
   280.973422842104724976755572239888069      
   280.458359188099102733160389637310185      
   279.931789427698913679927489972037829      
   279.393205963607603561552040824971777      
   278.842074460730688141858601548898497      
   278.277832200487389147045822841515598      
   277.699886780617832280381700940602524      
   277.107613088354983213437861575921682      
   276.500352682887659767395780925919072      
   275.877410279211795657276110093440473      
   275.238052367062191936122883273226577      
   274.581503983351438253160472096772419      
   273.906946008089622415415611381875949      
   273.213512385487513302396610747570735      
   272.500286553123440725376912800588140      
   271.766298237724300668771285477057994      
   271.010519088116594250755011818260880      
   270.231858913419048912128272403566063      
   269.429161084509915373920049105913931      
   268.601197550502985204006121117766284      
   267.746663799140253059688919491680787      
   266.864172714224895811573608661794287      
   265.952248848632010207137057589135591      
   265.009321171413451074324110593871672      
   264.033716617139179114682758908242611      
   263.023651707876020054202849381514441      
   261.977224738727242068858001156373643      
   260.892406091765948603732654453510569      
   259.767030099510303718759468713989092      
   258.598783477827768047139783619199994      
   257.385195776767297445457457362455632      
   256.123627906031896773166846315630432      
   254.811261085838608329165713521655719      
   253.445084660429576459972755232058820      
   252.021885234160399622521435697786589      
   250.538234910735401908379919485553974      
   248.990481365377016423690727073914634      
   247.374738184737961084392610931762770      
   245.686878929624589614126043245916341      
   243.922533031416400962462473475014607      
   242.077086770512053546035307492582722      
   240.145690301908032211056497386715568      
   238.123273751753114535706798517201179      
   236.004571143340353813988329876207305      
   233.784164468236299752832259187545662      
   231.456533958842979638183940043701833      
   229.016147605019578621369570649235767      
   226.457552734442187101282519099104232      
   223.775517037121200734068804983508872      
   220.965196908791264049300707533610070      
   218.022341458903740417358514609048877      
   214.943538851745963220651850921798310      
   211.726495522535445135601568720897761      
   208.370354121021682913871900779611778      
   204.876021215573338660390406272310232      
   201.246507459442697066518075196539515      
   197.487232177242941758776775819381490      
   193.606274469926843136428829968220833      
   189.614523599602966624815469707769614      
   185.525684387179555886858066275662459      
   181.356125688696020649402507625720983      
   177.124532881156835725789645207404875      
   172.851375115927015747829284069439767      
   168.558227338413962704066671831694974      
   164.267007920282201820702370608177942      
   159.999188292896667546465074253634835      
   155.775066490027584053433030697020516      
   151.613160933819259290793766086677265      
   147.529765556914188403933518100883040      
   143.538684762043457945340554980167453      
   139.651137621571312558636067357168149      
   135.875804890945559036448365564490614      
   132.218989517041005563735749034492312      
   128.684845514500979053847147239115367      
   125.275649384019497522118055038911081      
   121.992084087685862730839069332955724      
   118.833515654211505029484753860933144      
   115.798250546406011405632719223495604      
   112.883765775284919187564451928570552      
   110.086908984286927133164026449337465      
   107.404068454221946591224841856512741      
   104.831313883248039241684087604012861      
   102.364512362375627829402629265045334      
   99.9994209529794701012718439246434705      
   97.7317602573379265606228353464372017      
   95.5572714447224888789875910683391492      
   93.4717600990023897829095435453712822      
   91.4711287428410858264232288915626900      
   89.5514007380546766804488417246781999      
   87.7087366861169153117299203250836532      
   85.9394454406657437625824353963031218      
   84.2399903607301289709820791861022646      
   82.6069924432912141532685977281205521      
   81.0372304755334307699736639295280910      
   79.5276395431902047848489351263620324      
   78.0753069847303226662946545622818418      
   76.6774692123269714422241215316314809      
   75.3315058042057210949005864614990674      
   74.0349340604764355521483160157666378      
   72.7854030538719646163922776818814056      
   71.5806876656381993472334827233268266      
   70.4186822856686059436778931787803939      
   69.2973948497415582856137972155437603      
   68.2149406818396637971217544299523386      
   67.1695370025967795102828948604076451      
   66.1594970705236258636973358269828216      
   65.1832249034049547364482234508457028      
   64.2392100812131884987154475777906754      
   63.3260229093533811320473424767524623      
   62.4423097608283746578621304138854886      
   61.5867885962796989330247140006231632      
   60.7582449119128988987323789589844760      
   59.9555276535334897504292006012190836      
   59.1775457414354073079185575049941192      
   58.4232643049089276166897801858860817      
   57.6917015677749537081306957855867619      
   56.9819258274757033965600194875234376      
   56.2930523604105697899554945042875299      
   55.6242408418292702637946989896180409      
   54.9746927565732988872176969219754484      
   54.3436490132974499015897785611835332      
   53.7303876779588117823671069957113181      
   53.1342218412824567869248078942910991      
   52.5544977391428779361309308669868035      
   51.9905927763984253037329640668916244      
   51.4419139001329762210851538885626588      
   50.9078957993744245763462544384018543      
   50.3879996117387005415382216810496643      
   49.8817112319805386459066790228060128      
   49.3885401729366938547182024090635485      
   48.9080181105071823614322305057831679      
   48.4396979214781338584277735909433848      
   47.9831521901066219201764469697264672      
   47.5379726081988306589238329198652333      
   47.1037686738241512488631595300582425      
   46.6801668492917912648164077845386558      
   46.2668097105811501377732895853152466      
   45.8633550697479703066938542145513736      
   45.4694752534852904450463566481354900      
   45.0848563130516857346181262461197683      
   44.7091973802423956830661557168553595      
   44.3422099945520185995385288072855306      
   43.9836175182468705544007906967536875      
   43.6331545011445100464655420754763758      
   43.2905661939003384637726836984124430      
   42.9556080035529459836170064459843408      
   42.6280450116821336460757044971282833      
   42.3076515218833963578353306705168969      
   41.9942106051362328382622725290884891      
   41.6875137105028166995708934333186276      
   41.3873602723933059062934496531038123      
   41.0935573264537448800892752803104523      
   40.8059191727615150492435346280544472      
   40.5242670606180603917819316034665128      
   40.2484288498268853822101075862072402      
   39.9782387262884260978481796970829224      
   39.7135369246392302613456763856934568      
   39.4541694521250184320863497617232551      
   39.1999878547561268351902770015826237      
   38.9508489452768641356782115684735419      
   38.7066146079992257743428662798804142      
   38.4671515719000887843551448907670116      
   38.2323311910316643955302360260921459      
