   305.833180578490118847143771537581802      
   305.833180575208522449485551403157112      
   305.833180532679864089517132468032791      
   305.833180317601823404850585586516477      
   305.833179632578655134427430617072184      
   305.833177969418442227807103473504881      
   305.833174579803515330139714342073390      
   305.833168436153001172432273782497612      
   305.833158097978758586792637649871790      
   305.833141312165118097681188299838897      
   305.833114153098472526314268330188807      
   305.833069624316696583323896321424113      
   305.832995839663003007881238260546828      
   305.832874054758594782893359323072184      
   305.832676856971727553446179545907268      
   305.832366754854771394465459155341773      
   305.831895290161760100189276308593034      
   305.831202679428588844927174293156274      
   305.830217908100855637437685005493822      
   305.828859156637561736422611734663714      
   305.827034429290279771350870267886321      
   305.824642271146453202305256879837178      
   305.821572486290885268415185047976915      
   305.817706800863445979500167613791364      
   305.812919443739968278249054214178408      
   305.807077641501703347870466798792935      
   305.800042042101502323584766622562401      
   305.791667093086914788356647010832362      
   305.781801406006736789383596028915418      
   305.770288139528367087793020705304978      
   305.756965430922540415914560039152136      
   305.741666899959937689891136021473506      
   305.724222241960429573646481001113459      
   305.704457918685360336637505754402506      
   305.682197947775428530772889789653816      
   305.657264784123443528652977513690395      
   305.629480280416042216184777288489868      
   305.598666709302162955073628745888748      
   305.564647826392953241434721900001713      
   305.527249951505815523529832435577136      
   305.486303045132787446541923777975504      
   305.441641747465695988569810565332959      
   305.393106418057939739260542354233514      
   305.340544018171596967146023939452306      
   305.283808997489832603668107067728675      
   305.222764045593722776593659051388634      
   305.157280747345344476713018684685286      
   305.087240127854651612497059393401399      
   305.012533083446016107753500907288401      
   304.933060697530620835474366814717707      
   304.848734442705093441253031739955224      
   304.759476272241823618553916924532385      
   304.665218605999739413142367325390106      
   304.565904216849796267547417932819158      
   304.461486024959121820568487853228701      
   304.351926808010271927022311739783481      
   304.237198835692523184685493659312598      
   304.117283437452893910578900562612028      
   303.992170512059393243274471493387411      
   303.861857988359298839167805816553531      
   303.726351244647262293308730355198621      
   303.585662496139453203148119952272286      
   303.439810157257649314089211480854917      
   303.288818186637653341880534952365197      
   303.132715421751074892412784838658542      
   302.971534907456480409305804064838552      
   302.805313227457591561639916128613202      
   302.634089839483040690246797573705112      
   302.457906421989266698300614523716919      
   302.276806234916907860893820158044316      
   302.090833495378980933091721030006955      
   301.900032775983174345949180419236253      
   301.704448422290036282042305732475349      
   301.504123996182205459157746732512660      
   301.299101739544718364572953571322939      
   301.089422069012627347848222875139367      
   300.875123091850234306008031725744810      
   300.656240146502024563260431333051819      
   300.432805372751766978042166355954599      
   300.204847306265084060332030782682362      
   299.972390497858887092935984017053163      
   299.735455150043135701085361851356397      
   299.494056775737427091361026350808083      
   299.248205884168412911047830024701653      
   298.997907683934930357923231533848341      
   298.743161801589652645890496642581916      
   298.483962015281040490240808323050105      
   298.220296009769315602178171089752786      
   297.952145146111939351157308810145399      
   297.679484205966046217798057003534527      
   297.402281190915078455426347932277027      
   297.120497112810059365960207153393965      
   296.834085787628899636386781320786106      
   296.542993646556905386724108794172545      
   296.247159538527560338118185795306175      
   295.946514498318455307359846213540660      
   295.640981516722077100316344569595504      
   295.330475491101606682930676166248962      
   295.014902844493442193416499132807919      
   294.694161379026920026655294424785041      
   294.368140068121117661215687265378419      
   294.036718865507705593884761614667921      
   293.699768317938879942541906013351635      
   293.357149413640144288556955940083751      
   293.008713290638975280947294965268054      
   292.654301070352553468925995845202376      
   292.293743312468196817433120961347346      
   291.926859746295773288690012244208455      
   291.553459150862750141280698552623261      
   291.173338852490934403007404677961938      
   290.786284013637220888900255902129522      
   290.392067713009489458160583858128233      
   289.990450382615755863611711698382941      
   289.581178986923578531608105245122457      
   289.163986676594104857513666127189269      
   288.738592718791034043570334173442255      
   288.304700810314980533087039721188813      
   287.861999797841865557908988838760268      
   287.410161745669781052259566625506649      
   286.948842135594596907897274065089343      
   286.477678372337746220149226553032785      
   285.996289693886736652790892637099922      
   285.504275415215742344555355703206347      
   285.001214870005237929772612714843842      
   284.486665475242952304387049449315857      
   283.960162520194032889103797191825633      
   283.421217129488876797292337971513074      
   282.869315977647220204745662616394833      
   282.303918928933975781602247888337806      
   281.724458231743152107763557402350958      
   281.130336567208275428234346588759505      
   280.520925943804610219797754353537905      
   279.895565385441325121641499251129863      
   279.253558980285702598955583859067175      
   278.594174315589704475151084218841928      
   277.916639820091925237005227619659510      
   277.220142514113631580048374434331346      
   276.503825578143778555905237950256598      
   275.766785521188263342555455707044546      
   275.008069112624228987361962345740556      
   274.226670498560814092166889545162373      
   273.421527243120537641639872714705840      
   272.591517524938552421426065402211252      
   271.735455536175523508854260027364839      
   270.852087289245577523018012526658507      
   269.940086751552383254695574831788236      
   268.998050344357647811472610062678958      
   268.024491524053759907279255509564786      
   267.017835737754911619186858179429821      
   265.976415037979421929519966092827106      
   264.898460273388262551784253879157761      
   263.782095374447325700983009722546043      
   262.625329937458055168211623148270355      
   261.426051704189467733783688736288783      
   260.182018489521703513367191194465510      
   258.890850087182936977776689219502960      
   257.550019610862771548716472062651490      
   256.156844957877142129157339568213761      
   254.708479714854711811865887567700646      
   253.201904847619264187077353731195690      
   251.633920184157239613133944614800199      
   250.001136674465218890427385416315031      
   248.299970906407872069504659089099147      
   246.526639631813600475650100424854322      
   244.677158637355455583613992600015966      
   242.747343213638137210673106478452257      
   240.732817010058361832561860142715789      
   238.629021852255251614387171171611948      
   236.431239308872459094387325674486494      
   234.134630342389045291618829953439127      
   231.734269841271364106051605226317388      
   229.225215805207254316921505099897966      
   226.602592904566131138919773572372706      
   223.861701273234432079508412971243974      
   220.998154878389176787479557132216256      
   218.008051031110644720912549931741135      
   214.888182757834683427521859445419642      
   211.636280906984563164928586554430197      
   208.251303527246960965636500902573190      
   204.733742207498471936805855884068769      
   201.085964929044265144208571129447523      
   197.312543541799900556945681516325372      
   193.420552581455966778371368731567681      
   189.419807426281315639619406280958350      
   185.322971944016025305839392758983133      
   181.145508196774213320180749716260542      
   176.905429502238643846446438573903059      
   172.622837434467864196801184420630198      
   168.319259679441228129904711011220832      
   164.016854131597362838314982259671581      
   159.737546155185961530458660124990683      
   155.502202296045296878755038288622912      
   151.329921672488030570674175570649479      
   147.237505446585922171070003255916713      
   143.239135816078282244723415642534619      
   139.346252625418851117273202276363703      
   135.567606758473434391438219395057859      
   131.909437211644442767240725356687539      
   128.375739497556639776161906641329450      
   124.968568742114502342143937418635008      
   121.688357293464368018625138669496294      
   118.534217785271336092804528761752015      
   115.504219913232590555234903420333763      
   112.595631727597513595413802220905775      
   109.805125811756029955912776450344724      
   107.128950537382893108086339220484406      
   104.563068789320940902377629408586539      
   102.103269522368075598688224281001357      
   99.7452570593555763067516762345167931      
   97.4847184361033711654076812684182207      
   95.3173761405007112270532378749868709      
   93.2390276945774997536498398279924969      
   91.2455750716977297823840311307025922      
   89.3330452992987526410039276238936740      
   87.4976050018114854725793450488222146      
   85.7355695621377257203152079296553674      
   84.0434083704893401953761884939061602      
   82.4177472004890667358407705362799449      
   80.8553679472740292431154575323055805      
   79.3532067167452004467976637847901196      
   77.9083504690021994716086028614745221      
   76.5180327778439858425197999291004262      
   75.1796290556047052128737184610360091      
   73.8906507558340815242273668215891351      
   72.6487401975558999545454460890511623      
   71.4516643317452932949707683205469455      
   70.2973088924362226394958044612689522      
   69.1836726735773056182744516214235392      
   68.1088616729021848402165730000883111      
   67.0710834143431956642085710975986907      
   66.0686416335054506079020380302495829      
   65.0999308577127773201265226330438527      
   64.1634315803366953499726486926505608      
   63.2577052574163223677847336917655836      
   62.3813898158289223406931042500858766      
   61.5331953121226979221621681578584258      
   60.7118997294231502623339905213320662      
   59.9163451326960610997085195653416877      
   59.1454340411136645346777108663654994      
   58.3981257299152042247761188234093210      
   57.6734332114244033499518171948623861      
   56.9704198788305438628318475938284436      
   56.2881967870573027581304929606183341      
   55.6259200466499394177865133606313805      
   54.9827876219924073641430309624981128      
   54.3580378491690252927748127061325119      
   53.7509463163658235466418431246380061      
   53.1608242027743718530395264077458202      
   52.5870161812915132362367374329722370      
   52.0288984936505911862475049459071448      
   51.4858771764204955711223349263528673      
   50.9573864734981084304466586589641858      
   50.4428871831328925504699312172329567      
   49.9418652450052042436102333210230218      
   49.4538304294653778884331554302859338      
   48.9783149309983807639859413310689007      
   48.5148722211288700060295996517312602      
   48.0630759075918623270499164300420190      
   47.6225186280306729339360144775086907      
   47.1928111272828225625964430593385230      
   46.7735811187643318145993470890105156      
   46.3644726753173253290071314445510464      
   45.9651451310188385526021974749875996      
   45.5752724732244993842693515034462183      
   45.1945424881162164893092085511055330      
   44.8226560889690245043700099573475357      
   44.4593266841205394339383889208699839      
   44.1042795244118531360169409714438713      
   43.7572511203522669107929604218358392      
   43.4179887119863335686352623780366299      
   43.0862497083037214347133783726596186      
   42.7618012361424002960300508737105700      
   42.4444196188856223421431475897019768      
   42.1338899987583526888190949282286217      
   41.8300058844486660729997335091559446      
   41.5325687573718150531460636754826804      
   41.2413877164447846703553278061664999      
   40.9562791089315839872877702019916640      
   40.6770662136792127178162353642736199      
   40.4035789015329993819413825937055299      
   40.1356533717905372765995064480737779      
   39.8731318354086182090818540194577147      
   39.6158622657104586548702701536683928      
   39.3636981406636644386963951218245017      
   39.1164981919515151500162465685242301      
   38.8741261891524012537757874012572802      
   38.6364507140000775661849764293085150      
   38.4033449575617883748660128586653886      
   38.1746865193323201009042413659127517      
   37.9503572236239140619410655799476445      
   37.7302429480481948850166622479701882      
   37.5142334396946936717377408183739565      
   37.3022221727167232274864170382522701      
   37.0941061839612444560263823188109767      
   36.8897859243198066425763340591548204      
   36.6891651356990945815254207591415359      
   36.4921507074758133057028385972483362      
   36.2986525470238317051184875657867906      
   36.1085834764720415335565942828083389      
   35.9218590995132301222577278941701999      
