   6.91360382032448847522976250442333937      
   6.91360382032448897452856100055816334      
   6.91360382032452743201328781372420600      
   6.91360382032516444341181800509165828      
   6.91360382032990751712095158321435635      
   6.91360382035170981779287726999226691      
   6.91360382042467998402681759384448869      
   6.91360382061958405574722790741747723      
   6.91360382105548862145282497143520170      
   6.91360382188595357207464128738465511      
   6.91360382321898980082554723710860534      
   6.91360382491702757034418883904168099      
   6.91360382622650344185056056456718758      
   6.91360382520635158885984113727517315      
   6.91360381795271598202080635810859195      
   6.91360379764465499943942749867946722      
   6.91360375345686549859923133052830683      
   6.91360366939904732142294979653061921      
   6.91360352314837297435926287815181459      
   6.91360328494336228979724287835921050      
   6.91360291660578299216556610887289802      
   6.91360237075251782777459968905043496      
   6.91360159025128911704892291212813839      
   6.91360050796281699728637505070385328      
   6.91359904679646004376253711490197877      
   6.91359712008851384586844254167976069      
   6.91359463229210561963142984184053344      
   6.91359147994844977764363951120340764      
   6.91358755289203169433332406044221868      
   6.91358273562844004253301830924712237      
   6.91357690881611660941837473815309039      
   6.91356995078007635159590761919166919      
   6.91356173898822639890656029592945993      
   6.91355215142767137946827427349484069      
   6.91354106780997412576091271315966566      
   6.91352837066815959904974741792279602      
   6.91351394607586366009811154265542773      
   6.91349768427667861934779867040376175      
   6.91347948000550735806194660130981800      
   6.91345923258922219256092090111909991      
   6.91343684582823651828837704843231875      
   6.91341222767877486237074655209613798      
   6.91338528976039205268681843001844872      
   6.91335594671457366643473705940848258      
   6.91332411544193713169008895865080125      
   6.91328971424396989743080098953558964      
   6.91325266189494930171446137838855019      
   6.91321287666610432628230540464018129      
   6.91317027532300454616929513482541276      
   6.91312477211279420854719495054462473      
   6.91307627775685113001254890071225557      
   6.91302469845950387308477458689823261      
   6.91296993494306613785160832767033307      
   6.91291188151533276534908370431254216      
   6.91285042517419756184674650291413010      
   6.91278544475292387177511979839308288      
   6.91271681010633827898209167652503850      
   6.91264438133938017524630327670238315      
   6.91256800807443277492501889683646527      
   6.91248752876057797356426965044755759      
   6.91240277001385297746921160394647290      
   6.91231354599675811180945215623593965      
   6.91221965782100613566031834709533126      
   6.91212089298353407707280700052757511      
   6.91201702482333681944017251365672877      
   6.91190781199230315077088904900491280      
   6.91179299795185718645085140821647965      
   6.91167231046976268200149434601263503      
   6.91154546113394357419907181460637197      
   6.91141214488814760885492261804840769      
   6.91127203952023276523715309968568881      
   6.91112480520731668777008345370749392      
   6.91097008402462796338650497642553879      
   6.91080749945594322661535290655051061      
   6.91063665589161961747491789077111708      
   6.91045713812914928906010467187735788      
   6.91026851082748607509135278748586785      
   6.91007031796901909185522384099178297      
   6.90986208231321001772322509876288410      
   6.90964330481343324799912546338736643      
   6.90941346401242600036456285924917081      
   6.90917201540119591203656637874933297      
   6.90891839070809239581553429272422864      
   6.90865199727404934018546434009926309      
   6.90837221728777409564408474069897747      
   6.90807840702101104519425876323032823      
   6.90776989593151067225607266240945430      
   6.90744598631753057649914254147698957      
   6.90710595164109547901325722911085158      
   6.90674903601851247092587333769295336      
   6.90637445321487070148209927286668404      
   6.90598138560999587460039148642744110      
   6.90556898307362448704851196117890349      
   6.90513636184987923434279657594304684      
   6.90468260322738921696027734116770620      
   6.90420675227986519438321162382462202      
   6.90370781651408220552725067338051097      
   6.90318476448707148860047450594683368      
   6.90263652426238232465034666928418622      
   6.90206198217061030190842703454592265      
   6.90145998051384908856806038801968401      
   6.90082931594164814513668765779741462      
   6.90016873776162380144356292726663118      
   6.89947694664488087774431667779398904      
   6.89875259154543982384341722653380679      
   6.89799426728012052526336214774211129      
   6.89720051368797296497858548883005061      
   6.89636981270701253878433870929957199      
   6.89550058476607302224833498804516708      
   6.89459118703927967853676805896639041      
   6.89363991202394537960517227294398382      
   6.89264498117577526761233572723770926      
   6.89160454623263218602339371162258782      
   6.89051668156963959463671752894504860      
   6.88937938481632946197245580740834547      
   6.88819057052347255526709100781441834      
   6.88694806882021298187593415382359617      
   6.88564961861018030660045464974999922      
   6.88429286671512233922113886837588186      
   6.88287536188745107896988043219829738      
   6.88139455083145059583999101462677947      
   6.87984777364273929300253995253307288      
   6.87823225916095637644855235546509161      
   6.87654511956358268024015458951951335      
   6.87478334645706544494065764878202093      
   6.87294380366727126020937124705114532      
   6.87102322369830931855888404126751107      
   6.86901819974732274500638978557935233      
   6.86692518207308601175136043241785238      
   6.86474046987734280173958754729929326      
   6.86246020566239783028476955632037305      
   6.86008036946721982017080514407503194      
   6.85759677012065670662313990797517674      
   6.85500503972770401921922833088754348      
   6.85230062681465700277600820226139228      
   6.84947878747042635786595787297452848      
   6.84653457996619590563551855804727971      
   6.84346285562375636548499222428887289      
   6.84025825182365284176911938558743932      
   6.83691518448658258809019777771065935      
   6.83342784061358426525611104975920651      
   6.82979017074818963567047338300843685      
   6.82599588186485544442452295811901760      
   6.82203843089394161175028045677266879      
   6.81791101778874388043308041421417487      
   6.81360657936926599362413328489705304      
   6.80911778578909423451748567787669951      
   6.80443703538532419417721638877564981      
   6.79955645216492079699735228485939831      
   6.79446788504645809103204402594790943      
   6.78916290803054572043561440497489146      
   6.78363282425082952751851222254021434      
   6.77786867483412116371894689353436160      
   6.77186124428075296764439755256675096      
   6.76560107859772675967603185161298911      
   6.75907850297021598388048273319796421      
   6.75228364870921927785818586624223335      
   6.74520648772184874504861599550158668      
   6.73783687009153136148012806618427176      
   6.73016457379571389408061373638899750      
   6.72217936920604793480324501626756275      
   6.71387107888437433102170358401810417      
   6.70522966269850435193785375731911541      
   6.69624529555086431122343634564874977      
   6.68690846174315301605318496601853494      
   6.67721003728322470134623049283678612      
   6.66714137939562547183813175606517228      
   6.65669438731599220693206127132464017      
   6.64586154963210404182344774348648819      
   6.63463595182997111488626903184935731      
   6.62301124080284377953156048746288663      
   6.61098152955595301209021372500663424      
   6.59854125208761636800235427249589533      
   6.58568494023592435531590932985571486      
   6.57240696635077041966209343613343829      
   6.55870123273276102075399068126245646      
   6.54456086803717735925091166364237939      
   6.52997792043701883479012061033529322      
   6.51494309713630808874420787475641729      
   6.49944556304274595403001475347791707      
   6.48347280830981355727806227979789683      
   6.46701058992158452193822430044878944      
   6.45004294331225737813159494532240316      
   6.43255225458823312297164934988600730      
   6.41451938412242383690484451352236347      
   6.39592382287574416926015898183056638      
   6.37674387702480972777198135201517876      
   6.35695686173171789841867172924810362      
   6.33653929881736392913794364640251872      
   6.31546710946649738823583736054016289      
   6.29371579614404447705155019588368947      
   6.27126060848039372007349140735156713      
   6.24807669290105224736632775207065336      
   6.22413922239620666903133181367221153      
   6.19942350827157823934308067937420272      
   6.17390509293377506173719034719318076      
   6.14755982623126392467481785871104825      
   6.12036392590849530147161727793046490      
   6.09229402388633923026754457629621309      
   6.06332720045579074486740526515612761      
   6.03344100723845402921593043658148074      
   6.00261348112475773005101413236734582      
   5.97082315018614207730109136282906464      
   5.93804903306279394794550242282440447      
   5.90427063270395107413237322577671905      
   5.86946792567589046261053054523388272      
   5.83362134805602849025168213881292775      
   5.79671177821201755959201901804315851      
   5.75872051778000688806375880023670136      
   5.71962927098831706361047151340375202      
   5.67942012299326471122930274327352991      
   5.63807551760488948430727485519032594      
   5.59557823480385375600844924331699401      
   5.55191136834186852285325398153522616      
   5.50705830357471585326747822583934293      
   5.46100269576474710328860890160330260      
   5.41372844915352044463703213708253602      
   5.36521969664321242225336787519442318      
   5.31546078024687375575693596112536921      
   5.26443623262988973643646867526310731      
   5.21213075936472881828555956888674469      
   5.15852922215213389664941834770380655      
   5.10361662301970660624670861834064766      
   5.04737808939185697570231012549003879      
   4.98979886002385167749131195254617772      
   4.93086427184919939482281516536022534      
   4.87055974768572166223663524811164618      
   4.80887078461419460673918768755639246      
   4.74578294331307607463427181280490871      
   4.68128183781475465049120784482867835      
   4.61535312632657675146934496671942745      
   4.54798250237541272196303608084675249      
   4.47915568679193703996345912684530128      
   4.40885842001702165407847024497533400      
   4.33707645514436942744320644860879976      
   4.26379555137250686791174995649419768      
   4.18900146796059311107892751976744710      
   4.11267995849811826538763040539460131      
   4.03481676576312178490744469283989408      
   3.95539761681386975285855076065734285      
   3.87440821843312742056944888489451488      
   3.79183425296017995294786255023458650      
   3.70766137443198989537113117006598531      
   3.62187520480538674481407163621770327      
   3.53446133079191002448946523823573680      
   3.44540530057239619589173515551362496      
   3.35469262095236530585683652251785657      
   3.26230875466614720518482873669502602      
   3.16823911778970054274884248110622963      
   3.07246907754724749253665727629448505      
   2.97498394994796405154570426023338909      
   2.87576899796011439160765649221953857      
   2.77480942939440050421471758015126068      
   2.67209039554761494746450724455670498      
   2.56759698909644052435762267037473917      
   2.46131424288745606516969740626600554      
   2.35322712844639679841362847475188678      
   2.24332055469018827297686240528987445      
   2.13157936665173486386336586530177906      
   2.01798834442674250233614679560835473      
   1.90253220201735962865648754374512509      
   1.78519558646250235255816128599244294      
   1.66596307680363694673878760773475206      
   1.54481918333884007748770328357758090      
   1.42174834674407522212833666030438325      
   1.29673493740506761038701392933473871      
   1.16976325469130099300073327194261661      
   1.04081752635217498207198223907010227      
  0.909881907890424818495403174524408736      
  0.776940482050957163319298368659953916      
  0.641977258274562770071814879189193078      
  0.504976172287079045500407723591148948      
  0.365921085591764052994397225639092464      
  0.224795785126048853448119771532298551      
   8.15839828674447309619901891849267023E-0002
  -6.37306845321311716059324940984827712E-0002
 -0.211164655995732863532555379350224468      
 -0.360734446401631267283456749005465370      
 -0.512456646753190993623805251991140558      
 -0.666347924490280777928003391109543342      
 -0.822425023692099203656354633032145735      
 -0.980704765262816875726782426423016338      
  -1.14120404712937149644001476153197469      
  -1.30393984439801102295415986068626204      
  -1.46892920951622991198709579415038822      
  -1.63618927236640001259599675005963553      
  -1.80573724044182801335458078976042737      
  -1.97759039888567530360680895870732750      
  -2.15176611062041438791448037426193434      
  -2.32828181641138593121756835091036335      
  -2.50715503492782799906237499826983687      
  -2.68840336280159821976342949984051363      
  -2.87204447466253185027294370411590558      
  -3.05809612315827874954236220236542470      
  -3.24657613901099202903087430201763802      
  -3.43750243098959532435811290327074268      
  -3.63089298593600407261351125212012140      
  -3.82676586874520789978232552250222182      
  -4.02513922236633336217556441616318432      
  -4.22603126777932409404790088977428499      
