   6.91360382032448847522976250442333937      
   6.91360382032448897452856100055816334      
   6.91360382032452743201328781372420908      
   6.91360382032516444341181800519020195      
   6.91360382032990751712095170087895771      
   6.91360382035170981779289183480738369      
   6.91360382042467998402730532688870809      
   6.91360382061958405575438816972581124      
   6.91360382105548862151319257802381593      
   6.91360382188595357241939873582515763      
   6.91360382321898980233558208180525108      
   6.91360382491702757161760124907975895      
   6.91360382622650346128701728541242589      
   6.91360382520635178977950367048273679      
   6.91360381795271752252238975183585627      
   6.91360379764466427497723994702215796      
   6.91360375345691122350099679359783536      
   6.91360366939923817600842281573535384      
   6.91360352314906519169265749187478999      
   6.91360328494558959406964009035926868      
   6.91360291661224856110146389275302866      
   6.91360237076968472750950002046537935      
   6.91360159029345550058136230333219541      
   6.91360050805954276524074468981693294      
   6.91359904700533053674371626871345606      
   6.91359712051597969005780668043723997      
   6.91359463312601063050665806352034633      
   6.91359148150682533090833307435281796      
   6.91358755569376622847689139378674468      
   6.91358274049248805025144368088082592      
   6.91357691699696531972568451754239667      
   6.91356996414820864622999361648819155      
   6.91356176026528143371026831075970980      
   6.91355218448691095704242989454175024      
   6.91354111807198356834735839135747828      
   6.91352844551911170658898783291753818      
   6.91351405547831103928158866473796171      
   6.91349784144018146267629159238094912      
   6.91347970219974521536638791657576954      
   6.91345954210150458683529797382729145      
   6.91343727108069085122268531858911409      
   6.91341280452120344867900629428871530      
   6.91338606295499609976456623598110398      
   6.91335697162954423837649299353169786      
   6.91332545997081861923279200628598722      
   6.91329146096850853292302168942705780      
   6.91325491049252759650232936827709878      
   6.91321574665441464707579406933668656      
   6.91317390901841054364164196050103217      
   6.91312933795205750192128052553480506      
   6.91308197393510121297693059403865287      
   6.91303175691228491677578393685106976      
   6.91297862568627081983972691444244477      
   6.91292251735596471238041445668413053      
   6.91286336680373664442803883419392433      
   6.91280110623257598316686877001186345      
   6.91273566475262712317463894081893173      
   6.91266696801547698392771550820393183      
   6.91259493789277863212114411483419759      
   6.91251949219599803927731916798346308      
   6.91244054443192904770951993438099420      
   6.91235800359003363608926197438303956      
   6.91227177395590198325004760879409683      
   6.91218175494584878456802306481855458      
   6.91208784095804904741412322431246114      
   6.91198992123342444753287645884750935      
   6.91188787972451902919478515038891572      
   6.91178159496433061071482183352046677      
   6.91167093993402959822693108721485433      
   6.91155578192460187850712401182907771      
   6.91143598238693041890410925986865796      
   6.91131139677152282227366782052817161      
   6.91118187435141887107727015183892079      
   6.91104725802622096063847588406844721      
   6.91090738410880531085805446830194601      
   6.91076208208760354397140897341427704      
   6.91061117436373813049069909417389730      
   6.91045447596831429002543164401611598      
   6.91029179424994159873391295640461792      
   6.91012292853811963455024050481248578      
   6.90994766978347783390248964286334231      
   6.90976580015805782819341890361176132      
   6.90957709263133431573226383293909429      
   6.90938131052524919901640682740014212      
   6.90917820702978448180537644094821056      
   6.90896752469649368009115479525712472      
   6.90874899490060327863572440447628017      
   6.90852233726458550001688240037378621      
   6.90828725907740034426556706575541644      
   6.90804345464018408648084544014251547      
   6.90779060459052412662028141669827048      
   6.90752837522795770149453114839928638      
   6.90725641777984163208707463629342153      
   6.90697436763889439083260346436560589      
   6.90668184359397765722189088028900382      
   6.90637844695807888700015183610436405      
   6.90606376065725649927857508401232435      
   6.90573734838283436741298103897199823      
   6.90539875363849913124252168943564120      
   6.90504749873024498189573248175341480      
   6.90468308372895781819577855824142011      
   6.90430498542667666405026472411373434      
   6.90391265621868098681977449780290353      
   6.90350552275051885066555943797526810      
   6.90308298478824597097259459219530589      
   6.90264441427593923198734556187564900      
   6.90218915352127674460567616940366576      
   6.90171651386049074421513409361215166      
   6.90122577426566273102303794504748897      
   6.90071618005283316883045890539327000      
   6.90018694106414021562739036983811394      
   6.89963722961233322071957552792268287      
   6.89906617937404577889008396201684204      
   6.89847288349442693027077885196114368      
   6.89785639184120978112580726074996373      
   6.89721570986850301966607086335841287      
   6.89654979646411808327103006399753611      
   6.89585756098960490091097084263576379      
   6.89513786133545935727884940367109109      
   6.89438950216542552837521778317233576      
   6.89361123077101971883658465228632820      
   6.89280173622485255433202647524406634      
   6.89195964460399248700245119818035311      
   6.89108351798970324872503043289044068      
   6.89017184925465461734040292008994177      
   6.88922306091081058743307043219413197      
   6.88823549934309779873326681400119614      
   6.88720743334979430585253828745428476      
   6.88613704856145807032689733137245229      
   6.88502244430669625080668230657433990      
   6.88386162929471544579269758460148681      
   6.88265251650088612574685993189509136      
   6.88139291904203983500653156918523898      
   6.88008054468847982861647366906996127      
   6.87871299133779395203986220018779693      
   6.87728774114292701281509025969440654      
   6.87580215308457456852755311464406759      
   6.87425345976593727909951131308023217      
   6.87263875893720939085669444137169928      
   6.87095500682782249985437267001820720      
   6.86919901055237578387619561479356210      
   6.86736742186708508921611609233526863      
   6.86545672766900534904727405129219958      
   6.86346324250454432989521571002640580      
   6.86138309842835006819837866939563157      
   6.85921223685123501473867723591296258      
   6.85694639759483884599731717340693825      
   6.85458110862791427133492118026700990      
   6.85211167507483246166269336482689122      
   6.84953316741880915188539155029581646      
   6.84684040886147478706121639546593869      
   6.84402796289872460627701685803682074      
   6.84109011911140769699966203292902883      
   6.83802087815829838371707169550114850      
   6.83481393819203422501745321499633775      
   6.83146267826194966649145037270914846      
   6.82796014089481333654292945441308652      
   6.82429901493114618681365174260355428      
   6.82047161832517259312848668501732238      
   6.81646987732026767480440879756687721      
   6.81228530890274050430828936263494090      
   6.80790899845608086163842852862580762      
   6.80333157889596082319120285383964355      
   6.79854320988058157449659488319140778      
   6.79353355475048562334347841862174270      
   6.78829175880890325584320618268321754      
   6.78280642662629291539769641430205617      
   6.77706560012136328577973651419690518      
   6.77105673562203215691135952592399556      
   6.76476668504784635250415130434955750      
   6.75818167543276179477427228635015436      
   6.75128729198982208803369614560858378      
   6.74406846415448050279977210695997229      
   6.73650945457301216459652636694245963      
   6.72859385382365177402755793809194696      
   6.72030457857969126693136228444270092      
   6.71162388040123512836524769961368938      
   6.70253335935282986436829535713279898      
   6.69301398748946173960172027505053974      
   6.68304614557003517846914945539830017      
   6.67260966706525331904085237905530899      
   6.66168389682852331644546053124810311      
   6.65024776140328633922723072767138782      
   6.63827984845184221494755864024319574      
   6.62575849660206564991992098843304936      
   6.61266188922247223740212355674827303      
   6.59896815097394811267927981098378646      
   6.58465543643777530805391492168351335      
   6.56970200634782708280178203373909505      
   6.55408628981796748107474700345049728      
   6.53778690702402677353540691857933402      
   6.52078268169744320330268177420926838      
   6.50305259706383708123317876164661887      
   6.48457574346342387138029882899743950      
   6.46533123242861096548216929616790491      
   6.44529810764926553146371713734203490      
   6.42445525721486213757087647597390327      
   6.40278135165571677032166126603213847      
   6.38025480770964201855882065827930893      
   6.35685379135356474253765492746353741      
   6.33255625779541296326279912397657359      
   6.30734002352341861235176020923047329      
   6.28118286008796391323177911661746615      
   6.25406260070766832600626122188485233      
   6.22595724762472229747203218354955220      
   6.19684507222547931598778924375717170      
   6.16670470306223871349345721934869367      
   6.13551519516239179052885647701918762      
   6.10325608179216057696814322916712505      
   6.06990740842551232521099773676185700      
   6.03544974944437589873342807495817238      
   5.99986421118525324010926623285954945      
   5.96313242317153432441366307218066055      
   5.92523651969729859048933983634348147      
   5.88615911538270299395322433513230673      
   5.84588327557089667673365608063021661      
   5.80439248395322133480689491568662149      
   5.76167060881655612633238608100032845      
   5.71770186869430226818730121505029232      
   5.67247079882893581567369797154667978      
   5.62596221839449950114684605722782405      
   5.57816119950201544371256408451637090      
   5.52905303774888486384450360788114416      
   5.47862322490594124410686276691297440      
   5.42685742335754836562847503672895162      
   5.37374144268840148224526390085727212      
   5.31926121800070172880693215167642561      
   5.26340279026165096446710750267636410      
   5.20615228828642850277009110392558442      
   5.14749591221991439143073461799189113      
   5.08741991880491010611696943346733533      
   5.02591060774055984055793395123734221      
   4.96295430951568810649057081624607680      
   4.89853737427122379253500967534198656      
   4.83264616179750839475129221510745571      
   4.76526703245332050920209785816831724      
   4.69638633899975654283826472955918081      
   4.62599041916426222000781308851579781      
   4.55406558895139771987143263430235832      
   4.48059813661553014531082116902928997      
   4.40557431718148515797467506044409498      
   4.32898034751264929511114246033840997      
   4.25080240184269847243306301271189501      
   4.17102660775373167479812572157314415      
   4.08963904253299094455179730324621724      
   4.00662572987181390531759385979141978      
   3.92197263689292474393381445981825517      
   3.83566567145331586816829317621253777      
   3.74769067972112429412192630313848148      
   3.65803344397141444823885404258343078      
   3.56667968059785611953903885936431608      
   3.47361503831732271986434867071222974      
   3.37882509655038091828856321767360058      
   3.28229536395447533540490423160641993      
   3.18401127710055558083939536542120976      
   3.08395819928450805872768117269286277      
   2.98212141944702153951459463912373362      
   2.87848615120338398114476425073513345      
   2.77303753198671963859703357373481013      
   2.66576062224616998482402837013830282      
   2.55664040475158972766846164611892301      
   2.44566178396516347595009122051784293      
   2.33280958549607436833287800631663641      
   2.21806855555309635776528415801498642      
   2.10142336055426578729295031379176636      
   1.98285858666544985180552866113036537      
   1.86235873956251436304535426141129481      
   1.73990824399463620381373024802156688      
   1.61549144357388087038284746132925314      
   1.48909260057601855797753162511219670      
   1.36069589568235098528294469701492709      
   1.23028542784990347334755793596681319      
   1.09784521415468620744897372349285932      
  0.963359189667802315515266420613079400      
  0.826811207363808610882180428138678830      
  0.688185038063916461441739039737814915      
  0.547464370356119252369257188126442614      
  0.404632810568132597814774237013047964      
  0.259673882775234175984253677029182977      
  0.112571028731130032177766209225083117      
  -3.66923920637875702605724728027559251E-0002
 -0.188133102353238502182609499431460378      
 -0.341767907118506722224012701623993870      
 -0.497613693507494653139738016387962045      
 -0.655687430784323198110538327041783418      
 -0.816006170292286327537094922618793764      
 -0.978587045336751348463743835021263183      
  -1.14344727113930561737278980568304051      
  -1.31060414474804364713951231552360717      
  -1.48007504493258719158997510852188045      
  -1.65187743208166521934836960703233080      
  -1.82602884812893053398723451365600044      
  -2.00254691639904581070902582017836363      
  -2.18144934151749292098042655425329602      
  -2.36275390928799251332856529274271154      
  -2.54647848657332360591539139019264964      
  -2.73264102115476011358399822625703284      
  -2.92125954160611682551458413146402420      
  -3.11235215716628662096501104314738811      
  -3.30593705758920621030035106751535643      
