   482.989325854482766625225197452827150      
   482.989325854498234655481154983509087      
   482.989325855059819086560773405629421      
   482.989325860516629894659871621285899      
   482.989325887322284515814506683418490      
   482.989325967435644092579137361379175      
   482.989325968950923145080907591353107      
   482.989323869000587490302086675251393      
   482.989307850192948664225299367102473      
   482.989234838319703588209984133554647      
   482.988991240619911031487786850145155      
   482.988340383513760217209013428114223      
   482.986868773418210979078757049403183      
   482.983944755005535005908410499669647      
   482.978698901874594741550721821671758      
   482.970029030597542453666798426022159      
   482.956627172603604447069025675768926      
   482.937022557307993077410291111301938      
   482.909633640872228527544436714810873      
   482.872822787366127790386063122061406      
   482.824948607916748262444735824994367      
   482.764412594392314538292829588517886      
   482.689698182741960156078696434173469      
   482.599401575477444537834806899974730      
   482.492254499587706484274293287112673      
   482.367139605256182584793663304447760      
   482.223099485161381491316496950690725      
   482.059340381789622028560905843983497      
   481.875231617326518010862987410120168      
   481.670301678696942753314097543921229      
   481.444231755999200239116660614667341      
   481.196847394647619416897851644782815      
   480.928108794163557581661497519944628      
   480.638100177265211185677031841313416      
   480.327018564793429206951534892721723      
   479.995162223346299700894300621939378      
   479.642919000564560858489504435302228      
   479.270754724337917065227362919694378      
   478.879201812541576401937486278862375      
   478.468848217515605628524973390722376      
   478.040326810208563669773705634151478      
   477.594305292962291102732839400270163      
   477.131476714463637822025232713273352      
   476.652550645954066561392362237271879      
   476.158245064067625011272698558561982      
   475.649278965142117638027024192174340      
   475.126365763292260206277345374991596      
   474.590207397454917542609193791632964      
   474.041489244504875445272046658480117      
   473.480875748145401935721560701859506      
   472.909006766994432475146404810542159      
   472.326494604941899350883370597854152      
   471.733921683928142487652420788353868      
   471.131838815368008837190438738308484      
   470.520764022840517866484747296302114      
   469.901181865671261119303508240403601      
   469.273543211893187971585181062948470      
   468.638265409911924590310135680929325      
   467.995732807043993116877036891750761      
   467.346297565908093896952962068519926      
   466.690280731283039407493752318783449      
   466.027973502103980534545397953807593      
   465.359638666345521460121058667057157      
   464.685512160544085280787008676964863      
   464.005804717401146454704174917854990      
   463.320703568974854163243309525425650      
   462.630374178231881494534197565438872      
   461.934961970897184344746965166179538      
   461.234594047832405031551486072100038      
   460.529380857922138705216570811052802      
   459.819417814177795637135038963057042      
   459.104786842911339134620230146519108      
   458.385557852326503356596319856865140      
   457.661790114131237073442782114186345      
   456.933533551317246836992839598524655      
   456.200829929114106155206670782248117      
   455.463713944246638724345742745486612      
   454.722214215776707701673220162956578      
   453.976354174108900431461220553045057      
   453.226152852717159545202464741179298      
   452.471625584515387694530485571182707      
   451.712784604462394935712783844576151      
   450.949639559440218859499110581955306      
   450.182197939445532972219375107070068      
   449.410465429655313141726920264300229      
   448.634446184621629582202990385662989      
   447.854143035300243177142936769060656      
   447.069557629568155141410348147312329      
   446.280690521822310702626133321950865      
   445.487541194020910418751067583189381      
   444.690108031791784057458662104516099      
   443.888388268220817882498451884446965      
   443.082377877996879692785096784208249      
   442.272071439239160305235937083226776      
   441.457461972901841148982754968746990      
   440.638540728448007297939598697879213      
   439.815296949795706318651192247249721      
   438.987717652456591012010670513231169      
   438.155787361077237881976271413587646      
   437.319487824734782486451568361268916      
   436.478797725118040085269562442702081      
   435.633692391393631439147710935485999      
   434.784143484222003118366595383305274      
   433.930118580953889445393016108283234      
   433.071581056896761906918948270663272      
   432.208489567568996105077906362034625      
   431.340797819363329848419805178086136      
   430.468454128253235707371469700929851      
   429.591401125484428662171921195072794      
   428.709575532846198845983510419532413      
   427.822907654775212337590507835391601      
   426.931320951269589996814388379965341      
   426.034731967326388589378700291867950      
   425.133049811213439610968956268684906      
   424.226175623439691797390613889800316      
   423.314002506088046454468207347665402      
   422.396415130973242991319607752204035      
   421.473288983678698450870011206031566      
   420.544490419721190957329392100249662      
   419.609876137315177542514474875436585      
   418.669292604477565329834798185371607      
   417.722575958935481391938587317406858      
   416.769551203224414856739614465128625      
   415.810032226296808788266236532328075      
   414.843820889995336300950782503565284      
   413.870707050680170529984097945025124      
   412.890467680818831044409772978692251      
   411.902866526887420661957316550317497      
   410.907653869462117571562510829304236      
   409.904565398087116469470339262639454      
   408.893322362231899137101050016128353      
   407.873630485067825725666366635906334      
   406.845179766617807832247484930236134      
   405.807643521825920542459143767715338      
   404.760677982260804305175712586386293      
   403.703921962891154403322548038475088      
   402.636995563740251784609201528904641      
   401.559499588562294882353320461392766      
   400.471015630960497616339535357557760      
   399.371104205210985942083002070351624      
   398.259304910078329821679729610985980      
   397.135135391073633242687350033152385      
   395.998090459151163174403212238998110      
   394.847641558103454896208288967993899      
   393.683235928443380826415238369987353      
   392.504295941482651737117263591151725      
   391.310218449634394513117483877527270      
   390.100374015927344200805605652732643      
   388.874106511386732398363581171189335      
   387.630732820479270757051967734199147      
   386.369542231157429538026486614263920      
   385.089796262930948509404652631103620      
   383.790729089851606634991077377054910      
   382.471547922877405130807037231565854      
   381.131433546514611352523840560491691      
   379.769541164750050186023230839499000      
   378.385003145850722041507087614943201      
   376.976930686405298960730017363588183      
   375.544418255067381419151281877850565      
   374.086546633107118782603319061220843      
   372.602390258372938759581324229589777      
   371.091024382818984760945219905878171      
   369.551534493296385552802781931133044      
   367.983029555560235870638245695682750      
   366.384656912706387391257665197447062      
   364.755622258848072770428380849380631      
   363.095213826600272354990106739775557      
   361.402832878322564843994730417774191      
   359.678030602963304600170976855719382      
   357.920554717828029994696715067065082      
   356.130405935152826870057182960023886      
   354.307906170164341572410959236562906      
   352.453782737044756213235884947097436      
   350.569268934341055172256292141674676      
   348.656225069964822900845878030800390      
   346.717281708009029202823371219557578      
   344.756002111525443929898146618309383      
   342.777101782041666234465879900161264      
   340.786633898251521213526043698166777      
   338.792261505268974314915761374063584      
   336.803519612771779903655218945599605      
   334.832091799042750428211744262843354      
   332.892083558071063137686660614875291      
   331.000265090747338589547367141516017      
   329.176253180836077490553034729899944      
   327.442590510571748159680915791657908      
   325.824676705224349110871482390425103      
   324.350502609668113549813561496438431      
   323.050146033930792912872161381720255      
   321.955002902393985700827016615993414      
   321.096766691685301713178280166940630      
   320.506193916514043508734110921055263      
   320.211759577919056554325035493745622      
   320.238324560445053453335312200599068      
   320.605970430244819997239591855317978      
   321.329137065867958843917415352713050      
   322.416160767497907734783982640844045      
   323.869244081777971717237250697220326      
   325.684825207152049732414712983734496      
   327.854259173764346681500678981232611      
   330.364696465021825546113863380070126      
   333.200041792025877409358534753516472      
   336.341895026202419427871524778346319      
   339.770406082517489911021950480057902      
   343.464998189301747364082247709674173      
   347.404953921436818403772112055545021      
   351.569860349603700645497856620129042      
   355.939931970224944091323455236017785      
   360.496230163454571690799859543246172      
   365.220799423333943803732815116944542      
   370.096739484412331593914391334555252      
   375.108232907539061572137888207358980      
   380.240536090654869865705791285774206      
   385.479951019898892562382687446399591      
   390.813777448258746942577426809552274      
   396.230261237130213019098309340688886      
   401.718534618841471257717400303257220      
   407.268557331462227578564095268206346      
   412.871056482580321172005697038733175      
   418.517468803319181795043510260939869      
   424.199885751395272410517762402197219      
   429.911002998611838582699581218600634      
   435.644070964994157771616386799534537      
   441.392850637048974153156507281862411      
   447.151572335077024633854257993902403      
   452.914898274726986316281168258049348      
   458.677887778948735259024710923664144      
   464.435964577728853098133224457372703      
   470.184890279045345571206976711576266      
   475.920735038745207617596118055657577      
   481.639855827997633677856169056235967      
   487.338873455159542064683855705494876      
   493.014652798888648792075520085236576      
   498.664284906127068370075853636304648      
   504.285070658894095672703440635111801      
   509.874504966051683697392887427884667      
   515.430263686872672066209537056116854      
   520.950190889082849597809344725936003      
   526.432287660091693746272610184639873      
   531.874701353628742622970039971737978      
   537.275715836117773751078064945755801      
   542.633743432951402430313541318686134      
   547.947316770232346776439849892450160      
   553.215080876934559836756362931595138      
   558.435786628368565042842160444499299      
   563.608284817014334250621980512358996      
   568.731521056115841639567367515414071      
   573.804528260477228287839910400235128      
   578.826424286044336178079413371570713      
   583.796405505218937315106918049713786      
   588.713744664530412063347392972960295      
   593.577784177443931164254089408644717      
   598.387935076315100530814420284821444      
   603.143671837963860414954040787557523      
   607.844530741299906837410128057726908      
   612.490104533889792230380986765766291      
   617.080042861771575766261790373141500      
   621.614045954462357628760431537807112      
   626.091866226918827249991917916391935      
   630.513301417679821505822620997964422      
   634.878196241982467008624391179531879      
   639.186438022489196817235289208771279      
   643.437955250400789693724692256724009      
   647.632716007670665537292694225828667      
   651.770725079825582744740858671684605      
   655.852024016721620797868091131219998      
   659.876687866415567422458279150637012      
   663.844823672556025609105799214941224      
   667.756569690724209189235693789514929      
   671.612093603887752856441657054573506      
   675.411590514870903972941432064315925      
   679.155282592818817816124737437045070      
   682.843416822477121911484169669372768      
   686.476264248313554286411873948782813      
   690.054118486523949808111390410114095      
   693.577294795559570863877985378995110      
   697.046128364920098083904142480480519      
   700.460973795159264402640165687981168      
   703.822203933492870007473356801996210      
   707.130208289152074863928673198797379      
   710.385392731421876864877758722495740      
   713.588178048316131029864855084646261      
   716.738999010262442791966920473637373      
   719.838303863254787290331038944244058      
   722.886552907963470216964684315637973      
   725.884217947187973892200118873844279      
   728.831781413359142848796480625370532      
   731.729735629949552177509902848028098      
   734.578581823849868804979391987414214      
   737.378829582042007419349358024670165      
   740.130996034695698746727746345618896      
   742.835605238767724398002969007943348      
   745.493187447150920986791509393151631      
   748.104278402264280536244138860148163      
   750.669418878192231825803836949076990      
   753.189153943110961714992430211550305      
   755.664032439145448655766863673900470      
   758.094606390386863872651177173134161      
   760.481430606311571792953420244752616      
   762.825061955703851245518112585584528      
