   482.989325854482766625225197452827150      
   482.989325854498234655481154983509087      
   482.989325855059819086560773405629569      
   482.989325860516629894659871621133008      
   482.989325887322284515814505517272777      
   482.989325967435644092578691384524464      
   482.989325968950923145050083178390436      
   482.989323869000587489570870089306159      
   482.989307850192948655722997076591369      
   482.989234838319703528204009930249634      
   482.988991240619910737001465036893094      
   482.988340383513759115885270744726562      
   482.986868773418207603387951966543121      
   482.983944755005525566707194189112192      
   482.978698901874582036887269803327585      
   482.970029030597424286778562086064448      
   482.956627172602761620912995345651764      
   482.937022557303167440025877913317629      
   482.909633640849266475676435359292519      
   482.872822787272767603838731719910652      
   482.824948607585029644808140731788933      
   482.764412593343196732865003543893348      
   482.689698179743308424202362718591915      
   482.599401567632733955166523303680027      
   482.492254480603218209821939033572553      
   482.367139562371422965452822204318085      
   482.223099394039911091231829030936363      
   482.059340198470633432458882319863572      
   481.875231266150960031082580859877648      
   481.670301034967056323310847012363968      
   481.444230622027005488207849616145359      
   481.196845467812182437204489460928439      
   480.928105625638969621602879376187190      
   480.638095120204033036877614076302716      
   480.327010710950520823863267264941195      
   479.995150327394765349640891647639399      
   479.642901391674588313030579426546663      
   479.270729204941159038869511920579076      
   478.879165544568878651204975999427101      
   478.468797596754073600963972719551687      
   478.040257329756251656846885238575071      
   477.594211397045608514894775056140271      
   477.131351644120972335323333766853749      
   476.652386278250619283079800483378412      
   476.158031739394585126355385376282829      
   475.649005344343164171563527007939720      
   475.126018624069315316780751663006659      
   474.589771485615848582626557656434073      
   474.040947102381337064471481284763793      
   473.480207550830148716257062584088392      
   472.908190162917204767846958606951083      
   472.325504561567812507759517031847978      
   471.732730339115170833809546819952036      
   471.130415334635382524320786643665215      
   470.519074462540367947797810725763772      
   469.899189041848922207316644756944463      
   469.271206574370264173877624858461803      
   468.635540920960909086631850508999163      
   467.992572823870413036364076932079357      
   467.342650726095763976590833937486789      
   466.686091840124415412436039511091475      
   466.023183420902095984781479060406938      
   465.354184200583892063894332896879323      
   464.679325946938172661342844326926270      
   463.998815108916217668807958399515947      
   463.312834516660963551254987705170436      
   462.621545109336559186313341690227063      
   461.925087662198732831014275434950433      
   461.223584493672060983726885584727820      
   460.517141132427413481241431732634892      
   459.805847926886718683521921940947723      
   459.089781587790960142207986270887443      
   458.369006649555795549342858019180052      
   457.643576844802303196916405681974587      
   456.913536383901110824226621163631996      
   456.178921139702193476828237315273252      
   455.439759727622228501406130731263677      
   454.696074489701123233108660752277562      
   453.947882375033307304932398410618989      
   453.195195726825082983604271343665291      
   452.438022968353464315223908910170148      
   451.676369197602839906727694552788417      
   450.910236692336194340328962797618697      
   450.139625332353342975557401543471645      
   449.364532944663263702091793540728190      
   448.584955570349264255824367938848966      
   447.800887663812533564861421245064887      
   447.012322227190861889858907624144383      
   446.219250892605327887305509666155684      
   445.421663932121986139729788333989156      
   444.619550229387118606361522272949176      
   443.812897214055711807661104477884126      
   443.001690748010243664836961703616503      
   442.185914979922332957464587953847425      
   441.365552176275140400597737566248307      
   440.540582491516515260638609003083988      
   439.710983729330212614637685880221282      
   438.876731107636180715894383188858779      
   438.037796987209613867550114694310373      
   437.194150575056737383479847913239016      
   436.345757614669393076467831730030244      
   435.492580078877289432830471112193501      
   434.634575904274572189143286261516099      
   433.771698506292138094211544911461223      
   432.903896550762586905952031597345396      
   432.031113635054539863436089456670717      
   431.153287878222775494944994097029920      
   430.270351505196960301264219322660021      
   429.382230545964677448458697795459156      
   428.488844636280783181544487067889269      
   427.590106320737915747393086076463448      
   426.685920794398244358095417837735734      
   425.776185776440197374612194049304630      
   424.860790815440617900090015728303014      
   423.939616889951593613813301268238823      
   423.012536262753976078944204966607784      
   422.079412083930690898312619002879567      
   421.140097422527187756093913415318253      
   420.194435797425865395661958849627454      
   419.242259809771778884431586837599066      
   418.283391438899789413612064517060614      
   417.317641068462771205678529406834670      
   416.344807383546372401546424923514922      
   415.364676781762553065057561799907076      
   414.377022921677747739178115582892646      
   413.381606050305984891479075851375182      
   412.378172928156355017445025695185290      
   411.366455748927009850796832622197488      
   410.346172096112679556824061327071673      
   409.317023994578404432412054055813589      
   408.278697799804210667496158796408037      
   407.230863109016167034050382206501705      
   406.173172285490583255107870743321604      
   405.105260230379160811491914674941201      
   404.026743375172671456094474071132936      
   402.937218857097865775891529291015381      
   401.836264565979750949241015243238874      
   400.723437405018423540198152589362542      
   399.598273877475066293145299794378081      
   398.460287979019691510653616522065894      
   397.308972036142210522009746472798771      
   396.143794876568441823453945528159587      
   394.964201568862464893440997129355974      
   393.769613140153658808261201506624872      
   392.559425531622437363370896133208446      
   391.333009263558825364573876737026849      
   390.089709451804952999606766197196403      
   388.828844667733367720505055813291475      
   387.549708145635089715030521055494769      
   386.251566573987635522868360335028834      
   384.933661322408501465255747752515982      
   383.595208568253346277400771421451854      
   382.235401082668705057804633660707790      
   380.853409656252066008494547385847910      
   379.448384956198233968096672660177736      
   378.019461447051267035771841714833086      
   376.565760722977329227086827382138953      
   375.086397460650343442257913088731835      
   373.580485855124800774179475336609721      
   372.047148488833382109428804224877174      
   370.485527493073813027721164960600650      
   368.894798416692818895046392798412088      
   367.274187026733654948235597947644648      
   365.622991489153843157221263975901669      
   363.940608372480043439527182401457037      
   362.226565488615483610611247936195796      
   360.480562609623721189915403001660625      
   358.702520933196820341596701426056336      
   356.892642658773228079739604292975580      
   355.051485291782083326254687731945903      
   353.180049531852488486011359673605814      
   351.279885749197069423521903798673947      
   349.353221535621540753450821053228037      
   347.403111200244567124744464117969463      
   345.433605199242195662548687577170105      
   343.449976453134737982629381435009369      
   341.458912390766900391279694517654559      
   339.468792009343471644872996477372417      
   337.489950597328945013020867123071718      
   335.534957070209735538176804408209627      
   333.618881120064673859570549562105268      
   331.759524470570921938844582054954876      
   329.977583614248012434149872325857036      
   328.296701416125121922343041099962143      
   326.743358035905508382678325315862627      
   325.346558400513995208853890668895426      
   324.137267060998515353064164348627971      
   323.147578580621122249626976861006060      
   322.409623548173967717493163459098231      
   321.954270194652473671049985511512609      
   321.809719636137296522250382214730643      
   322.000135285775281102204363148648318      
   322.544465851019817182612357556265452      
   323.455605519926637379112544353856949      
   324.739991958434726418070584432646756      
   326.397667374742047415235847033176997      
   328.422760943732740725795373837348660      
   330.804289307694549404238272445058414      
   333.527146860697882838689625432742589      
   336.573157242682406779143564544965479      
   339.922079407213112571331759019264942      
   343.552502061778437675791389720441382      
   347.442578718250320106193192572966092      
   351.570606900857098615740438927588116      
   355.915450873118343883391298984366888      
   360.456833454181287039004481707875515      
   365.175520689706818506287274793921060      
   370.053422759815235704169456067414954      
   375.073633849683618469310373317854436      
   380.220428250874296554533726972804180      
   385.479227555718258319691958429630510      
   390.836551550944226663168420301094072      
   396.279952579298676477942871876883703      
   401.797951169391162299673615179040583      
   407.379966167228005922424755515839616      
   413.016247412896733787326993823509628      
   418.697811269837822245976060660677194      
   424.416378748758214788365203733347670      
   430.164317685965961292425986429868507      
   435.934590125047647314449084813058043      
   441.720703454975230493496280431011929      
   447.516665045147505425889767493237531      
   453.316940907939790535049404715009389      
   459.116418215425379924397691201823752      
   464.910371704847753882462229730311513      
   470.694431632417199081762213414280510      
   476.464557212810411958875803035734032      
   482.217007842153932098336587388367459      
   487.948322011819909000950931842818336      
   493.655295458375116938794372787868361      
   499.334961755263928862760949936073171      
   504.984574354585502094435555378874246      
   510.601590695565315358837539686179586      
   516.183657682248244424647838848635246      
   521.728598502122433967989177659122148      
   527.234399755840147380601650876052055      
   532.699200979892402960665660837295823      
   538.121284053619335576137176987810169      
   543.499064360959436257391802578504526      
   548.831081629131936895381032239212009      
   554.115992459693290268324365381152028      
   559.352562911834728532932216991900817      
   564.539662751439453419606494535794445      
   569.676257439702481297796309515476332      
   574.761404814110612389140032079501586      
   579.794247522153763515956292587665459      
   584.774010612997527626900729038589049      
   589.699994927667795704780266466512315      
   594.571574568807658182859114434560100      
   599.388191311131827749871010086699143      
   604.149353507569293325145020944663034      
   608.854629348565066130634676452361115      
   613.503647480640921724867711567101603      
   618.096090042315252240505810963978165      
   622.631693630054472445642090259551167      
   627.110244328954620718619467572935518      
   631.531575312228906416606417723712977      
   635.895566244319139952437308827031046      
   640.202138657520957831345274027738793      
   644.451255622182985350796930919879746      
   648.642919297634684549884840744647594      
   652.777168283779819808454556216249261      
   656.854077236858690742831685091106051      
   660.873753097736063282378317765012095      
   664.836336242964115809151854136498255      
   668.741995819048496256227864231959121      
   672.590930242154131349061955192404019      
   676.383364948669502408181713261710035      
   680.119551566812922497491101233739688      
   683.799765706005637111727881218297200      
   687.424306191175808908263810422549463      
   690.993493975844439571887908322813200      
   694.507670587506227510268648876764587      
   697.967196854604572746901550087769696      
   701.372452196278978504945071145303888      
   704.723833208048244470433449973361059      
   708.021752764675381151658931289023876      
   711.266638955716664500718214140177933      
   714.458934127844504638516160751045324      
   717.599093779020489415653512121653148      
   720.687586033124728896160002345522646      
   723.724890437657248871843263575004831      
   726.711497107566257356126105717308032      
   729.647906052584581836573653084038727      
   732.534626356722465054378685638495776      
   735.372175474107912104596429693066311      
   738.161078246961621406063063181354361      
   740.901866444364282863795538028602053      
   743.595078088571209965455665334921629      
   746.241256661746104378379233224977018      
   748.840950460405912943920685876411683      
   751.394712168971177057872885488657093      
   753.903098118103104673985701583499406      
   756.366667821271973341024696107832822      
   758.785983403765026704984548612044455      
   761.161609018924322373024242812334209      
   763.494110508963934106607548245549591      
   765.784054791282896352138444545043885      
   768.032009486754947862231236478900898      
   770.238542468855515046872950262307087      
