   6.91360382032448847522976250442333937      
   6.91360382032448897452856100055816334      
   6.91360382032452743201328781372420908      
   6.91360382032516444341181800519020195      
   6.91360382032990751712095170087933057      
   6.91360382035170981779289183518738122      
   6.91360382042467998402730538430925551      
   6.91360382061958405575439077728979706      
   6.91360382105548862151324542261017908      
   6.91360382188595357242000523724880015      
   6.91360382321898980234017277550421770      
   6.91360382491702757164298133893883342      
   6.91360382622650346139707696458451937      
   6.91360382520635179017370251917704686      
   6.91360381795271752373577808656129858      
   6.91360379764466427485586514521805714      
   6.91360375345691122365167407837134659      
   6.91360366939923818014488915994757059      
   6.91360352314906522311806114527953950      
   6.91360328494558976074171747720340125      
   6.91360291661224932146701503056852208      
   6.91360237076968777219519383507031902      
   6.91360159029346638192902354956589122      
   6.91360050805957796141368233788795824      
   6.91359904700543478494600106715732913      
   6.91359712051626525975483600923520248      
   6.91359463312674026116829812322636245      
   6.91359148150857678629070789409480188      
   6.91358755569774114959992353027380317      
   6.91358274050106360113676120547199309      
   6.91357691701463669317602283137835007      
   6.91356996418313641777684806074130881      
   6.91356176033174233281472446585865063      
   6.91355218460905581273604759066860115      
   6.91354111828943334809693005695583954      
   6.91352844589507261832375628000335049      
   6.91351405611106294309825454564616996      
   6.91349784247899006052497443096645954      
   6.91347970386646739194030238767505239      
   6.91345954471939667100443331586078172      
   6.91343727511218955804699733291775063      
   6.91341281061673006494189940206067162      
   6.91338607201512806691645627955569691      
   6.91335698488321252500224195853095603      
   6.91332547907250724425601227042553999      
   6.91329148811776970664491127327439076      
   6.91325494859550287071775371439562853      
   6.91321579945649441888423604569050008      
   6.91317398135279709109705848247780001      
   6.91312943597650810848229595192866470      
   6.91308210542440195531682953391540853      
   6.91303193159981427985546923235227009      
   6.91297885566012687573551156891182211      
   6.91292281751539147272299967272509376      
   6.91286375536775016788157355364034563      
   6.91280160537254752781158653528262155      
   6.91273630123095273456652876128337144      
   6.91266777395398500578154384050956919      
   6.91259595162127237235580332782676187      
   6.91252075919756909437078328379896192      
   6.91244211839120881500642416765900846      
   6.91235994755004311676350903695766777      
   6.91227416158920614446544746386495470      
   6.91218467194529503674394846394635102      
   6.91209138655195167183316782895382413      
   6.91199420983028926975034420747903486      
   6.91189304269096010527188636800422325      
   6.91178778254067835086280670129808598      
   6.91167832329067810790440012204103700      
   6.91156455536195626689994908849073485      
   6.91144636568217816622192428468916900      
   6.91132363767349850631592530681640678      
   6.91119625122563572524973715521345240      
   6.91106408265184110611491443468442847      
   6.91092700462699174630649683028781518      
   6.91078488610306234835533206650871545      
   6.91063759220016902349207188067676205      
   6.91048498407568071423182900507392193      
   6.91032691876495395352074730808608013      
   6.91016324899604504074222062010380776      
   6.90999382297924063352132933246821327      
   6.90981848416037077249699722981013475      
   6.90963707094876098060421376638070731      
   6.90944941641164761994898132611504071      
   6.90925534794922056487390113042709714      
   6.90905468692697340426867697861878286      
   6.90884724828723301828918386680428680      
   6.90863284011785288026452278556809009      
   6.90841126321253883026902610343827146      
   6.90818231057188287096868149961411874      
   6.90794576687619507263224392895042342      
   6.90770140795050015620541480404277211      
   6.90744900018922283577626241823299910      
   6.90718829993294016140632998140612229      
   6.90691905284481576239439099254195363      
   6.90664099323285868191687317106407917      
   6.90635384328163762936197017216614532      
   6.90605731237173782822671486947970066      
   6.90575109628041340422172675283422781      
   6.90543487638695223682453357733458831      
   6.90510831878431959824937579279320847      
   6.90477107343805174866405683129135641      
   6.90442277326424588491015576111385401      
   6.90406303308894040026911618115915532      
   6.90369144866466165197970005083782860      
   6.90330759569497493548351869261442792      
   6.90291102874617382575822039404699382      
   6.90250127998696182965681708704016767      
   6.90207785799744197563534705892606411      
   6.90164024664157186563715052431162521      
   6.90118790389576681286949639498939882      
   6.90072026008341241508463657790945202      
   6.90023671669418540163697975153052660      
   6.89973664498721979656439938404205836      
   6.89921938468530096316093622020776677      
   6.89868424143109737220317347540707348      
   6.89813048625289655730718020607536096      
   6.89755735312058929554297227344112286      
   6.89696403701373216431344140188402623      
   6.89634969246033063917570906687523841      
   6.89571343145025708792662103451214352      
   6.89505432061188778572313183391456232      
   6.89437137993785193868534127436506120      
   6.89366357984813416877548031800924678      
   6.89292983882839115445618424191339175      
   6.89216902114693105900872682381930357      
   6.89137993346509237451328731667722647      
   6.89056132292693495218968855323152788      
   6.88971187314881404174886645100304148      
   6.88883020197690613328351360612246823      
   6.88791485740420667644444757245968543      
   6.88696431431810246912475844231587373      
   6.88597697123828119986731623847488240      
   6.88495114541064593840512343049445473      
   6.88388506967208517125932064730379824      
   6.88277688770348147364116409303118506      
   6.88162464904767287214795816998304037      
   6.88042630463445187610198486634733526      
   6.87917970170896165571693336528618811      
   6.87788257808181596269390401111255437      
   6.87653255655219916974142009437984623      
   6.87512713829615786778090079176677309      
   6.87366369678202596630862295000141987      
   6.87213947147817083593539586442569899      
   6.87055155842104084580430311589739669      
   6.86889690534692513480750785231409574      
   6.86717230080264133205635860130036256      
   6.86537436655145074226079041351064748      
   6.86349954880761081843369701830662558      
   6.86154410671233772104465806643994969      
   6.85950410297086050586429400752602243      
   6.85737539190390401800462983963997080      
   6.85515360788392659369717219916833754      
   6.85283415194254594723909012044520858      
   6.85041217872866431308551322867004785      
   6.84788258121208148256468125167884671      
   6.84523997592960255973915924230533675      
   6.84247868569253364579807754989944643      
   6.83959272212733536620741136872647649      
   6.83657576729706307056840854605585732      
   6.83342115248126625995987591470842720      
   6.83012183799527220011213779135547664      
   6.82667038929236535639520890701365523      
   6.82305895323645222803134290249624422      
   6.81927923211475943176075903439409213      
   6.81532245619453460661471549314555032      
   6.81117935467390793664401098428922433      
   6.80684012550018598881000400092033274      
   6.80229440191138853729167281750251905      
   6.79753121908112729780209047665260901      
   6.79253897800293005702328828635481866      
   6.78730541059072195864493034623718183      
   6.78181753839103060205176963913835970      
   6.77606163546571356595856912660633850      
   6.77002318799500849614665088366867480      
   6.76368685502513960798461362045475233      
   6.75703642932678511568282861547845557      
   6.75005480035618996872388855056761968      
   6.74272391968870178477635518899902887      
   6.73502477086998631607847981280516348      
   6.72693734563471781231150864301831270      
   6.71844062722724341183057820874560341      
   6.70951258502815855268232246301991562      
   6.70013018085031916035669995002111458      
   6.69026939195830476131997404557555361      
   6.67990525176671115972072179387715735      
   6.66901191262391807992184948536568567      
   6.65756272892670800213665253197099763      
   6.64553036816997984255733209632668372      
   6.63288694166688765408098875748676528      
   6.61960416063960659476176432690402201      
   6.60565350950383998114852865580819918      
   6.59100642879640125911188629556405374      
   6.57563450065974137839736330994749993      
   6.55950962848174150456738323033680516      
   6.54260419457091612693966269792081513      
   6.52489118989331987425545275865275178      
   6.50634430360988100645405236050866543      
   6.48693797544845562785304703101117282      
   6.46664740043874796666905988197366654      
   6.44544851146617231577652334618588997      
   6.42331791818203012302572777914410800      
   6.40023283243774994073836925509563099      
   6.37617102646085264095248811094471502      
   6.35111075920988413291875991980376758      
   6.32503073800000251875685240307027973      
   6.29791009725246027330135762321482259      
   6.26972839235866832253521039085136668      
   6.24046560748646544926327970690237592      
   6.21010217043694741108406437958342507      
   6.17861897021613313864238483853819397      
   6.14599737095509769296553123505398401      
   6.11221922185364393834327056929109439      
   6.07726685768989012589002271738180104      
   6.04112309190170173957804004308260868      
   6.00377120256623203127453389421857507      
   5.96519491093325114478339351197198476      
   5.92537835517406596104170072284725416      
   5.88430606040518390213049865908412872      
   5.84196290619477815472085987090454828      
   5.79833409319731634936041215889980478      
   5.75340510899071404192235724874291403      
   5.70716169562051379103218580434211356      
   5.65958981747934799370021798307960116      
   5.61067563136441530579441165459121777      
   5.56040545826673439294326094383782390      
   5.50876575731820457621448937683556107      
   5.45574310183342466883562617849458875      
   5.40132415754440576736602051611729567      
   5.34549566272020569814597634122470545      
   5.28824441031196238946820823085051097      
   5.22955723186410600651492552927046436      
   5.16942098312820311723471946997174896      
   5.10782253114052672290423222176633478      
   5.04474874272210443080522683464862084      
   4.98018647424003590635208100083894609      
   4.91412256243165158063800946995568247      
   4.84654381644143563849961869448283288      
   4.77743701049887632685375494576899139      
   4.70678887755574718983061870144595509      
   4.63458610367624727863531708872985125      
   4.56081532297314787413502406415490064      
   4.48546311316983113212023906658146903      
   4.40851599167453104392846376547657667      
   4.32996041210103694933025999385728315      
   4.24978276119235834594258384524141984      
   4.16796935607113484007581883670469717      
   4.08450644185264787500237060118900013      
   3.99938018953700534487377803012642622      
   3.91257669411877845468792118464430203      
   3.82408197293294884958873180384009699      
   3.73388196423040694340335968843442353      
   3.64196252588642060645208614321751676      
   3.54830943431101529676205083902140314      
   3.45290838343264551315909172946744564      
   3.35574498391308520401879769265046143      
   3.25680476237804973570480635008787803      
   3.15607316077156474728355456773989945      
   3.05353553585398431083059157460140051      
   2.94917715870536220860639149450905207      
   2.84298321435195719769317943777294236      
   2.73493880142863518741369286676676590      
   2.62502893192185397989247331396844105      
   2.51323853094672781173577614763883874      
   2.39955243657396825302995937423086830      
   2.28395539970719339592760300620622874      
   2.16643208398655738969825254870825272      
   2.04696706573407347316944024917325628      
   1.92554483392115646111461908808138896      
   1.80214979017139417405414961195232670      
   1.67676624878368814655963523764310012      
   1.54937843676328472551372769970997828      
   1.41997049392808899965756084137402725      
   1.28852647292923120399086848990081571      
   1.15503033939393130569723055155251605      
   1.01946597201255623043015309263410370      
  0.881817162687379800207660056222141387      
  0.742067616638034046839527659675670845      
  0.600200952568930925347477069104144037      
  0.456200702818404273756586583714772270      
  0.310050313514614941801485800771325747      
  0.161733144750290702715468601686619872      
   1.12324707525772116597969938624042325E-0002
 -0.141468519920629726488341077334286137      
 -0.296386724212878366497382637717451556      
 -0.453539124371802818344569184663975197      
 -0.612942787745525762727867076240939705      
 -0.774614866596298974372259535550453051      
 -0.938572597900553905642964506698232574      
  -1.10483330313491880388495853057465738      
  -1.27341438807696553243382007037164861      
  -1.44433334259584500278722540476473134      
  -1.61760774045464003127710589459231075      
  -1.79325523907045575116436764254422153      
  -1.97129357934265567548856756358734290      
  -2.15174058541441791252927904204099978      
  -2.33461416445538941559108183693923994      
  -2.51993230646776271989752839924815955      
  -2.70771308406655720809997348315632361      
  -2.89797465225207824886200161197636983      
