 0.13628526479685E+03
 0.13628526479685E+03
 0.13628526479700E+03
 0.13628526479836E+03
 0.13628526480478E+03
 0.13628526482493E+03
 0.13628526487383E+03
 0.13628526497463E+03
 0.13628526516627E+03
 0.13628526552868E+03
 0.13628526623801E+03
 0.13628526765602E+03
 0.13628527044388E+03
 0.13628527568056E+03
 0.13628528496426E+03
 0.13628530048070E+03
 0.13628532503080E+03
 0.13628536201827E+03
 0.13628541540365E+03
 0.13628548963464E+03
 0.13628558956359E+03
 0.13628572036328E+03
 0.13628588745119E+03
 0.13628609643094E+03
 0.13628635305801E+03
 0.13628666323408E+03
 0.13628703303206E+03
 0.13628746875047E+03
 0.13628797699342E+03
 0.13628856476999E+03
 0.13628923960506E+03
 0.13629000965271E+03
 0.13629088380339E+03
 0.13629187177660E+03
 0.13629298419212E+03
 0.13629423261447E+03
 0.13629562956725E+03
 0.13629718851575E+03
 0.13629892381819E+03
 0.13630085064743E+03
 0.13630298488611E+03
 0.13630534299940E+03
 0.13630794189005E+03
 0.13631079874052E+03
 0.13631393084750E+03
 0.13631735545348E+03
 0.13632108958003E+03
 0.13632514986684E+03
 0.13632955242019E+03
 0.13633431267370E+03
 0.13633944526368E+03
 0.13634496392129E+03
 0.13635088138223E+03
 0.13635720931503E+03
 0.13636395826831E+03
 0.13637113763656E+03
 0.13637875564426E+03
 0.13638681934757E+03
 0.13639533465256E+03
 0.13640430634867E+03
 0.13641373815662E+03
 0.13642363278880E+03
 0.13643399202111E+03
 0.13644481678208E+03
 0.13645610721556E+03
 0.13646786281675E+03
 0.13648008251085E+03
 0.13649276476650E+03
 0.13650590770647E+03
 0.13651950922064E+03
 0.13653356708036E+03
 0.13654807905277E+03
 0.13656304301470E+03
 0.13657845706541E+03
 0.13659431963721E+03
 0.13661062960380E+03
 0.13662738638640E+03
 0.13664459005557E+03
 0.13666224143019E+03
 0.13668034217260E+03
 0.13669889487878E+03
 0.13671790316693E+03
 0.13673737176102E+03
 0.13675730657133E+03
 0.13677771476785E+03
 0.13679860485389E+03
 0.13681998673289E+03
 0.13684187177550E+03
 0.13686427287688E+03
 0.13688720451895E+03
 0.13691068282943E+03
 0.13693472563004E+03
 0.13695935248950E+03
 0.13698458477150E+03
 0.13701044567933E+03
 0.13703696030035E+03
 0.13706415566780E+03
 0.13709206078765E+03
 0.13712070668710E+03
 0.13715012645317E+03
 0.13718035528596E+03
 0.13721143053258E+03
 0.13724339172871E+03
 0.13727628066119E+03
 0.13731014141133E+03
 0.13734502039403E+03
 0.13738096639265E+03
 0.13741803064775E+03
 0.13745626691558E+03
 0.13749573150292E+03
 0.13753648329563E+03
 0.13757858391228E+03
 0.13762209775059E+03
 0.13766709200673E+03
 0.13771363677266E+03
 0.13776180524787E+03
 0.13781167365268E+03
 0.13786332139603E+03
 0.13791683130020E+03
 0.13797228960328E+03
 0.13802978594471E+03
 0.13808941382699E+03
 0.13815127059738E+03
 0.13821545748754E+03
 0.13828208005544E+03
 0.13835124805117E+03
 0.13842307594195E+03
 0.13849768285292E+03
 0.13857519292567E+03
 0.13865573559917E+03
 0.13873944578196E+03
 0.13882646418097E+03
 0.13891693771173E+03
 0.13901101958400E+03
 0.13910887000465E+03
 0.13921065626991E+03
 0.13931655331423E+03
 0.13942674428757E+03
 0.13954142084833E+03
 0.13966078378206E+03
 0.13978504359490E+03
 0.13991442127195E+03
 0.14004914876631E+03
 0.14018946975263E+03
 0.14033564060103E+03
 0.14048793129023E+03
 0.14064662602235E+03
 0.14081202478019E+03
 0.14098444400049E+03
 0.14116421816972E+03
 0.14135170100231E+03
 0.14154726700940E+03
 0.14175131319121E+03
 0.14196426076883E+03
 0.14218655697211E+03
 0.14241867763065E+03
 0.14266112926620E+03
 0.14291445175749E+03
 0.14317922129459E+03
 0.14345605353244E+03
 0.14374560704558E+03
 0.14404858740622E+03
 0.14436575135408E+03
 0.14469791143528E+03
 0.14504594169020E+03
 0.14541078314220E+03
 0.14579345067072E+03
 0.14619503959564E+03
 0.14661673456882E+03
 0.14705981775714E+03
 0.14752567912947E+03
 0.14801582726364E+03
 0.14853190177849E+03
 0.14907568666358E+03
 0.14964912527766E+03
 0.15025433699510E+03
 0.15089363480781E+03
 0.15156954614888E+03
 0.15228483401165E+03
 0.15304252072077E+03
 0.15384591294819E+03
 0.15469862903843E+03
 0.15560462662029E+03
 0.15656823191823E+03
 0.15759416838214E+03
 0.15868758432538E+03
 0.15985407887580E+03
 0.16109972212895E+03
 0.16243106969456E+03
 0.16385516730937E+03
 0.16537954288251E+03
 0.16701217921700E+03
 0.16876146987401E+03
 0.17063615773834E+03
 0.17264522636070E+03
 0.17479778545682E+03
 0.17710291869837E+03
 0.17956950733173E+03
 0.18220603325556E+03
 0.18502036195273E+03
 0.18801953764896E+03
 0.19120954831323E+03
 0.19459513060928E+03
 0.19817958217715E+03
 0.20196461156402E+03
 0.20595028590826E+03
 0.21013474770006E+03
 0.21451454077619E+03
 0.21908447678961E+03
 0.22383781963428E+03
 0.22876647180269E+03
 0.23386121154253E+03
 0.23911195200808E+03
 0.24450801026986E+03
 0.25003836960318E+03
 0.25569191243847E+03
 0.26145762507439E+03
 0.26732476385146E+03
 0.27328297967335E+03
 0.27932240795723E+03
 0.28543372516588E+03
 0.29160817852705E+03
 0.29783759333190E+03
 0.30411436453719E+03
 0.31043143691269E+03
 0.31678227856056E+03
 0.32316084518540E+03
 0.32956154773807E+03
 0.33597921579605E+03
 0.34240906378508E+03
 0.34884665710724E+03
 0.35528788060596E+03
 0.36172890967995E+03
 0.36816618420278E+03
 0.37459638373493E+03
 0.38101640523061E+03
 0.38742334386317E+03
 0.39381447551805E+03
 0.40018723985071E+03
 0.40653922845636E+03
 0.41286816872712E+03
 0.41917191561663E+03
 0.42544844093962E+03
 0.43169582407275E+03
 0.43791224436052E+03
 0.44409597435455E+03
 0.45024537402632E+03
 0.45635888442146E+03
 0.46243502336121E+03
 0.46847238131612E+03
 0.47446961738470E+03
 0.48042545571682E+03
 0.48633868283868E+03
 0.49220814482521E+03
 0.49803274531406E+03
 0.50381144223840E+03
 0.50954324691526E+03
 0.51522722227109E+03
 0.52086248088930E+03
 0.52644818322752E+03
 0.53198353753141E+03
 0.53746779733091E+03
 0.54290026088057E+03
 0.54828027028738E+03
 0.55360721042458E+03
 0.55888050779976E+03
 0.56409962964270E+03
 0.56926408351072E+03
 0.57437341606101E+03
 0.57942721261884E+03
 0.58442509579213E+03
 0.58936672564358E+03
 0.59425179805396E+03
 0.59908004456852E+03
 0.60385123058166E+03
 0.60856515776710E+03
 0.61322165895343E+03
 0.61782059967659E+03
 0.62236187807052E+03
 0.62684542272422E+03
 0.63127119271947E+03
 0.63563917642054E+03
 0.63994939158475E+03
 0.64420188313515E+03
 0.64839672372081E+03
 0.65253401258265E+03
 0.65661387402970E+03
 0.66063645798385E+03
 0.66460193780854E+03
 0.66851051067922E+03
 0.67236239616309E+03
 0.67615783525178E+03
 0.67989709039894E+03
 0.68358044386617E+03
 0.68720819735491E+03
 0.69078067113436E+03
 0.69429820349222E+03
 0.69776114954764E+03
 0.70116988062253E+03
 0.70452478380934E+03
