   6.91360382032448847522976250442333937      
   6.91360382032448897452856100055816334      
   6.91360382032452743201328781372420831      
   6.91360382032516444341181800519007176      
   6.91360382032990751712095170029865576      
   6.91360382035170981779289166098421283      
   6.91360382042467998402729440489905513      
   6.91360382061958405575413173105082845      
   6.91360382105548862151008627213889869      
   6.91360382188595357239581375578382307      
   6.91360382321898980220841298112125655      
   6.91360382491702757108717959790946297      
   6.91360382622650346135759484222305021      
   6.91360382520635178950887899106949003      
   6.91360381795271751619092580089723408      
   6.91360379764466421129481718321997690      
   6.91360375345691080290527129523986193      
   6.91360366939923589963331606921493060      
   6.91360352314905477733083623675092194      
   6.91360328494554830641572392775788830      
   6.91360291661210383654207647276714142      
   6.91360237076922874531996109925121622      
   6.91360159029214648326783432483682863      
   6.91360050805607969079255177749581842      
   6.91359904699680659140693298075498228      
   6.91359712049630111671989385604757704      
   6.91359463308310460103290110105890091      
   6.91359148141794805784904662162711588      
   6.91358755551795841022717739954735349      
   6.91358274015890992237404670209107177      
   6.91357691638748165726215228804605080      
   6.91356996307219151136650077729974797      
   6.91356175842416366641200245734212035      
   6.91355218142556417301374830951300251      
   6.91354111311352111774694239025300634      
   6.91352843767923591620196905107087200      
   6.91351404335484212176838391455814576      
   6.91349782307293019530090369636115261      
   6.91347967489541996189703685518808417      
   6.91345950221788460097921927771761114      
   6.91343721374114804733782542942349924      
   6.91341272335834169064568460774366060      
   6.91338594967941287992472499038010408      
   6.91335681560116764334373040367959700      
   6.91332524767788100527837512701530985      
   6.91329117542249077891154551604354736      
   6.91325453054677336666091217992018221      
   6.91321524616289428116102374122880222      
   6.91317325596635550864992327030669041      
   6.91312849341716657294620271754837288      
   6.91308089093316295181698369942917361      
   6.91303037910642942889900243721794738      
   6.91297688595140123309990316033701383      
   6.91292033618994077518119496319966933      
   6.91286065057739584805182100918673917      
   6.91279774527125830290653861200996141      
   6.91273153124212189719761469843416045      
   6.91266191372638901471853633744985981      
   6.91258879171745276637391459941196714      
   6.91251205749395234884439687549411986      
   6.91243159617891091597275648087292434      
   6.91234728532861892248174620503746319      
   6.91225899454467740520860094496348347      
   6.91216658510650098952369949735112196      
   6.91206990962037213482842486551862270      
   6.91196881167654083396027698046353907      
   6.91186312551871549557834267889830814      
   6.91175267571239414011224754528512078      
   6.91163727681636496960855400332523030      
   6.91151673305218967739975320288728993      
   6.91139083796220490464056678419044631      
   6.91125937406651093027152431376463508      
   6.91112211250180962798935719224255578      
   6.91097881265421974472859899479536668      
   6.91082922176187943608205373471931943      
   6.91067307453455984411975494025980955      
   6.91051009269833405476577499835556261      
   6.91033998457361427622947467124787881      
   6.91016244460176592808369052790583019      
   6.90997715286564660790438484303170636      
   6.90978377458233390535847997470742384      
   6.90958195955605901361774435293636421      
   6.90937134160539393750200712270505968      
   6.90915153798432918882823715653062580      
   6.90892214876312111922698378128353410      
   6.90868275617735400922758368838247643      
   6.90843292394220247020883934374101626      
   6.90817219655964732011675164421773757      
   6.90790009858819928212924902646551800      
   6.90761613377181114984746231733918549      
   6.90731978428654170346572387032417163      
   6.90701050987523012892103752380432138      
   6.90668774695005570402088011218468333      
   6.90635090769266960025193434088785500      
   6.90599937905379731085700780237716872      
   6.90563252153153656358188908823108499      
   6.90524966850655033269464386054900775      
   6.90485012470229676238545117575809511      
   6.90443316514954615654038757513515664      
   6.90399803397699145498814511330678004      
   6.90354394313028986404620409782940346      
   6.90307007108144628530812787228075631      
   6.90257556102344044483569113446268725      
   6.90205951970079125705656218391649439      
   6.90152101578213171200826872802782368      
   6.90095907848459657676823153072936108      
   6.90037269512466888055020487655612104      
   6.89976080960327107797729490493459442      
   6.89912232132206537415975180291779537      
   6.89845608197270815557904162277171689      
   6.89776089362059747395631007492942439      
   6.89703550737314444484450913641517583      
   6.89627862069110665711311890148457348      
   6.89548887386840492543587124116763929      
   6.89466484909149534089452140475194808      
   6.89380506698869891182823383312471110      
   6.89290798336396764491700129915222551      
   6.89197198765918856082339730086748603      
   6.89099539792775541043342466409245125      
   6.88997645951500203690043518045277792      
   6.88891334014405979354940371504097857      
   6.88780412704013306355428867974091326      
   6.88664682329945603992080087398000699      
   6.88543934326412509556731623659347099      
   6.88417950913697235939938383352003829      
   6.88286504701564981912997138837224216      
   6.88149358058787405964953206772837798      
   6.88006262780667118150517701612145807      
   6.87856959604772122104916842536339337      
   6.87701177574845212273129098048435560      
   6.87538633631107008927927429814325966      
   6.87369031896691083567298620758523549      
   6.87192063241405193494900014242806777      
   6.87007404489593939017696411063798443      
   6.86814717821859979076615818951082239      
   6.86613650219560374782885785182133752      
   6.86403832546851465347849072086500091      
   6.86184878952786843354373982414730662      
   6.85956386055772568701369460007969124      
   6.85717932074052838315522024621419456      
   6.85469076040872574761401583687073997      
   6.85209356985003273698034180381340555      
   6.84938292952082501410187264969801997      
   6.84655380057761823315066674889150382      
   6.84360091535515690932184332679833149      
   6.84051876743954719879603289629583616      
   6.83730160099604529391559276371954255      
   6.83394340169561640565596923301791689      
   6.83043788274693644887348132364336678      
   6.82677847671214822889697559599983800      
   6.82295832349560609913247793013592996      
   6.81897025766850163529124218464157535      
   6.81480679914886235324943071060087092      
   6.81046013994014530080993019010758690      
   6.80592213423123309313562472416013316      
   6.80118428708177970571566220137220564      
   6.79623774432426291041694441795827736      
   6.79107328230852897086188453436989558      
   6.78568129920389906416513459376231159      
   6.78005180825375912831931588763787035      
   6.77417443048883223805835810298932433      
   6.76803839135525107795339825470171927      
   6.76163251887402998109723099236326574      
   6.75494524376557469604179755675976654      
   6.74796460815388670154257270978011741      
   6.74067826687581248335457179620705187      
   6.73307350765519085472133815361394952      
   6.72513726626086725648345570687229230      
   6.71685615518998578773144822798644752      
   6.70821648796770243313992636269488546      
   6.69920432728939507867540068784800659      
   6.68980552383257798996808053090327749      
   6.68000577122363897688087627839949694      
   6.66979066303153395094327189823383294      
   6.65914575749090230383832185366038094      
   6.64805663571153949714685296647816649      
   6.63650896529552922205067942431734478      
   6.62448854929362574738407820921686886      
   6.61198136090253688036779712715517482      
   6.59897355454550423760081200872567413      
   6.58545144880262230885851932252680392      
   6.57140146855984973261257373875119499      
   6.55681004204817489204570048428542717      
   6.54166347947545758711252713102507451      
   6.52594777932672540482856513904404921      
   6.50964844974501353449305398360635056      
   6.49275030544831809485852303250299317      
   6.47523728945969722874946483244484338      
   6.45709232990115602886511347448608753      
   6.43829724968477743369923983173412886      
   6.41883273692078584799127461241803424      
   6.39867837788938942969802164607225139      
   6.37781274426620354648543703187683306      
   6.35621352631939560836499778888442011      
   6.33385769553768942060078671345828321      
   6.31072168549463007720362223281273404      
   6.28678157517856594208229697400371662      
   6.26201326830468566843293364452095889      
   6.23639265659991550430505715755676784      
   6.20989576473399555569922433788348941      
   6.18249887267818941164626315820153601      
   6.15417861543685465170860424841511957      
   6.12491205999057512826814121121885781      
   6.09467676163552897208003771249362512      
   6.06345080127555093798289449243219904      
   6.03121280687155914656742163312331008      
   5.99794196160273368111402023778784182      
   5.96361800084210194468193094568453836      
   5.92822120047120449063551287057985690      
   5.89173235853377864273567789889112882      
   5.85413277232632354604615067307109847      
   5.81540421181762627759118389295568609      
   5.77552889111728795413737772612852651      
   5.73448943870464917545782337051607526      
   5.69226886720872474217470431961208193      
   5.64885054347531903114587300045848449      
   5.60421815910193468101895408649223882      
   5.55835570219234339030657427813975065      
   5.51124743009387436915602167083328666      
   5.46287784354779379428940547190198631      
   5.41323166227653004307989026935470161      
   5.36229380196972916943085619934221784      
   5.31004935285760744745950902315783678      
   5.25648355965847405840809177249121276      
   5.20158180293204768036928229797158614      
   5.14532958180926017447827762956253694      
   5.08771249799027966910977337169752528      
   5.02871624097235458715846915287946405      
   4.96832657442194335297147934663898023      
   4.90652932360449693429810140480673966      
   4.84331036382300453449624311276862949      
   4.77865560976927515270282161735093694      
   4.71255100574739491013925342930074077      
   4.64498251668127675685256269249104603      
   4.57593611985849598526594789197293634      
   4.50539779734585589164219556620904378      
   4.43335352902795605157188690432189866      
   4.35978928619445165163919015589874473      
   4.28469102571660238773869382078633544      
   4.20804468458263983888714071503386936      
   4.12983617505871737692227540225863607      
   4.05005138002994373553242120502992063      
   3.96867614885836880702511271943164065      
   3.88569629363068147889297753959950414      
   3.80109758552128319589719375180953297      
   3.71486575163132031613672502675552703      
   3.62698647198405785529862875262037414      
   3.53744537681351980422862879500130586      
   3.44622804399816906753038685907075292      
   3.35331999680191672401374776064246282      
   3.25870670174412103321040435247487728      
   3.16237356661901718794243341730972286      
   3.06430593870183411961674710158311010      
   2.96448910309902341468460873063266209      
   2.86290828123018040833274431262105429      
   2.75954862943141012444147127466520079      
   2.65439523763455128941541023037632699      
   2.54743312820323414317167749853247844      
   2.43864725480912131922465713242044892      
   2.32802250158335847774875783222218691      
   2.21554368192571196812696102678055194      
   2.10119553784335787054520172657492073      
   1.98496273914959778395702132267099438      
   1.86682988270528607169840570554790785      
   1.74678149175786523425266443676529564      
   1.62480201540039143774235897357793500      
   1.50087582796003584452428559402113160      
   1.37498722850528863115731214871106256      
   1.24712044041478172151934271947985032      
   1.11725961091289868253465299432210258      
  0.985388810684449329536601480434508240      
  0.851492033578214227542570609554999719      
  0.715553196228282340442610833767376664      
  0.577556137806930050402586889866105901      
  0.437484619734360793733858794540672248      
  0.295322325466628726226172656656128283      
  0.151052860273915809323438584211272220      
   4.65975105965915635628525572015834438E-0003
 -0.143873553806744841720162865325012152      
 -0.294563684654381292607339176916113192      
 -0.447427350600175543000693664095007376      
 -0.602481339709658500346874202186733407      
 -0.759742519035721279646892857243797070      
 -0.919227834751737657658997575987562106      
  -1.08095431218808247305071902824045670      
  -1.24493905588594429977149196872126694      
  -1.41119924965169977649586488661141818      
  -1.57975215656962137925948299345493042      
  -1.75061511902425274607193349234202028      
  -1.92380555871894852571423984780419060      
  -2.09934097666365325803877361110319850      
  -2.27723895315657288909088046640271993      
  -2.45751714778509328046885163576593162      
  -2.64019329937090591551944523331448919      
  -2.82528522596291818725058407120993364      
  -3.01281082477719104900127485795000720      
  -3.20278807214926792476839255975846779      
  -3.39523502348580208653109577100662584      
  -3.59016981319178015285151896820755766      
  -3.78761065461446523526657898970997489      
