   6.91360382032105060219110298214517828      
   6.91360382032105110148990120050159411      
   6.91360382032108955897461395071538087      
   6.91360382032172657037300039129441259      
   6.91360382032646964407827706415172662      
   6.91360382034827194454909996337542206      
   6.91360382042124210775840530959591813      
   6.91360382061614616007291978566427016      
   6.91360382105205065483227301472484768      
   6.91360382188251542740234035244348028      
   6.91360382321555130734206278436791144      
   6.91360382491358848530899194627464519      
   6.91360382622306345639778265182413552      
   6.91360382520291047042202578862302436      
   6.91360381794927827036719909988114613      
   6.91360379764123045675615466870430178      
   6.91360375345348257138483770936314067      
   6.91360366939581437445097143959814816      
   6.91360352314564596464276301386245489      
   6.91360328494217470043678318956047940      
   6.91360291660884335710681208483053915      
   6.91360237076628433196533767647624259      
   6.91360159029007204809611974466479571      
   6.91360050805619318348503995658272628      
   6.91359904700207550536940215063152893      
   6.91359712051292113689527719424112736      
   6.91359463312339040853270038564061584      
   6.91359148150525350678810176794773382      
   6.91358755569446099290391254619319920      
   6.91358274049785676861930438833707224      
   6.91357691701156834025820741874179890      
   6.91356996418034463210028797690818835      
   6.91356176032950535239135544092456809      
   6.91355218460791474906228358653219619      
   6.91354111829038470742136267947571807      
   6.91352844589989978545141088300341727      
   6.91351405612283956828965846447622406      
   6.91349784250291605482999369565969569      
   6.91347970391103448273381049255703269      
   6.91345954479817069418769195115343729      
   6.91343727524632451404123226481836363      
   6.91341281083854833989082062659316903      
   6.91338607237302128231708291075841786      
   6.91335698544831825643204934405891279      
   6.91332547994765406379782209480747167      
   6.91329148944924841616972314964268590      
   6.91325495058835060788777520225898589      
   6.91321580239415293640329890432049910      
   6.91317398562205675285186460897068016      
   6.91312944209874774652473199896750211      
   6.91308211409446477394552453076514919      
   6.91303194373381382384682711294698439      
   6.91297887245365081348014600220108893      
   6.91292284051391568982371728921922093      
   6.91286378656496659542327506895648033      
   6.91280164727291533138946461469126276      
   6.91273635700269168603107275059066849      
   6.91266784755715283325493393435419336      
   6.91259604796937144036549882270576422      
   6.91252088434428187316222937293082766      
   6.91244227974529347734450132548952471      
   6.91236015412072951102920386968963842      
   6.91227442424896774246285608432331391      
   6.91218500378871778873987887876408150      
   6.91209180320984382148745022023415427      
   6.91199472987857185127179551948963189      
   6.91189368809159349022128678238755787      
   6.91178857913119071086858788150881485      
   6.91167930132349385348033820305444406      
   6.91156575009687052865315512400665167      
   6.91144781803548649735461208750117441      
   6.91132539492460611512488947469659074      
   6.91119836778456688833424018420816142      
   6.91106662089011685339918430346022151      
   6.91093003577233561338930940554006741      
   6.91078849120181945120988286762779265      
   6.91064186314993306253886446427371333      
   6.91049002472591745682295503138502658      
   6.91033284609082639026046949224179370      
   6.91017019434587195785824093647488261      
   6.91000193339046027567896745179660417      
   6.90982792375542420634567041430754047      
   6.90964802240803064271120691301644946      
   6.90946208252354450028218204750274216      
   6.90926995323438458468026775263598649      
   6.90907147934141570342508092831990946      
   6.90886650100217814707202916872771901      
   6.90865485338111833432236686665239234      
   6.90843636627833167958226137210343715      
   6.90821086372023427877101641048106757      
   6.90797816352040297173684614012486373      
   6.90773807681741050923768112275213389      
   6.90749040756809283716934242791953177      
   6.90723495201277132372131704190820184      
   6.90697149813747506707379613392235576      
   6.90669982503804575406683418201607400      
   6.90641970233923348031456097064884175      
   6.90613088949730967799971467895013902      
   6.90583313513539700552549586592636705      
   6.90552617629712866525975076113671258      
   6.90520973769785845016577683517080015      
   6.90488353093802967170811213139312224      
   6.90454725365410299105567395592325665      
   6.90420058864698263110588895611274468      
   6.90384320299988112992166563711968195      
   6.90347474712216031607470059358934078      
   6.90309485375104442965569187631177711      
   6.90270313692154474191097928883434376      
   6.90229919091135909598387280529834189      
   6.90188258912930699758992788174312659      
   6.90145288290144769939175840845415271      
   6.90100960030218470473268254130981125      
   6.90055224487318566341152108617015052      
   6.90008029427866817323041200123744165      
   6.89959319894457741771793464738034013      
   6.89909038059415688309659571453782452      
   6.89857123077805197934182913644781675      
   6.89803510927675446371771521524318598      
   6.89748134222759615748271303690297394      
   6.89690922112940465041387823840787567      
   6.89631800014251930037471927707652369      
   6.89570689466241656308545761253950884      
   6.89507507928451956734164714927544163      
   6.89442168571581511332760206489135855      
   6.89374580064938934483571208376728627      
   6.89304646343009755200473030922405015      
   6.89232266363603873859805332100689496      
   6.89157333863179453906033790592455327      
   6.89079737083545605251337698439543133      
   6.88999358506571167105170154601731227      
   6.88916074546695232408540713533320558      
   6.88829755246634683189891467182354467      
   6.88740263966543814153966235499466499      
   6.88647457018146344637471782637311831      
   6.88551183317946728175343666500675343      
   6.88451283996122290736533710111068269      
   6.88347591996321864174315404420191422      
   6.88239931655633489659227057380090680      
   6.88128118234635712069870404942981130      
   6.88011957446026644983282174560524379      
   6.87891244965465065484880357361734518      
   6.87765765852423745374036468130098207      
   6.87635294024070744276889566763752172      
   6.87499591608824270225224066851120552      
   6.87358408325812383902652501112928863      
   6.87211480789170402158731237969382658      
   6.87058531776378142354096103777670633      
   6.86899269455110568699864847481571646      
   6.86733386548425687288550670315896028      
   6.86560559449524378359432792307536946      
   6.86380447287415231037492522911015755      
   6.86192690905235132199124456201216655      
   6.85996911795391325246771439594603095      
   6.85792710913102717936877526490199701      
   6.85579667543666474856408902361860053      
   6.85357337835534274407636606755424164      
   6.85125253488566742640661400916123463      
   6.84882920197642841986136127434654418      
   6.84629816052897257615106925622271013      
   6.84365389766189023846981194518495399      
   6.84089058824614315033778378783872560      
   6.83800207504362508188959769447035460      
   6.83498184636491065383588601941982816      
   6.83182301378606452249568415374049633      
   6.82851828684250097991997936854287318      
   6.82505994650268135287642505726462017      
   6.82143981728079833736432735294971980      
   6.81764923531532416623257231844869331      
   6.81367901704535577131306558808635928      
   6.80951942352596185721884850620104310      
   6.80516012324973807294964603409040056      
   6.80059015320538682711439519596375935      
   6.79579787608749290293735254100873400      
   6.79077093657591316162517965877632978      
   6.78549621481803048170100546702990160      
   6.77995977682674635365425246249931898      
   6.77414682714577752905737712298419875      
   6.76804165417826166706800931631060387      
   6.76162758049921986843743480319980337      
   6.75488691003507778614513090602359137      
   6.74780087934553417041222729929509414      
   6.74034960976928492869378337588641672      
   6.73251206672062046950882583158387458      
   6.72426602612559186375373107329123442      
   6.71558804976060750624265740417798251      
   6.70645347678790858756704245502682324      
   6.69683643150068145858963228659590718      
   6.68670985308764426629307031245512777      
   6.67604555186763400567599224580839493      
   6.66481429559179900094391065348430995      
   6.65298592578267310225549780475087862      
   6.64052951416074842222150217132724251      
   6.62741354454786745800338405913532219      
   6.61360613169847564090748221151025402      
   6.59907525935811367004241650108255260      
   6.58378903289846289350584438625044274      
   6.56771592962622142619996604941047889      
   6.55082503440598825948372127363593721      
   6.53308624382341856256101345777511455      
   6.51447042547451902005575496067113866      
   6.49494952904501251750663276516990560      
   6.47449663676324960163954934780468859      
   6.45308596882624658262416102235271681      
   6.43069284420439026175831534808521022      
   6.40729361690399860033753691747037778      
   6.38286557955318748014915491451935466      
   6.35738689629651929104959334059242145      
   6.33083651142166135176764498704711138      
   6.30319408340440629934218790628166786      
   6.27443993048646489293473972085454580      
   6.24455498830466911910734681054651012      
   6.21352077735904577150261936508083239      
   6.18131937700550837716434265599799270      
   6.14793340238024135575958045448974944      
   6.11334598006659175911654740199470091      
   6.07754072502875089732149934569645320      
   6.04050171166864062802125676058863588      
   6.00221344471419406578115424054273319      
   5.96266082614706426407715635337386140      
   5.92182912161224693309897966561764400      
   5.87970392524321059008882292291517003      
   5.83627112447390934012470688199471489      
   5.79151686579877635280389484130715308      
   5.74542752128014163683467452138690092      
   5.69798965646811398145978364502079123      
   5.64919000130069487736956685707634548      
   5.59901542180889020119547259940962931      
   5.54745289465368182315001394412010108      
   5.49448948404399896394703917387998289      
   5.44011232036313334517393074104783479      
   5.38430858129199437073530019535554546      
   5.32706547464897634589746945398744044      
   5.26837022318979512556805657801432006      
   5.20821005115990834058379616364764566      
   5.14657217213592615522240943092057047      
   5.08344377858956989036769860229794636      
   5.01881203239186729523967596909047939      
   4.95266405677723762920794042219600227      
   4.88498692904373142057331408233708870      
   4.81576767409244493887447574927162562      
   4.74499325918407781014630101741256926      
   4.67265058892230612758084341323712369      
   4.59872650107620356372321906250185706      
   4.52320776290671391337350115722999882      
   4.44608106793963740403922331279297642      
   4.36733303326136458126111573272101440      
   4.28695019704992039607520916490419843      
   4.20491901651151624358054792823498184      
   4.12122586607377987876810969397847035      
   4.03585703584925485348676971064274391      
   3.94879873031625720393424520856615073      
   3.86003706716627947140355010570843926      
   3.76955807634457862415577331125283956      
   3.67734769923598012186128989589637255      
   3.58339178800218878022958199988745824      
   3.48767610499883414059802874924234275      
   3.39018632230994964559795871304874872      
   3.29090802138762394641217768558016877      
   3.18982669274974266173175052844765063      
   3.08692773576751190776213270679173642      
   2.98219645848311979347164841843597243      
   2.87561807753457314909720334229649008      
   2.76717771806204214910229345214825060      
   2.65686041372384974849474107222226260      
   2.54465110669062699019078867035989735      
   2.43053464771336952896471338545923241      
   2.31449579620682818013929841819249168      
   2.19651922034812017394214143192857217      
   2.07658949722104086748003091170022579      
   1.95469111295470323928642783211706330      
   1.83080846289695895576433678356502971      
   1.70492585179868164551461935268698908      
   1.57702749400576996943418439674243886      
   1.44709751367114046348903685296957863      
   1.31511994497351728115892751454026863      
   1.18107873233541878722325336483951391      
   1.04495773067177873068273417460226156      
  0.906740705620153638541740614989938873      
  0.766411333790082420579540903960329054      
  0.623953203014628399518598117125553441      
  0.479349812604657987292740646155968816      
  0.332584573607447127282077071157031217      
  0.183640809068541580070186010818294640      
   3.25017542924410759724449684737555456E-0002
 -0.120849442889869225853645283967338985      
 -0.276429721857755881923014867020132971      
 -0.434256108931853031349631608123985601      
 -0.594345717107637245712947129563406050      
 -0.756715745787317639828008278972708666      
 -0.921383480514419056577524508590364212      
  -1.08836629270428479013565531457837287      
  -1.25768163937745992958095804603569397      
  -1.42934706289548779945252341552866299      
  -1.60338019069284964393678557713865503      
  -1.77979873501619702006912741630010753      
  -1.95862049265787363449921734480646381      
  -2.13986334469606905731255377556865320      
  -2.32354525623382981223209843067996697      
  -2.50968427613937260973895953633262577      
  -2.69829853678827171720002683048462722      
