   91.9024000948784202170827437330254962      
   91.9024000948756103372976966772670622      
   91.9024000947781154036684974976726390      
   91.9024000938787693816519559026859255      
   91.9024000896844288202618510225761088      
   91.9024000766383934662215241294548531      
   91.9024000450117361798500856424025265      
   91.9023999762874426694525444045010628      
   91.9023998183483736380703744091336616      
   91.9023994036952332606566788048620725      
   91.9023982669257146412961010630901927      
   91.9023953407678589124439795452729602      
   91.9023885526131435527957112529435775      
   91.9023743796610074279794658464561480      
   91.9023474336116946993945138625923057      
   91.9023001355581558648065887794762398      
   91.9022225184092932527582733571909574      
   91.9021021685541897493204507754544828      
   91.9019242974281417432822098702784461      
   91.9016719196605219837817602528505620      
   91.9013261072747031803919490007842771      
   91.9008662874457506677252731971050507      
   91.9002705530060368429698121456930116      
   91.8995159589028455442667940604923971      
   91.8985787833437341211088856311844593      
   91.8974347387689036503401564339403288      
   91.8960591243394077152950991008264993      
   91.8944269182386123684850422182627695      
   91.8925128137738083772889293523587007      
   91.8902912077462381673862800997368397      
   91.8877361530169402771824961428010661      
   91.8848212888257701166733171092201241      
   91.8815197627283230997461582932214253      
   91.8778041571494430109489498428012791      
   91.8736464316735361533516217092124692      
   91.8690178897110411602287095919500498      
   91.8638891753996329254653299100452757      
   91.8582303037716538619715825396750713      
   91.8520107246318234293098183936140524      
   91.8451994182682676070334649559033320      
   91.8377650193797553607000443115190322      
   91.8296759641655970951464709866952390      
   91.8209006547250296776870946368531776      
   91.8114076344843240245687836702816918      
   91.8011657568465830328909684556186069      
   91.7901444059175455013431122124131842      
   91.7783136088716661725501698465387338      
   91.7656442324169704313051600042604497      
   91.7521081171885153663664051234166795      
   91.7376782012799718537370206008882257      
   91.7223286216439945387384333624276894      
   91.7060347914233869767328900503236694      
   91.6887734524606141511092125472285842      
   91.6705227025174106397388377430258650      
   91.6512619974565794256671319428512781      
   91.6309721293196077337905661222810370      
   91.6096351814577590842568828119507737      
   91.5872344622415651155251760559991674      
   91.5637544192225512665701399607271819      
   91.5391805360906190845818480809513996      
   91.5134992137534835931175490816494105      
   91.4866976387921494443489983100719608      
   91.4587636407637273866113048300230851      
   91.4296855408207356752281665523293740      
   91.3994519941332819395420163615690262      
   91.3680518267735417863592791440959121      
   91.3354738711659730386935863222533215      
   91.3017067992665904646224700061116136      
   91.2667389572950728400438435224860542      
   91.2305582024962420753205314732768869      
   91.1931517419558432575221749690200591      
   91.1545059773878102805502287672759003      
   91.1146063538922542369707594661154758      
   91.0734372155563329214377994472891665      
   91.0309816661239687966133772706345098      
   90.9872214389719720569566503427548205      
   90.9421367703441457295246928122602094      
   90.8957062840416423238040009437258324      
   90.8479068811452738297769421711952892      
   90.7987136372286947329284188111417374      
   90.7480997135443091016190787575820927      
   90.6960362604428268396103270478216956      
   90.6424923380811899081441141820044137      
   90.5874348403397782792121927465977608      
   90.5308284281572987311318692492340984      
   90.4726354636837890031318749815838420      
   90.4128159513636770801167685069885968      
   90.3513274826798081094384254231646344      
   90.2881251922143507206545937883232318      
   90.2231616974110177187023653636520480      
   90.1563870528347350217686345164203646      
   90.0877487144599354824856192776953930      
   90.0171914960831419850116783981771352      
   89.9446575315046020925217516639996870      
   89.8700862449896245590579092861419958      
   89.7934142897929437665786571403583707      
   89.7145755007624611032214230292742614      
   89.6335008721941555503727617692586106      
   89.5501185152830777247253756106859267      
   89.4643536050069938904762759046402968      
   89.3761283262942221150181133882215160      
   89.2853618299507578373300090083438275      
   89.1919702294672013547671353562298623      
   89.0958664076330828625729243549798495      
   88.9969600552019487732871073432294238      
   88.8951576266220710034000945293887150      
   88.7903622178453420204534957058868982      
   88.6824734350153488472636175592025322      
   88.5713873636348965223512107624344017      
   88.4569966219080540676065623124209883      
   88.3391899852909147826716922961679189      
   88.2178523755522952871611727511524544      
   88.0928649571289188123874803384227662      
   87.9641047712418295530976011524325220      
   87.8314445776193094282306939255966541      
   87.6947529315384420497853936619838064      
   87.5538940379122528067733340265830079      
   87.4087271323555529244878062349140359      
   87.2591070735767609223897051242883827      
   87.1048834219713998103935035506547416      
   86.9459007931000266969642034889210787      
   86.7819982922720219228953574229201026      
   86.6130094961325603781247866831663917      
   86.4387622068963587166596879636216910      
   86.2590781559760462657829390315176546      
   86.0737726705998785578901441079627490      
   85.8826546945052573440422249179150443      
   85.6855260381536596643155673545713216      
   85.4821815633802803597265511653166731      
   85.2724084249147942546799058785159913      
   85.0559861137795797773462748810237733      
   84.8326857983782447605924472348678454      
   84.6022699329969861404992615513088375      
   84.3644921099778747329442431632817314      
   84.1190966137181856836276474891976682      
   83.8658174699244992401072109782562976      
   83.6043786783103148107578186314079509      
   83.3344929416353784955620870521202300      
   83.0558619997565429685956668808241366      
   82.7681751964467489582924232055746212      
   82.4711094238959916314605285010854596      
   82.1643284818451299913037681215857571      
   81.8474819395726061188336755954219936      
   81.5202050208669542707255686084874232      
   81.1821174031083176659972713513008643      
   80.8328227610424167793943860154044039      
   80.4719077928692195627460939704360992      
   80.0989411033721533412349680864220037      
   79.7134731038430212518766877011381003      
   79.3150339225484278230222474606916881      
   78.9031334933159158375651765607666802      
   78.4772597660526530686005858834426029      
   78.0368779484124826939752539116590639      
   77.5814297022484070543835416283797274      
   77.1103315715048007371083504482516959      
   76.6229737929552331798043753577752671      
   76.1187201103800024740628825803345416      
   75.5969054267060695137042538392320102      
   75.0568355572467273540485673935009378      
   74.4977861238058117341985951751637748      
   73.9190013396634970148072598875352740      
   73.3196939897787882534152524206047935      
   72.6990442692667514164274059216775772      
   72.0562001919889005342666846354732363      
   71.3902775248366733610059039334748007      
   70.7003607070313890091650041710623263      
   69.9855044137645178394755265135234215      
   69.2447361243590113048254642417278946      
   68.4770594223102188444647126246555817      
   67.6814592644642580939987898991099400      
   66.8569087965508741474709874832777323      
   66.0023782029034459590841212819154609      
   65.1168469654438505696537347315864532      
   64.1993187662728325871888328609064357      
   63.2488398418757370137948796058978409      
   62.2645261421458595274605129964274645      
   61.2455881166597671940987456523394019      
   60.1913691427697065937252299046945397      
   59.1013890837743883892535850803627235      
   57.9753930409530579927755005273366282      
   56.8134109764975090859838732734406039      
   55.6158226667714009199785935418618626      
   54.3834305272354833927747823441855822      
   53.1175361384309368529392192031657616      
   51.8200161021310855577127497803544084      
   50.4933933121363926641806067974767463      
   49.1408944647367425212380230148432535      
   47.7664863211823365464357452199761983      
   46.3748771489092676364400146375488439      
   44.9714739911251957350915257786741827      
   43.5622901393885205956611703894307198      
   42.1538000542841798293112372051343913      
   40.7527396642417942714327459478219635      
   39.3658781697962575207263912849130333      
   37.9997701797154420981553311984413252      
   36.6605203662286004183252498051982483      
   35.3535817452450905718400021181908479      
   34.0836065554548187098467412206812297      
   32.8543587335539391222137335706556191      
   31.6686882927474298630817321711447793      
   30.5285594927904895467783443170731284      
   29.4351204762774920315599881829666467      
   28.3887991416870818725805967585759682      
   27.3894134826840512902603958062465215      
   26.4362836267900208010744353649199931      
   25.5283386963422219822672160491764747      
   24.6642134973482085652899275819448053      
   23.8423321529842416525888901862976840      
   23.0609784770450720684219396646125131      
   22.3183532813108192617283263259274314      
   21.6126198413269207082055399457179461      
   20.9419391191678457602458788196608044      
   20.3044967098554458920853587813569231      
   19.6985223197107805621325316007754001      
   19.1223036873363392276392510257244835      
   18.5741960938753460953925985519199677      
   18.0526281392002811015637899055472891      
   17.5561050574544090412790177599499967      
   17.0832098370395669713837570512226250      
   16.6326028317802928031013269026614817      
   16.2030203007444376053368742003598091      
   15.7932721109432495152060745493560273      
   15.4022390480135166575443838228038841      
   15.0288695721956020589178492581321854      
   14.6721765301502616695097617098009243      
   14.3312337173892285049393302558744555      
   14.0051723814130748810236465257451277      
   13.6931779890437808210550816192706932      
   13.3944867781530085033058957294290704      
   13.1083826390734080279488490963035384      
   12.8341940447512680053507179588646663      
   12.5712912164912336842810237150103617      
   12.3190833406146376502503133928282812      
   12.0770160055930892195942589231256930      
   11.8445687682326224705885740582716592      
   11.6212529115645291923185683240817894      
   11.4066092969433451875762755073907904      
   11.2002064008435204250526591932229079      
   11.0016384304035727823961804703021086      
   10.8105236578441814734414579872222384      
   10.6265027631771310942389068687257877      
   10.4492373756496253756050834165982720      
   10.2784086579768706878801127284474966      
   10.1137160579027318443760915075337633      
   9.95487607900844015676566428421355560      
   9.80162116468016306496350824484848751      
   9.65369868452360085560432227966756403      
   9.51086996690627718630083687703459218      
   9.37290937501881525921193595827438291      
   9.23960356434806719752006023632026588      
   9.11075057374516839273438610666491605      
   8.98615923527946736787026049526014422      
   8.86564842971833667871059012766329377      
   8.74904650673923433318754402293325665      
   8.63619066770345933878336639235015570      
   8.52692646196652421565659054813727131      
   8.42110727928661354448454056987269013      
   8.31859384470784989083908346862017310      
   8.21925384378181141204147282290824234      
   8.12296145653398629528760509415997849      
   8.02959701372553952991603686755134744      
   7.93904663566387204575897623170348830      
   7.85120189059396560047835957937536297      
   7.76595950167563564438484322844251832      
   7.68322102144214977753972615873136343      
   7.60289261494190921694061683514399955      
   7.52488476102845430713295176501301606      
   7.44911204115849810184226110575599704      
   7.37549289659921792735698231470468337      
   7.30394943667679566989098488825214882      
   7.23440723658328660868639786025657886      
   7.16679514600191469198614556852143631      
   7.10104513033623246482944782323864802      
   7.03709210123841594582789714781906436      
   6.97487376464091793440277306291843195      
   6.91433047686329103091126655508085451      
   6.85540511397613059091220955888889693      
   6.79804294027490746287060321164429125      
   6.74219149292826361997944985912540418      
   6.68780046763398855545306931765191151      
   6.63482161026077486680758545516006004      
   6.58320862191668664025738483222369341      
   6.53291706134906134189342140210372052      
   6.48390425653916415665285185180242801      
   6.43612922084158036891905264325227284      
   6.38955257238390819464696309052898250      
   6.34413646219667821903767417199250593      
   6.29984450019955527039219623495418810      
   6.25664168786099633796910995548453180      
   6.21449435705700322829156616443636597      
   6.17337010934482799844164583541813220      
   6.13323775671779160622554130306259062      
   6.09406726990205922948616484569490005      
   6.05582972593919883858058349351069840      
   6.01849726030347915368344988026614574      
   5.98204302125746719743043238077949801      
   5.94644112395183576299146360692564597      
   5.91166661168876984282486936024558772      
   5.87769541415796140865446572768132723      
   5.84450431151381158775557039189277589      
