   482.989325854482766625225197452827150      
   482.989325854498234655481154983509087      
   482.989325855059819086560773405629421      
   482.989325860516629894659871621309713      
   482.989325887322284515814506978045909      
   482.989325967435644092579296817534050      
   482.989325968950923145095325146778245      
   482.989323869000587490727212784055328      
   482.989307850192948670155226155684874      
   482.989234838319703637127198800577024      
   482.988991240619911306579602764691194      
   482.988340383513761376782668013945296      
   482.986868773418214897502616043021007      
   482.983944755005546259160907272264294      
   482.978698901874597940687560395578756      
   482.970029030597576381449660341390428      
   482.956627172603876415951351740908947      
   482.937022557309724349048304296661218      
   482.909633640881307182669015096089612      
   482.872822787406504338144526826873103      
   482.824948608072665500151422020056266      
   482.764412594925232239967696334664160      
   482.689698184370799753659412248895422      
   482.599401580038264906639293873921773      
   482.492254511355196801583565675946003      
   482.367139633497558594673427090226627      
   482.223099548713465005911650440368460      
   482.059340516810216616266374055586207      
   481.875231889765829271121652544768967      
   481.670302203467623474664049810306253      
   481.444232725263641132825224907224807      
   481.196849118055508873650012393547412      
   480.928111754227375464339726621775713      
   480.638105103324791486433396486267449      
   480.327026529166520655062627116182087      
   479.995174763272524864268772280499506      
   479.642938269415877655637459907363276      
   479.270783675291602692677746971863018      
   478.879244417501859151484538043281012      
   478.468909723546215871640082661896158      
   478.040414035126222738711728888213850      
   477.594426961074795548772833177937177      
   477.131643832735975443684987012528975      
   476.652776920208806047467758088806278      
   476.158547354167104588489562938000860      
   475.649677783413774585404405458175636      
   475.126885786351455604628311137981586      
   474.590878041432870772390441478403767      
   474.042345251020587553605146636279214      
   473.481957801895534287859185406225563      
   472.910362137472799963346636031828004      
   472.328177809461594319004411269702755      
   471.735995169277866797433901296633358      
   471.134373655741823004705391580132482      
   470.523840632031077077914627342254641      
   469.904890721858851291312715312224651      
   469.277985593863161618039400333958885      
   468.643554143920991164692852068071671      
   468.001993024029572865317001277730555      
   467.353667469004472167780011230837214      
   466.698912374304189377326200185661273      
   466.038033579573043458238953029415737      
   465.371309316261837658574033162284026      
   464.698991781121715744625107853438672      
   464.021308793767108834119376133675849      
   463.338465536837687513110877282037583      
   462.650646278203594812875967702230939      
   461.958016140616326860833614844446024      
   461.260722831765639387594234712415066      
   460.558898340232040089716344016077239      
   459.852660576785076013536916072169881      
   459.142114949221683772007526287604837      
   458.427355858355663211717538245241138      
   457.708468107472260340908483649661585      
   456.985528219968083685495688189895777      
   456.258605659069202459481849232435280      
   455.527763948860833238166738100968334      
   454.793061695197577768651128988347637      
   454.054553506470325752314628107582481      
   453.312290816699667571168681164681702      
   452.566322613291189640195006871400224      
   451.816696070750379075907708306815243      
   451.063457097037148608984648232040629      
   450.306650794795681297735870141626645      
   449.546321845922366724967403080998796      
   448.782514819247716099254188147735049      
   448.015274411421521424150713025456691      
   447.244645621086695500078300971417879      
   446.470673870325877773538404261773286      
   445.693405066143696251120340007543593      
   444.912885613698212184874343468916584      
   444.129162393843336386822282275907907      
   443.342282695760751957756772007225900      
   442.552294118222395225457274236144113      
   441.759244442348542343748376648045398      
   440.963181477780544400774495903654421      
   440.164152869214027530138536498726865      
   439.362205914887224781926939994984632      
   438.557387349681418937521229486737506      
   437.749743124032943222943966296389230      
   436.939318158539394932186208899945049      
   436.126156109191942088872707939304897      
   435.310299122345230487292493484591938      
   434.491787553790507178431626290190063      
   433.670659734428004071628589440250296      
   432.846951701162181659082821507743877      
   432.020696964629730199441020566529491      
   431.191926212896393979936114926921146      
   430.360667050977322715210552113531802      
   429.526943770997866119350809947200998      
   428.690777135697052331986114951956036      
   427.852184037590778975428148416021912      
   427.011177275853326777099125540427307      
   426.167765372328059559248437379363907      
   425.321952313810459001703361771353880      
   424.473737175142965201239836584351668      
   423.623114076911481400589979801283615      
   422.770071877820811694884704716730822      
   421.914593806984441618704567426150688      
   421.056657353694731502801588471654103      
   420.196234190403974979429569617252702      
   419.333289567393433554574330313832880      
   418.467782252807955015391703118515505      
   417.599664427681909646189792079558861      
   416.728881121369982838225250992601528      
   415.855370326268428934247237847576713      
   414.979062354188625071319035692261041      
   414.099879890714812232383375372179560      
   413.217737538399621716992759239628859      
   412.332541545536793410542979152558157      
   411.444189561352512459545455683593128      
   410.552570297159428914735788805171345      
   409.657563076562211302260596895995704      
   408.759037793196171435767835373001999      
   407.856854117860172349441969976177494      
   406.950861494944951814776528953461263      
   406.040898565439665426813795496411701      
   405.126792595843424431994444608247204      
   404.208359254310852533637933585922476      
   403.285402026098191820759242305457971      
   402.357711658072042957007275304512804      
   401.425065467147088259053683835685383      
   400.487226933397499391878703122330526      
   399.543945094867086341349112939576086      
   398.594953624474263617549993226053258      
   397.639970043588811955227804475169440      
   396.678695301359390372804467562808971      
   395.710812494591253541137101295644420      
   394.735986202371569682270015392187306      
   393.753861313891307647999162669750714      
   392.764062107944481884653974452761484      
   391.766190996618365140590267103499264      
   390.759827277869651870305149772655266      
   389.744525793409837491572028520329821      
   388.719815879880190439239421773677166      
   387.685199170090110798429078318707145      
   386.640148403622066458065702053573458      
   385.584105589560336920359308300806175      
   384.516480076088754382724995839143185      
   383.436646576634032526665483398157565      
   382.343943159554904626068986427078231      
   381.237668783081881722097868610958569      
   380.117081016368962988968130098426858      
   378.981393814525486443465250671476878      
   377.829774349242940856721763039745356      
   376.661340756666053749609075697843592      
   375.475159033966036339913327147314236      
   374.270240922547617736131448790186457      
   373.045540121751469727651951439120828      
   371.799950511587467696180237880543803      
   370.532303180980367962796440539919054      
   369.241364510190146502702793768918170      
   367.925834211498072238373938995647407      
   366.584344603735729240532414675187476      
   365.215460594765041341288681493590629      
   363.817681254466158271449870430556706      
   362.389442549278763657752664705165487      
   360.929124554434425988129603678845758      
   359.435058807877346122281612910424464      
   357.905542659205938864092586439612171      
   356.338858219025579350313033990137359      
   354.733297757939423841997136749500329      
   353.087199141006640974968707448618179      
   351.398991531166303164654367633198453      
   349.667255265125078943556161232828184      
   347.890798987935705752944061101902231      
   346.068756467553771872384470683625484      
   344.200707585738836144233897804366964      
   342.286827457361604140617993978765544      
   340.328065289697706158405761283058960      
   338.326356069972436542451075510000967      
   336.284867922159408412600046873740032      
   334.208268769329445180908611272855512      
   332.103045548972710887935301876145178      
   329.977782389626026699141233279654780      
   327.843478570165883264797265619904234      
   325.713804684779071685270446647885068      
   323.605296068576313063003128837035398      
   321.537438164903033674259211314238233      
   319.532597808635865574917034987844834      
   317.615822621869685651578309252396579      
   315.814367317478956662103752221793538      
   314.157082593184849650542198620499415      
   312.673596985619563650985711481471657      
   311.393370660876741226053508215222376      
   310.344851281051364903262903378138238      
   309.553843454898977108052276450775298      
   309.043488444908937383652254385041373      
   308.832989262711179531549234195947063      
   308.937233681455750364259084794449973      
   309.366537072874081681783507017637912      
   310.126628331134864118601122300235558      
   311.218849613228226402351756353706359      
   312.640525291159958509442595488421320      
   314.385449670382984770222355592671289      
   316.444438659031566094216923160340059      
   318.805904135216991640277401579522428      
   321.456413418003082537789624761362894      
   324.381206952658383366850472627555361      
   327.564659685985729728053574150253753      
   330.990677424802910264736135271787154      
   334.643025810026011454754937663952787      
   338.505594684803911444522207081309101      
   342.562604533600725677180159850704270      
   346.798759527538759408380630762864381      
   351.199359451681619669692199482276016      
   355.750369960415980195244178737544836      
   360.438468105060811616525160632467081      
   365.251061558975659177942484418439171      
   370.176291312760633638567069403966174      
   375.203019941352771666588321309200841      
   380.320810370274478921249319357116925      
   385.519897963407715638945829725225543      
   390.791158604747179392663015328328148      
   396.126073812916041524387425137675404      
   401.516693997154131532845243981215150      
   406.955603237420971128842098209109894      
   412.435883757169520499843782318157403      
   417.951080942820690667787082107498292      
   423.495172568670053241098768589508654      
   429.062534654531481704250622553637703      
   434.647914953145067051793940421658214      
   440.246405494655754187264910855484412      
   445.853416608836535874048632464552256      
   451.464653911416956631896335587684531      
   457.076097080899687138978013895773124      
   462.683980180330560363995242368498459      
   468.284772925637826164113990410172045      
   473.875164336967505379270563180099049      
   479.452047737735678839293952533739608      
   485.012506547956461820983163437085980      
   490.553801417981774199999373706597419      
   496.073358773691012142130112621648920      
   501.568760229312422378949833154506635      
   507.037732939979758600254527238788367      
   512.478139866156132913300233752990118      
   517.887972700292961267098320576921632      
   523.265343836247865855646836337187010      
   528.608480139823759639717528702043623      
   533.915715104107171897335263097316516      
   539.185485269484629179952255419305666      
   544.416323416062135398729773997094297      
   549.606853914222986320932594072188705      
   554.755788693337217600794232057998309      
   559.861922779216720382170349378934728      
   564.924130672832651505023154288193694      
   569.941362123744805328130939865751031      
   574.912639588790104158206870943299563      
   579.837054611996587516384061293449961      
   584.713765441761805742251652955800943      
   589.541993459886735432811480959442326      
   594.321021697585964871868494143995075      
   599.050191506300952387239293179605858      
   603.728900912662891825293879323551759      
   608.356601271670160526511342633717737      
   612.932798484393101154975155578638395      
   617.457046550871937874207595495942652      
   621.928948233287326289843160252259559      
   626.348153524898126980402704208745808      
   630.714357004324123153134030454862740      
   635.027296486396144517761660041607072      
   639.286751463584630492265673674340350      
   643.492541988466876164893955708984545      
   647.644526145818266901683848055177525      
   651.742599634545779943285191815785455      
   655.786694147190415057404586567773705      
   659.776775328136783394735069846374631      
   663.712842663941344164349172459908361      
   667.594926826661512026770402629372459      
   671.423089689784419155357779558075730      
   675.197422375549468198005401745187268      
   678.918043861408227579086237566134443      
   682.585100745630401479391012795992793      
   686.198765181774809838055587410667399      
   689.759234100023498270428975185509832      
   693.266728222078263820090138336056158      
   696.721491047346866131850888428875894      
   700.123787441506257506322341366680394      
   703.473902815599679617356751702929074      
   706.772142387466135738416789392852089      
