   305.833180578490118847143771537581802      
   305.833180575208522449485551403157112      
   305.833180532679864089517132468032889      
   305.833180317601823404850585586756685      
   305.833179632578655134427431705206111      
   305.833177969418442227807414621591589      
   305.833174579803515330157907437249742      
   305.833168436153001172824734717164559      
   305.833158097978758591135181046800795      
   305.833141312165118127750203127257867      
   305.833114153098472674355988828793393      
   305.833069624316697149772932067318960      
   305.832995839663004838366451032991542      
   305.832874054758594899514026585505675      
   305.832676856971741381774952920619748      
   305.832366754854886876786006293885143      
   305.831895290162516544947234597064933      
   305.831202679432634297092402382216794      
   305.830217908119088815577801692618224      
   305.828859156708600575931583596550555      
   305.827034429534514983178564246672073      
   305.824642271900022523871471852993950      
   305.821572488406799147980219555359898      
   305.817706806333441230707509115824299      
   305.812919456887418026360545592837506      
   305.807077671127099057689234206692981      
   305.800042105128716255543716090635285      
   305.791667220458197139881216152540122      
   305.781801651801220259839950756685780      
   305.770288594523734450653660654039341      
   305.756966242071474755780145607209244      
   305.741668297499887644341147925073618      
   305.724224576104976731255590858267348      
   305.704461708047559180123857765707754      
   305.682203941837443960859416408550688      
   305.657274042186374028856064568207566      
   305.629494269532125459331499793038390      
   305.598687423705911385636822936464612      
   305.564677930906333793011984286047298      
   305.527292951295395670182150336276556      
   305.486363484040472976226033136642357      
   305.441725447271538055674269564379145      
   305.393220712024818663637807830121121      
   305.340698071485014806074625253297017      
   305.284014129583318581131473663618122      
   305.223034088058725640749722211779190      
   305.157632467185328302978068637352143      
   305.087693645982558008611240265247485      
   305.013112354324606156571101597033861      
   304.933794017643449238440327726911391      
   304.849654992609429430909656092048121      
   304.760622690659275562464685470330067      
   304.666635593985150332343042008832167      
   304.567643169868081477637505166924410      
   304.463605690418433780974095087663432      
   304.354493965553134942407288748757218      
   304.240288997513435557877075242755460      
   304.120981565693936057895547727957422      
   303.996571750475349969697254489817058      
   303.867068405109185432764951126090869      
   303.732488583781212030086453988317232      
   303.592856934709716417170732126868438      
   303.448205065792045375067297761410134      
   303.298570890471575308726797576991844      
   303.143997960953500021466026133181275      
   302.984534794281802509430730899462098      
   302.820234198681547486887389568091897      
   302.651152603495402310238259150630031      
   302.477349399035344024926773877477404      
   302.298886289758669397129962440877430      
   302.115826663251829507437594478613046      
   301.928234980203726058399834891927778      
   301.736176185607954035591493482311765      
   301.539715144534672025107894367637769      
   301.338916102558558955352866769551189      
   301.133842174275019783269303071589454      
   300.924554856073146866808003224136863      
   300.711113569484135165764617511467369      
   300.493575229967026585276321953560777      
   300.271993843798774908200482753930624      
   300.046420132474113129025995148608213      
   299.816901181736482818051432874087013      
   299.583480109618958694853824240631611      
   299.346195765439244354951825178418943      
   299.105082451123851755415667048809832      
   298.860169659169299029300230756965665      
   298.611481832711435234283506530734027      
   298.359038140756619378836633011845552      
   298.102852279401047466004177808707410      
   297.842932268764951643274891060829520      
   297.579280270389945128604694152747104      
   297.311892427935557206062046705994938      
   297.040758706267233349406020070129134      
   296.765862742895848281704377243517650      
   296.487181715356007249488313321746618      
   296.204686183505109179246643575759376      
   295.918339940886189555686575543296568      
   295.628099904420228442997527225938431      
   295.333915979940259862208557520388172      
   295.035730918463073461671307331064943      
   294.733480177017983893482672981967656      
   294.427091796989789366824656500359851      
   294.116486248306519244332722041480089      
   293.801576166728851250751858751763410      
   293.482266434608393481647277071385468      
   293.158453786223041116941230281365038      
   292.830026749188376725936748204633626      
   292.496865335153489067822671316059961      
   292.158840886831927630808317167270911      
   291.815815998424297903943747249109488      
   291.467644074708656141147833002868585      
   291.114169021721750631148528183088967      
   290.755225264958555863482948706663942      
   290.390637277356921664320692487766249      
   290.020219071023319670564647836131220      
   289.643774201126649980015398885871336      
   289.261095335523575370825993753417739      
   288.871963473397459365922812230213594      
   288.476148020779662460489842511736097      
   288.073406115990424515637551547010612      
   287.663482043396604757491408150207684      
   287.246106909485914819527278213275996      
   286.820997856841137536055320861111075      
   286.387857729790506778755828203437871      
   285.946374084845465083403557352573035      
   285.496218887336841151968471231839447      
   285.037047456382121177860152851632065      
   284.568497629700962224419543782852831      
   284.090189372584790452834263050272361      
   283.601723150456656617624263506439077      
   283.102679556746217595944277310463581      
   282.592617885219609393144149377606504      
   282.071075207496425021582495006314547      
   281.537564905343445330623155369593774      
   280.991575706690075585609684118058207      
   280.432570071725251152573684070867213      
   279.859982501267030943934303697319370      
   279.273218214922565251303115465461976      
   278.671651500124883363456798351988719      
   278.054623180674905474442384056585485      
   277.421439418396230982965180324702207      
   276.771368992765405036245865467773949      
   276.103641331755672116191732241664958      
   275.417443510688617543465207005398923      
   274.711918058412841471978654113915251      
   273.986159807894527533921501182481856      
   273.239212665355100670782959425790537      
   272.470066283438334259431712463888062      
   271.677652426251348568530027558331090      
   270.860841274096570759579284335852287      
   270.018436606346131668198706019959088      
   269.149171744879592947621544941569150      
   268.251704437663410653621190052368817      
   267.324611682988623275843226749247640      
   266.366383654636837526149436712154094      
   265.375418063271167406820094162090150      
   264.350013481709291326480922472165788      
   263.288361948374047724446259955421260      
   262.188542550166815157765484866027429      
   261.048511892782587321020762927481669      
   259.866096991235155208422807650841444      
   258.638986092936423671528370414515266      
   257.364718835110631860398272707081429      
   256.040677719434486337042688189183552      
   254.664077441668827213484316214705515      
   253.231955468028002164664671614976140      
   251.741162316485305591919269476435980      
   250.188352109934060478577422169765556      
   248.569974143565536407575501236637192      
   246.882266275496167805895969471659427      
   245.121250088701832610363336666472087      
   243.282728186511970134010695058588397      
   241.362287637235785626103193373919593      
   239.355306848387442475365873882986479      
   237.256972991077685773776164126079033      
   235.062304713226530435897955004495839      
   232.766189592434315758144488829471301      
   230.363448307299527491794778289372793      
   227.848890367196983681274122644871874      
   225.217425508871373375515667265168147      
   222.464184125165011999241025034377088      
   219.584679061389060021368425664672296      
   216.574998238780915964956476929447292      
   213.432043539750777215178483702490068      
   210.153805852708021968183207893401614      
   206.739674237460068503595231750310400      
   203.190775402432049866067716774722981      
   199.510317710454684101439635642123686      
   195.703920415481785300703200781674773      
   191.779882764262190874798327963784410      
   187.749359019820703817127007081668480      
   183.626392167998492903003155798200133      
   179.427749784440648123669735658083412      
   175.172572186787852686205078167761287      
   170.881801515167974696814770212855917      
   166.577456014267738643578443128881007      
   162.281800711492843377365422861118949      
   158.016508781355762187460826901342887      
   153.801895142491746538716417053084898      
   149.656294409843113868999834950643005      
   145.595624646813907005647295183550084      
   141.633151015534666966023306277254306      
   137.779431221461288997108406076986221      
   134.042408957408717791479047022948229      
   130.427619840265756538047575754506659      
   126.938459567473900782636212218288581      
   123.576485353980174840384278222429197      
   120.341720434129301684369445452921449      
   117.232943422789933246903255208888817      
   114.247950876048296609304528842589611      
   111.383787377685516626532562178034729      
   108.636941954668948641296574146432634      
   106.003510938943565565814053730381073      
   103.479332356743176166610457886552494      
   101.060094041244351204113021634297149      
   98.7414179566780731616364022481124034      
   96.5189271362772560231152672877101419      
   94.3882960423439456557734154578507479      
   92.3452888752963128476064776873236412      
   90.3857872230119715285558325633641397      
   88.5058097059115361249948090413186088      
   86.7015248172671284345384367503889933      
   84.9692592021068261140640740317012883      
   83.3055016987992585799383009300773442      
   81.7069042066791657794642410204928008      
   80.1702804111010351241856667268638180      
   78.6926028163198208696548322465114331      
   77.2709987180602265583613124254718199      
   75.9027445499276936563635930822174550      
   74.5852607872236692133009795952816685      
   73.3161053679510807371546510111567982      
   72.0929676610290693966729301475426308      
   70.9136620267742162881207556779219038      
   69.7761213981470673361957579008661628      
   68.6783911019087919183660195196897962      
   67.6186228920478364648087433645547362      
   66.5950689738119737900092355851199602      
   65.6060764010191309888537229527731407      
   64.6500816508701308949966483771573834      
   63.7256055595788813488174513224168709      
   62.8312483637688935005062078226197303      
   61.9656851197343488956394858492358669      
   61.1276612721206770866727455902758814      
   60.3159886185930061278997523762349445      
   59.5295413118118968358932148843909882      
   58.7672522692612340318438865352272292      
   58.0281097274653469749774719587470828      
   57.3111538623138711044023840633608967      
   56.6154739786815060402638000783645188      
   55.9402055470711015080511730085670138      
   55.2845274002883193729894594049704201      
   54.6476594107837250997550162770450242      
   54.0288601150225295883357062176866352      
   53.4274243457845743639096491647829893      
   52.8426812648633649357097538570149961      
   52.2739925132144331347226734277938695      
   51.7207501608594110253347121108217185      
   51.1823752876704913900687620909466588      
   50.6583159810119583838756017143518230      
   50.1480463306582733429245776712233372      
   49.6510645496837371381383500592526639      
   49.1668919894399078968208807094791184      
   48.6950716626483468104326744715185339      
   48.2351671889441365455320994542610368      
   47.7867617401124774715018379389975776      
   47.3494568423442518407110433818659664      
   46.9228715677384894524950855070329993      
   46.5066415614840497810320032132944530      
   46.1004181911485729582033958084207378      
   45.7038676744432152883342084492927866      
   45.3166704541334363790421489175151876      
   44.9385203291030966585978300889653963      
   44.5691239075080184583998246810788883      
   44.2081998912792128512422181055623461      
   43.8554784970687309359555331297086088      
   43.5107008864505974189074333671481085      
   43.1736186677554009780199671985041979      
   42.8439933552189148234185305762347677      
   42.5215958788788645566011092025249465      
   42.2062061901096331900991924622057582      
   41.8976127840187630798322402185266695      
   41.5956123194932584079802409829743873      
   41.3000092591458181213306974359166099      
   41.0106154636871395393757544830659033      
   40.7272498878728578974872301893788046      
   40.4497382538163166388408883928982782      
   40.1779127284233602774764657567761992      
   39.9116116490064185267216042538795408      
   39.6506792486778651750026792937577343      
   39.3949653909310260684532690487630472      
   39.1443253266595466380148125223840101      
   38.8986194545608262506174942236449989      
   38.6577131042707863288445940428138586      
   38.4214763284509336724452706192907122      
   38.1897836887119535241743778190744001      
   37.9625140796982526520281522981042183      
   37.7395505417277606726106869218245840      
   37.5207800877402289726817223261310948      
   37.3060935380286178879126381010935219      
   37.0953853661045221159513017675170121      
