   305.833180578490118847143771537581802      
   305.833180575208522449485551403157112      
   305.833180532679864089517132467963963      
   305.833180317601823404850582384508664      
   305.833179632578655134425246157040620      
   305.833177969418442227629189684210373      
   305.833174579803515325872444502063880      
   305.833168436153001124995674921125974      
   305.833158097978758271329001145670742      
   305.833141312165116592984464092676081      
   305.833114153098470577305845751908632      
   305.833069624316656830153289754306287      
   305.832995839662512062402105734841545      
   305.832874054754342113236892544431610      
   305.832676856943947979935184289601378      
   305.832366754710045547412313569475816      
   305.831895289536143676027131438114605      
   305.831202677114462507505262284559129      
   305.830217900595874598224542845836842      
   305.828859134877727237921078705820835      
   305.827034371989642762154648895267317      
   305.824642132319112768968319281661657      
   305.821572173506495797835150510650747      
   305.817706139646963212875001162783811      
   305.812918122354129132290609361459896      
   305.807075129240362952436572820007192      
   305.800037473262919652828580465160814      
   305.791659108061786305273523400281859      
   305.781787940456719770280297091380980      
   305.770266152473888252424697007314165      
   305.756930562699614862096000010714742      
   305.741613051431263939031128451724150      
   305.724141067045501520573083895651575      
   305.704338210474930442133171252937097      
   305.682024971121195987928413817939362      
   305.657019439788367916900596357357211      
   305.629138200600508276041430497961848      
   305.598197233597196352228167990792019      
   305.564012866524342502429608474086690      
   305.526402745392829328770275109317186      
   305.485186802243312968409531556905429      
   305.440188198992596144247626111285974      
   305.391234228300243344793817965756443      
   305.338157153959033116081978172659461      
   305.280794976847438216623897487621987      
   305.218992114383030443042772348299703      
   305.152599985580034952995465435615774      
   305.081477495316008617368320552963270      
   305.005491415482742942663127970819502      
   304.924516661653466192968729996337329      
   304.838436467671132733173840235111697      
   304.747142460572489294034325171658216      
   304.650534641076879831772292262184019      
   304.548521275532264279968963437008139      
   304.441018705317126707666028984977447      
   304.327951082062808269914681225674410      
   304.209250035086316745541628625714304      
   304.084854279921616802750615324946304      
   303.954709173811239711712238495729147      
   303.818766229482656364752740331165031      
   303.676982587273418515693838427199994      
   303.529320461881562091682601594264162      
   303.375746560497548087749087224942645      
   303.216231487412129645759687648419229      
   303.050749133443643105262644548446987      
   302.879276056320617662308161348708691      
   302.701790861398248558195064363258985      
   302.518273573794349467663330658458264      
   302.328705036770089743666815664611212      
   302.133066282602167369802302057511399      
   301.931337938423061185662419732893447      
   301.723499636275454170147562305571331      
   301.509529432084950827799247008975189      
   301.289403240081842243291228261459118      
   301.063094277513250097649791036611977      
   300.830572534932394781764481999107237      
   300.591804237384211056314190913954078      
   300.346751338879258593956502956425174      
   300.095371040917036455156597058652367      
   299.837615296631750273690178547009046      
   299.573430350919446930299821194820065      
   299.302756266239498269253612553869592      
   299.025526455537852109388966854399661      
   298.741667224278405021759217322271736      
   298.451097479346999464930832765906238      
   298.153728070261800201050970613411311      
   297.849461517436070716605666509472684      
   297.538191578591691835972562445110933      
   297.219802690432973761340946983082118      
   296.894169638389497066478525629793523      
   296.561157094972561513117986511843108      
   296.220619200082633156651741729173126      
   295.872399062979406355691856941022206      
   295.516328339138570997543392240520163      
   295.152226669095897799239938328589750      
   294.779901164501881527045805525761790      
   294.399145987082118234006100259376591      
   294.009741660716529338130848018476619      
   293.611454715093290577135773963362372      
   293.204036954839390341265361154326999      
   292.787224647667903840570403286899700      
   292.360737996917543042762366883404044      
   291.924280534403138196083596471245114      
   291.477538517779004109221874671572340      
   291.020179402138473466056760075054964      
   290.551851623057297376023920351300069      
   290.072183642174733951030700214423237      
   289.580782966712715276851944125386398      
   289.077234313593745339654961448481035      
   288.561100207170636105159851685058644      
   288.031917601308488044790108424771081      
   287.489198574256961530729011108184008      
   286.932427775818626928789635491634797      
   286.361061458529790118230107742239033      
   285.774525453907488137589789392923414      
   285.172214119962135485266529956171638      
   284.553487725359522910651326123059994      
   283.917671203995975023254781193828456      
   283.264051708362913479303218368969135      
   282.591876350690189557320380596298182      
   281.900349750112525811048229755240759      
   281.188631014970212935565359679084133      
   280.455831948980929180742937358875744      
   279.701012724479599722646263972430118      
   278.923179437892591763748156179364121      
   278.121279786603630668505336196103115      
   277.294200051783107231143986546309003      
   276.440759907005154185550750963742481      
   275.559708755345771026489468165593666      
   274.649720019926328036261804870268399      
   273.709386537486071892160971259863375      
   272.737214289943500993810978619510721      
   271.731616648572068613032847973263231      
   270.690907099134844596521996551971034      
   269.613292523918196728510097465422393      
   268.496865046900340724299497596736602      
   267.339593777527729074482572805678555      
   266.139315702888015102478364341769557      
   264.893726424422436073404002102717357      
   263.600369396512810953932022593957062      
   262.256625562540195822920781362903758      
   260.859701697549298981517183536204839      
   259.406619052026210105895276948304559      
   257.894200400314842854914620959542753      
   256.319059149526678051297145630379027      
   254.677586907200506228347607788593150      
   252.965942371517051743651529761704978      
   251.180042262240784086673133079610612      
   249.315555300467379490089870261805092      
   247.367897382201705622983601749276625      
   245.332236028129397061764391731438233      
   243.203496226719933911068215326771387      
   240.976392847246454224360267983932327      
   238.645451278226445385819979200423415      
   236.205070164515794470889503976119349      
   233.649596612379272180389368639850465      
   230.973433720614681390371920172542208      
   228.171182134549788621021235830518606      
   225.237820004389451278628827709870347      
   222.168931190434983707025298147299178      
   218.960971177517944437829843395141878      
   215.611577724015197291626796758547569      
   212.119920266499769492117046150955193      
   208.487059333719301552406018974839940      
   204.716317273540896594061210883967512      
   200.813617869833063459412867328734674      
   196.787777679941365577912682500302962      
   192.650688524022642810529017616270223      
   188.417364711617738450657361496757593      
   184.105791022462965188949794672129560      
   179.736566548510156930863665349590222      
   175.332289816164817548202556996151197      
   170.916789772323708942811663694433432      
   166.514178879982584393032078241704801      
   162.147898757540273651751041764270175      
   157.839810453365199851819727671812010      
   153.609439722041964151671035193142885      
   149.473440161705150412945260230302184      
   145.445299601069921418911539627267765      
   141.535283644534713893187931497561691      
   137.750577725259040477353271226502209      
   134.095581078024394495975120211152045      
   130.572285392340638577126131891863399      
   127.180694811364111900691338447230060      
   123.919245692450601516698911405902810      
   120.785189668570841609702475511683338      
   117.774932996522694152161553562662680      
   114.884318700319756579305504634205780      
   112.108853351845403321431952995373588      
   109.443882031324232518037362015966899      
   106.884718411314986843520574006284990      
   104.426736779172273861480802204460130      
   102.065434975110640561552458756622588      
   99.7964722371797731510411093296753108      
   97.6156923392018913813708542792776331      
   95.5191318871324680849002535456325242      
   93.5030208785089185327579480022601961      
   91.5637778328067301069047253942363016      
   89.6980018289439336820250219579774846      
   87.9024618068035914154817252686949313      
   86.1740864958693301686005456001209685      
   84.5099531838598397620819156524602444      
   82.9072781940842925059719035186491589      
   81.3634075787266718846705693931037791      
   79.8758085953355893422681342035568189      
   78.4420627631916283400086380556441165      
   77.0598588829735230681568055527762307      
   75.7269876916132571849809896219780745      
   74.4413365289429956197537441405082292      
   73.2008847543115209649674920903781789      
   72.0037004004355919519016211991764343      
   70.8479346329798262108835178348172375      
   69.7318209674897414298577607687610404      
   68.6536700430334254489500423590010152      
   67.6118672083333355199193962117492066      
   66.6048699313622349104033148548533589      
   65.6312046147603041117952232008633563      
   64.6894642161001369278911796454092825      
   63.7783055802438833771893498344911877      
   62.8964466202188056632285357640609611      
   62.0426642825975213913562219344087191      
   61.2157916347367032834499856494735771      
   60.4147158420518982609590845339551313      
   59.6383757083524304552320579068762411      
   58.8857593497381032003666789135070146      
   58.1559022339723605819635901043458382      
   57.4478843350680755498934335318204146      
   56.7608291390163064735167827224992384      
   56.0939009208571868798050147066747959      
   55.4463027917178427296709982897323969      
   54.8172751273988523776177478589396481      
   54.2060936544048776426651972601256363      
   53.6120677446535714087613424669286399      
   53.0345386508125256252150859166265095      
   52.4728781544589041311955693511864738      
   51.9264868632220121760932453294929796      
   51.3947928035994538858289625937759086      
   50.8772501988472934181791300275584704      
   50.3733378968052555510795033966762448      
   49.8825584234799838881209463254510959      
   49.4044365818511645754211762492747635      
   48.9385184058972211299130566412956499      
   48.4843701410366519502567082954933997      
   48.0415771139400352881375774851615914      
   47.6097429036336693005518757688289225      
   47.1884883364491081469455226857094072      
   46.7774506887598431902203469946861730      
   46.3762828114557524250019921627821909      
   45.9846523998773830386706866581033928      
   45.6022412475520401556236193764078141      
   45.2287445401132277160533419613665393      
   44.8638702608760421485361965118107658      
   44.5073383871175410061253681577910660      
   44.1588805721936214889866547663135632      
   43.8182393698699700934409511283431288      
   43.4851678075974793515486458138559356      
   43.1594288538329097224172631620433592      
   42.8407949469181413696388016774259252      
   42.5290475561957485225523720227777022      
   42.2239767522020982029444645421225678      
   41.9253807989151103054482833762211570      
   41.6330657886998987826349492740736245      
   41.3468452532077229337613607222944329      
   41.0665398485057595951047005230243363      
   40.7919770166290683832162775227685072      
   40.5229906823586789799262457426852773      
   40.2594209487381716219786072370780989      
   40.0011138430284201049686675082508698      
   39.7479210372414128577933055649226551      
   39.4996995894219002391097812516302918      
   39.2563117444158283345099396603282312      
   39.0176246501944957395736149694587238      
   38.7835102098281493545126529141350628      
   38.5538448236655321129270764654665166      
   38.3285092320892942732002769904321084      
   38.1073883052759393628837481609976208      
   37.8903708955524821119740337788895798      
   37.6773496477470856373136132980062616      
   37.4682208516462173587460843320800987      
   37.2628842942749773966767080343573734      
   37.0612431147190059684486244443191421      
   36.8632036503848086970471300486016581      
   36.6686753477053780278923112198629786      
   36.4775705946837728098636160317157004      
   36.2898046240725361639537823317813901      
   36.1052954036648742050790282954111823      
   35.9239635203857214113656206735877601      
   35.7457320782594351761425900818171796      
   35.5705266040666819086547795325588323      
   35.3982749569950535380098172692403933      
   35.2289072343306168841046212631161163      
   35.0623556795960732756521294229417143      
   34.8985546181318449499712974060703945      
   34.7374403684207831135905806683212076      
   34.5789511695198480908179930752038283      
   34.4230271072905011144427672118425036      
   34.2696100503118427745984133406397562      
   34.1186435851262441751132045713086191      
   33.9700729548875988936523897503640693      
   33.8238449906235105018714144618513268      
