   6.96056439612021242808744050739751650      
   6.96056439612024352967699184838872928      
   6.96056439612189877694147170481817357      
   6.96056439614162191579813047008209360      
   6.96056439625239883292488119689283493      
   6.96056439665422381575740065146776290      
   6.96056439775841288409173254734578766      
   6.96056440027108812797627932042779570      
   6.96056440526140059587295572682495936      
   6.96056441418962540554153369297730151      
   6.96056442885352210796797464476788832      
   6.96056445120135424932243052242194998      
   6.96056448296614495180054212124050678      
   6.96056452509694175144955259152180275      
   6.96056457699071219778296436315152442      
   6.96056463555440884854713860775335843      
   6.96056469414586494184701684181500172      
   6.96056474145354774995427439421248835      
   6.96056476038014853848934852799877667      
   6.96056472699546044895407452939381645      
   6.96056460962139501470924982136959055      
   6.96056436810678848903787024861927251      
   6.96056395334160501627554515865475806      
   6.96056330704881045771316963338664973      
   6.96056236187749945117336490776027977      
   6.96056104180344283803910629666194155      
   6.96055926282444687101113570376543556      
   6.96055693391960205322393287640776471      
   6.96055395822554428716584233427290320      
   6.96055023437082757112037660624328209      
   6.96054565790240992338778188933814622      
   6.96054012273639361038805014478491624      
   6.96053352256820671952253690359958275      
   6.96052575218455040744252501172106235      
   6.96051670862954944079792549590760525      
   6.96050629218942073612254704741177331      
   6.96049440717245490334830258792662707      
   6.96048096247320905939533156933280056      
   6.96046587192076801888722336150015728      
   6.96044905442025029532456364763164185      
   6.96043043390413112474773478526027283      
   6.96040993911535401772173768560455252      
   6.96038750324768908204414139723120168      
   6.96036306347055121866765244950177705      
   6.96033656036577184049338677425559487      
   6.96030793730290595108706232500842592      
   6.96027713977783600894820066320803725      
   6.96024411473697640336372776419812081      
   6.96020880990652282117902827217064576      
   6.96017117314313277249500785044800267      
   6.96013115181933230432146117255731303      
   6.96008869225394558353436238652044200      
   6.96004373919502545752068835414025461      
   6.95999623536019999097532913596024480      
   6.95994612103706623438695181820299168      
   6.95989333374428320654691248795304184      
   6.95983780795234993012931787712664754      
   6.95977947485381767879812544712004657      
   6.95971826222410288112443450517698898      
   6.95965409426224415281596208130375372      
   6.95958689154199525221637641374869379      
   6.95951657097071210210826489572953658      
   6.95944304578776872699631999345612046      
   6.95936622559059813021965760085502002      
   6.95928601638306413396691318909114060      
   6.95920232064025190102121780911519681      
   6.95911503738456774854884841609430387      
   6.95902406226781072515649184345241517      
   6.95892928765504208257424537775221381      
   6.95883060270504244257614799441486465      
   6.95872789344373610483073445464078079      
   6.95862104282728211109743340800445459      
   6.95850993079048199171569348400024956      
   6.95839443427868415990933650494966757      
   6.95827442725972857808521781369620802      
   6.95814978071382300345018153591625569      
   6.95802036260005927398780838967720238      
   6.95788603779696226708407118778661733      
   6.95774666801584606597780883278205445      
   6.95760211168587870494727115244132061      
   6.95745222381163075906222619086846096      
   6.95729685579664141879214335709486614      
   6.95713585524073423920955908517123160      
   6.95696906570543996867424104811750203      
   6.95679632644203402491870727400697304      
   6.95661747209780609182233260130596599      
   6.95643233238066036712866631503311846      
   6.95624073169729790052486615714664106      
   6.95604248875601192661143525159153271      
   6.95583741613725272104809006279103513      
   6.95562531983365558285834386875319061      
   6.95540599875086600940136022384663022      
   6.95517924418518763750096631299279356      
   6.95494483925084393251208061496320488      
   6.95470255829576747166477575118621606      
   6.95445216626122840764814083403795657      
   6.95419341802153587543913103689032733      
   6.95392605767584758750836496741184670      
   6.95364981781430627938054022450791421      
   6.95336441874680264348254170509538022      
   6.95306956767401901994287320790922110      
   6.95276495785258513665206925484638422      
   6.95245026768687958742429456614365528      
   6.95212515979590324970529149020118588      
   6.95178928005188916224514160809704202      
   6.95144225651791242279595052909666806      
   6.95108369841089741223812997319338956      
   6.95071319496909287972907611822906288      
   6.95033031425986245553698595282393868      
   6.94993460198916299952968880840172246      
   6.94952558019228960207318517849930817      
   6.94910274589905083536655436970923576      
   6.94866556974359790720870551182882353      
   6.94821349444958500782482318373763669      
   6.94774593333779513018361683594357364      
   6.94726226868350352551440410608931229      
   6.94676184995384154764444855409850111      
   6.94624399240056012071673316968626188      
   6.94570797460258192476700449171438322      
   6.94515303695362645605637846317699817      
   6.94457837949428108428348091950640910      
   6.94398315971075020890906624775022041      
   6.94336649030603968951235032235446771      
   6.94272743688857295916006188468027102      
   6.94206501531978124068669334416047621      
   6.94137818916912303427243658285524651      
   6.94066586698769479933444553347940403      
   6.93992689924610166984710852433353684      
   6.93916007525572776821943700136816254      
   6.93836412008296578925016880367097331      
   6.93753769092424847412466198331880679      
   6.93667937349487853953871289522482492      
   6.93578767818225184592606608194137568      
   6.93486103615126109536138770738132626      
   6.93389779471220271045059114530773487      
   6.93289621292308944618890779056075009      
   6.93185445687781498942205933380674665      
   6.93077059427897815997036598105481884      
   6.92964258926169347625013911288733984      
   6.92846829645994097636700848457168206      
   6.92724545488976909836015908687517127      
   6.92597168124264978620885468366169302      
   6.92464446312528057518580729604376007      
   6.92326115184534857541675995525802968      
   6.92181895383610870260434402121616454      
   6.92031492286699525880370581695560426      
   6.91874595064603206172581421202023995      
   6.91710875738172112011338570476902732      
   6.91539988151601964574553047367116359      
   6.91361566840128149103978217577591088      
   6.91175225947419754615306519486150561      
   6.90980557840123019209698133886501993      
   6.90777131822424081304816857281381140      
   6.90564492712607616520212590184988882      
   6.90342159212266112739692539568879443      
   6.90109622331568826187590581920164434      
   6.89866343519605244981927954617814925      
   6.89611752766766365888464582566461349      
   6.89345246552674538890375479244864018      
   6.89066185583360106636478086044145860      
   6.88773892419797496281063058466572742      
   6.88467648904594692934861839773535643      
   6.88146693345442003808005224281411830      
   6.87810217596916548356290522049023595      
   6.87457363782830181921111698603577524      
   6.87087220904000958790377442636504541      
   6.86698821071586926103950501631749133      
   6.86291135611267595739385480538453257      
   6.85863070723756445684802918910562362      
   6.85413463024560725307379091428913329      
   6.84941074609531332550104286206794893      
   6.84444587948689704121238755230104027      
   6.83922600535348844351440646532287460      
   6.83373618988389591038488686142771436      
   6.82796053212771893597051048749564999      
   6.82188210221486577930871162487193144      
   6.81548287767502263459987024562199571      
   6.80874368070784939036267439712478884      
   6.80164411563848003694906226190222748      
   6.79416250924839528087310707657975208      
   6.78627585600846337907629604798168671      
   6.77795977198596807414175063552224664      
   6.76918845915886158607544099832819618      
   6.75993468621578072687183260598715266      
   6.75016978973022888436165113661518044      
   6.73986370009689326735280040653159975      
   6.72898500075316521025199943584324292      
   6.71750102446863139537369409974798282      
   6.70537798625031669995178632498896196      
   6.69258116600803755572433909042144371      
   6.67907512970709434781540026956718898      
   6.66482399297805137969941001147551453      
   6.64979171442180785360349959917854047      
   6.63394240587596568829705350190814446      
   6.61724064468616145393078474020660105      
   6.59965176465959193053668557057878860      
   6.58114211065105160706372277447653194      
   6.56167923786953532188083278610587640      
   6.54123204892280375982339029825218588      
   6.51977086402217765173741827758035317      
   6.49726744500217109253917471111435227      
   6.47369495795823114698271937510536065      
   6.44902790617852183689478955167859266      
   6.42324207800891702034837813342186168      
   6.39631445822700622673254945411324602      
   6.36822316119996984658781961222211784      
   6.33894736799559997695846111120580324      
   6.30846727021893996942836540571310989      
   6.27676401704697694166212480136802110      
   6.24381966282874532997789352444980391      
   6.20961711238508619042147252973391973      
   6.17414006281994941957071348792446690      
   6.13737294265986868675800697141485608      
   6.09930084704050184180576023420439216      
   6.05990947257330900410761436934414005      
   6.01918505138594265277143408618846669      
   5.97711428703753787955908370647635349      
   5.93368429285172297424559997555369137      
   5.88888253358707966905230147114238439      
   5.84269677135077470643577656874852373      
   5.79511501531557817615037349623202359      
   5.74612547699668975776841864910100889      
   5.69571652891390992880143561549664757      
   5.64387666802972268852449458747166484      
   5.59059448345822026605315207507905843      
   5.53585862757952668276107031834416715      
   5.47965779086962377523765048346094513      
   5.42198067977632384533185322787308812      
   5.36281599751020176523942435018238325      
   5.30215242725147827813421277478721294      
   5.23997861772676797285033521416318369      
   5.17628317057986769599513935585482865      
   5.11105462967690695917594650533627009      
   5.04428147186876859536175007087817680      
   4.97595209882902541877476325346781480      
   4.90605483058403619356621614896699433      
   4.83457789953030589901394653748693158      
   4.76150944561112484860755715520247649      
   4.68683751214629400257492589609000018      
   4.61055004234805263651449624878542753      
   4.53263487644892956357495171628107494      
   4.45307974924026167562926712476143352      
   4.37187228812847074990901185596847366      
   4.28900001149008305107781288942669384      
   4.20445032738116684907987847504526613      
   4.11821053254202284351880647248492620      
   4.03026781160336178468593478476561748      
   3.94060923652123776054600988863290178      
   3.84922176618581032706062479333964822      
   3.75609224620536601162649077120981279      
   3.66120740879270453318859689296091596      
   3.56455387278870390774777539044002210      
   3.46611814376679755151103425740617981      
   3.36588661425116534360334213194711663      
   3.26384556397769457646005268120796348      
   3.15998116024249436768716491258627581      
   3.05427945828249304794869873334505970      
   2.94672640172237983195660715784426760      
   2.83730782303617129237091742505024452      
   2.72600944406860091574620375329842642      
   2.61281687656023965148327325625896108      
   2.49771562270552414305107675897381234      
   2.38069107572942285016304704395598479      
   2.26172852048015061048562271258859673      
   2.14081313402718345410545991901769723      
   2.01792998627257199734459918835176499      
   1.89306404057095028779303346558055571      
   1.76620015435220354070155763690202948      
   1.63732307974605370773432802739603878      
   1.50641746420878182843831519794942314      
   1.37346785115474877044949728353616631      
   1.23845868057911253922454764256220896      
   1.10137428968315023907951113957943857      
  0.962198913496404666393451987176036459      
  0.820916685495046270920417944496365585      
  0.677511638214782502011857154215592401      
  0.531967703861392385280155648099585024      
  0.384268714913971610663746420174045931      
  0.234398404721463591030255095195067497      
   8.23404080992090307485419010152293338E-0002
  -7.19217380902141816431919950937023764E-0002
 -0.228404594353488622966467602629898454      
 -0.387124817994795254308254871907360447      
 -0.548099162549541116056279678683228025      
 -0.711344477226440733480353421944560149      
 -0.876877706352995823887680619001319723      
  -1.04471588883081218115728086237487722      
  -1.21487615759715919153503769161998852      
  -1.38737573909548196178677254057154083      
  -1.56223195274865607606766402708124536      
  -1.73946221044320581815261946462933271      
  -1.91908401601992580232531362690158520      
  -2.10111496476780438902672124931500938      
  -2.28557274293226466920990019291330317      
  -2.47247512721931049308337361259206663      
  -2.66183998432047393454129541903952757      
  -2.85368527042961587885969478668994274      
  -3.04802903077910866142899537001194225      
  -3.24488939917522186280753866647023414      
  -3.44428459753903353634671121437781701      
