   6.96056439612021242808744050739751650      
   6.96056439612024352967699184838872928      
   6.96056439612189877694147170481817357      
   6.96056439614162191579813047008209206      
   6.96056439625239883292488119689283570      
   6.96056439665422381575740065146759727      
   6.96056439775841288409173254728036767      
   6.96056440027108812797627931440475102      
   6.96056440526140059587295551792640107      
   6.96056441418962540554153004315152993      
   6.96056442885352210796793597638906442      
   6.96056445120135424932214931353071874      
   6.96056448296614495179901207061044673      
   6.96056452509694175144292684488996555      
   6.96056457699071219775906404257834477      
   6.96056463555440884847281378754938521      
   6.96056469414586494164238183555700792      
   6.96056474145354774944444834858836835      
   6.96056476038014853847293152903727705      
   6.96056472699546044883421577207036909      
   6.96056460962139501398237604483494931      
   6.96056436810678848527738094468781027      
   6.96056395334160499933369506141819468      
   6.96056330704881039009571799189937737      
   6.96056236187749920862382362109040963      
   6.96056104180344204647134581231500211      
   6.96055926282444449613087277701894311      
   6.96055693391959544417960050224818293      
   6.96055395822552709524479752149602678      
   6.96055023437078548865357720228938686      
   6.96054565790231242453578287933311216      
   6.96054012273617871050092128814148906      
   6.96053352256775407012940942843525772      
   6.96052575218363566161458480987577822      
   6.96051670862776960185520296630512591      
   6.96050629218607598272809425006364806      
   6.96049440716636701220949781131665667      
   6.96048096246244988034246484358677422      
   6.96046587190226336961737609069256067      
   6.96044905438921502723810642042760207      
   6.96043043385327988327768129360825456      
   6.96040993903381931765369478527746276      
   6.96038750311956370653042505921065013      
   6.96036306327295562185767875416454992      
   6.96033656006632920068877696654657020      
   6.96030793685648785001094755847154273      
   6.96027713912242046763091656427301265      
   6.96024411378843733363247354345566761      
   6.96020880855214600280663986688395775      
   6.96017117123362843882542063416820323      
   6.96013114915908860675003253454315773      
   6.96008868858924086978986279351437704      
   6.96004373419989071585406401086449772      
   6.95999622861959652617794303151477685      
   6.95994611202701788585413960031242338      
   6.95989332180857752723240914090658692      
   6.95983779226703541441306530909868866      
   6.95977945442617157497800885514928641      
   6.95971823581471231131582481111246982      
   6.95965406036940016890470068691055036      
   6.95958684834874057188164006074581322      
   6.95951651629169483106899348214501086      
   6.95944297700943945231333453058577253      
   6.95936613960424580720927729762831029      
   6.95928590951019049669671460354007384      
   6.95920218854978283248036259782769611      
   6.95911487500140931809842369284997528      
   6.95902386367226413088487085783282484      
   6.95892904597261325011588395380490147      
   6.95883030998618563351029920676182015      
   6.95872754053309418242067316900563909      
   6.95862061922201873802684229055945826      
   6.95850942448729810130887705194634215      
   6.95839383160915886735648815521419042      
   6.95827371271363551754467768310589825      
   6.95814893675009407951890223649035733      
   6.95801936944510752054435571113759390      
   6.95788487323010204710806072349098602      
   6.95774530714153212990664964222104393      
   6.95760052669254632284719884396994238      
   6.95745038371697220534443162893394848      
   6.95729472617902148041776194479062509      
   6.95713339795673364984503633422550898      
   6.95696623859318072492357023857160239      
   6.95679308301022433068934349079534855      
   6.95661376120042800825810902296035143      
   6.95642809787696886097588787534904797      
   6.95623591209717577674260595135285933      
   6.95603701685030003380822923445647062      
   6.95583121861322229115480765858548516      
   6.95561831687494900782745045523548767      
   6.95539810362226564343529064418369296      
   6.95517036280015401223436814260873003      
   6.95493486972820317930002076993358010      
   6.95469139049478672736305856111345379      
   6.95443968129806402486747066507471025      
   6.95417948777687220573552343075670267      
   6.95391054427939423137236657590153901      
   6.95363257311242488715404003062087805      
   6.95334528375260708243708211650846062      
   6.95304837199700877233598762978749279      
   6.95274151910991831899215814619924551      
   6.95242439089354981013874663510524147      
   6.95209663673321375375836347660293449      
   6.95175788861471540264392508428916972      
   6.95140776003739051472386412279996551      
   6.95104584495336136405582212890414391      
   6.95067171661015974467136922236092474      
   6.95028492632947075968415644719942224      
   6.94988500229025993703861695033579796      
   6.94947144818661582198649934169154510      
   6.94904374186714990170768878895022537      
   6.94860133390366340098613350959336488      
   6.94814364604511227584967493161559574      
   6.94767006968622404220522108573835847      
   6.94717996409206057899213357440378423      
   6.94667265505205995862219694059696004      
   6.94614743251970706850005380865315764      
   6.94560354901756255441976167252666390      
   6.94504021759008217144075015057046857      
   6.94445660972497267928680958226352552      
   6.94385185304160821905164117410793381      
   6.94322502903920667108347502007920196      
   6.94257517070970053835542459058586587      
   6.94190125979228233131073681081502577      
   6.94120222418579659987060820949622109      
   6.94047693513749029458659288447618077      
   6.93972420407146883911577041481225808      
   6.93894277948228085149508631189832688      
   6.93813134364661956968953470386692389      
   6.93728850901684535761629422652572002      
   6.93641281440500714298477026080376993      
   6.93550272117893822020065020555840779      
   6.93455660896093642454932657645611087      
   6.93357277114636586465857082372709355      
   6.93254941028322567572531887228324534      
   6.93148463310126297474310009925121965      
   6.93037644512265120880432569382533737      
   6.92922274521985623257891823741478123      
   6.92802131938462188489611152598024036      
   6.92676983472404952564917848879141905      
   6.92546583223800658550497334828657908      
   6.92410672029103277320881690052438285      
   6.92268976646262531735384547851878411      
   6.92121208958061247812383637851747065      
   6.91967065101638219805606375678228575      
   6.91806224544398911524769728845701303      
   6.91638349088684593118608829380360596      
   6.91463081817841397460831550780530059      
   6.91280046009263924459049451267342506      
   6.91088843847738648442580252709950474      
   6.90889055165922968516890208590857729      
   6.90680236093250274097805709858437028      
   6.90461917516067639999509175807063071      
   6.90233603521926400864862842930697160      
   6.89994769695008218108557754677519713      
   6.89744861238282386523703870910503131      
   6.89483291066520183450259449678848103      
   6.89209437649651874257403531523504672      
   6.88922642742727104965734631051729744      
   6.88622208991446770822831388417888487      
   6.88307397240465864210521979377708697      
   6.87977423775851447365377475685065911      
   6.87631457272570549079448723865657238      
   6.87268615556702397910738176105243588      
   6.86887962095506751762518307766703801      
   6.86488502314572834357567818952315541      
   6.86069179548980804400242173113401838      
   6.85628870860995480609935325827842903      
   6.85166382382444723111497490195150517      
   6.84680444587574470537367075745468419      
   6.84169707266950812652205628454414120      
   6.83632733962238011784045079888745568      
   6.83067996538950029729493908355656552      
   6.82473869343207916704026701535187111      
   6.81848623247541874875710152655020397      
   6.81190419672339601447230483894622638      
   6.80497304605424045686559189989459292      
   6.79767202894737679329401844275157587      
   6.78997912857237142763015631646369641      
   6.78187101574417162378748049964530408      
   6.77332301119876821970769575320947270      
   6.76430906136026244682952372013946922      
   6.75480173053266843949409496906515105      
   6.74477221511527484450855714870613481      
   6.73419038637153065203572951628407460      
   6.72302486579210828682262130279006089      
   6.71124313244146129186029208450205419      
   6.69881167655051114029382486512709540      
   6.68569618890358610227721122014306366      
   6.67186179233376116012061326231415667      
   6.65727330447196058897388590736871849      
   6.64189552367456851498990247709403332      
   6.62569352371981749773793701423866808      
   6.60863293829012090840845595358022457      
   6.59068021954648047928395304822385484      
   6.57180285148962792422443591657336359      
   6.55196950864510864329374783788281632      
   6.53115015329636507306013435563087997      
   6.50931607250615111407698835689545189      
   6.48643988525428075367751349217226642      
   6.46249547001965865438919388708635190      
   6.43745793479915151271402066577367917      
   6.41130353627222902006842992424306860      
   6.38400962079839269389420707915570239      
   6.35555457010815363215175864754166674      
   6.32591775477307310046892874313881351      
   6.29507949265010641349549751856918003      
   6.26302100881091139245294522059916613      
   6.22972439285506409050382818277617853      
   6.19517255163877766761355026599611676      
   6.15934915835643700495860867535094109      
   6.12223859497192708876966657199085214      
   6.08382589220194113461906395666197637      
   6.04409666697720480481871468649160192      
   6.00303705971244672300585599887141002      
   5.96063367250714358390434477085485407      
   5.91687350964968867398591730640239839      
   5.87174392120532415970132213940246858      
   5.82523255065107285945348085696178629      
   5.77732728628416163768520197118475185      
   5.72801621737811207320181155190605106      
   5.67728759424043714822898017928015247      
   5.62512979259127233429380515289111831      
   5.57153128181326624015837342583480169      
   5.51648059685918548129335557426708943      
   5.45996631351581033794189751638116207      
   5.40197702663670398619008610871860656      
   5.34250133126450970135609802042702914      
   5.28152780597026810050582548616618120      
   5.21904499856836600376172206504969130      
   5.15504141358730144347352066574771768      
   5.08950550156510858114721372360804963      
   5.02242564978414552245517251020651769      
   4.95379017410348561429167129710691421      
   4.88358731233084097386278467005040783      
   4.81180521824559289508225230131299172      
   4.73843195658697754228438800940774218      
   4.66345549880714763758477183186852935      
   4.58686371947700381890846992255482454      
   4.50864439323950608282104725708725546      
   4.42878519228581479676986188496714394      
   4.34727368422366798118763132332797908      
   4.26409733034455978351096868138289775      
   4.17924348420740448910107645354499627      
   4.09269939051367664658362320565158889      
   4.00445218420064365276266708590033431      
   3.91448888976640400360810678363652344      
   3.82279642078340129676774232439416745      
   3.72936157956643468278116972606883102      
   3.63417105696366300503030054955934391      
   3.53721143228774028288572033192213156      
   3.43846917334394949612863765607692656      
   3.33793063655266600584150727089616817      
   3.23558206713234370929668999553613796      
   3.13140959937232208241243668326510188      
   3.02539925695168946258722392554066118      
   2.91753695330265333135497936897654362      
   2.80780849202480968847231363861490348      
   2.69619956732793444486178642224376295      
   2.58269576451516457683728072230982390      
   2.46728256048137046435537612855454289      
   2.34994532423801523484169388788457336      
   2.23066931745135198244717099393731056      
   2.10943969500337381726614596863084191      
   1.98624150555591796607154514243814922      
   1.86105969212688917638563355175510658      
   1.73387909267425437246066640025445684      
   1.60468444068497922900616334730700744      
   1.47346036576661393457924226111754414      
   1.34019139424014601494288260681682803      
   1.20486194973491794139208731090672072      
   1.06745635378209007843874355184857343      
  0.927958826407791730903946440932019652      
  0.786353486723610532763158364665701254      
  0.642624353513488343717281323182351231      
  0.496755345818025907231993170591894428      
  0.348730283514299480407252125656062525      
  0.198532887890649347587244961574432683      
   4.61467822189986650085951133884791671E-0002
 -0.108444507682798097810607896824867271      
 -0.265257552889756435808338420778993015      
 -0.424309020815537025044614923571487524      
 -0.585615674665666013996227134988116612      
 -0.749194372893456143815824683572167079      
 -0.915062068668797075498482627955262771      
  -1.08323580934319817010607905089422467      
  -1.25373273593128834820431953411674142      
  -1.42657008259225465491715957149950511      
  -1.60176517612042912391683193986192622      
  -1.77933543544074804625817024115078429      
  -1.95929837111418614785188058907791098      
  -2.14167158484277872605999866694097898      
  -2.32647276898921531488611582437949168      
  -2.51371970609724404210577134415104308      
  -2.70343026842035612529873766685647649      
  -2.89562241745503233327691365694547346      
  -3.09031420348582058661256512114684076      
  -3.28752376512753001490645487133767312      
  -3.48726932887868197095177697836260573      
