   305.833180578490118847143771537581802      
   305.833180575208522449485551403157112      
   305.833180532679864089517132468032889      
   305.833180317601823404850585586757474      
   305.833179632578655134427431715675774      
   305.833177969418442227807421197496159      
   305.833174579803515330158587134530361      
   305.833168436153001172847383606877855      
   305.833158097978758591489111084761499      
   305.833141312165118131000783473658669      
   305.833114153098472694626087635601006      
   305.833069624316697244316589924448654      
   305.832995839663005191363461596915873      
   305.832874054758596011193056135248649      
   305.832676856971741490815410310052470      
   305.832366754854888299352983946648759      
   305.831895290162529100691812822531097      
   305.831202679432720127432406710056812      
   305.830217908119568403318624007147862      
   305.828859156710835018341861262853645      
   305.827034429543638034556967105267993      
   305.824642271932962604912830583705258      
   305.821572488513660741559372559914699      
   305.817706806649075581201549774428843      
   305.812919457745737338484708496100708      
   305.807077673296356889644558961860918      
   305.800042110265165733427922629449586      
   305.791667231931809717651017810158398      
   305.781801676123688450349656097854065      
   305.770288643708190958160145342922641      
   305.756966337376525227756164868276289      
   305.741668475157608361856284020897613      
   305.724224895801964088739704246897314      
   305.704462265117119459322964884963552      
   305.682204884325329997646347161305361      
   305.657275594167102574693633593286342      
   305.629496762271710108424628526979599      
   305.598691336483427426869001245193466      
   305.564683943514325064678050818956445      
   305.527302010430971584438723438951657      
   305.486376885967404873420762541928414      
   305.441744939275630657363978091239909      
   305.393248615287983241058175831156453      
   305.340737428074006612742844396783144      
   305.284068876267385833424406610136327      
   305.223109267575234322557616775179818      
   305.157734442404740862849725390691757      
   305.087830389580410804172770569890883      
   305.013293749951113776961237146590742      
   304.934032206237967896183844238936415      
   304.849964759742156716086484123112628      
   304.761021896521725424694408477067230      
   304.667145647315287238435949725542655      
   304.568289546796441481864854665011076      
   304.464418498860978569567709626328425      
   304.355508555413007754891233744083020      
   304.241546616644444611347188551545743      
   304.122530056501825198605720205171600      
   303.998466308575912190266074727773817      
   303.869372357028960914820314830163285      
   303.735274222355225121651866564616065      
   303.596206391508455542448239310493907      
   303.452211222551838807327455086031575      
   303.303338327566188275333976344920947      
   303.149643940736506923782540508243134      
   302.991190277555942745197271577447005      
   302.828044891576336297435292715202169      
   302.660280033147033326764521458112328      
   302.487972015545415854560938752289044      
   302.311200592309242948135633393909909      
   302.130048348972552293012482032446036      
   301.944600113219337624095411389648043      
   301.754942385185299530384615347265344      
   301.561162790233446280755537229708628      
   301.363349556359242525675049011287642      
   301.161591016700064358339310975457378      
   300.955975138054838575211037867947092      
   300.746589077187433076213431298283031      
   300.533518763585640962569197241105990      
   300.316848509641865968729578363682856      
   300.096660648495313779163836646945328      
   299.873035195876848864099657412051602      
   299.646049538605248320068666570067244      
   299.415778146649315410975855610010680      
   299.182292312210081322144792785596949      
   298.945659907400369807280596319588056      
   298.705945166377474904634544279997947      
   298.463208483638206130277225349151935      
   298.217506238129427770773392017371958      
   297.968890625949576177622491549277457      
   297.717409509545308787810640301456145      
   297.463106290303355005258725115730764      
   297.206019787033497770229652342718377      
   296.946184129261426535156092576987614      
   296.683628662360601068378720284212323      
   296.418377864441805431053993528748440      
   296.150451241425091664916090887727534      
   295.879863276804900874619004589800181      
   295.606623356376933917777550141556791      
   295.330735710146200932831080196435010      
   295.052199339545289551355859612396616      
   294.771007970984627517366972560790377      
   294.487150003756940566951425297366550      
   294.200608421567812836032701038645274      
   293.911360752746582866592317099269436      
   293.619379011782570982145817420989698      
   293.324629659142506538370224749822213      
   293.027073486377638408284572541619773      
   292.726665541806032435005179540756915      
   292.423355086861417284511039859420163      
   292.117085557680733802648926238776660      
   291.807794344853141597333856262534082      
   291.495412749416467647450578873842133      
   291.179865942947494745445941058079837      
   290.861072807367881429506532423408775      
   290.538945618063137734986798235792679      
   290.213390332033355689891254197581503      
   289.884306044793868246873200567315215      
   289.551584864962618706397416314523262      
   289.215111928546779649012283218586425      
   288.874765099800407746129703062646571      
   288.530414635103242372589516358742418      
   288.181923125532115142319302718793275      
   287.829145201733810189839770044697093      
   287.471927127631589936872802109684162      
   287.110106762706562139336602330581820      
   286.743512867775495756196389877113952      
   286.371965208996451548443212675680570      
   285.995273740107842759149507746990916      
   285.613238635882217366870750861391539      
   285.225649342732315388442531395358705      
   284.832284682629821987288652431179303      
   284.432911817017054557754446055033955      
   284.027286109054634657850303414272382      
   283.615150347941121751012610807252204      
   283.196234000717803667566663348214597      
   282.770252831816525829358051948186028      
   282.336907950998155357515710438814177      
   281.895885001872578763886339536670441      
   281.446853414717637070540555422743990      
   280.989465503952363452183080049879947      
   280.523355139067688187090265217712793      
   280.048137169646978052899281675799275      
   279.563406038050428780451270175841419      
   279.068734086481519406400471418066773      
   278.563671157840126833502194374844654      
   278.047741984208827425720574793393147      
   277.520445420049585181898000883542845      
   276.981252348965327277236754708073877      
   276.429603900722310961456467538709998      
   275.864909148926385985792560337191005      
   275.286543438031334946845781047865455      
   274.693845250049583010036154732793637      
   274.086114137973901610015665851474609      
   273.462607441794893193854095189602630      
   272.822537652339181256434576514759026      
   272.165068351311800165753640846079713      
   271.489311081969706625724616847238437      
   270.794321021879122685076168294654224      
   270.079092741641774803780927212282157      
   269.342555123573579721696227714758846      
   268.583566286254648841979073445965045      
   267.800907919083871966497172747119989      
   266.993278819081169946977937803254259      
   266.159288155488604395894330631281758      
   265.297448249973303058298915268287698      
   264.406166452613162769705371200722855      
   263.483736055869643579433431751470804      
   262.528327037486797480878457416256737      
   261.537975813102590035636382868751708      
   260.510574277788301465195262091940459      
   259.443857762183500831112461713231361      
   258.335392094668763251983603528599166      
   257.182561736403929599120899678791174      
   255.982553604652553291729655178872694      
   254.732344439465297659894974183642324      
   253.428685321726960903530278741843650      
   252.068087212045426908237033294417628      
   250.646807719138273960874385061126940      
   249.160837714314095735630843695865407      
   247.605891461045589747343055953590680      
   245.977400002347224888014262798030683      
   244.270509185795248274080098090481060      
   242.480084606250517952992134718275083      
   240.600726544198504427733984262949841      
   238.626796821327370443709120616594116      
   236.552460870197701650375723471217660      
   234.371750012572810287375158167512574      
   232.078649092341251107685446938442749      
   229.667206776731399279168624471507888      
   227.131681170010442829980891000811702      
   224.466727622068165069889451932632265      
   221.667600107698776579648807350122678      
   218.730408697338205545257102459067988      
   215.652394837726517726756291525233876      
   212.432227695221683768121567213739920      
   209.070304666949093969201239113590956      
   205.569041097211244548496709373946835      
   201.933118135088699822835668444237514      
   198.169657222956128645664501433147682      
   194.288391075670588339905530472540220      
   190.301562490397554374066376007904592      
   186.223843560653825383277161848373401      
   182.072159885197965579904483143804261      
   177.864887482840882931801727485731525      
   173.621884376125457136854362201125431      
   169.363550573339465854325536553969078      
   165.110279195485321152488571653652677      
   160.881828033986478381407051396120474      
   156.696766355909331288011750064377716      
   152.572014873370889081107637067012602      
   148.522512342894048516438730857970423      
   144.561015061741071982923526062980659      
   140.698021500283569854912498053616578      
   136.941809073326681947100011021346256      
   133.298552530319687155412360270011780      
   129.772504431658400706289566802894716      
   126.366211307771861303280251592558511      
   123.080744777480347331839191018083548      
   119.915932870401557897175669446498634      
   116.870579747004956610050452329477238      
   113.942667660354749796362641435459192      
   111.129535925888650132897152678216184      
   108.428036118098788432071130884738292      
   105.834665976618463599799936434048562      
   103.345679544917002128859131650666239      
   100.957178878120480763975026976669859      
   98.6651880712420106745897893339444462      
   96.4657122975044007961037028354055228      
   94.3547847353104060418643798258447416      
   92.3285023845918617944416333749295285      
   90.3830531715523903663898701783004480      
   88.5147358540396167206321771647222159      
   86.7199741950351839270653871879608143      
   84.9953264744692687553299260190638000      
   83.3374909407420981463012255442503112      
   81.7433086848043032705108792155845732      
   80.2097640703733629828431166610147428      
   78.7339830160026086203922477803504506      
   77.3132310064898517092028705571795218      
   75.9449087868416851764948345341723684      
   74.6265483057513534690613592894334445      
   73.3558077873320296400298769903535544      
   72.1304665367005746963590160304821673      
   70.9484195326695085601291230804470480      
   69.8076721259429003108538874419009078      
   68.7063346355034339936731907071924196      
   67.6426169624855451636241168075248435      
   66.6148234019743771898151556217383278      
   65.6213477171451898722916477450051130      
   64.6606681707172860301420539055000343      
   63.7313429469379992349919234980826497      
   62.8320056071647579198178320960936824      
   61.9613610451309483317682343017633564      
   61.1181813163343080411447153432044652      
   60.3013018155169630556694996889120653      
   59.5096177306434742742118280035302765      
   58.7420807142154734240253460916807662      
   57.9976954603060711392451163911913451      
   57.2755168881021766765265795848750960      
   56.5746471785729903817019244935089836      
   55.8942330679037216862146290461017644      
   55.2334634272176232765065140763937432      
   54.5915667623361998911042134805224652      
   53.9678091324483659569227575348735601      
   53.3614918996043682152459412540304935      
   52.7719498393441353138160351922187889      
   52.1985492819766201632725248668287302      
   51.6406863840700234650469529079558573      
   51.0977854852449897460051865467542840      
   50.5692974926489859238447092671708375      
   50.0546986145349813090502396013512055      
   49.5534888699076762389880778093879878      
   49.0651907458697559726758663250415202      
   48.5893481827795306704379646942119538      
   48.1255254327297370615657614218196760      
   47.6733057620244579632839554047897684      
   47.2322907796841818218064601632051878      
   46.8020991979026200318448592620145106      
   46.3823662021504411094388102859024912      
   45.9727424175219681338908009513109126      
   45.5728932469419760753285101090583915      
   45.1824980845550705824316962520376545      
   44.8012496108896399542215458760259531      
   44.4288531795762787295164093006684216      
   44.0650261270317934335171547805201993      
   43.7094972663545691098623389207623811      
   43.3620062566503732959244808474683904      
   43.0223031392088595312890404141700578      
   42.6901478156936697622891209455309141      
   42.3653095819354499723217274752771735      
   42.0475666966070163193406345849019932      
   41.7367059574466304821417400369276481      
   41.4325223077070386781595477500453540      
   41.1348184592419760527571737942530351      
   40.8434045327146962550646801008514651      
   40.5580977568596616131150759878482029      
   40.2787221005671322003502186860771537      
   40.0051079870692250684464776873911320      
   39.7370920437104689884064912380750304      
