 0.13585192139466E+03
 0.13585192139477E+03
 0.13585192139743E+03
 0.13585192141518E+03
 0.13585192147755E+03
 0.13585192163060E+03
 0.13585192193224E+03
 0.13585192245033E+03
 0.13585192326954E+03
 0.13585192451821E+03
 0.13585192642504E+03
 0.13585192940961E+03
 0.13585193419491E+03
 0.13585194192336E+03
 0.13585195425448E+03
 0.13585197342922E+03
 0.13585200229597E+03
 0.13585204429237E+03
 0.13585210339874E+03
 0.13585218406851E+03
 0.13585229114437E+03
 0.13585242977229E+03
 0.13585260532917E+03
 0.13585282336238E+03
 0.13585308955529E+03
 0.13585340972743E+03
 0.13585378985585E+03
 0.13585423613050E+03
 0.13585475503752E+03
 0.13585535345989E+03
 0.13585603878400E+03
 0.13585681902003E+03
 0.13585770290346E+03
 0.13585869998959E+03
 0.13585982072785E+03
 0.13586107650431E+03
 0.13586247965808E+03
 0.13586404347084E+03
 0.13586578211427E+03
 0.13586771058591E+03
 0.13586984460651E+03
 0.13587220050618E+03
 0.13587479508507E+03
 0.13587764547713E+03
 0.13588076899118E+03
 0.13588418296849E+03
 0.13588790462674E+03
 0.13589195092862E+03
 0.13589633844704E+03
 0.13590108325178E+03
 0.13590620081403E+03
 0.13591170591780E+03
 0.13591761260493E+03
 0.13592393412575E+03
 0.13593068291718E+03
 0.13593787059961E+03
 0.13594550798530E+03
 0.13595360511358E+03
 0.13596217129311E+03
 0.13597121516792E+03
 0.13598074478684E+03
 0.13599076769570E+03
 0.13600129102855E+03
 0.13601232161961E+03
 0.13602386610998E+03
 0.13603593106965E+03
 0.13604852311642E+03
 0.13606164904581E+03
 0.13607531595572E+03
 0.13608953136882E+03
 0.13610430336941E+03
 0.13611964071865E+03
 0.13613555297926E+03
 0.13615205064285E+03
 0.13616914522911E+03
 0.13618684941699E+03
 0.13620517713854E+03
 0.13622414368214E+03
 0.13624376579983E+03
 0.13626406178428E+03
 0.13628505157068E+03
 0.13630675681224E+03
 0.13632920095619E+03
 0.13635240931684E+03
 0.13637640915355E+03
 0.13640122971774E+03
 0.13642690637154E+03
 0.13645346495815E+03
 0.13648094467189E+03
 0.13650938333830E+03
 0.13653882104219E+03
 0.13656930018440E+03
 0.13660086552535E+03
 0.13663356421880E+03
 0.13666744586134E+03
 0.13670256254077E+03
 0.13673896884988E+03
 0.13677672199241E+03
 0.13681588176748E+03
 0.13685651057837E+03
 0.13689867356480E+03
 0.13694243860299E+03
 0.13698787660250E+03
 0.13703506109353E+03
 0.13708406844842E+03
 0.13713497832704E+03
 0.13718787327243E+03
 0.13724283900831E+03
 0.13729996452807E+03
 0.13735934209824E+03
 0.13742106743626E+03
 0.13748523976919E+03
 0.13755196192022E+03
 0.13762134055014E+03
 0.13769348617715E+03
 0.13776851339987E+03
 0.13784654077799E+03
 0.13792769150769E+03
 0.13801209332277E+03
 0.13809987865875E+03
 0.13819118490545E+03
 0.13828615460697E+03
 0.13838493578651E+03
 0.13848768200107E+03
 0.13859455299247E+03
 0.13870571468394E+03
 0.13882133976678E+03
 0.13894160762035E+03
 0.13906670515476E+03
 0.13919682771809E+03
 0.13933217739016E+03
 0.13947296585782E+03
 0.13961941367546E+03
 0.13977175259791E+03
 0.13993022285458E+03
 0.14009507603597E+03
 0.14026657613733E+03
 0.14044500014193E+03
 0.14063063666124E+03
 0.14082379450337E+03
 0.14102478682020E+03
 0.14123394476534E+03
 0.14145162617556E+03
 0.14167820019467E+03
 0.14191405769176E+03
 0.14215961108707E+03
 0.14241529338609E+03
 0.14268156482277E+03
 0.14295891099872E+03
 0.14324784570100E+03
 0.14354891308130E+03
 0.14386269041547E+03
 0.14418979015626E+03
 0.14453086384997E+03
 0.14488660461811E+03
 0.14525774907480E+03
 0.14564508515388E+03
 0.14604945255698E+03
 0.14647174691050E+03
 0.14691292669612E+03
 0.14737401984981E+03
 0.14785612645095E+03
 0.14836042642234E+03
 0.14888818868176E+03
 0.14944077671241E+03
 0.15001965692016E+03
 0.15062641068132E+03
 0.15126274246858E+03
 0.15193049331119E+03
 0.15263165024387E+03
 0.15336836240337E+03
 0.15414295181454E+03
 0.15495796225037E+03
 0.15581606959310E+03
 0.15672024732711E+03
 0.15767368901795E+03
 0.15867985802095E+03
 0.15974249854857E+03
 0.16086566361191E+03
 0.16205373209113E+03
 0.16331142679918E+03
 0.16464383299848E+03
 0.16605641531426E+03
 0.16755502123331E+03
 0.16914588141697E+03
 0.17083561418405E+03
 0.17263119821106E+03
 0.17453994415281E+03
 0.17656944637321E+03
 0.17872751212296E+03
 0.18102207749453E+03
 0.18346108226356E+03
 0.18605234800411E+03
 0.18880339561034E+03
 0.19172127216366E+03
 0.19481234087908E+03
 0.19808206732576E+03
 0.20153480923601E+03
 0.20517362082545E+03
 0.20900000773902E+03
 0.21301403325323E+03
 0.21721393708446E+03
 0.22159631140760E+03
 0.22615613756372E+03
 0.23088692473481E+03
 0.23578089990876E+03
 0.24082922857071E+03
 0.24602230134655E+03
 0.25134999883496E+03
 0.25680188491214E+03
 0.26236754774607E+03
 0.26803664490339E+03
 0.27379916533136E+03
 0.27964549251915E+03
 0.28556647588295E+03
 0.29155350030221E+03
 0.29759842786562E+03
 0.30369385940957E+03
 0.30983272303259E+03
 0.31600852598017E+03
 0.32221526289620E+03
 0.32844737739948E+03
 0.33469971566175E+03
 0.34096751503524E+03
 0.34724636442059E+03
 0.35353216413197E+03
 0.35982109728157E+03
 0.36610962332532E+03
 0.37239443297893E+03
 0.37867242790247E+03
 0.38494071076628E+03
 0.39119656808310E+03
 0.39743744490925E+03
 0.40366093492319E+03
 0.40986477114551E+03
 0.41604680300395E+03
 0.42220500801285E+03
 0.42833741578737E+03
 0.43444231470767E+03
 0.44051791213978E+03
 0.44656256813324E+03
 0.45257471243236E+03
 0.45855286125774E+03
 0.46449559773555E+03
 0.47040157196034E+03
 0.47626949610460E+03
 0.48209814831283E+03
 0.48788635779535E+03
 0.49363301749663E+03
 0.49933706689665E+03
 0.50499750139909E+03
 0.51061336396881E+03
 0.51618374721340E+03
 0.52170778750783E+03
 0.52718467055595E+03
 0.53261362544600E+03
 0.53799392021729E+03
 0.54332486937395E+03
 0.54860582677114E+03
 0.55383618700514E+03
 0.55901538263237E+03
 0.56414288670826E+03
 0.56921820833138E+03
 0.57424089382583E+03
 0.57921052614099E+03
 0.58412672429738E+03
 0.58898914050979E+03
 0.59379746233009E+03
 0.59855141022634E+03
 0.60325073799336E+03
 0.60789523099592E+03
 0.61248470654922E+03
 0.61701901205288E+03
 0.62149802530646E+03
 0.62592165408526E+03
 0.63028983395588E+03
 0.63460252959404E+03
 0.63885973152514E+03
 0.64306145842059E+03
 0.64720775455468E+03
 0.65129868849692E+03
 0.65533435428075E+03
 0.65931486985492E+03
 0.66324037590050E+03
 0.66711103510417E+03
 0.67092703317701E+03
 0.67468857521301E+03
 0.67839588750981E+03
 0.68204921563364E+03
 0.68564882357909E+03
 0.68919499405196E+03
 0.69268802677516E+03
 0.69612823842653E+03
 0.69951596087153E+03
 0.70285154219706E+03
 0.70613534404957E+03
 0.70936774266260E+03
 0.71254912734387E+03
 0.71567989957032E+03
 0.71876047296512E+03
