   6.91360382032448847522976250442333937      
   6.91360382032448897452856100055816334      
   6.91360382032452743201328781372420985      
   6.91360382032516444341181800519019733      
   6.91360382032990751712095170085428655      
   6.91360382035170981779289182249893567      
   6.91360382042467998402730422170718624      
   6.91360382061958405575435446425728890      
   6.91360382105548862151269469248262414      
   6.91360382188595357241498574562996417      
   6.91360382321898980230866407327400322      
   6.91360382491702757149370268748835473      
   6.91360382622650346082758098375291380      
   6.91360382520635179016485764623346572      
   6.91360381795271752346487366087033343      
   6.91360379764466427169614090910056122      
   6.91360375345691119785207107219762841      
   6.91360366939923801487595260809136573      
   6.91360352314906435010599004683873145      
   6.91360328494558583840144958399734600      
   6.91360291661223392034644408557149542      
   6.91360237076963395844972367743589282      
   6.91360159029329653572206005548109774      
   6.91360050805908767570014903469984445      
   6.91359904700412674630498860673662854      
   6.91359712051301122569055261298590008      
   6.91359463311913453972539554620598114      
   6.91359148149176560928000298373519195      
   6.91358755566240377297922793145238995      
   6.91358274043007829992224991528423473      
   6.91357691687778443590953931643922229      
   6.91356996392897466012788542142111866      
   6.91356175987552027514505304021968569      
   6.91355218381524085681876549540827358      
   6.91354111694707833385009594064715504      
   6.91352844368387681549507254500442834      
   6.91351405255556977703716608445554404      
   6.91349783688792515328996008853723670      
   6.91347969525375320176438184857931985      
   6.91345953170288986255031465743791689      
   6.91343725578568056477541994414614735      
   6.91341278239021080235778542092204691      
   6.91338603140166142010189360912136045      
   6.91335692730127499918408113560270083      
   6.91332539851712862753131439131064212      
   6.91329137682482565199290987720279630      
   6.91325479662946150872839743034492872      
   6.91321559422513804468464188516936574      
   6.91317370704025441339021800954309611      
   6.91312907288545443082582197031454716      
   6.91308162921795635962121297904538282      
   6.91303131243325637835639777994295182      
   6.91297805719241505300670544735248156      
   6.91292179579016398743616832550799279      
   6.91286245756748388727492244122530869      
   6.91279996836986385214828156196627218      
   6.91273425005078576098174263905300935      
   6.91266522001919305990326525666994164      
   6.91259279082761245316021815948410169      
   6.91251686979841839603324499132545355      
   6.91243735868261877082446489170097032      
   6.91235415334832522860163036944687364      
   6.91226714349300043476004870192282968      
   6.91217621237533402065257235966575244      
   6.91208123656264276974975030678127589      
   6.91198208568639837578887464457752738      
   6.91187862220654399753853889921760461      
   6.91177070117456622301293082041953287      
   6.91165816999657774690029700385853999      
   6.91154086819127185877178793084785303      
   6.91141862713610042294238890501820085      
   6.91129126980622858139434929049450795      
   6.91115861049634892150874291725190195      
   6.91102045452871938882365438967811154      
   6.91087659793824624118670716210632358      
   6.91072682714764903702693626947832473      
   6.91057091860517855486047367744570412      
   6.91040863841279440639464474837628072      
   6.91023974193318749471493145489334871      
   6.91006397335537354360126133436260818      
   6.90988106525955008445557659974874387      
   6.90969073813079723134706019608642819      
   6.90949269985208843823310308340092474      
   6.90928664517476145569793953637397460      
   6.90907225516563317457824306334634103      
   6.90884919661350959119127517774911637      
   6.90861712141132948616922349863889597      
   6.90837566590841622978361197200775163      
   6.90812445024812403253271808722021803      
   6.90786307761389259627520604006190988      
   6.90759113348711932445312990197939549      
   6.90730818488212002652297030098499615      
   6.90701377952401341326384862493569652      
   6.90670744500467288668351985793253219      
   6.90638868792225664292173989149870031      
   6.90605699286235230606523865579315338      
   6.90571182142627094987942442811021895      
   6.90535261124340897085448632566485298      
   6.90497877496424288806525542263652441      
   6.90458969892900280385742398188729002      
   6.90418474242947250695471912010947678      
   6.90376323609864232447687565229697226      
   6.90332448065353495186209328020180709      
   6.90286774568728910521942643284972011      
   6.90239226820652042990275024535571352      
   6.90189725139523175625083360218241126      
   6.90138186279963354849001847485074256      
   6.90084523259413461684609999108450966      
   6.90028645219971054283869788019849480      
   6.89970457290612652916539579158137576      
   6.89909860288715574121429028887341525      
   6.89846750596711712251575900106526322      
   6.89781020021867485662402833936453877      
   6.89712555455028436641502275366582010      
   6.89641238694292560837780375096986721      
   6.89566946270050481416112557733311382      
   6.89489549145282128598412776659036543      
   6.89408912402268145661774725486805548      
   6.89324895127828337316174676351123266      
   6.89237349914963417506969066029070852      
   6.89146122800996162610053828877271457      
   6.89051052693492779743915527105996132      
   6.88951971312126626802928387846417491      
   6.88848702583326531349081273888213969      
   6.88741062468938898329770272179197364      
   6.88628858490069813732767119053502422      
   6.88511889318111539696690586636794551      
   6.88389944416932704657888033583275464      
   6.88262803508433059492763806579368175      
   6.88130236172972590008277410280694550      
   6.87992001292500283415852308574142744      
   6.87847846707205339288020353217374140      
   6.87697508351888997638289744607997463      
   6.87540710059853241342123803513014301      
   6.87377162614260912423227137532302795      
   6.87206563413582880755516055107363135      
   6.87028595620370200541895364801028268      
   6.86842927538424266522085672423012346      
   6.86649211885372006042073737320119048      
   6.86447084957913970868672859091979262      
   6.86236166027431743910673357090860893      
   6.86016056238902004180498390994611717      
   6.85786337903988611575652729419080754      
   6.85546573535864238393295739598167737      
   6.85296304884014297065462214137004983      
   6.85035051888887873500119883268184551      
   6.84762311678507912717685749185051964      
   6.84477557505299727816340896690686190      
   6.84180237394772296171166400733237012      
   6.83869773173733187993385722581952786      
   6.83545559194804411159323598193799159      
   6.83206960869099726384698157537338112      
   6.82853313441110847784810517884194400      
   6.82483920760630349591727053817338766      
   6.82098053559377747233379512960370368      
   6.81694948182802835586938931882879068      
   6.81273805009450415254230869259533272      
   6.80833786949812249574205770083647482      
   6.80374017941346364791642319041662860      
   6.79893581392719162332883517400533666      
   6.79391518584503815419471551343997809      
   6.78866827301148214006300968168074203      
   6.78318460208846134526131645109867615      
   6.77745323650593625773638890183020428      
   6.77146276290196112683726694843193223      
   6.76520127999728232673692478593810870      
   6.75865638988345973051831231780316565      
   6.75181519201768102844213532198872109      
   6.74466427834879781352838413339376501      
   6.73718973350102250957398686298219431      
   6.72937714232992749152487114265030974      
   6.72121159709534986668485512539086354      
   6.71267771443083959472010986274949114      
   6.70375966065672084992575976267945177      
   6.69444117933505435632355126198829357      
   6.68470563261107316330888149267514402      
   6.67453604871640349545958232783282726      
   6.66391517595043548860877446387339357      
   6.65282554427268383024818225702454935      
   6.64124953290593287663754406664011566      
   6.62916943845512391911074589122008393      
   6.61656754058357735748180718792268997      
   6.60342616056506545465723746407254295      
   6.58972770191562195811427966543632164      
   6.57545467459168284885580691784667634      
   6.56058968942690086066402537965859737      
   6.54511541168806796678013703748712571      
   6.52901449244607206922304504154363386      
   6.51226946192339988946409234119041272      
   6.49486259020547254096791882302267459      
   6.47677575534054075071366959701562374      
   6.45799030005274854705896002384263612      
   6.43848692322377340255084992369339487      
   6.41824560584540931006603456178789488      
   6.39724558782479140346729185614401291      
   6.37546539494305321527668637695177195      
   6.35288291600269889344354085629861247      
   6.32947551726063633601010039713990387      
   6.30522018399743570268722287027512506      
   6.28009367469763101892115839201587437      
   6.25407267647808775782939160934787398      
   6.22713395225080415755694552416300162      
   6.19925447094379630849039307829518683      
   6.17041151822218800612350698755833984      
   6.14058278474897948842608232875428488      
   6.10974643275394988209903346400746560      
   6.07788114128846556734029721646883309      
   6.04496613362770151427142279445974906      
   6.01098118857148747266795273991732855      
   5.97590663878447790372315387468799257      
   5.93972335888265779251450304675024637      
   5.90241274585283055281224523224916816      
   5.86395669358830460288639139020066840      
   5.82433756397848566529044771686472962      
   5.78353815519122436301507973633974522      
   5.74154166921410269813891569126114313      
   5.69833167893465110104327061240257003      
   5.65389209587863921057985799461511776      
   5.60820713875295781934575104313223028      
   5.56126130336759300245298374033988057      
   5.51303933407012755687827259447398668      
   5.46352619693306161981311242366591567      
   5.41270705461164150973416607546010913      
   5.36056724295012609175191277731680604      
   5.30709224930415375966195014273403028      
   5.25226769250949609946161433142378339      
   5.19607930454386167925820945911611187      
   5.13851291351262377083854530193320270      
   5.07955442814154076183573061877112420      
   5.01918982354174888824957435139754329      
   4.95740512821978068381944554165542493      
   4.89418641219476847999843751715924981      
   4.82951977612204171938775517016174007      
   4.76339134139887046438079360889210233      
   4.69578724110572470654959631022151440      
   4.62669361180228753496223807807914240      
   4.55609658597625727414072077286460584      
   4.48398228520533300580551691066738666      
   4.41033681389989718437305279898934707      
   4.33514625361195285584567445222101122      
   4.25839665784607292464640288364017626      
   4.18007404730095929291580477742529452      
   4.10016440556889182112336550925825437      
   4.01865367518422193210475914938436998      
   3.93552775402796624901527840069672964      
   3.85077249204877899409873274902801950      
   3.76437368826919529462983057893368017      
   3.67631708803862759290037201909978930      
   3.58658838054923103885104598483733524      
   3.49517319656327663325696343838569736      
   3.40205710630277816749864246918800046      
   3.30722561759600881863971387906178842      
   3.21066417408237147829008202594281033      
   3.11235815369356715231397782467718100      
   3.01229286713778736576488920638616448      
   2.91045355664045263027333803139982963      
   2.80682539469731054935417350296421594      
   2.70139348299092989341434471053505105      
   2.59414285137745980117492464162902412      
   2.48505845699215467930852664177045752      
   2.37412518338739618263881681525557680      
   2.26132783975946086419082740192020396      
   2.14665116038410384071943750454404446      
   2.03007980379219786065500782410016010      
   1.91159835231975375036905510344488762      
   1.79119131159144732520800058685309214      
   1.66884311000819482900718689094549078      
   1.54453809834882565436268056881895582      
   1.41826054939999754784000550895055546      
   1.28999465760257563059902879938848023      
   1.15972453873407437846392910457055016      
   1.02743422963311056549261816554980802      
  0.893107687996657927079516850335453164      
  0.756728792107167524472401683846910536      
  0.618281340681036921364367258599838079      
  0.477749052694879373962477420270113920      
  0.335115567222552337832260740055804122      
  0.190364443345683104313334550337881297      
   4.34791600105950111724144115698592936E-0002
 -0.105556884014903608447498461721251915      
 -0.256760370244899979617900747589014025      
 -0.410148060523454292878606596987794958      
 -0.565736797049085003980274406812626669      
 -0.723543502415335605438264183411693150      
 -0.883585179626923747789737146095597129      
  -1.04587891208983674820816447797763247      
  -1.21044186362405071572802664890595750      
  -1.37729127841700728438305627338763726      
  -1.54644448102459128036193180993401186      
  -1.71791887632109134902254910169436789      
  -1.89173194946120744970640387375843159      
  -2.06790126582001871923136426757289261      
  -2.24644447094311011258873744856601689      
  -2.42737929047825741799056874647151557      
  -2.61072353010344445847915224163016575      
  -2.79649507544239051912126429568128710      
  -2.98471189200307736028161857231852678      
  -3.17539202506605057733108420832036387      
  -3.36855359960316084475879371185511949      
  -3.56421482017564220794787239978513954      
