 0.23956012399918E-16
 0.48538636827540E-15
 0.21593443501616E-14
 0.79833821322162E-14
 0.17257047981324E-13
 0.26671003459625E-13
 0.72881868890336E-13
 0.10435414300139E-12
 0.17076680116022E-12
 0.28004558063302E-12
 0.41990570433870E-12
 0.60517734776836E-12
 0.76842885894963E-12
 0.13015257859882E-11
 0.16016436216976E-11
 0.16307343470822E-11
 0.32786768603118E-11
 0.35834938124622E-11
 0.57913428130407E-11
 0.80349584845788E-11
 0.16138507352022E-10
 0.40538657376831E-10
 0.94656474343352E-10
 0.23340208665105E-09
 0.55378031447317E-09
 0.12287402628010E-08
 0.26070929833584E-08
 0.52298857711297E-08
 0.10043527501695E-07
 0.18468910898925E-07
 0.32729108329176E-07
 0.55956970421360E-07
 0.92691470812807E-07
 0.14914409415210E-06
 0.23368238654066E-06
 0.35727842077650E-06
 0.53410830807083E-06
 0.78214393670711E-06
 0.11237179166530E-05
 0.14828175915673E-05
 0.20237034816980E-05
 0.30807444325816E-05
 0.42867987505141E-05
 0.56021144346501E-05
 0.70803102542854E-05
 0.89848157647944E-05
 0.11623964699281E-04
 0.15130138540137E-04
 0.19399577049973E-04
 0.24261999012270E-04
 0.29742587593765E-04
 0.36129052034030E-04
 0.44293727327406E-04
 0.54578137258532E-04
 0.65280630958888E-04
 0.78301722761344E-04
 0.93317917670414E-04
 0.11060924258204E-03
 0.13043046129474E-03
 0.15305366318812E-03
 0.17877107033992E-03
 0.20789450229913E-03
 0.24075768239509E-03
 0.27771553700930E-03
 0.31914766673567E-03
 0.36545736257145E-03
 0.41707428271301E-03
 0.47445931995892E-03
 0.53810097715661E-03
 0.60852168611549E-03
 0.68628274157750E-03
 0.77197800942864E-03
 0.86622578037654E-03
 0.96973679126237E-03
 0.10829678658767E-02
 0.12074468939472E-02
 0.13439005678794E-02
 0.14925629392249E-02
 0.16545152087340E-02
 0.18311671458405E-02
 0.20235486726195E-02
 0.22334124569698E-02
 0.24619451841627E-02
 0.27103407965814E-02
 0.29805521220357E-02
 0.32736879663081E-02
 0.35922586432368E-02
 0.39378873456278E-02
 0.43140953687893E-02
 0.47227973102559E-02
 0.51667148627089E-02
 0.56472540510781E-02
 0.61699940416522E-02
 0.67609605958245E-02
 0.73378667706397E-02
 0.79928769780117E-02
 0.87245195705244E-02
 0.95384026030758E-02
 0.10424535461442E-01
 0.11379537459785E-01
 0.12376809036259E-01
 0.13462012979665E-01
 0.14620531035031E-01
 0.15904174010554E-01
 0.17323087911594E-01
 0.18906019793776E-01
 0.20595248104547E-01
 0.22423679125997E-01
 0.24407596158681E-01
 0.26492973312419E-01
 0.28792354725893E-01
 0.31405288055913E-01
 0.34323377847605E-01
 0.37106932933325E-01
 0.40674440039236E-01
 0.44022530841424E-01
 0.48169995410706E-01
 0.52175299602292E-01
 0.56954427657806E-01
 0.61754581464317E-01
 0.67521623559952E-01
 0.73437428934292E-01
 0.80522285129228E-01
 0.86724536237629E-01
 0.94753705862615E-01
 0.10229026095101E+00
 0.11249693682031E+00
 0.12242528891574E+00
 0.13376528694750E+00
 0.14560818945593E+00
 0.15844412987091E+00
 0.17279366633906E+00
 0.18787386139214E+00
 0.20374752177160E+00
 0.22231845699711E+00
 0.24204928836738E+00
 0.26376066036207E+00
 0.28821672138057E+00
 0.31432849176037E+00
 0.34185167614167E+00
 0.37248001901672E+00
 0.40510590660098E+00
 0.44144225066699E+00
 0.48007201742323E+00
 0.52165866735221E+00
 0.56740573716385E+00
 0.61563703589056E+00
 0.66751621659883E+00
 0.72447528763130E+00
 0.78594487004362E+00
 0.85076940568472E+00
 0.91985434131042E+00
 0.99218321001788E+00
 0.10663276412835E+01
 0.11440155064155E+01
 0.12215975306667E+01
 0.13008209791965E+01
 0.13774458050585E+01
 0.14489920938821E+01
 0.15122577572533E+01
 0.15612196503944E+01
 0.15923085825838E+01
 0.15895045949689E+01
 0.15527712638092E+01
 0.14657952265852E+01
 0.13096590703486E+01
 0.10664008747108E+01
 0.71848736827201E+00
 0.24457207505785E+00
-0.39024207028324E+00
-0.12124053077245E+01
-0.22322592140694E+01
-0.34716996216541E+01
-0.49175630780342E+01
-0.65631343339144E+01
-0.83368794371917E+01
-0.10141706638039E+02
-0.11836495720316E+02
-0.13203732978795E+02
-0.14023939749771E+02
-0.13994319766767E+02
-0.12895332195852E+02
-0.10542645996908E+02
-0.68830166443364E+01
-0.21131157503515E+01
 0.33758113241030E+01
 0.89658256212780E+01
 0.13912415440721E+02
 0.17514896118144E+02
 0.19250162103052E+02
 0.18929094961792E+02
 0.16728596978695E+02
 0.13168560606239E+02
 0.89450222940436E+01
 0.47597184351763E+01
 0.11730500050735E+01
-0.14903795058712E+01
-0.31657850747700E+01
-0.39626700716432E+01
-0.41033998177900E+01
-0.38320706469905E+01
-0.32984292497500E+01
-0.27124610915401E+01
-0.21590992612499E+01
-0.16680837694686E+01
-0.12675684720409E+01
-0.95093353032455E+00
-0.70915268722187E+00
-0.53147543281333E+00
-0.40701569349424E+00
-0.31290628013423E+00
-0.25018081008210E+00
-0.20572269593847E+00
-0.17438352385918E+00
-0.15195707811560E+00
-0.13454505336230E+00
-0.12073450113683E+00
-0.10963240507885E+00
-0.99159430749869E-01
-0.91350461011023E-01
-0.83335878416565E-01
-0.76763041256418E-01
-0.70323548583351E-01
-0.64121423901967E-01
-0.58082571270957E-01
-0.53205610573396E-01
-0.48516636982949E-01
-0.43820704326300E-01
-0.39633237574801E-01
-0.36399769524104E-01
-0.33162603507339E-01
-0.29758726469460E-01
-0.26045739993193E-01
-0.23520930010772E-01
-0.21746367026551E-01
-0.18533175225660E-01
-0.16504788061086E-01
-0.14891906424558E-01
-0.12856624581497E-01
-0.11142080177274E-01
-0.96637515619494E-02
-0.84062142434945E-02
-0.72459065475293E-02
-0.56505920337591E-02
-0.46523573964477E-02
-0.36749266931153E-02
-0.30315471664680E-02
-0.18477004734870E-02
-0.11243571041587E-02
-0.27982195088504E-03
 0.21026673219582E-04
 0.95674108654067E-03
 0.14982426065545E-02
 0.16057577918518E-02
 0.20285491175117E-02
 0.28784382823181E-02
 0.27598652058663E-02
 0.40678000047577E-02
 0.31717940819827E-02
 0.31771991659227E-02
 0.42975766438421E-02
 0.48988716839161E-02
 0.45467793787664E-02
 0.42023678682404E-02
 0.41116942256643E-02
 0.46272752693369E-02
 0.48045184914875E-02
 0.50108816442652E-02
 0.45392588194936E-02
 0.47129786460245E-02
 0.48010393046197E-02
 0.46868472403681E-02
 0.47474309521557E-02
 0.45557859062146E-02
 0.46768496885372E-02
 0.47485149482762E-02
 0.45158276370047E-02
 0.41825404598228E-02
 0.42641762701666E-02
 0.40306522437421E-02
 0.39774951187900E-02
 0.41200404861583E-02
 0.38895282728216E-02
 0.38523791576610E-02
 0.36998763597350E-02
 0.35632366692197E-02
 0.36578537675595E-02
 0.31173659395331E-02
 0.29992980889535E-02
 0.33557229565803E-02
 0.30754573299272E-02
 0.28057491071018E-02
 0.30401950976052E-02
 0.27750602647600E-02
 0.25246106309578E-02
 0.25134615106373E-02
 0.23022704200515E-02
 0.24227384772345E-02
 0.21130206026354E-02
 0.18972216091940E-02
