   6.91360382032105060219110298214517828      
   6.91360382032105110148990120050159411      
   6.91360382032108955897461395071538087      
   6.91360382032172657037300039129441259      
   6.91360382032646964407827706415172508      
   6.91360382034827194454909996337542206      
   6.91360382042124210775840530958939770      
   6.91360382061614616007291978475008129      
   6.91360382105205065483227297035205809      
   6.91360382188251542740233933145953108      
   6.91360382321555130734204917017331010      
   6.91360382491358848530887160421434698      
   6.91360382622306345639700828263874141      
   6.91360382520291047041814591150518856      
   6.91360381794927827035129145119089936      
   6.91360379764123045670074706253337077      
   6.91360375345348257121612222670352839      
   6.91360366939581437399173203988692655      
   6.91360352314564596350531148832559363      
   6.91360328494217467357324459846600748      
   6.91360291660884321825366547505000243      
   6.91360237076628433144441643920368968      
   6.91360159029007204539004561724510171      
   6.91360050805619317115532057804086221      
   6.91359904700207545533659432519799166      
   6.91359712051292095368736078202851643      
   6.91359463312338979634766612305198210      
   6.91359148150525162208114448082948108      
   6.91358755569445560236594896777840502      
   6.91358274049784234155646639784874032      
   6.91357691701153198108954017823018438      
   6.91356996418025786858543622106453029      
   6.91356176032930835550487150339958964      
   6.91355218460748733475996644621535575      
   6.91354111828949516703255426286403683      
   6.91352844589811786454784090495990789      
   6.91351405611939337003730897306616609      
   6.91349784249646385075198067347060006      
   6.91347970389931091199546434997444986      
   6.91345954477745214958624365905868817      
   6.91343727521064017911243673398218887      
   6.91341281077854090313026669414957237      
   6.91338607227433439496653554789184609      
   6.91335698528935594673436556121076858      
   6.91332547969652028689172858940703694      
   6.91329148905963245456872866440674194      
   6.91325494999407605853804305340957946      
   6.91321580150205453025988434196318751      
   6.91317398430279029377633843177331020      
   6.91312944017507441402773089183901367      
   6.91308211132648230275360317948026435      
   6.91303193980053405674458882282994290      
   6.91297886693024680689633438444308012      
   6.91292283284388272182404784340252172      
   6.91286377602636088515979183246765969      
   6.91280163293775364297113499480820964      
   6.91273633768851455980822132102314361      
   6.91266782175569363608349225173956768      
   6.91259601381695946483390000557151173      
   6.91252083950841964029088147731528367      
   6.91244222134407915784713100472150951      
   6.91236007861765814695411678628781984      
   6.91227432734852612802790196010172567      
   6.91218488025560740427372331609266069      
   6.91209164675362800219426213913334303      
   6.91199453296628501394036638640194499      
   6.91189344175157278998794928062617373      
   6.91178827273429104095994705794302093      
   6.91167892234020200281421716984680323      
   6.91156528382889046814569232500571108      
   6.91144724732038273770745055224980937      
   6.91132469981213524882507983444803284      
   6.91119752518339345556818348829615682      
   6.91106560418365977014261815705860126      
   6.91092881440256184218685641789229842      
   6.91078703021988545321307381682685079      
   6.91064012273263882672125688111068872      
   6.91048795965698794228311968430098248      
   6.91033040520622630372838865665497370      
   6.91016731994232707212651234614215490      
   6.90999856059644034879935598383013044      
   6.90982397986402524251237041623717275      
   6.90964342617122228380331691087334136      
   6.90945674340712870306859816833198577      
   6.90926377063360872492151603719293130      
   6.90906434175639528806741417251533996      
   6.90885828517341481203005809403739188      
   6.90864542338395447071546617697290757      
   6.90842557257733649706175305795733005      
   6.90819854218195943131155269545177945      
   6.90796413438540541849635416483908749      
   6.90772214363056958780138463330981948      
   6.90747235606746512086281252030483857      
   6.90721454897559448699558898013730678      
   6.90694849018345702346866981829393984      
   6.90667393739687701713582216224508142      
   6.90639063756395883008656539680023137      
   6.90609832614018214148168458178951105      
   6.90579672637971224175041170036926261      
   6.90548554854298165753269521807029845      
   6.90516448910517395624029582571786700      
   6.90483322990859802339363395585316124      
   6.90449143728704296528251801968148401      
   6.90413876113108956227518822265674290      
   6.90377483395844131525594782497914920      
   6.90339926990347376785956003735987648      
   6.90301166366791158676307927543430590      
   6.90261158942853219414467587122280418      
   6.90219859972735760549430192624228359      
   6.90177222430142942351178277942123324      
   6.90133196878984434796162421640460360      
   6.90087731351798040426003518321832864      
   6.90040771212659918000182656730746659      
   6.89992259016155595873239926472944870      
   6.89942134363307109842430634538368741      
   6.89890333733151566049047348143519417      
   6.89836790376878323215405717308660019      
   6.89781434078960665866407335810604867      
   6.89724191017788757565363271324982486      
   6.89664983587056188598864454816622123      
   6.89603730202063194536868166089801922      
   6.89540345085567995488746102650839602      
   6.89474738069746185870751158248278091      
   6.89406814371186305397873335132231561      
   6.89336474366443921166776101206094261      
   6.89263613338260604427736032986810630      
   6.89188121223749937054491048782249685      
   6.89109882351819442827230544841338239      
   6.89028775150225399260774248381143943      
   6.88944671858802460901011369513059661      
   6.88857438197780907112648406728851251      
   6.88766933070631348966988957523302681      
   6.88673008176554042016946695056983544      
   6.88575507682698971857239444352300178      
   6.88474267794062049890320022494632491      
   6.88369116377218815191323607975879560      
   6.88259872510846534077623750149584760      
   6.88146346042051687135596746438000044      
   6.88028337072848726008621914902268882      
   6.87905635478667253786775790626326834      
   6.87778020346007527952599084662953191      
   6.87645259403499539670470015212159546      
   6.87507108397677286136937633785980718      
   6.87363310455416076284208707836157572      
   6.87213595391360099266062735530275090      
   6.87057678965428507347737011025621420      
   6.86895262107374534366305225667129951      
   6.86726030094127005528058046550745784      
   6.86549651650176394677304748343285320      
   6.86365777983106178223514797507397354      
   6.86174041880525369719366117605431809      
   6.85974056499289339249787484652880748      
   6.85765414317595427329152139775208621      
   6.85547685857693044751448087803861212      
   6.85320418430023819614512278742503182      
   6.85083134692341061627799092765789174      
   6.84835331195531441497673527088587733      
   6.84576476757140249283341240949149182      
   6.84306010782485947278050390865807662      
   6.84023341444473509182603359329651423      
   6.83727843698257757738124236930570483      
   6.83418857227725389287714488730347447      
   6.83095684168526672015525164187861166      
   6.82757586785821939040220636951723868      
   6.82403784882281588970880308578729937      
   6.82033453086028337662903774526251465      
   6.81645717921425609592795934204914062      
   6.81239654777331199146490139640824715      
   6.80814284571602842748835752466956354      
   6.80368570303426557737150484538705809      
   6.79901413368517187170879237602085107      
   6.79411649672181757467660329693517473      
   6.78898045533593030325723316537748127      
   6.78359293684000627736519844371220405      
   6.77794008510928214993878140341247684      
   6.77200721955221986008772857118608200      
   6.76577878755587045142798069638849429      
   6.75923832040699104115095460892751689      
   6.75236838900664923349347100680528388      
   6.74515056213771617990185481055208347      
   6.73756536947501036679732671209877942      
   6.72959226833222725723510414857873474      
   6.72120961982527859708989319364937309      
   6.71239467544503107558441256002770812      
   6.70312357661287775590932123564496361      
   6.69337137004161911411658502603027204      
   6.68311204650173424519335144829391569      
   6.67231859803986844237211930355220404      
   6.66096310720495549677101057518484069      
   6.64901685813031918767370848687250414      
   6.63645048106727171223032650872838751      
   6.62323412273748355416486648491997472      
   6.60933763886664789618648035719880738      
   6.59473080497007746326936083414034023      
   6.57938353280230428648884237899213321      
   6.56326608297085792176730376735877939      
   6.54634925891832517806686724015426940      
   6.52860457118508746685627629438175804      
   6.51000436150881915557140484584084371      
   6.49052187890457097107553765061999817      
   6.47013131469123136040571188598151373      
   6.44880778508481845667075808781480031      
   6.42652729331916871924509760646546152      
   6.40326664910527193605167352583389609      
   6.37900341392864745188444230451793392      
   6.35371581816100942550460818567897861      
   6.32738270330492042345615908374912157      
   6.29998347695635132898486154090179588      
   6.27149808256989460915288686803856445      
   6.24190698245554929086335013196656047      
   6.21119114978561751572647444910405918      
   6.17933206435566853610084083386761065      
   6.14631170900451502424561626386337029      
   6.11211256258204170971503041316811365      
   6.07671758965584444108306526601079544      
   6.04011022320077323196899149123462339      
   6.00227434282408004189200512374715069      
   5.96319424847150429935748062336532967      
   5.92285463069087192109421189277006176      
   5.88124053795357701149701459886651798      
   5.83833734334347304733567960130128658      
   5.79413071037545125114774761060527672      
   5.74860655971641076643289944957349468      
   5.70175103649764473341101612236818293      
   5.65355047995678977616246276381508505      
   5.60399139411550138391509448109880525      
   5.55306042101801906353754833072185716      
   5.50074431604956661739786072768622505      
   5.44702992537329364849684157242362330      
   5.39190416527883794975206651078297298      
   5.33535400394362394448575064393096767      
   5.27736644465264477016785440657003596      
   5.21792851108827357023032371118583036      
   5.15702723400077106969404631419227849      
   5.09464963948878110538390996421086785      
   5.03078273852196276491726078822619130      
   4.96541351773463752482501483019266556      
   4.89852893123144770918356119465392074      
   4.83011589321209250734045286898531192      
   4.76016127184857694232095724593742249      
   4.68865188349997812512203923695725815      
   4.61557448778844549414228645047430181      
   4.54091578322928543209054051676525388      
   4.46466240342977105391951989409178619      
   4.38680091370751825699690422072167927      
   4.30731780813913185888104891854944529      
   4.22619950696174435877765451321803472      
   4.14343235431259729276651284768957471      
   4.05900261625386075935762201846204940      
   3.97289647903395983265790407902034796      
   3.88510004757595265861107967156029030      
   3.79559934415282342036081255382508737      
   3.70438030729938900717442386987070046      
   3.61142879078844154995504565414207816      
   3.51673056280581258321934686365804092      
   3.42027130521814853565440937275171304      
   3.32203661298051481906881412640939821      
   3.22201199359576663939405374564708858      
   3.12018286671006769827926078450115617      
   3.01653456373430886580506482215261551      
   2.91105232757737870318219348455659920      
   2.80372131240316254717971966999117497      
   2.69452658346826902121461519894394458      
   2.58345311699227129528705958644555434      
   2.47048580007437589425087253712933311      
   2.35560943064621336294962264026279056      
   2.23880871746887668555966154969069110      
   2.12006828014191227756614779284545309      
   1.99937264915238397300882233064179686      
   1.87670626594374404499010183358253071      
   1.75205348300594487107663493923633419      
   1.62539856398423663927332176361103674      
   1.49672568380218759998159105782828629      
   1.36601892880982071192760062175379467      
   1.23326229692786779764411037946257435      
   1.09843969781765614235007087420460257      
  0.961534953056203099268901833926226879      
  0.822531796320850264260093923087613659      
  0.681413873580913858530180072629331717      
  0.538164743299953478152175450699093023      
  0.392767876637181173612351701698459424      
  0.245206657662838892950559677284128617      
   9.54643835726621769972406671158719490E-0002
  -5.64757350951111999637095088214507027E-0002
 -0.210630574229811329052748503908046473      
 -0.367017095930536328165929292844795844      
 -0.525652348270925595690358037013783984      
 -0.686553465070767436458765442882141782      
 -0.849737665663681160852338359213679198      
  -1.01522225466451057850696227941286677      
  -1.18302462173206763879569127904331643      
  -1.35316224133493254782106223878306966      
  -1.52565267251479543517206539109957054      
  -1.70051355865170317243138658282103534      
  -1.87776262722515846905561241875937101      
  -2.05741768958000915440034297677289410      
  -2.23949664068875145277722127318753234      
  -2.42401745891414241309157541735067436      
  -2.61099820577911187058033539742857910      
  -2.80045702572418496538669221172333426      
