   482.989325854482766625225197452827150      
   482.989325854498234655481154983509087      
   482.989325855059819086560773405629421      
   482.989325860516629894659871621309713      
   482.989325887322284515814506978045564      
   482.989325967435644092579296817099487      
   482.989325968950923145095324902475763      
   482.989323869000587490727184504673726      
   482.989307850192948670154087771889447      
   482.989234838319703637105369960555161      
   482.988991240619911306335977211696131      
   482.988340383513761374973707627018820      
   482.986868773418214887699069928405282      
   482.983944755005546217726554974899665      
   482.978698901874597797300977311413823      
   482.970029030597575959993977818742195      
   482.956627172603875333520925963565370      
   482.937022557309721863335667091023498      
   482.909633640881301966428887939626299      
   482.872822787406322235957950688469747      
   482.824948608071897671574005853203725      
   482.764412594922407408568536502608503      
   482.689698184370728267958802712509452      
   482.599401580037961546920957454339717      
   482.492254511354049885620431216131146      
   482.367139633493643949120395339750945      
   482.223099548701265403730794236467606      
   482.059340516775165862598576823840268      
   481.875231889672207921576698201790869      
   481.670302203233457778980653818835254      
   481.444232724711712645547541689165098      
   481.196849116822823282558604356634650      
   480.928111751605930275483835606067445      
   480.638105097993775871351276642872182      
   480.327026518759901117286261188975863      
   479.995174743706287438854551639391850      
   479.642938233876283548220742623931412      
   479.270783612760265890544346988175420      
   478.879244310666182231424207260953269      
   478.468909545915898726865397825248744      
   478.040413747149546315948510694100916      
   477.594426505023601301560547388626716      
   477.131643126107147989804023367072746      
   476.652775847373794813549756629684549      
   476.158545755990710830797505604128486      
   475.649675444559580964386237414225225      
   475.126882419994418277670209152383480      
   474.590873271109318697812455203443461      
   474.042338589362128303828705296274274      
   473.481948626014823721063920093065909      
   472.910349660795375173321440867128822      
   472.328161049827018928489524954058794      
   471.735972913164853214430337383760552      
   471.134344418503437704696996342034652      
   470.523802614057022973913653205895909      
   469.904841760611622779419608157678909      
   469.277923111760445382077347056854752      
   468.643475092060535856551523485263320      
   468.001893818297137014708014711805188      
   467.353543934971777503288818608161244      
   466.698759669942210565072590046004072      
   466.037846125305857422677701206672265      
   465.371080718364684122706269379069740      
   464.698714751202986595783300699579319      
   464.020975069691277846732704401517200      
   463.338065780158532617046958396751866      
   462.650169995442869085681747877913117      
   461.957451583500745970722798079949140      
   461.260056897867404493907097012619691      
   460.558116469961381940662750213694080      
   459.851746646744266827456412304485166      
   459.141051161964896547364834525488417      
   458.426122628568579633729226983597240      
   457.707043944581840444480903496764504      
   456.983889607226486894725797180509639      
   456.256726929109885427786708221552842      
   455.525617155733221699742655602903493      
   454.790616482939034449796330058683669      
   454.051776974202640154293613374046365      
   453.309147380294664698502125881568479      
   452.562773863672180623449426517536918      
   451.812700628725298517581888375609396      
   451.058970464782291125125637012585641      
   450.301625203925601208144376295954340      
   449.540706102310360914890234125986930      
   448.776254144455705821321583507430997      
   448.008310280877396285507763099842682      
   447.236915598806687154939229638458515      
   446.462111440571106871353851922385119      
   445.683939461441711768672424833474280      
   444.902441639437215444090675201486365      
   444.117660249523834819297580897871970      
   443.329637792816929004907429933440029      
   442.538416894236678379743246934048486      
   441.744040171884630281924624513818586      
   440.946550078411328844996616992513376      
   440.145988705925681366311084972321122      
   439.342397597209509547211578275229629      
   438.535817526766617482606638858477004      
   437.726288275057964999047894246017524      
   436.913848377813516105436670232861300      
   436.098534887310782490505344243070398      
   435.280383122069584483686095278084571      
   434.459426381053558145505148802383148      
   433.635695696350449189052137903466715      
   432.809219570512230620716027060472851      
   431.980023731453991221657695095802915      
   431.148130826863018288104084139377681      
   430.313560157443445583949099867727571      
   429.476327442790615502795225566738692      
   428.636444600100697462061992557128505      
   427.793919376362794837498189498382879      
   426.948755134862159243762121030365561      
   426.100950660819929212849281856310592      
   425.250499876454478696933729214552356      
   424.397391461881904681684120647593196      
   423.541608773402029941833608433286308      
   422.683129664731298449066806239346264      
   421.821925868436467659412943352840801      
   420.957963111847970134041041935091879      
   420.091200740873086270419884750676157      
   419.221591368354187128878481530993468      
   418.349080740177625014342979123668281      
   417.473607482593599746911855014810425      
   416.595102660410668111775942407091216      
   415.713489779610161651372650657519689      
   414.828684152120378454231674960950233      
   413.940592988349228104671420695812177      
   413.049114742627776114074293169286825      
   412.154139137173827204382077336543282      
   411.255546411205348321619343285046611      
   410.353207472010396016105168901439966      
   409.446983044909541569417711553733558      
   408.536723743343509478611763244748731      
   407.622269320576283071704305709385566      
   406.703448352224026962101383071443286      
   405.780077992011577346984891190682971      
   404.851963169846223328129745559260271      
   403.918896230601517358787261417817533      
   402.980656421174543575608902853734295      
   402.037009373957925759435118305587255      
   401.087706368979499589849065704655275      
   400.132483581579827378452820727363859      
   399.171061708622869343169984160526056      
   398.203144980961099605561862897281627      
   397.228420376718907253046212731813222      
   396.246556914489121813137451031711039      
   395.257204512032267268869763306050018      
   394.259993142225343486663438484322845      
   393.254531819290221168555353924533319      
   392.240407351888776577180951276654959      
   391.217183420631405569790171081435626      
   390.184398885381792727162745841444671      
   389.141566673306219789824215758949830      
   388.088172236904852757290672845783699      
   387.023672138263326871707223641433162      
   385.947492212853906206330431894958330      
   384.859025915151222938169303024604430      
   383.757632400423555898453072376893923      
   382.642634870816504194467584567965565      
   381.513318166659615294700362627257393      
   380.368926647506370186418058337660048      
   379.208662225244030683517103677924281      
   378.031682080602206881453474901101848      
   376.837096113098600680951829035601317      
   375.623964971851297176017840934857422      
   374.391297731491518613228819388573035      
   373.138049779058536360268930490178270      
   371.863120905943969490313670209407341      
   370.565353682462341788868284203426325      
   369.243532608251931261357822352262183      
   367.896383672255774352343888484215052      
   366.522574857427701306999832610750907      
   365.120717570465026553329745134478224      
   363.689371591510007231636763627809201      
   362.227049054002056470344109360769416      
   360.732224171990313516486701917334100      
   359.203345428052971954619427984290589      
   357.638852788502893964162663002871498      
   356.037201174485398344202869577819078      
   354.396891129483678043215694654107172      
   352.716510194332910633423269288831818      
   350.994784713730366388082811722532638      
   349.230648004719537371472258454116615      
   347.423324299312180097686211621002700      
   345.572435616317320143092844540649538      
   343.678131727807519240280839450477921      
   341.741248531765151531675564446356373      
   339.763496556125347783103587282680234      
   337.747684282487246044053177286735165      
   335.697962715549831378522721861647073      
   333.620127694528048579960082522976944      
   331.521889418144148714288017064338341      
   329.413195951029504922558192547937107      
   327.306516348776554301681495502348338      
   325.217081140829727434500601304160611      
   323.163042071558707795277977430864436      
   321.165510147201547751849337376570300      
   319.248430756104336753123099490622345      
   317.438233146740876509130552721065269      
   315.763407532547430503391945262859832      
   314.253623314363598170182857504142988      
   312.938889722891878097100002309099796      
   311.848654863384494785061819593737734      
   311.010159679411773270637452425334657      
   310.448213232845097255884898887130094      
   310.183836040159743497163501972629280      
   310.233727936439597349833501035342198      
   310.609886902758362487057108860149963      
   311.319500132417128130445126391619309      
   312.365085892318074793074039810833477      
   313.744839803415056053943360454397988      
   315.453127951947161957760961087135366      
   317.481068516294634459996022997502084      
   319.817145078743360585714231551357098      
   322.447811923716877163448562234555683      
   325.358058038324054051746045135481281      
   328.531909267206329325956656555256508      
   331.952859723048612323558197106917098      
   335.604229896774568589722527697547800      
   339.469453833032667968504138633941384      
   343.532300837950342833792342879569380      
   347.777040679563938059150004715246960      
   352.188563090795105360668956208440915      
   356.752452788858247761056399367135011      
   361.455036686894286195706428595530906      
   366.283403980493463965265089813216556      
   371.225407938867917017378713390283959      
   376.269653611026460201588230585954835      
   381.405473893186225193264583427711404      
   386.622900332927637081650265355924584      
   391.912628187991803030669712479294026      
   397.265980181414424771407328750928427      
   402.674868127734271584799221916565567      
   408.131754373606132051210247458042933      
   413.629615264291199968293603760599853      
   419.161905265779611620473218232372220      
   424.722522106973309724373761942054291      
   430.305776099784922895995634525568945      
   435.906357185787425772470138425199237      
   441.519309132344114075806121089242966      
   447.140002570253479749699699023908876      
   452.764110466164949712834612500370147      
   458.387586142159703318023213687769076      
   464.006643378883794968272445343279633      
   469.617736671813905203050820517865172      
   475.217544718270897991259610545823809      
   480.802954217812449566108759341679928      
   486.371045973255550894395338408750554      
   491.919081523844464976128996170553479      
   497.444490805612857432985599920753780      
   502.944861769258768895697956377944053      
   508.417930235242298041307848011235808      
   513.861570314476866268088316855409235      
   519.273785991299389427398230727928671      
   524.652704542558874208549395209396780      
   529.996568043371971554149217990182557      
   535.303727977620977612653395480470029      
   540.572638861383557042203997014857347      
   545.801852473984878664550300885701009      
   550.990014033742621022630958544429353      
   556.135856367916116291009779580407898      
   561.238195948322749006156879339595023      
   566.295929340341918573801314328737974      
   571.308028956524252658411397398241687      
   576.273540210003788817889465961265851      
   581.191577873588135049990425338966716      
   586.061323635186463573771321022740160      
   590.882022332263720997617684887397097      
   595.652980635160554581734351514964876      
   600.373563397579541161900166519120804      
   605.043192228909198452916791998467986      
   609.661342603807220245692734128849439      
   614.227541790191101494394633128840526      
   618.741368439059009490136829913593931      
   623.202448171868042607338650863677561      
   627.610452975086764737405439055598106      
   631.965099834658678154555098371985578      
   636.266148650014563985104060533360926      
   640.513400594496512667432221301069214      
   644.706696410806273356899234735268782      
   648.845915499263317639023385370820342      
   652.930973617021295355468553120217522      
   656.961822509644104708812327907640495      
   660.938447123881979451997267419010836      
   664.860865995662830598687529953378434      
   668.729128317866011131682044717840757      
   672.543313750472547794967733311939483      
   676.303531091153558177570889089207604      
   680.009916217015195834262623727973638      
   683.662632064444596099762640164259627      
   687.261866717663189329818086584284288      
   690.807832510293071267333632207660869      
   694.300765172259023096990451223197116      
   697.740922200368963889094675824833585      
   701.128582476301602199782418271276061      
   704.464044615814319205930359247932472      
   707.747626541484626063515270350881749      
   710.979664211821027493155802321688336      
   714.160510601130631577588180111889034      
