 0.22090709443091E-17
 0.36512999153601E-16
 0.18495745355407E-15
 0.68524990895304E-15
 0.19803974775418E-14
 0.39386694392428E-14
 0.74109988912312E-14
 0.96059903502071E-14
 0.14729454023345E-13
 0.22875524509477E-13
 0.35248993786438E-13
 0.59634451050325E-13
 0.81081079305096E-13
 0.79527335112367E-13
 0.14142800499749E-12
 0.14358610503136E-12
 0.13151777224526E-12
 0.18367139884635E-12
 0.33948039912672E-12
 0.35926613519859E-12
 0.49063029498482E-12
 0.50839606742327E-12
 0.60099249360041E-12
 0.92754715404288E-12
 0.54692628521650E-12
 0.12793407481752E-11
 0.18795623738383E-11
 0.14755525667675E-11
 0.33319017785640E-11
 0.32685584739280E-11
 0.58264676173114E-11
 0.12226812720111E-10
 0.20559647030089E-10
 0.41456557778875E-10
 0.80053427121857E-10
 0.14838528622177E-09
 0.27386305166323E-09
 0.49094430403675E-09
 0.85653616388832E-09
 0.14494444775965E-08
 0.24057649543195E-08
 0.38974072639575E-08
 0.61796983925708E-08
 0.96105983673049E-08
 0.14667167408112E-07
 0.21990689396305E-07
 0.32435606978857E-07
 0.47105467702977E-07
 0.67433849751267E-07
 0.95230443315469E-07
 0.13275919836509E-06
 0.18286869729715E-06
 0.24902699630222E-06
 0.33547573200049E-06
 0.44139620099128E-06
 0.54359058478954E-06
 0.80359833234944E-06
 0.99209479351171E-06
 0.13096800746668E-05
 0.16860110965472E-05
 0.21140579537438E-05
 0.26099277895138E-05
 0.31985691712920E-05
 0.39947241285996E-05
 0.50217029169484E-05
 0.61572835562851E-05
 0.75066151433476E-05
 0.91015122536968E-05
 0.10977347432494E-04
 0.13173144313784E-04
 0.15731604748077E-04
 0.18699654939089E-04
 0.22128145975054E-04
 0.26072611496931E-04
 0.30592953079736E-04
 0.35753833740947E-04
 0.41624722867336E-04
 0.48280332313210E-04
 0.55800285615178E-04
 0.64269768082775E-04
 0.73779172476712E-04
 0.84423383137567E-04
 0.96308168142676E-04
 0.10953628343690E-03
 0.12422542148265E-03
 0.14049298620420E-03
 0.15846621100350E-03
 0.17827752796332E-03
 0.20006658369385E-03
 0.22397945893963E-03
 0.25020942857614E-03
 0.27875969533132E-03
 0.30997934571980E-03
 0.34410257379821E-03
 0.38100310443948E-03
 0.42120381843667E-03
 0.46476829868701E-03
 0.51191485936926E-03
 0.56271862022278E-03
 0.61757019506224E-03
 0.67664994978810E-03
 0.74036216021272E-03
 0.80906717577934E-03
 0.88280371108853E-03
 0.96184533389507E-03
 0.10466091311427E-02
 0.11374372932764E-02
 0.12346063660422E-02
 0.13385925656784E-02
 0.14497225274307E-02
 0.15685161057308E-02
 0.16950422606235E-02
 0.18365240136167E-02
 0.19680742741429E-02
 0.21318980025222E-02
 0.22908034658144E-02
 0.24719542397328E-02
 0.26531383246543E-02
 0.28370068037193E-02
 0.30590261025419E-02
 0.32825048479949E-02
 0.35198827346611E-02
 0.37724028166395E-02
 0.40407431595816E-02
 0.43255161920535E-02
 0.46282576042475E-02
 0.49488249592843E-02
 0.52896797820190E-02
 0.56529689247279E-02
 0.60345921934825E-02
 0.64428112743983E-02
 0.68705844005832E-02
 0.73365264188800E-02
 0.78171045874671E-02
 0.83293089816650E-02
 0.88752224023531E-02
 0.94556761849799E-02
 0.10068844853764E-01
 0.10711427324427E-01
 0.11386727132567E-01
 0.12113362179746E-01
 0.12869752867351E-01
 0.13670862305360E-01
 0.14525985664731E-01
 0.15411147406911E-01
 0.16368330858383E-01
 0.17387144391566E-01
 0.18346510771099E-01
 0.19441114911813E-01
 0.20591810039112E-01
 0.21833388020891E-01
 0.23125127290931E-01
 0.24357018450858E-01
 0.25718207848572E-01
 0.27132934532019E-01
 0.28590477922496E-01
 0.30111735845290E-01
 0.31643424432484E-01
 0.33278230802133E-01
 0.34895643016003E-01
 0.36504363211800E-01
 0.38181716421999E-01
 0.39885155292282E-01
 0.41556246355462E-01
 0.43148502426923E-01
 0.44735533036901E-01
 0.46213402706269E-01
 0.47560829487680E-01
 0.48857943062454E-01
 0.50027249241290E-01
 0.50646205220221E-01
 0.51451709547477E-01
 0.51556853928846E-01
 0.51600011185091E-01
 0.50761045273174E-01
 0.49416163335283E-01
 0.47551739124355E-01
 0.44693990617534E-01
 0.41229476158139E-01
 0.36522408786227E-01
 0.30699469700059E-01
 0.23800709186802E-01
 0.15226197814206E-01
 0.52707765329002E-02
-0.59947425894199E-02
-0.19158911894151E-01
-0.33661246594986E-01
-0.49415758733873E-01
-0.66485243304345E-01
-0.84599301662887E-01
-0.10310818061294E+00
-0.12172919471157E+00
-0.14005863340132E+00
-0.15703151138707E+00
-0.17219497513568E+00
-0.18476144068753E+00
-0.19417332992571E+00
-0.19935732613515E+00
-0.19990676031634E+00
-0.19554310731936E+00
-0.18631211316841E+00
-0.16809809616150E+00
-0.15010839997304E+00
-0.12840868537044E+00
-0.98127404900635E-01
-0.72929389521694E-01
-0.45535851170610E-01
-0.19797177080216E-01
 0.35130095371761E-02
 0.23760836000079E-01
 0.40699119405836E-01
 0.53831572888261E-01
 0.63929121527251E-01
 0.71234165655607E-01
 0.75854546369995E-01
 0.78414023936401E-01
 0.79228803926579E-01
 0.78703642594226E-01
 0.77180033175227E-01
 0.74888502301597E-01
 0.72163345847421E-01
 0.69011515318772E-01
 0.65743807779305E-01
 0.62474051157709E-01
 0.59001280200453E-01
 0.55666258986519E-01
 0.52464267424743E-01
 0.49301835388005E-01
 0.46289522194233E-01
 0.43447501073082E-01
 0.40733800724826E-01
 0.38184147149813E-01
 0.35738372235395E-01
 0.33456288126751E-01
 0.31298904673994E-01
 0.29370047373489E-01
 0.27416838825413E-01
 0.25593878364675E-01
 0.24022934919657E-01
 0.22515369057118E-01
 0.21098880420992E-01
 0.19756733163781E-01
 0.18546128082623E-01
 0.17441668485634E-01
 0.16387912005344E-01
 0.15400201978102E-01
 0.14524282454741E-01
 0.13710629070267E-01
 0.12951970359006E-01
 0.12247340697450E-01
 0.11606804167945E-01
 0.11021913901576E-01
 0.10480937426242E-01
 0.99770480487861E-02
 0.95211857506919E-02
 0.91129942263112E-02
 0.87202156281114E-02
 0.83752729531281E-02
 0.80575131388474E-02
 0.77685507984275E-02
 0.74997072356145E-02
 0.72594873894559E-02
 0.70316565715760E-02
 0.68325552986178E-02
 0.66461716597151E-02
 0.64804925833592E-02
 0.63283961580833E-02
 0.61853362665613E-02
 0.60558035187757E-02
 0.59415401744040E-02
 0.58337880952089E-02
 0.57262684102413E-02
 0.56431540328293E-02
 0.55661354194177E-02
 0.54839852223410E-02
 0.54131191673788E-02
 0.53472405297168E-02
 0.52836871333912E-02
 0.52255083393322E-02
 0.51731337332606E-02
 0.51215342249169E-02
 0.50718803201869E-02
 0.50228587858281E-02
 0.49794157179112E-02
 0.49350291197127E-02
 0.48938068585488E-02
 0.48530887532915E-02
 0.48114286551069E-02
 0.47705726474271E-02
 0.47330014589450E-02
 0.46911862005353E-02
 0.46509148247909E-02
 0.46118427494386E-02
 0.45746683879682E-02
 0.45323810272151E-02
 0.44902744052481E-02
 0.44499903625666E-02
 0.44087273652418E-02
 0.43692530254520E-02
 0.43227260880665E-02
