 0.13628526479685E+03
 0.13628526479685E+03
 0.13628526479700E+03
 0.13628526479836E+03
 0.13628526480478E+03
 0.13628526482493E+03
 0.13628526487383E+03
 0.13628526497463E+03
 0.13628526516627E+03
 0.13628526552868E+03
 0.13628526623801E+03
 0.13628526765602E+03
 0.13628527044388E+03
 0.13628527568056E+03
 0.13628528496426E+03
 0.13628530048070E+03
 0.13628532503080E+03
 0.13628536201828E+03
 0.13628541540369E+03
 0.13628548963479E+03
 0.13628558956410E+03
 0.13628572036490E+03
 0.13628588745581E+03
 0.13628609644304E+03
 0.13628635308742E+03
 0.13628666330092E+03
 0.13628703317518E+03
 0.13628746904109E+03
 0.13628797755614E+03
 0.13628856581390E+03
 0.13628924146811E+03
 0.13629001286311E+03
 0.13629088916200E+03
 0.13629188046475E+03
 0.13629299790936E+03
 0.13629425375105E+03
 0.13629566141586E+03
 0.13629723552726E+03
 0.13629899190556E+03
 0.13630094754198E+03
 0.13630312054987E+03
 0.13630553009682E+03
 0.13630819632198E+03
 0.13631114025933E+03
 0.13631438367752E+03
 0.13631794906546E+03
 0.13632185948066E+03
 0.13632613847043E+03
 0.13633080998969E+03
 0.13633589833067E+03
 0.13634142806616E+03
 0.13634742400821E+03
 0.13635391118257E+03
 0.13636091481948E+03
 0.13636846036087E+03
 0.13637657348313E+03
 0.13638528013502E+03
 0.13639460658949E+03
 0.13640457950846E+03
 0.13641522601837E+03
 0.13642657379673E+03
 0.13643865116609E+03
 0.13645148719556E+03
 0.13646511180763E+03
 0.13647955588837E+03
 0.13649485140197E+03
 0.13651103150457E+03
 0.13652813066051E+03
 0.13654618475646E+03
 0.13656523121385E+03
 0.13658530910094E+03
 0.13660645923925E+03
 0.13662872430872E+03
 0.13665214894719E+03
 0.13667677984952E+03
 0.13670266585603E+03
 0.13672985804660E+03
 0.13675840982289E+03
 0.13678837698589E+03
 0.13681981781851E+03
 0.13685279315209E+03
 0.13688736644307E+03
 0.13692360384408E+03
 0.13696157427015E+03
 0.13700134946097E+03
 0.13704300404867E+03
 0.13708661562272E+03
 0.13713226479476E+03
 0.13718003525696E+03
 0.13723001387092E+03
 0.13728229073595E+03
 0.13733695925634E+03
 0.13739411622300E+03
 0.13745386189267E+03
 0.13751630006280E+03
 0.13758153820531E+03
 0.13764968756698E+03
 0.13772086326548E+03
 0.13779518438358E+03
 0.13787277418730E+03
 0.13795376009392E+03
 0.13803827397424E+03
 0.13812645231409E+03
 0.13821843633393E+03
 0.13831437220416E+03
 0.13841441115880E+03
 0.13851870982806E+03
 0.13862743052554E+03
 0.13874074138302E+03
 0.13885881647358E+03
 0.13898183654881E+03
 0.13910998908626E+03
 0.13924346837671E+03
 0.13938247638665E+03
 0.13952722296764E+03
 0.13967792605377E+03
 0.13983481229076E+03
 0.13999811777172E+03
 0.14016808790873E+03
 0.14034497883774E+03
 0.14052905709834E+03
 0.14072060125713E+03
 0.14091990158192E+03
 0.14112726171420E+03
 0.14134299879734E+03
 0.14156744464777E+03
 0.14180094669714E+03
 0.14204386871759E+03
 0.14229659228749E+03
 0.14255951764472E+03
 0.14283306514763E+03
 0.14311767606399E+03
 0.14341381498511E+03
 0.14372197052662E+03
 0.14404265731706E+03
 0.14437641831597E+03
 0.14472382560247E+03
 0.14508548387961E+03
 0.14546203194316E+03
 0.14585414543882E+03
 0.14626253982065E+03
 0.14668797302803E+03
 0.14713124897101E+03
 0.14759322103471E+03
 0.14807479593132E+03
 0.14857693813383E+03
 0.14910067419978E+03
 0.14964709792823E+03
 0.15021737649579E+03
 0.15081275576001E+03
 0.15143456730867E+03
 0.15208423583275E+03
 0.15276328752748E+03
 0.15347335793448E+03
 0.15421620282921E+03
 0.15499370832153E+03
 0.15580790299415E+03
 0.15666097059168E+03
 0.15755526438242E+03
 0.15849332261089E+03
 0.15947788603923E+03
 0.16051191598725E+03
 0.16159861570496E+03
 0.16274145175939E+03
 0.16394417859166E+03
 0.16521086430562E+03
 0.16654591867377E+03
 0.16795412141299E+03
 0.16944065430764E+03
 0.17101113220028E+03
 0.17267163318588E+03
 0.17442873099009E+03
 0.17628952000951E+03
 0.17826164710412E+03
 0.18035331526489E+03
 0.18257329648989E+03
 0.18493091917241E+03
 0.18743603569487E+03
 0.19009896446865E+03
 0.19293039193849E+03
 0.19594123505661E+03
 0.19914244725294E+03
 0.20254476728483E+03
 0.20615840583202E+03
 0.20999265967851E+03
 0.21405548708248E+03
 0.21835304047001E+03
 0.22288919748911E+03
 0.22766513590868E+03
 0.23267901524560E+03
 0.23792578556792E+03
 0.24339720186136E+03
 0.24908202793572E+03
 0.25496643479296E+03
 0.26103454942584E+03
 0.26726909081876E+03
 0.27365202445160E+03
 0.28016517523438E+03
 0.28679074972055E+03
 0.29351174322918E+03
 0.30031222510726E+03
 0.30717750537004E+03
 0.31409421177857E+03
 0.32105028629706E+03
 0.32803493289495E+03
 0.33503852945043E+03
 0.34205252503950E+03
 0.34906932663592E+03
 0.35608219068666E+03
 0.36308511948199E+03
 0.37007276916549E+03
 0.37704036306127E+03
 0.38398362187580E+03
 0.39089869685887E+03
 0.39778211749680E+03
 0.40463074474973E+03
 0.41144173072218E+03
 0.41821248462051E+03
 0.42494064411166E+03
 0.43162405080651E+03
 0.43826072899178E+03
 0.44484886758017E+03
 0.45138680385902E+03
 0.45787301053290E+03
 0.46430608374266E+03
 0.47068473395724E+03
 0.47700777450304E+03
 0.48327411551480E+03
 0.48948275639190E+03
 0.49563278014419E+03
 0.50172334730692E+03
 0.50775369101981E+03
 0.51372311289578E+03
 0.51963097903293E+03
 0.52547671677271E+03
 0.53125981063835E+03
 0.53697980019070E+03
 0.54263627653125E+03
 0.54822888114481E+03
 0.55375730233589E+03
 0.55922127425547E+03
 0.56462057323324E+03
 0.56995501855463E+03
 0.57522446875462E+03
 0.58042882054744E+03
 0.58556800730164E+03
 0.59064199865056E+03
 0.59565079752684E+03
 0.60059443974930E+03
 0.60547299369430E+03
 0.61028655639888E+03
 0.61503525603484E+03
 0.61971924766609E+03
 0.62433871453921E+03
 0.62889386503919E+03
 0.63338493330325E+03
 0.63781217753820E+03
 0.64217587911091E+03
 0.64647634145223E+03
 0.65071389001732E+03
 0.65488886984567E+03
 0.65900164617429E+03
 0.66305260233218E+03
 0.66704214086929E+03
 0.67097067985779E+03
 0.67483865463075E+03
 0.67864651521341E+03
 0.68239472657766E+03
 0.68608376776302E+03
 0.68971413072112E+03
 0.69328631972643E+03
 0.69680085062481E+03
 0.70025825038403E+03
 0.70365905593129E+03
 0.70700381387190E+03
 0.71029307957991E+03
 0.71352741668402E+03
 0.71670739627057E+03
 0.71983359631705E+03
 0.72290660122995E+03
 0.72592700102384E+03
 0.72889539082601E+03
 0.73181237038536E+03
 0.73467854350684E+03
 0.73749451737413E+03
 0.74026090225042E+03
 0.74297831075189E+03
 0.74564735764822E+03
 0.74826865910058E+03
 0.75084283242607E+03
 0.75337049552557E+03
 0.75585226662816E+03
 0.75828876366540E+03
 0.76068060410985E+03
 0.76302840444158E+03
 0.76533277991200E+03
 0.76759434408375E+03
 0.76981370861984E+03
 0.77199148290368E+03
 0.77412827377956E+03
