   478.80608573557492     
   478.80608573599255     
   478.80608574689603     
   478.80608582453607     
   478.80608611588764     
   478.80608686869988     
   478.80608823322490     
   478.80608849273875     
   478.80607609548593     
   478.80600820257922     
   478.80577172830726     
   478.80513155732490     
   478.80367802410939     
   478.80078697852991     
   478.79560142771993     
   478.78703736928736     
   478.77381101109012     
   478.75448141103942     
   478.72750171670043     
   478.69127268235940     
   478.64419371246311     
   478.58470813677422     
   478.51134099569498     
   478.42272872962576     
   478.31764099452408     
   478.19499529979453     
   478.05386548662432     
   477.89348506417082     
   477.71324642854427     
   477.51269687544635     
   477.29153217200894     
   477.04958832154978     
   476.78683204924590     
   476.50335039874267     
   476.19933975646427     
   475.87509459936086     
   475.53099611150867     
   475.16750088006859     
   474.78512982565991     
   474.38445742751662     
   473.96610141443705     
   473.53071295098647     
   473.07896744938097     
   472.61155597761876     
   472.12917742684141     
   471.63253132772041     
   471.12231148881284     
   470.59920029102005     
   470.06386379035411     
   469.51694751348901     
   468.95907293242880     
   468.39083465128317     
   467.81279816391981     
   467.22549823434008     
   466.62943778427973     
   466.02508729523493     
   465.41288460177935     
   464.79323511241148     
   464.16651236332797     
   463.53305881366964     
   462.89318695155305     
   462.24718052646591     
   461.59529600397195     
   460.93776406861662     
   460.27479129425330     
   459.60656177261075     
   458.93323887435179     
   458.25496687857429     
   457.57187270664724     
   456.88406755903918     
   456.19164844994634     
   455.49469979461924     
   454.79329479117172     
   454.08749678919571     
   453.37736055680449     
   452.66293341632701     
   451.94425635691135     
   451.22136495848599     
   450.49429026642247     
   449.76305958219700     
   449.02769712195027     
   448.28822461652010     
   447.54466180626957     
   446.79702686189756     
   446.04533234696282     
   445.28960241291838     
   444.52984846418457     
   443.76608511383216     
   442.99832647950723     
   442.22658617077008     
   441.45087730800145     
   440.67121244927347     
   439.88760351924191     
   439.10006166018547     
   438.30859710580023     
   437.51321895878755     
   436.71393506513948     
   435.91075162252127     
   435.10367323198165     
   434.29270242593327     
   433.47783947820227     
   432.65908215281422     
   431.83642506730553     
   431.00986027274877     
   430.17937619036502     
   429.34495752903683     
   428.50658509078778     
   427.66423546612828     
   426.81788061315143     
   425.96748771544554     
   425.11301884756654     
   424.25443059331764     
   423.39167386291382     
   422.52469355210241     
   421.65342808158982     
   420.77780975876431     
   419.89776351764004     
   419.01320720597261     
   418.12405096075798     
   417.23019743608006     
   416.33154084822820     
   415.42796698876606     
   414.51935313171930     
   413.60556727541660     
   412.68646769427448     
   411.76190312340941     
   410.83171197035193     
   409.89572205931779     
   408.95374961802543     
   408.00560094390181     
   407.05106955297697     
   406.08993709083438     
   405.12197109599038     
   404.14692695694629     
   403.16454728209561     
   402.17455927389585     
   401.17666218170444     
   400.17057597026269     
   399.15597071141985     
   398.13251320782814     
   397.09984595545870     
   396.05760191691610     
   395.00538859209570     
   393.94279618887168     
   392.86939624969369     
   391.78473713904350     
   390.68834448832683     
   389.57972295378460     
   388.45835288917368     
   387.32368767048496     
   386.17516009024752     
   385.01217209211194     
   383.83410019236049     
   382.64029240042981     
   381.43006915154615     
   380.20272007801861     
   378.95750613607674     
   377.69365928985371     
   376.41038011802277     
   375.10684150200871     
   373.78218757753820     
   372.43553483092887     
   371.06597721738245     
   369.67258848274855     
   368.25442164811386     
   366.81052182496376     
   365.33993036302473     
   363.84169465667185     
   362.31488365077200     
   360.75856616165186     
   359.17196051093276     
   357.55427335188665     
   355.90485378687026     
   354.22319502605933     
   352.50898462824529     
   350.76215489049395     
   348.98295316913249     
   347.17201715958362     
   345.33046884829758     
   343.46001599708978     
   341.56308119004166     
   339.64293668478132     
   337.70385786596387     
   335.75128850572122     
   333.79201281194571     
   331.83433371253864     
   329.88822543510122     
   327.96548321681433     
   326.07981837622015     
   324.24689160974509     
   322.48427921016940     
   320.81132727166238     
   319.24889090895522     
   317.81896355605039     
   316.54416703216896     
   315.44716189801386     
   314.54997674934771     
   313.87331987589135     
   313.43591997911756     
   313.25364683707386     
   313.34020575295330     
   313.70520850103998     
   314.35508002618411     
   315.29286083409397     
   316.51836664164216     
   318.02850663215969     
   319.81760727388979     
   321.87785149072204     
   324.19967548923552     
   326.77216066349757     
   329.58342076316035     
   332.62091142773414     
   335.87172077282077     
   339.32280273417661     
   342.96113445998515     
   346.77401185489924     
   350.74894137471284     
   354.87387173941067     
   359.13722526151355     
   363.52792766912916     
   368.03543987454998     
   372.64974650412830     
   377.36137738799738     
   382.16137909713171     
   387.04131082411254     
   391.99322504953051     
   397.00963707238128     
   402.08350502082624     
   407.20822322271664     
   412.37756984439551     
   417.58569489624665     
   422.82710989499975     
   428.09665654533177     
   433.38947830892164     
   438.70099360636800     
   444.02686097124507     
   449.36314729826626     
   454.70596732079946     
   460.05173501286509     
   465.39706047130403     
   470.73875084758771     
   476.07378400872790     
   481.39931760498257     
   486.71266296759808     
   492.01128139421451     
   497.29277135870166     
   502.55486630333303     
   507.79542330674360     
   513.01241623978865     
   518.20393274419973     
   523.36816020968092     
   528.50339351163234     
   533.60801776250389     
   538.68050674110873     
   543.71942244368506     
   548.72341077844158     
   553.69119363521293     
   558.62156712636352     
   563.51339971074788     
   568.36562828718502     
   573.17725763737747     
   577.94735273798165     
   582.67504035472450     
   587.35950603291519     
   591.99999283884677     
   596.59579582222125     
   601.14626345207739     
   605.65079475191942     
   610.10883665662413     
   614.51988359250595     
   618.88347497344967     
   623.19919465604767     
   627.46666858783340     
   631.68556273246702     
   635.85558357600564     
   639.97647475425993     
   644.04801798284529     
   648.07002916688623     
   652.04235954149055     
   655.96489365759703     
   659.83754661447949     
   663.66026578836602     
   667.43302765552755     
   671.15583793410940     
   674.82872894588672     
   678.45176055566856     
   682.02501714112043     
   685.54860832162240     
   689.02266746937778     
   692.44734982654666     
   695.82283276458963     
   699.14931446639605     
   702.42701280331858     
   705.65616428477449     
   708.83702428269953     
   711.96986460436096     
   715.05497400952845     
   718.09265661806126     
   721.08323152922526     
   724.02703189880162     
