   305.833180578490118847143771537581802      
   305.833180575208522449485551403157112      
   305.833180532679864089517132468032791      
   305.833180317601823404850585586047745      
   305.833179632578655134427429109425923      
   305.833177969418442227806768524309260      
   305.833174579803515330123607235608871      
   305.833168436153001172135107226802580      
   305.833158097978758583899724038774268      
   305.833141312165118079678241607341218      
   305.833114153098472445256082381713030      
   305.833069624316696293008242774933221      
   305.832995839663004985368187461219336      
   305.832874054758592883604576637148944      
   305.832676856971708392148936279539421      
   305.832366754854625436345227435955768      
   305.831895290160880853404211055638345      
   305.831202679424233545196794758839644      
   305.830217908082560763979707050909538      
   305.828859156570765877735590138588786      
   305.827034429074035133112205159141762      
   305.824642270515482260382593762364446      
   305.821572484608977812231257417743731      
   305.817706796721457556403578477808020      
   305.812919434226586389993862425181253      
   305.807077620959103064138690047530439      
   305.800042000112832763884570234866062      
   305.791667011371296157134935303879421      
   305.781801253824038805391116925196613      
   305.770287867124838084659409329593942      
   305.756964960483563224413087032776772      
   305.741666113481615583846301832505425      
   305.724220965410403827770922452846588      
   305.704455901797025699482042499252591      
   305.682194838810303697456946048972278      
   305.657260098943527704185696759771025      
   305.629473365232015327195258675764814      
   305.598656696502991907565994079716069      
   305.564633582916765682740528734071729      
   305.527230019279319555955360953651273      
   305.486275562995927494366860810406323      
   305.441604412296541355434066048699009      
   305.393056346796947485455356673816867      
   305.340477686465250414390830549463637      
   305.283722128712065438006689563168408      
   305.222651498817123435614735464858456      
   305.157136396727010119604016934759258      
   305.087056733758558482395161688990231      
   305.012302155740100229730789552937092      
   304.932772351570688175163368378392653      
   304.848377248624148316685368340614956      
   304.759037098204314276268569504182409      
   304.664682456170561656650175874786487      
   304.565254064842966480003889762746587      
   304.460702643564869278014334057773732      
   304.350988596035653219411745832540216      
   304.236081642703507824358015969703920      
   304.115960387234631973138461868530662      
   303.990611825516915184337581413357282      
   303.860030806656430409059814692772737      
   303.724219453109165361509936554260624      
   303.583186549637089261556090021085056      
   303.436946907482186460733427254758452      
   303.285520711779081430550897364193790      
   303.128932858956846915159606137569142      
   302.967212288087939976732109505550527      
   302.800391315661136319476142833211387      
   302.628504973807521826257713602083755      
   302.451590360220668992912015244108498      
   302.269686002098878387455596151425213      
   302.082831234426812789079030420329835      
   301.891065601216383727906782113757849      
   301.694428274845474926229712538525137      
   301.492957501775699713558751126886850      
   301.286690065576035688625358897820327      
   301.075660789156694165734473327514700      
   300.859902038796860987832166480239439      
   300.639443275312112923112263703357129      
   300.414310617666475398762426720462862      
   300.184526437316516725800271963047296      
   299.950108974320934088594131462095534      
   299.711071970666543266815703188056881      
   299.467424323026044702310627200556134      
   299.219169765592258862461568578019170      
   298.966306566089021980502382068139480      
   298.708827237529940514984833756162684      
   298.446718263355016288088272593057875      
   298.179959846019409904840970721776561      
   297.908525666504292920060407435305782      
   297.632382611001481313263219537673975      
   297.351490566866660830723667332076601      
   297.065802196606442866295316659499270      
   296.775262718612821796919885081185555      
   296.479809707022977759613562547317350      
   296.179372870378525928344574081821672      
   295.873873765146331511666724617341484      
   295.563225723595866811722511799834233      
   295.247333492694730336839322948116535      
   294.926093049183103628068574583121910      
   294.599391381535445435435165566477402      
   294.267106246713216875619433910570273      
   293.929105948733461984168805068875002      
   293.585248917455070849092400360146558      
   293.235383554263024773656184652196836      
   292.879347902257232264066029678612354      
   292.516969451087851259851694732079976      
   292.148064504802776333371404081839443      
   291.772437942310167067449725910301966      
   291.389883129876305890613585280193110      
   291.000181112432876212271573473177254      
   290.603100146151457005898951465826736      
   290.198395631223521763162914117256252      
   289.785809455012278593736877615769435      
   289.365069067227410791145943461333879      
   288.935887397023164307072095053640529      
   288.497962157473907015660887586499509      
   288.050974769202329513053090898489682      
   287.594590444189464139999069108310433      
   287.128456434648938691624002070636226      
   286.652202247560375118977410505328223      
   286.165437904048692162738817099131843      
   285.667753630584770168889095197228474      
   285.158718499025187374687752731961274      
   284.637879566909687071290825560395066      
   284.104760726614569215693270861822500      
   283.558861357592807190916682989683356      
   282.999655227853628183071242420821614      
   282.426588845961424032723917461987339      
   281.839080102933590592383019246791052      
   281.236516915387655407370930399725438      
   280.618254848524748662108580934006607      
   279.983615768686459483704780413631797      
   279.331886329873778407575298568141932      
   278.662314277739263418042005793776093      
   277.974108061640040611927593132168631      
   277.266433067382575805922953887548274      
   276.538409445546086304519882769259609      
   275.789109330753464346125625079136681      
   275.017553684948988681862575784503505      
   274.222709259737784326840358478671529      
   273.403484386454216429268904259157844      
   272.558726265974636730505572418022215      
   271.687215951166079715626489439603553      
   270.787665023005117858386008561153024      
   269.858709765886601772578039784411504      
   268.898907010761014741941805837874311      
   267.906728396492157048226929202069971      
   266.880554865977351270100344149994900      
   265.818670847371342356486593455759392      
   264.719256776433142265973994231812849      
   263.580383156523793056840296684775380      
   262.400002848629015191433003479659711      
   261.175943504883003467318980301173449      
   259.905899379859545766400134037615664      
   258.587422952213532298767340649910084      
   257.217916597807480827588373771410011      
   255.794623790701968595968450475656049      
   254.314620243710137220585345767081662      
   252.774805612175156765137470188845551      
   251.171895427644622719378391209068052      
   249.502414689690959842243229860579759      
   247.762691917898278654186446173559918      
   245.948855776946915372118943697582882      
   244.056835503524203316337743206691072      
   242.082363634553292017586972497337920      
   240.020987597156248585122259323750927      
   237.868081707712844926124623955867509      
   235.618884409188720772295868018194357      
   233.268523451929435875367871892961545      
   230.812076847822277361675711099431641      
   228.244645406044728487372158982871827      
   225.561447656852995865459822978328616      
   222.757941490084913596565618674000152      
   219.829978609419874516993713330120569      
   216.773991341959004373759955280818321      
   213.587220051839006630599763355456941      
   210.267975511980188770675052466205428      
   206.815934863452240696751048832003637      
   203.232467807318969999055232892605174      
   199.520964333381894339580122450989880      
   195.687161866161952390863145496148315      
   191.739410764250217555085822085142469      
   187.688859171779481004966721847984826      
   183.549497831797938140905668328186660      
   179.338016491296127466353475915662837      
   175.073462688941480143215395865320313      
   170.776683143869798263041290759098181      
   166.469590709117318665800702507718718      
   162.174325901959092953070226091166115      
   157.912394738723268670369319596095721      
   153.703886473787668163898734687612074      
   149.566839350407628789217890016480321      
   145.516804293498127344640193240422834      
   141.566621734819487037978281390727138      
   137.726387123444029071463533526650928      
   134.003573617423399908498652093094502      
   130.403261232775281436752551147652840      
   126.928431204879453167317463379198061      
   123.580283960945282700073475586985988      
   120.358553907048966170226002503885026      
   117.261803350010160498571374648886408      
   114.287682865222970402318530445074610      
   111.433155521287512531742663498799247      
   108.694685015697411819997958182528036      
   106.068388411046205361914038140671776      
   103.550160933003735681391880424872766      
   101.135772462957277369247453151896261      
   98.8209459324485966925804940767248581      
   96.6014146987888946533970580784133346      
   94.4729678126159710947313605275807026      
   92.4314831054599127383737926987913534      
   90.4729513642794666226611588602696668      
   88.5934935904257991534168562454516442      
   86.7893723674288738239785920216477372      
   85.0569989479422014523260133183262108      
   83.3929368235010138442519298880659289      
   81.7939030449198678023540716879750700      
   80.2567670118292932046656282951727100      
   78.7785484132595399066591868809694042      
   77.3564133110909364986860894340400742      
   75.9876701381625288016785937759749261      
   74.6697641226704323805180564026943715      
   73.4002727573372043305816257906077011      
   72.1768998141230860529368717903913906      
   70.9974697155315560998072802734623424      
   69.8599218695500688548574147320215648      
   68.7623049727019955715664603802558015      
   67.7027715803963256970178646523464889      
   66.6795725872576249586627841420957083      
   65.6910521194456818643898773151745976      
   64.7356423668882559042245037167068406      
   63.8118588607615780822169409670868727      
   62.9182956942116346518047470442359336      
   62.0536213188240602155355944487582395      
   61.2165741916094369610193182364372013      
   60.4059589245803325725001648368760942      
   59.6206423254783252985495497535199373      
   58.8595501559116905419502622230141684      
   58.1216632689897174751919555856487709      
   57.4060151002807908883987085756931229      
   56.7116882099266422736863487852690849      
   56.0378112681546359997378756788989048      
   55.3835572812261431606833251200211414      
   54.7481399946124811359328901999645112      
   54.1308123629568929349304301498328594      
   53.5308640287093533730504262563107592      
   52.9476193136812144792600951612236107      
   52.3804351515995961694850628506403039      
   51.8286994603632758119115901938061088      
   51.2918292558883019388159219697278008      
   50.7692690828023034667634579034138311      
   50.2604896060625544811074074391824190      
   49.7649860450514125521948366725202637      
   49.2822768827616718325025483359145492      
   48.8119025879796805888984054842282829      
   48.3534245184749839472100464780743379      
   47.9064237228869236860083226970496011      
   47.4704999139996156897872827902499246      
   47.0452704697862137666843053558820723      
   46.6303696104784631926578512668341460      
   46.2254473017299043134813837766427748      
   45.8301687157574054742330852749414596      
   45.4442132431939428023578553383044308      
   45.0672739035199637200071476688323126      
   44.6990565662837224944353640574568758      
   44.3392793372159591649304165669816160      
   43.9876719675556542459758424067024242      
   43.6439752515670638135662375557290457      
   43.3079405115871861470058180615638125      
   42.9793290601041286383378083235869980      
   42.6579117407888641332415907629340981      
   42.3434684393431150220447985159062951      
   42.0357876948383758309024269128839472      
   41.7346662559033014043537354786425568      
   41.4399087213565207693547708734309783      
   41.1513271468022514267950355788330596      
   40.8687407356905971634090443818198241      
   40.5919754728421513644889647808075598      
   40.3208638572558396602133984129045971      
   40.0552445736021715874015704899556862      
   39.7949622254095161333647108250354512      
   39.5398670849560412321374397208598265      
   39.2898148275444198298365312141767990      
   39.0446663025332312366208116220581360      
   38.8042873009525696452751005502694391      
   38.5685483531235800261928538689120251      
   38.3373245139234943835885087082007615      
   38.1104951822279689229901464977952965      
   37.8879439098527080487098898107388212      
   37.6695582238281544120236816753768797      
   37.4552294748256718337167856426586875      
   37.2448526583426148246242361642159244      
   37.0383262913591646766148216489946098      
   36.8355522487047726145300598559680586      
   36.6364356314811737458215479979482633      
   36.4408846452552572973080237832565699      
   36.2488104680790236507253110705366549      
   36.0601271341871828469471535330541669      
   35.8747514284361686087067733475098317      
   35.6926027696577219230952542038472088      
