 0.92211253095904E+02
 0.92211253095831E+02
 0.92211253094071E+02
 0.92211253082534E+02
 0.92211253042748E+02
 0.92211252947225E+02
 0.92211252762948E+02
 0.92211252449501E+02
 0.92211251933995E+02
 0.92211251026337E+02
 0.92211249232094E+02
 0.92211245443796E+02
 0.92211237534344E+02
 0.92211221911751E+02
 0.92211193106439E+02
 0.92211143451203E+02
 0.92211062890199E+02
 0.92210938927643E+02
 0.92210756706028E+02
 0.92210499189923E+02
 0.92210147424475E+02
 0.92209680835964E+02
 0.92209077543571E+02
 0.92208314655790E+02
 0.92207368530362E+02
 0.92206214983389E+02
 0.92204829439809E+02
 0.92203187024095E+02
 0.92201262595752E+02
 0.92199030738850E+02
 0.92196465717943E+02
 0.92193541414432E+02
 0.92190231257624E+02
 0.92186508163652E+02
 0.92182344493522E+02
 0.92177712038882E+02
 0.92172582041258E+02
 0.92166925247631E+02
 0.92160712002539E+02
 0.92153912374537E+02
 0.92146496313159E+02
 0.92138433830974E+02
 0.92129695204648E+02
 0.92120251188354E+02
 0.92110073232892E+02
 0.92099133704200E+02
 0.92087406095301E+02
 0.92074865226545E+02
 0.92061487429581E+02
 0.92047250711572E+02
 0.92032134896773E+02
 0.92016121743492E+02
 0.91999195035134E+02
 0.91981340644882E+02
 0.91962546573985E+02
 0.91942802964135E+02
 0.91922102085120E+02
 0.91900438299018E+02
 0.91877808002460E+02
 0.91854209549013E+02
 0.91829643153547E+02
 0.91804110771784E+02
 0.91777616007830E+02
 0.91750163930793E+02
 0.91721760957043E+02
 0.91692414688853E+02
 0.91662133753953E+02
 0.91630927641192E+02
 0.91598806533828E+02
 0.91565781141265E+02
 0.91531862531887E+02
 0.91497061967282E+02
 0.91461390738926E+02
 0.91424860007654E+02
 0.91387480648871E+02
 0.91349263102181E+02
 0.91310217225680E+02
 0.91270352156613E+02
 0.91229676177659E+02
 0.91188196590924E+02
 0.91145919597304E+02
 0.91102850180937E+02
 0.91058992002140E+02
 0.91014347292656E+02
 0.90968916763516E+02
 0.90922699512753E+02
 0.90875692943400E+02
 0.90827892680695E+02
 0.90779292496725E+02
 0.90729884243396E+02
 0.90679657781113E+02
 0.90628600920545E+02
 0.90576699363401E+02
 0.90523936637782E+02
 0.90470294055379E+02
 0.90415750655889E+02
 0.90360283158673E+02
 0.90303865891867E+02
 0.90246470758151E+02
 0.90188067207441E+02
 0.90128622167358E+02
 0.90068099975617E+02
 0.90006462346306E+02
 0.89943668332002E+02
 0.89879674255626E+02
 0.89814433652883E+02
 0.89747897190590E+02
 0.89680012635389E+02
 0.89610724801342E+02
 0.89539975433034E+02
 0.89467703118989E+02
 0.89393843281002E+02
 0.89318328064703E+02
 0.89241086155036E+02
 0.89162042703842E+02
 0.89081119465392E+02
 0.88998234327135E+02
 0.88913301252295E+02
 0.88826230436796E+02
 0.88736927702136E+02
 0.88645294742103E+02
 0.88551228753847E+02
 0.88454622180832E+02
 0.88355362823566E+02
 0.88253333121172E+02
 0.88148410526354E+02
 0.88040466628633E+02
 0.87929367437296E+02
 0.87814972655917E+02
 0.87697135661996E+02
 0.87575702979396E+02
 0.87450513919735E+02
 0.87321400369007E+02
 0.87188186052428E+02
 0.87050686264801E+02
 0.86908707313909E+02
 0.86762046003800E+02
 0.86610488868893E+02
 0.86453811699301E+02
 0.86291778862585E+02
 0.86124142289608E+02
 0.85950640794352E+02
 0.85770999295721E+02
 0.85584927536613E+02
 0.85392119321247E+02
 0.85192250977955E+02
 0.84984980352201E+02
 0.84769945781024E+02
 0.84546763635689E+02
 0.84315027531263E+02
 0.84074306203105E+02
 0.83824141549131E+02
 0.83564046687052E+02
 0.83293503621794E+02
 0.83011960629128E+02
 0.82718829925961E+02
 0.82413484421833E+02
 0.82095254833546E+02
 0.81763426276734E+02
 0.81417234979487E+02
 0.81055864311787E+02
 0.80678440927464E+02
 0.80284030828639E+02
 0.79871635222211E+02
 0.79440186698384E+02
 0.78988544865850E+02
 0.78515492814636E+02
 0.78019735084856E+02
 0.77499894318627E+02
 0.76954511115345E+02
 0.76382045096285E+02
 0.75780878600293E+02
 0.75149323599827E+02
 0.74485633071639E+02
 0.73788017633795E+02
 0.73054668935354E+02
 0.72283790382398E+02
 0.71473637964224E+02
 0.70622568468101E+02
 0.69729100020050E+02
 0.68791978443321E+02
 0.67810254632527E+02
 0.66783360127801E+02
 0.65711185280997E+02
 0.64594147441838E+02
 0.63433248432798E+02
 0.62230104749002E+02
 0.60986960516797E+02
 0.59706669571447E+02
 0.58392653635462E+02
 0.57048839103727E+02
 0.55679578567319E+02
 0.54289564649786E+02
 0.52883740223715E+02
 0.51467211073299E+02
 0.50045160909110E+02
 0.48622773027612E+02
 0.47205151120722E+02
 0.45797245945404E+02
 0.44403783967244E+02
 0.43029200558458E+02
 0.41677578679043E+02
 0.40352597647310E+02
 0.39057493234271E+02
 0.37795030910708E+02
 0.36567495478449E+02
 0.35376693344343E+02
 0.34223968833196E+02
 0.33110231419117E+02
 0.32035991306504E+02
 0.31001400573394E+02
 0.30006297441505E+02
 0.29050251172518E+02
 0.28132605995352E+02
 0.27252522584853E+02
 0.26409015719329E+02
 0.25600989073665E+02
 0.24827264789813E+02
 0.24086609548730E+02
 0.23377756624152E+02
 0.22699424256115E+02
 0.22050330714078E+02
 0.21429206589701E+02
 0.20834804446740E+02
 0.20265906308684E+02
 0.19721329323305E+02
 0.19199929871738E+02
 0.18700606426489E+02
 0.18222301314685E+02
 0.17764001670788E+02
 0.17324739702300E+02
 0.16903592245607E+02
 0.16499680370224E+02
 0.16112168124182E+02
 0.15740261327748E+02
 0.15383206148919E+02
 0.15040287575696E+02
 0.14710827790391E+02
 0.14394184497531E+02
 0.14089749264229E+02
 0.13796945876780E+02
 0.13515228705722E+02
 0.13244081120171E+02
 0.12983013937196E+02
 0.12731563963038E+02
 0.12489292549780E+02
 0.12255784243534E+02
 0.12030645480024E+02
 0.11813503370939E+02
 0.11604004511668E+02
 0.11401813885737E+02
 0.11206613810774E+02
 0.11018102953830E+02
 0.10835995412918E+02
 0.10660019806077E+02
 0.10489918461701E+02
 0.10325446645277E+02
 0.10166371821233E+02
 0.10012472956098E+02
 0.98635398720320E+01
 0.97193726532644E+01
 0.95797810514445E+01
 0.94445839627567E+01
 0.93136089168038E+01
 0.91866916049176E+01
 0.90636754305792E+01
 0.89444111069353E+01
 0.88287561961432E+01
 0.87165748436319E+01
 0.86077373520243E+01
 0.85021198854767E+01
 0.83996041356145E+01
 0.83000770708375E+01
 0.82034306185299E+01
 0.81095614424747E+01
 0.80183706784324E+01
 0.79297637291385E+01
 0.78436500179749E+01
 0.77599428171839E+01
 0.76785590357121E+01
 0.75994190503304E+01
 0.75224465300466E+01
 0.74475682739347E+01
 0.73747140700900E+01
 0.73038165374948E+01
 0.72348110005386E+01
 0.71676353601701E+01
 0.71022299693091E+01
 0.70385375200289E+01
 0.69765029369936E+01
 0.69160732719622E+01
 0.68571976079001E+01
 0.67998269674665E+01
 0.67439142277481E+01
 0.66894140308990E+01
 0.66362827120889E+01
 0.65844782246804E+01
 0.65339600656420E+01
 0.64846892108214E+01
 0.64366280536899E+01
