 0.13628526479576E+03
 0.13628526479576E+03
 0.13628526479591E+03
 0.13628526479727E+03
 0.13628526480368E+03
 0.13628526482384E+03
 0.13628526487274E+03
 0.13628526497353E+03
 0.13628526516517E+03
 0.13628526552759E+03
 0.13628526623692E+03
 0.13628526765493E+03
 0.13628527044280E+03
 0.13628527567948E+03
 0.13628528496318E+03
 0.13628530047963E+03
 0.13628532502973E+03
 0.13628536201720E+03
 0.13628541540259E+03
 0.13628548963359E+03
 0.13628558956254E+03
 0.13628572036223E+03
 0.13628588745014E+03
 0.13628609642989E+03
 0.13628635305695E+03
 0.13628666323303E+03
 0.13628703303102E+03
 0.13628746874943E+03
 0.13628797699238E+03
 0.13628856476896E+03
 0.13628923960407E+03
 0.13629000965178E+03
 0.13629088380260E+03
 0.13629187177610E+03
 0.13629298419218E+03
 0.13629423261559E+03
 0.13629562957028E+03
 0.13629718852215E+03
 0.13629892383033E+03
 0.13630085066906E+03
 0.13630298492302E+03
 0.13630534306039E+03
 0.13630794198810E+03
 0.13631079889446E+03
 0.13631393108410E+03
 0.13631735581015E+03
 0.13632109010821E+03
 0.13632515063622E+03
 0.13632955352381E+03
 0.13633431423413E+03
 0.13633944744046E+03
 0.13634496691960E+03
 0.13635088546309E+03
 0.13635721480714E+03
 0.13636396558151E+03
 0.13637114727726E+03
 0.13637876823282E+03
 0.13638683563775E+03
 0.13639535555310E+03
 0.13640433294732E+03
 0.13641377175188E+03
 0.13642367490331E+03
 0.13643404444683E+03
 0.13644488160204E+03
 0.13645618685996E+03
 0.13646796008282E+03
 0.13648020060950E+03
 0.13649290736533E+03
 0.13650607897540E+03
 0.13651971387965E+03
 0.13653381044926E+03
 0.13654836710315E+03
 0.13656338242379E+03
 0.13657885527167E+03
 0.13659478489782E+03
 0.13661117105356E+03
 0.13662801409744E+03
 0.13664531509906E+03
 0.13666307593878E+03
 0.13668129940342E+03
 0.13669998927914E+03
 0.13671915043921E+03
 0.13673878892749E+03
 0.13675891203949E+03
 0.13677952839683E+03
 0.13680064802074E+03
 0.13682228239923E+03
 0.13684444455353E+03
 0.13686714909794E+03
 0.13689041229924E+03
 0.13691425213280E+03
 0.13693868833359E+03
 0.13696374244923E+03
 0.13698943789004E+03
 0.13701579996796E+03
 0.13704285595583E+03
 0.13707063511711E+03
 0.13709916876216E+03
 0.13712849028392E+03
 0.13715863520330E+03
 0.13718964121402E+03
 0.13722154822562E+03
 0.13725439840691E+03
 0.13728823623848E+03
 0.13732310855178E+03
 0.13735906458235E+03
 0.13739615602563E+03
 0.13743443709250E+03
 0.13747396456181E+03
 0.13751479783960E+03
 0.13755699904012E+03
 0.13760063304003E+03
 0.13764576755792E+03
 0.13769247324010E+03
 0.13774082374069E+03
 0.13779089582015E+03
 0.13784276943270E+03
 0.13789652788490E+03
 0.13795225780261E+03
 0.13801004946085E+03
 0.13806999676692E+03
 0.13813219747557E+03
 0.13819675331612E+03
 0.13826377016799E+03
 0.13833335822064E+03
 0.13840563219144E+03
 0.13848071153315E+03
 0.13855872064403E+03
 0.13863978913173E+03
 0.13872405203876E+03
 0.13881165017755E+03
 0.13890273039695E+03
 0.13899744589614E+03
 0.13909595663472E+03
 0.13919842966592E+03
 0.13930503957984E+03
 0.13941596895920E+03
 0.13953140881581E+03
 0.13965155917253E+03
 0.13977662961814E+03
 0.13990683986355E+03
 0.14004242050820E+03
 0.14018361372009E+03
 0.14033067400003E+03
 0.14048386906572E+03
 0.14064348077602E+03
 0.14080980617299E+03
 0.14098315854625E+03
 0.14116386868446E+03
 0.14135228609006E+03
 0.14154878061141E+03
 0.14175374384288E+03
 0.14196759098264E+03
 0.14219076240505E+03
 0.14242372625223E+03
 0.14266698035469E+03
 0.14292105482885E+03
 0.14318651484748E+03
 0.14346396365646E+03
 0.14375404595342E+03
 0.14405745157604E+03
 0.14437491952409E+03
 0.14470724265968E+03
 0.14505527266653E+03
 0.14541992533545E+03
 0.14580218714882E+03
 0.14620312181841E+03
 0.14662387796208E+03
 0.14706569749377E+03
 0.14752992501587E+03
 0.14801801808247E+03
 0.14853155881407E+03
 0.14907226654894E+03
 0.14964201198813E+03
 0.15024283325213E+03
 0.15087695165124E+03
 0.15154679252680E+03
 0.15225500433449E+03
 0.15300448194239E+03
 0.15379839053542E+03
 0.15464019179749E+03
 0.15553367111038E+03
 0.15648296612155E+03
 0.15749259567696E+03
 0.15856748880016E+03
 0.15971301166952E+03
 0.16093499156005E+03
 0.16223973633586E+03
 0.16363404473534E+03
 0.16512520805587E+03
 0.16672099482536E+03
 0.16842962117945E+03
 0.17025969438115E+03
 0.17222014341913E+03
 0.17432009998519E+03
 0.17656877199281E+03
 0.17897527818661E+03
 0.18154845758833E+03
 0.18429665970254E+03
 0.18722751153130E+03
 0.19034770851167E+03
 0.19366276122029E+03
 0.19717679905506E+03
 0.20089238339840E+03
 0.20481042207770E+03
 0.20892986696381E+03
 0.21324798142666E+03
 0.21776019969978E+03
 0.22246028194204E+03
 0.22734049243865E+03
 0.23239183048931E+03
 0.23760429558293E+03
 0.24296717110597E+03
 0.24846930004899E+03
 0.25409934621419E+03
 0.25984601526516E+03
 0.26569824367856E+03
 0.27164534142234E+03
 0.27767709733448E+03
 0.28378384691835E+03
 0.28995650979118E+03
 0.29618660392872E+03
 0.30246624029548E+03
 0.30878810309646E+03
 0.31514542492662E+03
 0.32153195007709E+03
 0.32794190014512E+03
 0.33436993753730E+03
 0.34081112721483E+03
 0.34726090284528E+03
 0.35371503337960E+03
 0.36016959195058E+03
 0.36662092814929E+03
 0.37306564205061E+03
 0.37950056112606E+03
 0.38592271910786E+03
 0.39232933783033E+03
 0.39871780969952E+03
 0.40508568253687E+03
 0.41143064903920E+03
 0.41775053101475E+03
 0.42404327134199E+03
 0.43030692395365E+03
 0.43653964614954E+03
 0.44273969108210E+03
 0.44890540087375E+03
 0.45503520159712E+03
 0.46112759744712E+03
 0.46718116716397E+03
 0.47319455930923E+03
 0.47916648878488E+03
 0.48509573387874E+03
 0.49098113391033E+03
 0.49682158571868E+03
 0.50261604201321E+03
 0.50836350920588E+03
 0.51406304606630E+03
 0.51971376108353E+03
 0.52531481206507E+03
 0.53086540407113E+03
 0.53636478821049E+03
 0.54181226068132E+03
 0.54720716166101E+03
 0.55254887446615E+03
 0.55783682408705E+03
 0.56307047668843E+03
 0.56824933890246E+03
 0.57337295652081E+03
 0.57844091393419E+03
 0.58345283343233E+03
 0.58840837442138E+03
 0.59330723250188E+03
 0.59814913869151E+03
 0.60293385853012E+03
 0.60766119315697E+03
 0.61233097524116E+03
 0.61694307067130E+03
 0.62149737715756E+03
 0.62599382344826E+03
 0.63043236866254E+03
 0.63481300144926E+03
 0.63913573921839E+03
 0.64340062749366E+03
 0.64760773892730E+03
 0.65175717276273E+03
 0.65584905390175E+03
 0.65988353211331E+03
 0.66386078132209E+03
 0.66778099881735E+03
 0.67164440439311E+03
 0.67545123955520E+03
 0.67920176688241E+03
 0.68289626903661E+03
 0.68653504813696E+03
 0.69011842483888E+03
 0.69364673766850E+03
 0.69712034223239E+03
 0.70053961035179E+03
 0.70390492945709E+03
 0.70721670170135E+03
