   6.91360382032448847522976250442333937      
   6.91360382032448897452856100055816334      
   6.91360382032452743201328781372420908      
   6.91360382032516444341181800519020195      
   6.91360382032990751712095170087933365      
   6.91360382035170981779289183518755764      
   6.91360382042467998402730538438699760      
   6.91360382061958405575439078536155358      
   6.91360382105548862151324573407705089      
   6.91360382188595357242001122585904398      
   6.91360382321898980234024196214224775      
   6.91360382491702757164352574543624036      
   6.91360382622650346140026052654036726      
   6.91360382520635179018843359584824619      
   6.91360381795271752379227180154020312      
   6.91360379764466427504180659610420395      
   6.91360375345691122419120852053953012      
   6.91360366939923818155467081147638652      
   6.91360352314906522755677386258758018      
   6.91360328494558978794956435312336041      
   6.91360291661224946169205023475855974      
   6.91360237076968777775876337962818014      
   6.91360159029346736486212459187075255      
   6.91360050805957807029052129600656017      
   6.91359904700543519154363286524943984      
   6.91359712051626663939510617739673368      
   6.91359463312674455921110454654206004      
   6.91359148150858919055964141362452108      
   6.91358755569777457124430142222599936      
   6.91358274050114823783735943883227690      
   6.91357691701483932651618414196614627      
   6.91356996418359743613699320600896148      
   6.91356176033274359690164329517550485      
   6.91355218461114003097545095595020769      
   6.91354111829360634565565958418009616      
   6.91352844590313459823658330453777287      
   6.91351405612613444850435611279576111      
   6.91349784250632378671867973654205202      
   6.91347970391466921823235180246012905      
   6.91345954480221920701303655326424551      
   6.91343727525110997881366157927256763      
   6.91341281084458192467551344537759244      
   6.91338607238112462554043339267004565      
   6.91335698545977777402848757815393291      
   6.91332547996442016402289257156611561      
   6.91329148947422820650574935646670838      
   6.91325495062582535194958395331422680      
   6.91321580245029987258497110583279698      
   6.91317398570563715149611040633293577      
   6.91312944222206720872261611974818446      
   6.91308211427453142601532942300007854      
   6.91303194399382450695805858100122592      
   6.91297887282492176464091511602281413      
   6.91292284103819665189143055095350327      
   6.91286378729734656809574286099681948      
   6.91280164828536414863533253738769010      
   6.91273635838829842960620751376938949      
   6.91266784943530633085032906366906382      
   6.91259605049180747075729573366027658      
   6.91252088770240380799603809311941364      
   6.91244228417852529694766530629609028      
   6.91236015992641646653395609155621649      
   6.91227443180990753322549586078608839      
   6.91218501352515765854793203339932915      
   6.91209181568191549831080560024910834      
   6.91199474574746966232626450659128773      
   6.91189370815256909714704951959668838      
   6.91178860433473029017752400990105990      
   6.91167933279978295184144629852622304      
   6.91156578918305372730441425979368135      
   6.91144786630508543525538998309680304      
   6.91132545422082798349003839780777914      
   6.91119844025665356298622993325988034      
   6.91106670903275196424403797697519246      
   6.91093014246967094300296422726096566      
   6.91078861977448228389043353536684559      
   6.91064201740451687803150101301119945      
   6.91049020901060965078900851449985409      
   6.91033306535376942586003564264825916      
   6.91017045419704841880082632685762316      
   6.91000224017307438356958491248115240      
   6.90982828461747573863134258706559098      
   6.90964844537694453827744101331465993      
   6.90946257658531223451079120364313793      
   6.90927052841976144883244382375991266      
   6.90907214681599651707837255435724515      
   6.90886727316222741982037749878233241      
   6.90865574395195681872882637867232962      
   6.90843739042605674610657994884923995      
   6.90821203816007298097462917357269280      
   6.90797950662144073209605938535173886      
   6.90773960872171911643601265445368827      
   6.90749215031569290603124788602283613      
   6.90723692967877644535745173771725769      
   6.90697373695790789963651328658806019      
   6.90670235358719525462590682785267236      
   6.90642255161266152381340267105235191      
   6.90613409309191426537877221691797951      
   6.90583672939142243284154623690722798      
   6.90553020048105758968425547083097723      
   6.90521423414750804435004149756552440      
   6.90488854523615275021255402634453752      
   6.90455283483539635571163331085019202      
   6.90420678935969642126478624023037053      
   6.90385007966086688589361125508687392      
   6.90348236012014204014282335010131518      
   6.90310326772108105207709350251446823      
   6.90271242091242929761093920905096705      
   6.90230941853499302175690713576548976      
   6.90189383879109878404842317792199443      
   6.90146523819975844035800587403542576      
   6.90102315010477402869278592853047756      
   6.90056708349742740677157028057730150      
   6.90009652188991572305531847436633736      
   6.89961092189249743042485479418538660      
   6.89910971137450224898430321413379294      
   6.89859228856401833851444088461209695      
   6.89805802026551513635064019032134240      
   6.89750623968947028210744177387611732      
   6.89693624590483610351216635377396842      
   6.89634730094778883021932011810649437      
   6.89573862844174405087653746041500338      
   6.89510941140020133281693866885370108      
   6.89445879071134059884283533125158279      
   6.89378586209390687648765983662983997      
   6.89308967487327440950567996742707800      
   6.89236922853643541627879056328075569      
   6.89162347112952296593301128313285099      
   6.89085129620622666071377515939902047      
   6.89005153997207693891587291978161362      
   6.88922297867702775294163531350881561      
   6.88836432543996294447949942064509720      
   6.88747422669137166439268054329234474      
   6.88655125958921847868509699677590048      
   6.88559392734223095743694077919333288      
   6.88460065637124937636119133164998815      
   6.88356979192063320440840116247734842      
   6.88249959343072016683020337427420523      
   6.88138823072639132490575771203737956      
   6.88023377899245931619933015940619961      
   6.87903421373717083527389105434363431      
   6.87778740501939988290578764266910845      
   6.87649111249962607246951894577053191      
   6.87514297927515593769006997119262693      
   6.87374052507625173373613757062850800      
   6.87228113931776546412812225017769343      
   6.87076207506993338811437925031318882      
   6.86918043954758644751914390086622309      
   6.86753318752200149872398645804161113      
   6.86581711144680749727903343563829492      
   6.86402883264104062669933252913698368      
   6.86216479112496603663980909288925031      
   6.86022123469883886740407248164994358      
   6.85819420776791313152376214483684129      
   6.85607953960528392347471117515116733      
   6.85387283002573907542798730617504438      
   6.85156943616957504882747109925445119      
   6.84916445734138642713323214779456786      
   6.84665271871955447061247096808673537      
   6.84402875397054662973360446364460765      
   6.84128678715253559435279608735717004      
   6.83842071194105854113621576195950278      
   6.83542407071148550071360155605290224      
   6.83229003185757102786580999852950872      
   6.82901136402425025887937291834482733      
   6.82558041036157381542995530237078132      
   6.82198906014168937869317843179552017      
   6.81822871797649284231926372601459751      
   6.81429027088352750764228438542112651      
   6.81016405430963183888133151832493186      
   6.80583981418430313578327243601907505      
   6.80130666764253203603086533128269898      
   6.79655306054015309705076960435160369      
   6.79156672342194036309965954568688800      
   6.78633462477880457824386433354784051      
   6.78084292182769845961215541811062697      
   6.77507691123000278690386045339124102      
   6.76902097503916782809143171823365693      
   6.76265852939577806794196262216743008      
   6.75597197157901077684272052854745974      
   6.74894262937084644057524812165386176      
   6.74155071194073595213016413977627655      
   6.73377526746337114526901765391771661      
   6.72559414610742796203473922736248487      
   6.71698397453644266034549318579043013      
   6.70792014371006712933638329762429686      
   6.69837681240566167315855245716219429      
   6.68832693517264862504117945509669461      
   6.67774231351660460794576614335299119      
   6.66659367776862101489989499091312385      
   6.65485080126905410795784042895834375      
   6.64248265365144232692934492047151466      
   6.62945757993349550458422649456734943      
   6.61574351888087535326912570296592279      
   6.60130824349883778282131499941975156      
   6.58611961628942808385187928011849463      
   6.57014584542301556029171017308963186      
   6.55335572758059316184972064022550417      
   6.53571886103419606163762778183018634      
   6.51720581615496363676088384516643807      
   6.49778825521091418356071063151830027      
   6.47743899417664486247115549054707935      
   6.45613201253229560004953626366286783      
   6.43384242089603872693794170405285570      
   6.41054639449219891763224676801236566      
   6.38622109840486713748217237570102283      
   6.36084457760459331490558038156306790      
   6.33439570111364636565326638768242343      
   6.30685407485936050037331241475264374      
   6.27819998350321279727998543708782278      
   6.24841434643735855688038959768770259      
   6.21747868015919231200837033607141430      
   6.18537506964844679508222850105946254      
   6.15208614244440630857982661432612894      
   6.11759504284948254390458437404813708      
   6.08188540668112394120789953479517343      
   6.04494133241541195658379752357789949      
   6.00674735010834619826304203762443951      
   5.96728838885634313397530931240844170      
   5.92654974212945467308673334229693782      
   5.88451703254426924962284309694852349      
   5.84117617648309053408931735637185521      
   5.79651334951976223004445272833276318      
   5.75051495291657518920553859483406414      
   5.70316758162568740934783470620396049      
   5.65445799419563078731109824631932164      
   5.60437308533634740839520651675277929      
   5.55289985997376221414414526842531021      
   5.50002540999179871797071079741173555      
   5.44573689290592756998681308251600647      
   5.39002151283461750141530817170636798      
   5.33286650341799929247112967050162645      
   5.27425911252654041165978829583946815      
   5.21418658861852441908640873691183165      
   5.15263616880744782634655901568192501      
   5.08959506826635730749506365884666104      
   5.02505047082001794740648918799994466      
   4.95898952074914115256452495474805738      
   4.89139931564654509173089239866588894      
   4.82226689994323147158560049736576437      
   4.75157925965641093634736827653574091      
   4.67932331737233654898785933377826037      
   4.60548592808471080028720612849350258      
   4.53005387559349797589924999275133796      
   4.45301386931763673785405079382536599      
   4.37435254150531351678884602359813705      
   4.29405644487311998747083971879846385      
   4.21211205056466649950933937433192151      
   4.12850574636373376294037779251373882      
   4.04322383515590938177805929802681896      
   3.95625253364016975385246929547631761      
   3.86757797122997144710879629332296684      
   3.77718618909077275279968366070044265      
   3.68506313935944040179399621577537311      
   3.59119468446393700606187841949120014      
   3.49556659662678829595161880888261310      
   3.39816455738208594771541998145836311      
   3.29897415721250538442677527289215590      
   3.19798089530539634853441414955032664      
   3.09517017933887475894673285328524523      
   2.99052732531032859262262927015811616      
   2.88403755748230157221158433920633800      
   2.77568600831426727751849373224185069      
   2.66545771846363124764813142322636377      
   2.55333763681811900030072759913972272      
   2.43931062057514772619768703687162205      
   2.32336143532561979392593359591901965      
   2.20547475517081513240522964226953253      
   2.08563516287099324556798491737805453      
   1.96382715000161391564738584508332738      
   1.84003511713754785171806724736356010      
   1.71424337403560697757441379837957939      
   1.58643613984866287136712601623272044      
   1.45659754333716831739881411196479815      
   1.32471162310295403418558925423124988      
   1.19076232779952184589796323025339661      
   1.05473351640602578692565576006297145      
  0.916608958456819144605324087608628211      
  0.776372334298041350630300084579357486      
  0.634007235344047048429765884240975580      
  0.489497164340379423278319271742473995      
  0.342825535623560984333752578065333739      
  0.193975675397535276833167640465579289      
   4.29308219860221658655163663817334487E-0002
 -0.110325873883411988134061642976476794      
 -0.265811348810250059446681441025789705      
 -0.423542626464675572365823711013221931      
 -0.583536817289731446637392433380283329      
 -0.745811118257627366206307266111483776      
 -0.910382812574987191820784501689527719      
  -1.07726926942265989881034110477103629      
  -1.24648794369298797930900888876216269      
  -1.41805637569609555167119581896266029      
  -1.59199219091794796718972081197030494      
  -1.76831309973357584532707296325910497      
  -1.94703689715732441120233760520497189      
  -2.12818146255485698561104027127213734      
  -2.31176475940116816065777851455678370      
  -2.49780483501590959361183845930498316      
  -2.68631982028430325830098149756568019      
