   305.833180578490118847143771537581802      
   305.833180575208522449485551403157112      
   305.833180532679864089517132468032889      
   305.833180317601823404850585586757474      
   305.833179632578655134427431715675774      
   305.833177969418442227807421197532743      
   305.833174579803515330158587155808158      
   305.833168436153001172847386190874334      
   305.833158097978758591489221235171025      
   305.833141312165118131003034725058935      
   305.833114153098472694653013635934106      
   305.833069624316697244531962865300589      
   305.832995839663005192627559929194940      
   305.832874054758596017011374098023961      
   305.832676856971741512864356503644109      
   305.832366754854888370695200600932910      
   305.831895290162529303316142004364784      
   305.831202679432720643649792237238072      
   305.830217908119569604741213182421281      
   305.828859156710868826611485948564544      
   305.827034429543798491245565881251194      
   305.824642271933626158873995917824007      
   305.821572488513668965419923651033609      
   305.817706806649111578886124211470579      
   305.812919457745877875610058766923702      
   305.807077673296852669599294837086685      
   305.800042110266763836460999258644901      
   305.791667231936561836362537994564991      
   305.781801676136832101425169450796699      
   305.770288643742247146112820824968957      
   305.756966337459708170156940569303162      
   305.741668475350184145346416270144844      
   305.724224896226567807318556858985455      
   305.704462266012530950104967457596285      
   305.682204886138135932328920437350166      
   305.657275597702372709888676831139908      
   305.629496768932616764679607796830323      
   305.598691348640937530716010630305726      
   305.564683965061933438337191979008246      
   305.527302047596079758363780574984727      
   305.486376948470428478348775547126991      
   305.441745041950179593885489995634626      
   305.393248780300266935544396056395638      
   305.340737687906671551260649187776942      
   305.284069277661733928059320549455941      
   305.223109876655699987027190302165890      
   305.157735351239741422876292389865240      
   305.087831724463648551924120233373983      
   305.013295681715986074808221000792333      
   304.934034962944377044055409868200853      
   304.849968642098455776284895546153249      
   304.761027296424557066861635611166007      
   304.667153069905116995499764819529172      
   304.568299636437257657015189680789394      
   304.464432069457229681548212371288432      
   304.355526625475600043881425475085564      
   304.241570449511281468629102624139889      
   304.122561210793756714465867813575379      
   303.998506677156001407455917925769444      
   303.869424236682846446471205188475098      
   303.735340374729393434702275728169665      
   303.596290114552857294356708437964392      
   303.452316429097823800861917688127993      
   303.303469631252563599746078712260206      
   303.149806742248002263427702859199960      
   302.991390885297301828697990161886945      
   302.828290612457473122265175244641370      
   302.660579294774765768409167729172250      
   302.488334490619851492053549682982539      
   302.311637330773275064115352654403496      
   302.130571917866348296941370934518909      
   301.945224744116861069734219437191899      
   301.755684129094826522530663766884477      
   301.562039679823205360860322074515583      
   301.364381775300699881952816489604220      
   301.162801075969166685105590421644299      
   300.957388059010584910541586262996831      
   300.748232581168000611828939376316111      
   300.535423467856505722022211048901261      
   300.319048129462347617304763005757830      
   300.099192205034682373958610615404151      
   299.875939229973816434977008544025587      
   299.649370330051417125701092701144237      
   299.419563938967237352917811001285940      
   299.186595542567077784678745413999417      
   298.950537441776800900569424672352265      
   298.711458539718468987330617492311892      
   298.469424145210711693871473137090107      
   298.224495801510384192304592461449042      
   297.976731124454637726132230009735700      
   297.726183656783503198877439333445489      
   297.472902745809982336331262683516050      
   297.216933427090484196061480418442838      
   296.958316323317771387587800872435052      
   296.697087555639263110888449221122802      
   296.433278663324811475623129357216527      
   296.166916511519048742094680966107290      
   295.898023242502715300707380353469361      
   295.626616209275889394175209065860002      
   295.352707924402585763979628051235212      
   295.076305996263255831132227770137334      
   294.797413089801444505450765433964669      
   294.516026881562135442425629569506364      
   294.232139992458782412780557039130860      
   293.945739943521414738425948812983114      
   293.656809117300128384635831574324926      
   293.365324725297894325008558192466975      
   293.071258712563127381518084058131668      
   292.774577696093210178149183394219761      
   292.475242930762529282791367656871033      
   292.173210282876959421733329732314095      
   291.868430053098426671088978046694344      
   291.560846923891267310575142056151646      
   291.250399940006610119741267004565017      
   290.937022393881110837290744769258183      
   290.620641566096399138422591565894752      
   290.301178830186482404989344874341487      
   289.978549445307377096899784456739045      
   289.652662270764435305057959507224237      
   289.323419755731634105587103542543522      
   288.990717951906270149731511825052695      
   288.654445923073422140086415860450567      
   288.314485752089377569981707803285553      
   287.970712481777262677953198931204813      
   287.622993532350707195843984344098859      
   287.271188860467873887054722988025092      
   286.915150262097971509675898417560983      
   286.554721437679685451544933785902255      
   286.189737474149552750650920726921329      
   285.820024522316246101506022136671704      
   285.445399485162293880014609704393303      
   285.065669592328126018134872988581404      
   284.680631832969052217866803433965700      
   284.290072821085856887654083579867300      
   283.893767831617925207333882920555746      
   283.491480666372941273013397956893408      
   283.082962891064850825988501440230104      
   282.667953046875105589984783258683073      
   282.246176234807456571000950418815272      
   281.817343274305454049726145999572462      
   281.381149876883787984854705871001160      
   280.937275632972183354421818618098984      
   280.485383308774099773079288043373919      
   280.025117871084451009426193156466239      
   279.556105144161661222995826489256527      
   279.077950560009733199126276134462915      
   278.590238346982060407677583583901576      
   278.092529583644366746468948111506433      
   277.584361038853890315352130090929309      
   277.065243301017699837878845069682499      
   276.534659147042728664341012763240330      
   275.992061488510843409373625479530943      
   275.436871217493698096410813614442780      
   274.868474896910088733085928159403056      
   274.286222647835134547466804463571737      
   273.689424657562902942158910620326986      
   273.077348673981392702681852279267309      
   272.449216643775881832349826093553381      
   271.804201059814623437854582670203594      
   271.141421079727134366050327677434927      
   270.459938365704510907597148683884035      
   269.758752172551489528275293419507417      
   269.036794320163328938818429517898996      
   268.292923909779055785193870456296201      
   267.525920545430082930281567357547682      
   266.734478144089925590879282079577788      
   265.917197199595163869021783248277469      
   265.072577573072488638917584286790722      
   264.199008584156812399233650110767857      
   263.294760546749207198079690892460121      
   262.357973870203507624658742196983749      
   261.386648166393461887628228308383157      
   260.378629825649488523016439297728531      
   259.331599331185185783270483087008058      
   258.243057352593757684043436654515375      
   257.110309956660630643726045426327452      
   255.930454090087147068090309390314899      
   254.700360502903305560251668518613295      
   253.416658636398642821920905218881236      
   252.075720587651489060319926138871212      
   250.673646640760402684439169487130490      
   249.206251456491508143305094976526329      
   247.669054510540675113260642187805781      
   246.057273467111844406070599108751196      
   244.365824721478982732449085371819507      
   242.589332261133375873197807409945264      
   240.722147076675544075339560244806147      
   238.758382771790884583194771868252733      
   236.691968834673532711183133494066432      
   234.516726666997142940096774819701306      
   232.226472296318109078752679842797857      
   229.815153988350900418825795341245158      
   227.277013283778687269799628419403713      
   224.606798797257821581986754451948794      
   221.799989577457486833997391486598210      
   218.853068547031326182188891838658834      
   215.763802779928791260185623510041140      
   212.531533963590033772343778259753011      
   209.157455197849595659326338264445902      
   205.644853412219464503162631534233582      
   201.999320367292645948551217561718224      
   198.228852250178083092021926838882043      
   194.343888937436188148370504644693803      
   190.357233200964854527295067731260633      
   186.283862394699073241443443004545770      
   182.140733122264516772587623342672275      
   177.945978495797455107001418277966810      
   173.718963482373359398325737805845126      
   169.479403296577388239399623081943041      
   165.246873465358061584098719796598232      
   161.040267375249646075164759505008571      
   156.877306268319871031164616631953989      
   152.774140598287769802906800654108519      
   148.745057725671886133663944474666422      
   144.802301782235577136609169158948978      
   140.956007798111909925395402785674077      
   137.214227638010413968696482346484437      
   133.583032999391052964973555831336020      
   130.066674885707914662262880255224622      
   126.667776309656697861188533619063666      
   123.387541874205874525964619149783813      
   120.225969674608022606430184527623715      
   117.182055579784702292851869096647538      
   114.253981656712996461627886229409877      
   111.439286635895072774211920653084559      
   108.735013768585091452138699712155961      
   106.137840848551045545279891187795187      
   103.644187405359123221393694366782383      
   101.250305349305825578698084936986085      
   98.9523525301627365050113628082143342      
   96.7464525367841788528331060361276210      
   94.6287421233050196766778559992345826      
   92.5954082183041756804586427225222860      
   90.6427161500528684531299773613613157      
   88.7670309210663507403720459709364419      
   86.9648327616107443568791105732276381      
   85.2327274336999450144579110575624734      
   83.5674530003093822195354156066364881      
   81.9658837916177180329855968555777941      
   80.4250311586048526104541735925557798      
   78.9420437784703477572326858779825824      
   77.5142049970587416106778694830646008      
   76.1389299039851734926607791844766433      
   74.8137616733525157015894078695538676      
   73.5363670935622213755981932473210050      
   72.3045317507332937633861888070025209      
   71.1161550101000679611626881876978788      
   69.9692450440233351797913773897972508      
   68.8619136099392180874945345946014824      
   67.7923709367608636165526687077071763      
   66.7589207598062102444164166693511873      
   65.7599554788181200354325716070951475      
   64.7939514067627215034890424211454650      
   63.8594642388551265634342373629970428      
   62.9551246809768900257269334778926929      
   62.0796344417701865230787587227347418      
   61.2317621202473741667526966509569165      
   60.4103395276447672973263885279716285      
   59.6142580697601177277290979084889257      
   58.8424655845747650485264627380779729      
   58.0939628733833172361421917361389026      
   57.3678009144784360986935973049287261      
   56.6630779897457221419420060588098469      
   55.9789369652469406173728654681685113      
   55.3145628279897910453661004680279063      
   54.6691803004457335882355905341333378      
   54.0420516823905010211715829797164248      
   53.4324746819563187781969770368246948      
   52.8397805070710532953425871671232454      
   52.2633319674100673431662254469343731      
   51.7025218240900972452675713236878106      
   51.1567710497334440813179182644267397      
   50.6255273890062411571693806206537899      
   50.1082638534621361199973937909195270      
   49.6044774808924640495909706965043122      
   49.1136877433283700013959015532967018      
   48.6354357835008741411824765562865808      
   48.1692830443853744143464584275305160      
   47.7148101756842599260489503205192589      
   47.2716161340810197629979782241111467      
   46.8393172014272475319646283659269808      
   46.4175461072419414101773345846920902      
   46.0059511464304946008923668176170300      
   45.6041954924377100617686696317127813      
   45.2119563590815201115234330797792317      
   44.8289243253943347128774440625089061      
   44.4548027316675019127136465616925216      
   44.0893069542757947482523880591799965      
   43.7321639308636156586451901884234075      
   43.3831115020488729256244761129794364      
   43.0418979456346900083533818152920151      
   42.7082814949625114832020882297896141      
   42.3820297970684994549983272162569713      
   42.0629195426305293315107582130330816      
   41.7507360179113966557816694718316710      
   41.4452727025826849478002633173965600      
   41.1463308873149365840485305685895497      
   40.8537193463564168971420844629092892      
   40.5672539858100456960113636729814618      
   40.2867575036993135244537058078373663      
