   6.91360382032448847522976250442333937      
   6.91360382032448897452856100055816334      
   6.91360382032452743201328781372420908      
   6.91360382032516444341181800519020118      
   6.91360382032990751712095170087793851      
   6.91360382035170981779289183404251602      
   6.91360382042467998402730523644357739      
   6.91360382061958405575438480517953972      
   6.91360382105548862151313487081580923      
   6.91360382188595357241882432135574965      
   6.91360382321898980233173873423021140      
   6.91360382491702757159852928765360896      
   6.91360382622650346121183574702565231      
   6.91360382520635178953180155549711051      
   6.91360381795271752377450018384783364      
   6.91360379764466427481779110381672767      
   6.91360375345691122208283884388022814      
   6.91360366939923816599811574056518236      
   6.91360352314906513375084449098384564      
   6.91360328494558931080645159804947851      
   6.91360291661224736318168743524386850      
   6.91360237076968025860439742722006805      
   6.91360159029344055446419988713491136      
   6.91360050805949734405380731270384007      
   6.91359904700520368202889843894798118      
   6.91359712051565096332250523329997998      
   6.91359463312521374999535885233821949      
   6.91359148150500551274975076130168681      
   6.91358755568982736556072829055533815      
   6.91358274048436522395812188550042444      
   6.91357691698093168169654790924502638      
   6.91356996411779307803441615736134674      
   6.91356176020963451506803990662568032      
   6.91355218438841179645520259290047095      
   6.91354111790282941973236333782847779      
   6.91352844523657654508014986049780342      
   6.91351405501829908813564212426628537      
   6.91349784070863787667247176606224101      
   6.91347970106141923118560245591463659      
   6.91345954036549136529365544439377727      
   6.91343726848210803748874786528492210      
   6.91341280069828597381453683634977815      
   6.91338605742082270747521029870884727      
   6.91335696373753572999971949918285018      
   6.91332544887308085280749194156128700      
   6.91329144554871256224413370285254526      
   6.91325488936900347436938493192328216      
   6.91321571802617024697611297358326228      
   6.91317387063588722500985620589141426      
   6.91312928701164199571033415269658764      
   6.91308190697153879474997493686832679      
   6.91303166967581467200043878430534381      
   6.91297851300318752726425490103386314      
   6.91292237297128819151376537696673185      
   6.91286318320468899867296763816613239      
   6.91280087445159115964761500155076186      
   6.91273537414863133649969782596849761      
   6.91266660603225472074443285075596152      
   6.91259448979325720839826215998864802      
   6.91251894077143500020122588512467104      
   6.91243986968493644102770534141588268      
   6.91235718239061823232790458047880923      
   6.91227077966967593255792538405452216      
   6.91218055703374901800464610131430655      
   6.91208640454704508902475780463805004      
   6.91198820665757495832211782286426910      
   6.91188584203628527445454681007447207      
   6.91177918341565319226412317290634510      
   6.91166809742720257668997297373663104      
   6.91155244443297107691681299710241156      
   6.91143207834522837710823948001718360      
   6.91130684643636918375625623784986713      
   6.91117658913168220454674102657333593      
   6.91104113978536200016050607327820277      
   6.91090032443535687803266981807436992      
   6.91075396153996942232754254198976385      
   6.91060186168493064072620631574916659      
   6.91044382727363766647844456917806730      
   6.91027965218734701024663429385941083      
   6.91010912142194038431277015948307143      
   6.90993201070036542326066985063907818      
   6.90974808605459585191334344573757885      
   6.90955710336638643692431560879712961      
   6.90935880789656282039981661607527353      
   6.90915293378653990518103315057895689      
   6.90893920351946458437849938021833489      
   6.90871732735893317163796894028014487      
   6.90848700274966052631315662600423388      
   6.90824791371184848855127713626759689      
   6.90799973016058480528061974202004772      
   6.90774210720407228598087016964633541      
   6.90747468444609755425961458812237144      
   6.90719708522411191324562395915206880      
   6.90690891582257153226325075308874585      
   6.90660976467675501771610446453922845      
   6.90629920146326669245781611290652317      
   6.90597677616327907259698855186257317      
   6.90564201818422107505745228660334276      
   6.90529443537460293352255566358113872      
   6.90493351297694600947877970855939508      
   6.90455871255200796355268751651280596      
   6.90416947090868621310154855002630781      
   6.90376519892327357403363462395559555      
   6.90334528003629267758737138650689153      
   6.90290906958415318574377974318866215      
   6.90245589291573283201698951599883096      
   6.90198504431393969392285400981204518      
   6.90149578523791652066871006118134590      
   6.90098734293946110020354588051619435      
   6.90045890921479715021381050083195195      
   6.89990963828149223781237780333845813      
   6.89933864480304251019683042079956314      
   6.89874500287097358674346475619960641      
   6.89812774362317564583092459458223842      
   6.89748585273821617549819992432113724      
   6.89681826916244315435688818597366482      
   6.89612388283584477256820530761326980      
   6.89540153130339995398969538585217531      
   6.89464999847164877375815627759508246      
   6.89386801171822771177411106353449157      
   6.89305423864246891691425101038707766      
   6.89220728515467754952582008258330696      
   6.89132569135486230276433434779624276      
   6.89040792973854319532894207801415096      
   6.88945240048009972843911671889359670      
   6.88845742944621043320656554731254833      
   6.88742126324463419233326291914716219      
   6.88634206596858256059780923424246523      
   6.88521791575676427764256749781296741      
   6.88404679890640992988275137406640761      
   6.88282660737571140852933655923455410      
   6.88155513253149108840934079420836279      
   6.88023006131660462662945835414292223      
   6.87884897007755417117500267675347288      
   6.87740931928597960303731092252965057      
   6.87590844948072075189058480208738977      
   6.87434357238374827712826088188488429      
   6.87271176534321306238289965805362075      
   6.87100996685951173291261492930132004      
   6.86923496592412226039319190119189151      
   6.86738339698634398124057340777871581      
   6.86545173149321304798004445088320814      
   6.86343626903334434812401831322929045      
   6.86133312915340971812923502934880114      
   6.85913824186462607314874253666076894      
   6.85684733790305825218021557846259141      
   6.85445593882332814543199711099081836      
   6.85195934560985281399574447129838753      
   6.84935262783911523647363322530403802      
   6.84663061204825344915584287994340025      
   6.84378786862722132160146223773360904      
   6.84081869843467086129247924437551150      
   6.83771711997978062495225997870657587      
   6.83447685468659129512032422775861189      
   6.83109131164097807399774705620926552      
   6.82755357096452523910859554144396537      
   6.82385636877309327462738452247282423      
   6.81999207927871025550344031531357627      
   6.81595269812820802577556274877593092      
   6.81172982165180394619119608624480187      
   6.80731463009933203463641276223881001      
   6.80269786772064009651743777599655608      
   6.79786982201799511560068304879930098      
   6.79282030525823915831566295180300526      
   6.78753863313406049668806115801234865      
   6.78201360554187103747180627039093689      
   6.77623348667605052464138218427451879      
   6.77018598672244029266432999496044731      
   6.76385824341139397062992431138303858      
   6.75723680743655259376619689429850112      
   6.75030762867782696282737813414258125      
   6.74305604465947827738284316870481118      
   6.73546677496360133234742603334586490      
   6.72752391846525428496595051736954498      
   6.71921095794397466204404519285512282      
   6.71051076951175671525540150333103346      
   6.70140564100152740915290114677607704      
   6.69187730156410215166110012429376317      
   6.68190695342966346970176876252466798      
   6.67147532399064753079526629880088909      
   6.66056272191293653162833709211323864      
   6.64914910424542281035492579569526280      
   6.63721415370301048526363243462876702      
   6.62473736089401667428982477717279050      
   6.61169810992545948777534964357752284      
   6.59807576067340790664414494585795868      
   6.58384972114053473849710948692089752      
   6.56899950688431925159676439323572573      
   6.55350477685197812596504990525323088      
   6.53734533450051531604046084254597101      
   6.52050111247614397861170469275530559      
   6.50295209978445837521563299287797277      
   6.48467827481225318770687764960147636      
   6.46565949277405269004599156515072204      
   6.44587538790406737623953257337999473      
   6.42530528217645633790715633073817866      
   6.40392812199546176559127443957525494      
   6.38172245350375440159399275677876871      
   6.35866643933927626210596944884998518      
   6.33473791522489287878540240372559499      
   6.30991447992372270183734342976939866      
   6.28417360722757082047556905842947355      
   6.25749276868885764747637439422466015      
   6.22984955530712586188467136837833009      
   6.20122179229271144079103646883370926      
   6.17158763637466145750201590640792201      
   6.14092565565797100801555334829884177      
   6.10921488962105244771071259658939771      
   6.07643488905433347925245045658691256      
   6.04256573913522262680957435019674338      
   6.00758806683222145100217695254129656      
   5.97148303544173617385872212671219011      
   5.93423232963556501494841607842396059      
   5.89581813247892196156452025596660034      
   5.85622309801848586001904594127778054      
   5.81543031954181002998779395989306341      
   5.77342329646998158518982886927838528      
   5.73018590031215984785952445993917205      
   5.68570234092778792591634250787407127      
   5.63995713368702767774221663818446712      
   5.59293506773475514404048639226201341      
   5.54462117604158895920718036211187992      
   5.49500070729167528048640716298720130      
   5.44405909959587051704702228183842511      
   5.39178195612925221550679878991809466      
   5.33815502266763778636634240650950511      
   5.28316416695539784406941695125877468      
   5.22679535988791184946526916244755919      
   5.16903465810324712734150500610067591      
   5.10986818839166099118977315785331367      
   5.04928213327538366668541028847554710      
   4.98726271803790471227152888685946789      
   4.92379619888615970719003023980151948      
   4.85886885221235837934843443259321353      
   4.79246696486469563194007655205416916      
   4.72457682534280395496772457582833699      
   4.65518471579119068025977802687999199      
   4.58427690475852105321221840522532011      
   4.51183964061487211999218426037022206      
   4.43785914564255818757993859729137811      
   4.36232161061294476374236140855308629      
   4.28521318991251823283014490836563429      
   4.20651999711182931366106915046536812      
   4.12622810097010302582344954637935966      
   4.04432352178428573642556973694150073      
   3.96079222809384461203073074055016526      
   3.87562013368701169437404319119074800      
   3.78879309490188790355543051565457045      
   3.70029690815708410129864469724279049      
   3.61011730772736092749416519513822200      
   3.51823996372200329289666001497050453      
   3.42465048024769450044395717788063315      
   3.32933439375190044839319362615261451      
   3.23227717151705443829205298349647768      
   3.13346421029452698978634386837963261      
   3.03288083505782210523653642134444555      
   2.93051229791251023205351137881710419      
   2.82634377704261032853287571878103414      
   2.72036037585191148798119973599251260      
   2.61254712206702813876328433948249330      
   2.50288896706238954857151596445331014      
   2.39137078514244454009717693869222072      
   2.27797737295163578629534560084359511      
   2.16269344894240776887704320123095287      
   2.04550365284487759321885057596839201      
   1.92639254533852485001566011562363196      
   1.80534460754923065230721009451254076      
   1.68234424074332744863850251650675636      
   1.55737576604767971723795417337529494      
   1.43042342417647864749686636904517730      
   1.30147137516378389110546764256181684      
   1.17050369821031658492786112385479511      
   1.03750439147110765175284350397573216      
  0.902457371932005517454776533106625478      
  0.765346475257976412684553888040210146      
  0.626155455719032648846179867435280122      
  0.484867986076458381641886033310476613      
  0.341467657556123934666041332447007235      
  0.195937979786502618671244129623167288      
   4.82623807423240106663029086920423679E-0002
 -0.101575793227417199043573467446473218      
 -0.253593277426356535484761397184620276      
 -0.407806888810357512882473852335663406      
 -0.564233525921720275377775341672427759      
 -0.722890168918761825198133014489113039      
 -0.883793879481898347778657087482702971      
  -1.04696180078657888984758396090229956      
  -1.21241115742796909408977005663104575      
  -1.38015925537668248937685987341019972      
  -1.55022348187354393705647660130262322      
  -1.72262130537977795785921091878884076      
  -1.89737027544916335311226443344649837      
  -2.07448802266797564089277797332469186      
  -2.25399225854743551405737784928200071      
  -2.43590077539976812949482581254948366      
  -2.62023144625228845206407066875200668      
  -2.80700222472431520637024979351718927      
  -2.99623114491083096308144821167932385      
  -3.18793632124795734161208390590770482      
  -3.38213594841529808652180337950097258      
