 0.13628526479685E+03
 0.13628526479685E+03
 0.13628526479700E+03
 0.13628526479836E+03
 0.13628526480478E+03
 0.13628526482493E+03
 0.13628526487383E+03
 0.13628526497463E+03
 0.13628526516627E+03
 0.13628526552868E+03
 0.13628526623801E+03
 0.13628526765602E+03
 0.13628527044388E+03
 0.13628527568056E+03
 0.13628528496427E+03
 0.13628530048076E+03
 0.13628532503111E+03
 0.13628536201955E+03
 0.13628541540822E+03
 0.13628548964905E+03
 0.13628558960438E+03
 0.13628572046859E+03
 0.13628588770193E+03
 0.13628609698721E+03
 0.13628635421766E+03
 0.13628666552202E+03
 0.13628703733038E+03
 0.13628747648017E+03
 0.13628799035932E+03
 0.13628858708038E+03
 0.13628927567722E+03
 0.13629006631464E+03
 0.13629097050090E+03
 0.13629200129331E+03
 0.13629317348846E+03
 0.13629450378991E+03
 0.13629601094837E+03
 0.13629771589461E+03
 0.13629964173032E+03
 0.13630181389546E+03
 0.13630426010924E+03
 0.13630701037849E+03
 0.13631009696550E+03
 0.13631355433797E+03
 0.13631741910531E+03
 0.13632172994606E+03
 0.13632652753040E+03
 0.13633185444187E+03
 0.13633775510169E+03
 0.13634427569850E+03
 0.13635146412565E+03
 0.13635936992837E+03
 0.13636804426127E+03
 0.13637753985749E+03
 0.13638791100997E+03
 0.13639921356392E+03
 0.13641150492124E+03
 0.13642484405539E+03
 0.13643929153712E+03
 0.13645490956751E+03
 0.13647176202233E+03
 0.13648991450059E+03
 0.13650943438160E+03
 0.13653039088572E+03
 0.13655285513878E+03
 0.13657690024449E+03
 0.13660260135313E+03
 0.13663003573915E+03
 0.13665928287567E+03
 0.13669042451046E+03
 0.13672354474946E+03
 0.13675873013314E+03
 0.13679606971340E+03
 0.13683565514104E+03
 0.13687758075138E+03
 0.13692194363734E+03
 0.13696884375242E+03
 0.13701838399039E+03
 0.13707067027805E+03
 0.13712581166705E+03
 0.13718392043075E+03
 0.13724511217204E+03
 0.13730950595289E+03
 0.13737722438383E+03
 0.13744839375798E+03
 0.13752314417656E+03
 0.13760160969810E+03
 0.13768392845048E+03
 0.13777024282245E+03
 0.13786069967347E+03
 0.13795545050906E+03
 0.13805465151050E+03
 0.13815846398257E+03
 0.13826705443513E+03
 0.13838059485219E+03
 0.13849926303004E+03
 0.13862324274268E+03
 0.13875272414038E+03
 0.13888790403472E+03
 0.13902898617370E+03
 0.13917618164496E+03
 0.13932970941184E+03
 0.13948979663622E+03
 0.13965667915099E+03
 0.13983060170624E+03
 0.14001181891047E+03
 0.14020059578500E+03
 0.14039720778139E+03
 0.14060194198414E+03
 0.14081509789129E+03
 0.14103698779096E+03
 0.14126793723177E+03
 0.14150828717969E+03
 0.14175839326100E+03
 0.14201862820085E+03
 0.14228938190821E+03
 0.14257106310385E+03
 0.14286410027683E+03
 0.14316894336801E+03
 0.14348606477320E+03
 0.14381596113552E+03
 0.14415915484436E+03
 0.14451619604657E+03
 0.14488766434013E+03
 0.14527417097683E+03
 0.14567636104605E+03
 0.14609491628974E+03
 0.14653055716814E+03
 0.14698404623837E+03
 0.14745619068882E+03
 0.14794784671500E+03
 0.14845992243527E+03
 0.14899338207991E+03
 0.14954925076438E+03
 0.15012861878811E+03
 0.15073264774464E+03
 0.15136257510907E+03
 0.15201972179634E+03
 0.15270549819797E+03
 0.15342141211065E+03
 0.15416907797963E+03
 0.15495022407476E+03
 0.15576670428772E+03
 0.15662050896526E+03
 0.15751377706730E+03
 0.15844880933565E+03
 0.15942808345322E+03
 0.16045427057116E+03
 0.16153025302355E+03
 0.16265914403507E+03
 0.16384431009385E+03
 0.16508939389624E+03
 0.16639834100587E+03
 0.16777542779128E+03
 0.16922529258202E+03
 0.17075296744948E+03
 0.17236391489759E+03
 0.17406406486078E+03
 0.17585985006486E+03
 0.17775825093411E+03
 0.17976682641084E+03
 0.18189376249096E+03
 0.18414789039944E+03
 0.18653871836349E+03
 0.18907644373594E+03
 0.19177194412345E+03
 0.19463675442743E+03
 0.19768300309446E+03
 0.20092331334411E+03
 0.20437065008066E+03
 0.20803810908106E+03
 0.21193862879771E+03
 0.21608462591358E+03
 0.22048755732264E+03
 0.22515737503602E+03
 0.23010195812440E+03
 0.23532648073096E+03
 0.24083281517463E+03
 0.24661901047464E+03
 0.25267893322921E+03
 0.25900211605133E+03
 0.26557388666027E+03
 0.27237576801832E+03
 0.27938613960457E+03
 0.28658107501876E+03
 0.29393527949938E+03
 0.30142302488943E+03
 0.30901899836579E+03
 0.31669900620684E+03
 0.32444049787338E+03
 0.33222291455932E+03
 0.34002785658872E+03
 0.34783912762696E+03
 0.35564266270970E+03
 0.36342638677334E+03
 0.37118003042135E+03
 0.37889492128689E+03
 0.38656377796114E+03
 0.39418050965964E+03
 0.40174003473385E+03
 0.40923811706622E+03
 0.41667122819828E+03
 0.42403642558677E+03
 0.43133125386002E+03
 0.43855366166691E+03
 0.44570193533737E+03
 0.45277464252541E+03
 0.45977058756006E+03
 0.46668877641175E+03
 0.47352838629615E+03
 0.48028874289098E+03
 0.48696930061617E+03
 0.49356962712354E+03
 0.50008939068319E+03
 0.50652834899588E+03
 0.51288634034604E+03
 0.51916327583344E+03
 0.52535913393320E+03
 0.53147395255126E+03
 0.53750782581241E+03
 0.54346089909035E+03
 0.54933336558641E+03
 0.55512546164864E+03
 0.56083746540864E+03
 0.56646969175155E+03
 0.57202249124005E+03
 0.57749624776818E+03
 0.58289137364543E+03
 0.58820831308296E+03
 0.59344753332784E+03
 0.59860952792523E+03
 0.60369481391156E+03
 0.60870392923731E+03
 0.61363743244032E+03
 0.61849589914340E+03
 0.62327992490219E+03
 0.62799011986844E+03
 0.63262710986902E+03
 0.63719153425767E+03
 0.64168404577791E+03
 0.64610530961995E+03
 0.65045600154024E+03
 0.65473680769517E+03
 0.65894842330426E+03
 0.66309155342942E+03
 0.66716690938955E+03
 0.67117521066233E+03
 0.67511718308839E+03
 0.67899355778538E+03
 0.68280507128166E+03
 0.68655246471793E+03
 0.69023648285805E+03
 0.69385787365298E+03
 0.69741738837249E+03
 0.70091577974265E+03
 0.70435380244075E+03
 0.70773221288060E+03
 0.71105176735297E+03
 0.71431322284834E+03
 0.71751733597686E+03
 0.72066486274203E+03
 0.72375655812716E+03
 0.72679317565237E+03
 0.72977546705542E+03
 0.73270418179198E+03
 0.73558006683233E+03
 0.73840386632560E+03
 0.74117632100384E+03
 0.74389816842546E+03
 0.74657014197765E+03
 0.74919297132309E+03
 0.75176738150583E+03
 0.75429409316712E+03
 0.75677382199389E+03
 0.75920727869245E+03
 0.76159516864115E+03
 0.76393819180518E+03
 0.76623704243514E+03
 0.76849240896396E+03
 0.77070497387735E+03
 0.77287541335391E+03
 0.77500439742853E+03
 0.77709258961099E+03
 0.77914064686901E+03
 0.78114921945676E+03
 0.78311895094820E+03
 0.78505047790195E+03
 0.78694443004184E+03
 0.78880142996196E+03
 0.79062209318718E+03
 0.79240702808001E+03
 0.79415683573462E+03
 0.79587211004304E+03
 0.79755343753366E+03
 0.79920139743456E+03
 0.80081656157074E+03
 0.80239949442967E+03
 0.80395075305479E+03
 0.80547088713669E+03
 0.80696043892649E+03
