   305.833180578490118847143771537581802      
   305.833180575208522449485551403157112      
   305.833180532679864089517132468028649      
   305.833180317601823404850585194298532      
   305.833179632578655134427024116164890      
   305.833177969418442227763445728051374      
   305.833174579803515328867019582300540      
   305.833168436153001156096418131352797      
   305.833158097978758465778753626123044      
   305.833141312165117485003272835990598      
   305.833114153098470039013286930090193      
   305.833069624316692325509476253349262      
   305.832995839662934182830509265184225      
   305.832874054757892496756673633455132      
   305.832676856966558942928371110646784      
   305.832366754824890187804169212858849      
   305.831895290020207790392656838432927      
   305.831202678860780970369950600647518      
   305.830217906121482529131553958298031      
   305.828859150515111334029318956505912      
   305.827034412201471584801446229952643      
   305.824642227506773616129400331568968      
   305.821572383158940933107329650771199      
   305.817706573151909564514428712055148      
   305.812918970219478638701548528698683      
   305.807076707805578655096916624286696      
   305.800040286185196331288398310158055      
   305.791663927922610314589380111811866      
   305.781795913748682675721597923892457      
   305.770278931005306449409026024151002      
   305.756950464119415488024706347287038      
   305.741643251151381832110006866815129      
   305.724185823349409209999665793864756      
   305.704403136758354672084233873945632      
   305.682117297107874542809469069006812      
   305.657148359309245813268923108257921      
   305.629315261447013951849432222116444      
   305.598436706452917028489627875100485      
   305.564332186878601283421123498914412      
   305.526822977437597894708235059598408      
   305.485733131969384089019143438664034      
   305.440890454068108178679148524559417      
   305.392127421845783584758272879019894      
   305.339282049226354861684209717190984      
   305.282198669347368553512836698303617      
   305.220728628062536539785795761938841      
   305.154730879213174620911722510705945      
   305.084072475508474454828653269071058      
   305.008628952368149036154433799122378      
   304.928284603750721731780060267748547      
   304.842932652116703007411091256930604      
   304.752475315396856821945432245814182      
   304.656823776453527326758435254686725      
   304.555898060893034283292429920095111      
   304.449626830135123578095429153961085      
   304.337947097919078887362555133987886      
   304.220803877578411156797713470170334      
   304.098149768917346950286024064085272      
   303.969944491761214788603900508892937      
   303.836154376499374613620529833339127      
   303.696751814957679679299138192920508      
   303.551714684508294824973540892890693      
   303.401025746532489993335913238083080      
   303.244672030850900554881467799665006      
   303.082644209034051308991918002961763      
   302.914935958947889645631912004321633      
   302.741543333733625873483629411894607      
   302.562464127987628775939735368409187      
   302.377697256403091039134938092795644      
   302.187242137270147214741562521299879      
   301.991098096309995880739172696291188      
   301.789263771305557908244409892420283      
   301.581736542959322008110462571972974      
   301.368511985532570792135428703845047      
   301.149583320797081507846274317642167      
   300.924940908531782030296696193111598      
   300.694571734747433703364165260663745      
   300.458458932753781195537546537365335      
   300.216581321543070432882620603450638      
   299.968912958828539498811355025648206      
   299.715422710039461032319554192759213      
   299.456073824293927344652016663702209      
   299.190823512540011895932974126997553      
   298.919622581598126162349654765700230      
   298.642415035930272723312329173128559      
   298.359137710926501112249530172940488      
   298.069719862637082423596846636642542      
   297.774082987287910662856095239931428      
   297.472140194973948304849118103528368      
   297.163795981567332564825539687139635      
   296.848945882165955292049538178664318      
   296.527476101497543964052105569978899      
   296.199263149363769313517200958460369      
   295.864173476634283484616041723930005      
   295.522063040645707110513772591370159      
   295.172776958808783930822144621188034      
   294.816149045353973866143496884327370      
   294.452001447420248757317918349949492      
   294.080144161668960655111435842775420      
   293.700374713567256322086335482626527      
   293.312477464413301443881961157371979      
   292.916223088884904981856923988687268      
   292.511368132708655522823579852780493      
   292.097654590109111363076088408666030      
   291.674809155413710731959813371426867      
   291.242542218787211460567325572671173      
   290.800547728851745650023259061734664      
   290.348502451619177115484105039217690      
   289.886064689173224251114426505438063      
   289.412873480593160330029718768805990      
   288.928548831972913306164742833447120      
   288.432688821070320544728547203672630      
   287.924870541411633345032890086482001      
   287.404647512145029915611041887060915      
   286.871549491437824744049328847890512      
   286.325080339271194758355975109460352      
   285.764718077320997422263131213854516      
   285.189911548144747172477752017661339      
   284.600080535486368555634779711597266      
   283.994613233476772800357974902359752      
   283.372864610807882988571713024057270      
   282.734154512785262314414783196968112      
   282.077765669846050818198203454975591      
   281.402941908951809442059279874674095      
   280.708884443035343423462741628503823      
   279.994751083015500920824880503895567      
   279.259651782249641485073600711471512      
   278.502647189678279651640067983983872      
   277.722744266730139947199487137233440      
   276.918893348893581777519911424537437      
   276.089984452162413803126273343717285      
   275.234843296257243570781722312307832      
   274.352226713321482009458450034992095      
   273.440818362205658542321092870105088      
   272.499223106705406412542465424361785      
   271.525962401548699193766494090758964      
   270.519468052233845701440216150529784      
   269.478076130602947548997334075241923      
   268.400020181440059699448954284094950      
   267.283423844229339491612899487445391      
   266.126293678785329421410961390295796      
   264.926510836772556576589905121232585      
   263.681821856189472925408939916627687      
   262.389830562836602374212362350564098      
   261.047987689392711222449971181229231      
   259.653581349163090585425190730844981      
   258.203726539071988938226867154775251      
   256.695355497455990218652394962763510      
   255.125207200835808594063739498232229      
   253.489817784539883191931667986374922      
   251.785512630905759711063442933522223      
   250.008398431817654184058714120701951      
   248.154359858218932265079557348742772      
   246.219058892499204046013158917145929      
   244.197938967075550511755564037244381      
   242.086233223350280966807901879801223      
   239.878996109149621666309856097369998      
   237.571121454555284235999453182925579      
   235.157401859195852409622157100010119      
   232.632594281723877676378914800299583      
   229.991510354036101451583424723987187      
   227.229144794020445576998671440462949      
   224.340822028599631998480886728095679      
   221.322391844645672693544392112693381      
   218.170459729144663336032117768378111      
   214.882650415891553760697535423858098      
   211.457913019331587933385954477087353      
   207.896847850947372076330608575396798      
   204.202041743852463086765203234241609      
   200.378408529969952194308600086832551      
   196.433467869107440371797512719936134      
   192.377577992876489012714803442138418      
   188.224031973132248472391953567801241      
   183.989000745302679691471805633076723      
   179.691274112728182187297314771356388      
   175.351785732762158247891456418534572      
   170.992933402539081027981219016469062      
   166.637740664505898680554541097347765      
   162.308946378355911030504850700622270      
   158.028110593241684628629715198076380      
   153.814840116441226401812120427828510      
   149.686203634731435779660981373481129      
   145.656376980351977827580337303994782      
   141.736519806938149796422522156952445      
   137.934853103586429349659114089819998      
   134.256890888340486908323498289037810      
   130.705769409615659142137193899090514      
   127.282622018654620500985854506609719      
   123.986965293744240475637429322363007      
   120.817054736520542740906623735289131      
   117.770206676005288141778196401667572      
   114.843066338374334700091423098941641      
   112.031828479507682535268062253563841      
   109.332411935335895559761391936306205      
   106.740590266770754292035158021989699      
   104.252091219322227060795472732211863      
   101.862666646617821117641599544531288      
   99.5681407739134650598618646490907125      
   97.3644439533704220786413318126866879      
   95.2476321244245245345690715245990805      
   93.2138987198168851162818657728664855      
   91.2595807128657793776276729875682581      
   89.3811599358097325294951795081641055      
   87.5752622894328416018424730274424535      
   85.8386552498529935321918146130968967      
   84.1682440530910116137197302668973885      
   82.5610676855162076507884166305158154      
   81.0142942782453752393030826615562992      
   79.5252170319084457566303430286571985      
   78.0912495295546520147026214616916289      
   76.7099214858950351272185212741290794      
   75.3788745143273737685742704239814286      
   74.0958579694807645711377758078649155      
   72.8587250055518283221926038213470202      
   71.6654282126580721289036010880207197      
   70.5140163912895992478823763735288141      
   69.4026300585222146367542818543245269      
   68.3294983572453807100957002062938788      
   67.2929346294063879582097746273055956      
   66.2913335721687452954084398491126455      
   65.3231673800726970897954251124523852      
   64.3869818725083696739728403869067679      
   63.4813940392998857233968754740729458      
   62.6050880876117805158419964524887308      
   61.7568125041272957874100720267031943      
   60.9353770258650413214180566762299714      
   60.1396495338935897450924991807172654      
   59.3685534132399101613283172637851303      
   58.6210643177781905677414395049298391      
   57.8962083607243246142783061069240138      
   57.1930587389651751812983006823754286      
   56.5107338646565845466021252654642318      
   55.8483948289115871074450903827678438      
   55.2052430218907633607460968680662609      
   54.5805184809786370688837207307909663      
   53.9734975248021536282428887113353915      
   53.3834910081207254934460215132171613      
   52.8098423538316805916431198013065417      
   52.2519260841676181325902007254082557      
   51.7091460615647636140468627868295703      
   51.1809338113714698703929190536072392      
   50.6667473992968775895220718848098822      
   50.1660697016599296062765709855073087      
   49.6784073258935057293478435914188797      
   49.2032893473271924548233270808411606      
   48.7402659945932236066254713890311958      
   48.2889077861019540102073709133659786      
   47.8488042440690166852392576436500468      
   47.4195630954497981112568287999686253      
   47.0008092600881087415407132216486173      
   46.5921839666411171506258266635133260      
   46.1933439811701674707137683837002554      
   45.8039607251831159691810844075724929      
   45.4237196948565324856978660263896924      
   45.0523195116810462466937438357579784      
   44.6894715573743970374334866351145397      
   44.3348991501828936006632576192384939      
   43.9883370082062096444405582096128092      
   43.6495307177099565625130690801891580      
   43.3182361591141518842564959047044532      
   42.9942190605966553774662660915169004      
   42.6772544811816467614489811203940411      
   42.3671263994167029636599718894495672      
   42.0636272795084449104023468501103250      
   41.7665576609175891379570220562218380      
   41.4757258044525972427119442676111864      
   41.1909473091601565316527192349259687      
   40.9120447981097825193126972946251454      
   40.6388475753032016242184451928279965      
   40.3711913441661822949886864709578813      
   40.1089179009347493255852547734895068      
   39.8518748679626043339920730956725672      
   39.5999154331619417422887518122989295      
   39.3528981172645903844358498945667875      
   39.1106865078595695815859047116253655      
   38.8731490846500602976476458193066864      
   38.6401589586394997792378318420579821      
   38.4115937148518237628429540056101101      
   38.1873351902896175850041336927374410      
   37.9672693211730871164713408798441085      
   37.7512859487326473297711522103606408      
   37.5392786613272477482150574630306624      
   37.3311446525711459467568111185605435      
   37.1267845528465067640404901838428611      
   36.9261023061301170259905442540923230      
   36.7290050232589786179013382922056792      
   36.5354028605153183251135077194006734      
   36.3452088964600331230411741715244311      
   36.1583390198489885775354771194170767      
   35.9747118082970537060811865661650197      
   35.7942484326340766159719144458235985      
   35.6168725538051532979160380843026753      
   35.4425102230063808843425709816612657      
   35.2710897938475127093987038326141321      
   35.1025418332977204184906468060226529      
   34.9367990382910517833768011810826846      
   34.7737961552703802159541035627869786      
   34.6134699033455527067393895680438035      
   34.4557589014650658431522964396909011      
   34.3006035988002429016954955959107686      
