   6.96056439612376680398863989582695279      
   6.96056439612379790557819976804918084      
   6.96056439612545315284285404722973330      
   6.96056439614517629169944761839901069      
   6.96056439625595320883032899890892132      
   6.96056439665777819189528114053621901      
   6.96056439776196726344510875521737928      
   6.96056440027464252618152815975188385      
   6.96056440526495505567933212828614268      
   6.96056441419318000122131599273028788      
   6.96056442885707694088901852650376652      
   6.96056445120490947292249333941919470      
   6.96056448296970082353734318712991939      
   6.96056452510049869215614901308285893      
   6.96056457699426762830911450805455958      
   6.96056463555796156666441055604604022      
   6.96056469414940643484351714734550889      
   6.96056474145708561764240090608187127      
   6.96056476038368373313587320386877206      
   6.96056472699899443205026023201980605      
   6.96056460962492311090421580035885481      
   6.96056436811030680741906277782473720      
   6.96056395334510189827469974081127796      
   6.96056330705228396031873093063820628      
   6.96056236188091553722858926289759235      
   6.96056104180671502518296512868644480      
   6.96055926282736781624359135494025718      
   6.96055693392169702586085724820179695      
   6.96055395822579620730861191903781640      
   6.96055023436714154056190944180636536      
   6.96054565789067165199151195263479266      
   6.96054012270889769939507911963292334      
   6.96053352251100613654178047774753140      
   6.96052575207344245243721085039025757      
   6.96051670842381646950068789337651173      
   6.96050629182266715152789099129650538      
   6.96049440653940047486318293074527283      
   6.96048096141115122904302545950944964      
   6.96046587018419379492268475857015300      
   6.96044905164668729463694830042487409      
   6.96043042956918642439828822796367796      
   6.96040993247444490272209332099261009      
   6.96038749326181638641481163376033990      
   6.96036304871308158999425123229148776      
   6.96033653890695432167978137168456834      
   6.96030790656863461313029188424038693      
   6.96027709637888851371786829759467392      
   6.96024405426476328554881680767435891      
   6.96020872669121457497231814269086445      
   6.96017105994984080013531525723587740      
   6.96013099957196838613167414277271237      
   6.96008848960511954683341642559320070      
   6.96004347210501956088516874381290530      
   6.95999588660097741865468681250652654      
   6.95994566963189818605981474550791673      
   6.95989275433861829411085238664301695      
   6.95983707011146267155838966435694970      
   6.95977854229090825247613797741337934      
   6.95971709191795372607025113904929854      
   6.95965263552988154620669361198204604      
   6.95958508499689338592011645324450857      
   6.95951434739446652593422777774161309      
   6.95944032490572050271369402740775468      
   6.95936291474887944623912645760652424      
   6.95928200912419227785550304237166590      
   6.95919749517499036136961504918675719      
   6.95910925495762757696788532929498537      
   6.95901716541647184276982800483992359      
   6.95892109835904565359781547709914053      
   6.95882092042535514550978892069045103      
   6.95871649305161096565652409560152858      
   6.95860767242224814177918793076584188      
   6.95849430940724335887438277444410471      
   6.95837624948011505740450025637770484      
   6.95825333262142969495233327466910635      
   6.95812539319982605247308498327910041      
   6.95799225982712543123207397565864565      
   6.95785375519106574577824178895935520      
   6.95770969586054719812186900013737695      
   6.95755989206982171413403413062019897      
   6.95740414747119155236503742810628773      
   6.95724225885528641398270897689803223      
   6.95707401585007225511868625761661620      
   6.95689920057633746331919944750763173      
   6.95671758729931580800281379698164744      
   6.95652894202452141502725437951536617      
   6.95633302209676906760190569066448091      
   6.95612957571649396783382298593275467      
   6.95591834146707798432869143704549368      
   6.95569904780639251866011862956697819      
   6.95547141250445521159919744095921673      
   6.95523514208207379672074179194035721      
   6.95498993119951268513250518436118929      
   6.95473546198838293823979852748569031      
   6.95447140342026497010398616543871079      
   6.95419741058523275081471542252619177      
   6.95391312397689056652314123080342518      
   6.95361816854588174393688214051372886      
   6.95331215311394769034825757480791703      
   6.95299466946548398026779062280697988      
   6.95266529140431112169380133034643081      
   6.95232357379038704548510645765185193      
   6.95196905164743189054068892468495550      
   6.95160123916984967088508438943743108      
   6.95121962865854737180349399649157676      
   6.95082368934713630875615756965722469      
   6.95041286626308458084189366886714769      
   6.94998657897683150061184233270471106      
   6.94954422092925137864235777587207326      
   6.94908515711647019685421582451244300      
   6.94860872333614899595732163616921369      
   6.94811422484931654336309506475753848      
   6.94760093472524053550782367542056837      
   6.94706809210876124194144280624319851      
   6.94651490063523680674912590674979577      
   6.94594052745477572657685506843254456      
   6.94534410008621593163703343232495407      
   6.94472470596301288164180753935437843      
   6.94408138956696024790152422315197294      
   6.94341315026107452340910672840369523      
   6.94271894150551340992502059089951908      
   6.94199766649743508826497384358234394      
   6.94124817803346307922194534699293484      
   6.94046927392136118548198277819043528      
   6.93965969651054778779986329163680046      
   6.93881812776342433187931663034764346      
   6.93794318856483150337964936140709016      
   6.93703343365602224347425418053506986      
   6.93608735026021017714024535257247939      
   6.93510335343726584727685499316818334      
   6.93407978323892309157120090927965971      
   6.93301490090087367129195346488343169      
   6.93190688507690537537857687038819497      
   6.93075382713032456476992378581278111      
   6.92955372777128302361506212902872093      
   6.92830449172743487856844959328914258      
   6.92700392292366237186448542018871288      
   6.92564972048636675012338352579367345      
   6.92423947182178022992010317542686652      
   6.92277064847988138887992405417317532      
   6.92124059811057830871660762715857290      
   6.91964654161593179147767098452724302      
   6.91798556259318095768475754306934151      
   6.91625460262564840019038648251910805      
   6.91445045355256870570055997518506401      
   6.91256974882226089195972543882392507      
   6.91060895601376554811847030139419124      
   6.90856436735644528850686365812086113      
   6.90643209077960555627170676246692230      
   6.90420803954352589172509058004026261      
   6.90188792222565796229413455224462661      
   6.89946723160079920653256227999402528      
   6.89694123235445025615658227781001223      
   6.89430494956896098530033786116692571      
   6.89155315463854126045751621948886607      
   6.88868035172926410004884975061118060      
   6.88568076295554954504137206904308991      
   6.88254831341321133432816420899024212      
   6.87927661385512232811751374372310171      
   6.87585894347497778659857334974201499      
   6.87228823237857631652761458777521419      
   6.86855704237776568148784036518123263      
   6.86465754589491480835024523777423721      
   6.86058150616764103598225466410264810      
   6.85632025373153448549277338813016136      
   6.85186466630151169940202478629945008      
   6.84720514189517479190809343684530835      
   6.84233157683072927862359612351340137      
   6.83723334060757509674782474050122376      
   6.83189924974327776536930594064192560      
   6.82631754329435339243342762413713645      
   6.82047585806707206973472396622718461      
   6.81436120373102190583755534568947002      
   6.80795994030017500079759656648794108      
   6.80125775538464330931408364375213915      
   6.79423964686147005282074353536859117      
   6.78688990663770057595284329634288540      
   6.77919210876900313810258755593283275      
   6.77112910431094538109651545204446043      
   6.76268302198603912061996437507045308      
   6.75383527606091021250531520591111467      
   6.74456658445259331696543598174542014      
   6.73485699775748740041854301069195167      
   6.72468593612170326899465149810784182      
   6.71403224146848483256900147653071869      
   6.70287423995367118232053634080604112      
   6.69118981681804994080385203578524619      
   6.67895650152929630473253822660090542      
   6.66615155992429200614364644044225532      
   6.65275209299866286647337091429795460      
   6.63873513462241455191158181456633716      
   6.62407774737023461744421437813967291      
   6.60875710971567781051841706594673429      
   6.59275059022711093030947951804227140      
   6.57603580470175123149245667891346503      
   6.55859065688658801693762802793800575      
   6.54039335837305866458617145576306471      
   6.52142243377982868989747206839576193      
   6.50165671052966914977143294765947953      
   6.48107530445588134809849935486079947      
   6.45965760156572688535772592297308205      
   6.43738323963330688376212639454315409      
   6.41423209946744264194077661453900044      
   6.39018430356415792012372803906205928      
   6.36522022213177219532738890219893331      
   6.33932048630069964170254962966150124      
   6.31246600585714131002074303235083076      
   6.28463798774434758849309624163769532      
   6.25581795366758845783248616852386161      
   6.22598775324855069144246610578535704      
   6.19512957392627297302192310266571197      
   6.16322594337129257241227502745728849      
   6.13025972723057414541479254239231806      
   6.09621412146371703276226564833021434      
   6.06107264007341982014987888937180955      
   6.02481909908728178395936303364652973      
   5.98743759803138674802220344559943723      
   5.94891249920903289785116567808337194      
   5.90922840625332151431330164603364047      
   5.86837014164753302052158746402990216      
   5.82632272522584187075294419462991211      
   5.78307135231101870763122741520015094      
   5.73860137309189806867381717133332494      
   5.69289827305653420381400296673395192      
   5.64594765453250416720337863216550040      
   5.59773521941490164481432999225541573      
   5.54824675325288950606816530321889118      
   5.49746811060569626721889497201621935      
   5.44538520157347567931431400903093962      
   5.39198397953558151677134421566913356      
   5.33725042994139541088727581052451826      
   5.28117056018238707113222824686036483      
   5.22373039038861774999752053326150797      
   5.16491594509096911888235431716175932      
   5.10471324571355940811789855328816778      
   5.04310830363240244423209850785064294      
   4.98008711422401714444698050155252622      
   4.91563565116352908728028427813245421      
   4.84973986144366193855141423017546308      
   4.78238566081644684473664228641447549      
   4.71355892970627975700317493032519013      
   4.64324550951608096001159141649832272      
   4.57143119923489639471481885138108177      
   4.49810175241532401770898580123761534      
   4.42324287442520720978209490911995335      
   4.34684021995932361773518397412703882      
   4.26887939075884801816355438511868164      
   4.18934593356438108565041990556039829      
   4.10822533825697810689467767878587403      
   4.02550303615701552259373997334734391      
   3.94116439847852586390387220152199116      
   3.85519473493366696648143945694537385      
   3.76757929243448003713647882132159996      
   3.67830325396247264223035914845257257      
   3.58735173746862310360434075593567846      
   3.49470979491987949734098534235740339      
   3.40036241141906179566021859827008421      
   3.30429450439063664513591656480858146      
   3.20649092283738082605473202887984384      
   3.10693644667008428296894926394120584      
   3.00561578608567249558474046127474367      
   2.90251358101362667271129298689296092      
   2.79761440058512158134033843512230355      
   2.69090274266986317734152790043889210      
   2.58236303344090471100328532930266281      
   2.47197962698028565315202742346743240      
   2.35973680491717385713351294021313600      
   2.24561877609738786430832555617299096      
   2.12960967628509279454958050688537614      
   2.01169356788027917098336022757613311      
   1.89185443966719997489083776772420752      
   1.77007620661534035034481873794948462      
   1.64634270962115933466911395527972799      
   1.52063771534461042396508760616160224      
   1.39294491604972810607952618604785580      
   1.26324792942952348462520434649966279      
   1.13153029846342474968835768875247338      
  0.997775491306236288004127310148955196      
  0.861966901164098155884217350762313622      
  0.724087846197619495356922258888857750      
  0.584121569423813118616696134580958784      
  0.442051238642757376207422856954344127      
  0.297859946371927248983867651713960823      
  0.151530709769087179143454685809079576      
   3.04647058673266221092692772419172728E-0003
 -0.147609904861290516848436826113865228      
 -0.300455625758638038047578766727013482      
 -0.455507976804122157510918965278391568      
 -0.612784318239052759674929617117036711      
 -0.772302085869842963357237466638542627      
 -0.934078791067931557974627934992318687      
  -1.09813202079382516460147044060553859      
  -1.26447943759376057679231447351271844      
  -1.43313877958579410537123567812974339      
  -1.60412786046933497390152688345546882      
  -1.77746456950927305718142730788765648      
  -1.95316687151250458111066607635057666      
  -2.13125280681980197052239685339943120      
  -2.31174049127611240201204273211957862      
  -2.49464811621008546721501296527144424      
