   6.91360382032448847522976250442333937      
   6.91360382032448897452856100055816334      
   6.91360382032452743201328781372420908      
   6.91360382032516444341181800519020041      
   6.91360382032990751712095170087933057      
   6.91360382035170981779289183518680422      
   6.91360382042467998402730538411026689      
   6.91360382061958405575439076083811906      
   6.91360382105548862151324489713353352      
   6.91360382188595357241999663238056067      
   6.91360382321898980234008623403639516      
   6.91360382491702757164237812681510985      
   6.91360382622650346139390754055052688      
   6.91360382520635179016036811720962753      
   6.91360381795271752368881158702025307      
   6.91360379764466427471263719439186312      
   6.91360375345691122326343344611019821      
   6.91360366939923818097290474015633037      
   6.91360352314906522305277508299727559      
   6.91360328494558976028927441310501935      
   6.91360291661224931883383656666793987      
   6.91360237076968775906187898943136877      
   6.91360159029346632466306662534628836      
   6.91360050805957773946277851796182865      
   6.91359904700543400956576974932605700      
   6.91359712051626278916484642271736344      
   6.91359463312673300863588093021040518      
   6.91359148150855700127531622444683323      
   6.91358755569769061570814651043470281      
   6.91358274050094197039455840566764661      
   6.91357691701435924967010474575080858      
   6.91356996418253367729011356788710219      
   6.91356176033048974557122518682229170      
   6.91355218460655612640493599625440491      
   6.91354111828462658260339315839220633      
   6.91352844588613878247214586459641259      
   6.91351405609497028637182312414003015      
   6.91349784245082653896093807159458040      
   6.91347970381847490371830907256914141      
   6.91345954463960631540115728690849741      
   6.91343727498253159088553959559151539      
   6.91341281041046421695178598711211133      
   6.91338607169340864040976731407634985      
   6.91335698439056793445408763231403593      
   6.91332547833097600622360182171322045      
   6.91329148701939388781157782489245038      
   6.91325494699283679646942692301096864      
   6.91321579715074035287608578737398156      
   6.91317397807913222875396012697664099      
   6.91312943138611785523116762957285640      
   6.91308209906268533902400571167537674      
   6.91303192288017679915181545773293815      
   6.91297884383272855621559043165611340      
   6.91292280161373756623846883034144908      
   6.91286373422356252582756897953301408      
   6.91280157748678152387155463536412625      
   6.91273626476216456586913737452889015      
   6.91266772664015138751488884152698745      
   6.91259589070252667676989166983442182      
   6.91252068132833337208520657671304234      
   6.91244201954081235521561017159919359      
   6.91235982289093060947966659307947604      
   6.91227400537182300536907889124362042      
   6.91218447735875344623273716546657379      
   6.91209114556960403946199523786900774      
   6.91199391303931805880834872440996953      
   6.91189267910519148625648849295068650      
   6.91178733939577878183331784219109043      
   6.91167778582100072436822065424472789      
   6.91156390655833571411649169868280650      
   6.91144558602996095097919902616466872      
   6.91132270487025696070822017332484367      
   6.91119513987798987759236443561260646      
   6.91106276395084081040447781713650694      
   6.91092544600173119575000317702670785      
   6.91078305085204727359279896316698254      
   6.91063543910006375919649981460343204      
   6.91048246696730839697822711623506832      
   6.91032398611619645333766638254023329      
   6.91015984344155397131902579130970322      
   6.90998988083699179419505614728548967      
   6.90981393492448469391729509366024707      
   6.90963183675893390792697532445277792      
   6.90944341149884047162353938941959720      
   6.90924847805808160775519652374657168      
   6.90904684871454053497875618084663392      
   6.90883832869821068929396010259230262      
   6.90862271573603440123453142212281081      
   6.90839979958944926084409590881356599      
   6.90816936152866009717319529291727449      
   6.90793117379024481502622051731909544      
   6.90768499900909856758962331979999877      
   6.90743058961753636583348590713210529      
   6.90716768720975612346233869481769958      
   6.90689602188673917346812209613421081      
   6.90661531155337890455999151975083166      
   6.90632526112504290172294437846700951      
   6.90602556182332819368946811712431840      
   6.90571589035079019205683519037505718      
   6.90539590806905007280202626315610216      
   6.90506526008135788982083452265452383      
   6.90472357436766890849825418347363928      
   6.90437046082982781912207095644565773      
   6.90400551021865495900377429989416405      
   6.90362829312043930494829621958353601      
   6.90323835895263907363109405621078650      
   6.90283523484173764285732891224752899      
   6.90241842431353571123942305837626372      
   6.90198740607030023107398142440262614      
   6.90154163283929695059709254089604775      
   6.90108053015100247873352094802438387      
   6.90060349448900487314730793373326120      
   6.90010989199059669282256348211316217      
   6.89959905762252797074556310803402843      
   6.89907029255127185503231782970624405      
   6.89852286276063654264525906582284735      
   6.89795599794961401484228514836225521      
   6.89736888896981157101597341402555463      
   6.89676068598424424434339840296176514      
   6.89613049688952638432468384573895150      
   6.89547738512443565719319525293060872      
   6.89480036669487002138943524255042405      
   6.89409840921710556315193782577867684      
   6.89337042810268738839722173512363492      
   6.89261528502816540212358402521501553      
   6.89183178474417899557377316782811239      
   6.89101867224657234626138583196184002      
   6.89017463006755097377509297004310383      
   6.88929827513030774066467230038918451      
   6.88838815497553003704041307537414982      
   6.88744274508573607272759808493267756      
   6.88646044414992123405154889674396659      
   6.88543957161523632265006484537170929      
   6.88437836228301073502728713478970006      
   6.88327496256115880702858203285265730      
   6.88212742636086835724228817741186692      
   6.88093370952016362994713263160045310      
   6.87969166508395454199153275101994605      
   6.87839903795108469215938405585130899      
   6.87705345902399751754944775991067996      
   6.87565243963870175211865837933571112      
   6.87419336438006419461731845917408124      
   6.87267348543763801701546688410479637      
   6.87108991371376611913976190729902459      
   6.86943961361980791066491961776941423      
   6.86771939264586390616124908951852279      
   6.86592589465025257303375839252171658      
   6.86405558887756573093634851964023461      
   6.86210476242594990937685639625618793      
   6.86006950821695026200918857115643788      
   6.85794571485354402207234572282068611      
   6.85572905464598389815617177054414243      
   6.85341497143292431120253255234752994      
   6.85099866756883496259692348576116774      
   6.84847508943316501314364769199763951      
   6.84583891280168765678947468384614826      
   6.84308452670627937507479657172495453      
   6.84020601689669413319352677443511605      
   6.83719714750571796160001724535477649      
   6.83405134168542968351264839677503182      
   6.83076166156200835319379686944396549      
   6.82732078644696636907551216084590837      
   6.82372098947739795758247477221712647      
   6.81995411387371782257142962383491856      
   6.81601154680138845476671077101966839      
   6.81188419150041818189959153176373176      
   6.80756243946010016452512276124737506      
   6.80303613921441857538552624927430772      
   6.79829456447123398679000344228872174      
   6.79332638285763084625573607496144789      
   6.78811961931310358663444347553794105      
   6.78266162137207293251184777344084880      
   6.77693902383725880524650931710170201      
   6.77093771134549172418900663824666591      
   6.76464278256643956864283816274917529      
   6.75803851417036962594214905110947729      
   6.75110832742469159714873717398743546      
   6.74383475588575316988555787388853255      
   6.73619941986276607288724359265454055      
   6.72818300227831428577282789196895525      
   6.71976523601482652892227192457793992      
   6.71092489782796227945562667148897523      
   6.70163981462147715280003442758712194      
   6.69188688430727772857062416834414462      
   6.68164211174326088022321087356403643      
   6.67088066577539008763112905488440017      
   6.65957695403260156150453476337132696      
   6.64770472207264427848267174748060003      
   6.63523716995970233798580112750507751      
   6.62214709484049172836200884169183970      
   6.60840704440634168148183618617983529      
   6.59398948457605212113032662183416137      
   6.57886696584223480511270270420021633      
   6.56301228852273865674509476077179952      
   6.54639864653161143452865105687165078      
   6.52899974612470374102758767884703771      
   6.51078989191512781975843244371467120      
   6.49174402912595044415474447110076904      
   6.47183775561584891072896671965736640      
   6.45104729120586837029716882311964273      
   6.42934942686437117335256924366808759      
   6.40672146100488745227316983004570771      
   6.38314113717039486745605384576442732      
   6.35858659021424368584388319412437102      
   6.33303630866328207310444627244717609      
   6.30646912264925751001680487901413427      
   6.27886420679742101753423093315616186      
   6.25020110049671128717102730150515115      
   6.22045973587986489225119449254982906      
   6.18962046909886676476474180989584431      
   6.15766410730303585977254085256907927      
   6.12457193131776713076874216025603720      
   6.09032570690202513810407229663838684      
   6.05490768692099074649882172822612409      
   6.01830060486039464670958907893988400      
   5.98048765897418218417471048402208892      
   5.94145249021980140482700108633071231      
   5.90117915493925630114990520763354531      
   5.85965209399681711880983338131640127      
   5.81685610002075406388959419219604225      
   5.77277628322814232815446260933780539      
   5.72739803835194721323439377883215173      
   5.68070701150136356695532833354505701      
   5.63268906890860266550736057864277198      
   5.58333026738595923121419334022624963      
   5.53261682664983014506869286813310935      
   5.48053510385496159290290232269446494      
   5.42707157017942052295778189742461385      
   5.37221278956281844902561888305341306      
   5.31594539928446356263055992014488143      
   5.25825609247861580543010450597814805      
   5.19913160252682748154534920849842941      
   5.13855868880487383276418804542801074      
   5.07652412411945635237336921011758226      
   5.01301468335639826877159399882887874      
   4.94801713334425294888574776013606767      
   4.88151822397913026625953313049202135      
   4.81350468006495641201802583587436413      
   4.74396319419586740602082455831088316      
   4.67288042042835351061016354330223947      
   4.60024296859300437699851151890314861      
   4.52603739923366634616780745759101328      
   4.45025021915008890824182209252069437      
   4.37286787744333403520012641497363141      
   4.29387676194753571168727440314350522      
   4.21326319608825598179472935919519885      
   4.13101343609542184614355162158247432      
   4.04711366855139434603043270386470909      
   3.96155000816761257682985828598278256      
   3.87430849585421716770140372298818827      
   3.78537509699542561860550441895248226      
   3.69473569992415956119879887243866186      
   3.60237611459231674259461599210848029      
   3.50828207136254345441518791127491631      
   3.41243921998344059852503109116888525      
   3.31483312868078285994100231181104208      
   3.21544928333752708512020897195577835      
   3.11427308680085361330415786663960841      
   3.01128985828746597358316010195677607      
   2.90648483286314124133621399135597313      
   2.79984316097165968356699677087514450      
   2.69134990806704806836258044518054392      
   2.58099005429288077934753187284840920      
   2.46874849420400795079721893280401516      
   2.35461003655278567376029558054119917      
   2.23855940410900090479997209986997871      
   2.12058123352285851010622582580510184      
   2.00066007522175336408817457125721796      
   1.87878039333899623231295153983738319      
   1.75492656567575547804908757414603093      
   1.62908288366900378305335451809588900      
   1.50123355243983627544974537856249829      
   1.37136269076665053120955400851993477      
   1.23945433117260247984598545801641663      
   1.10549241995885619593222814563389572      
  0.969460817322156346464678491895822247      
  0.831343297409869752122094564266279428      
  0.691123548454358993843706837125808085      
  0.548785172873951532869876984123989405      
  0.404311687404751257826953100200015957      
  0.257686523243042357917890658771864725      
  0.108893026169481030906539041406862296      
  -4.20855432672709598335028336673954255E-0002
 -0.195266009623688396608384542964268303      
 -0.350665282379567841061632544453874745      
 -0.508300355770062831038464165560328843      
 -0.668188308615613101997570777935345230      
 -0.830346304143143699875190380922427588      
 -0.994791589814499495144252863128660276      
  -1.16154149710851910449577161719760269      
  -1.33061344136743701452633898660344659      
  -1.50202492160099403304029471589203707      
  -1.67579352027521120177120201863277817      
  -1.85193690313190978304702555143109405      
  -2.03047281900038767808980711424671644      
  -2.21141909957328044602184292115917854      
  -2.39479365923373299848462783017732344      
  -2.58061449484471781173089887140550846      
  -2.76889968554746582766451467846139242      
  -2.95966739256238844957796650859169744      
