   482.989325854482766625225197452827150      
   482.989325854498234655481154983509087      
   482.989325855059819086560773405629421      
   482.989325860516629894659871621309713      
   482.989325887322284515814506978045909      
   482.989325967435644092579296817531930      
   482.989325968950923145095325144631014      
   482.989323869000587490727212396298639      
   482.989307850192948670155204512592876      
   482.989234838319703637126667618779864      
   482.988991240619911306572429567487603      
   482.988340383513761376720783766677160      
   482.986868773418214897124452755562989      
   482.983944755005546257398972053051484      
   482.978698901874597934081498714583672      
   482.970029030597576360695111004369978      
   482.956627172603876359591710336940053      
   482.937022557309724213513759826631311      
   482.909633640881306888287884380899828      
   482.872822787406503750328706136084650      
   482.824948608072664398007243480270998      
   482.764412594922422029970621678047049      
   482.689698184370798894664028641561707      
   482.599401580038260747183507605694880      
   482.492254511355179074509660392710696      
   482.367139633497491154941272388396688      
   482.223099548713233069839633249096494      
   482.059340516809487654255521184920692      
   481.875231889763715849381114316081890      
   481.670302203461925364239031770112963      
   481.444232725249253042309632623403257      
   481.196849118021272822702044928182964      
   480.928111754150191436689931254081575      
   480.638105103159133678002448717918230      
   480.327026528826600771194453110115372      
   479.995174762603170556506137615222925      
   479.642938268146742230913188137940838      
   479.270783672967602384589458669498752      
   478.879244413380782031850467691519970      
   478.468909716452322445696692951629894      
   478.040414023246445347343400818552982      
   477.594426941681941272739519677506333      
   477.131643801821256333981217973589694      
   476.652776872004168606676944463012877      
   476.158547280536315172128634069117032      
   475.649677673090117809591153080815060      
   475.126885623999292882474542678364312      
   474.590877806510207732543637740772398      
   474.042344916420238172568412589335246      
   473.481957332343398660898496699220443      
   472.910361487663173453743022718939591      
   472.328176921911191256729080891075095      
   471.735993971882329394668684795792277      
   471.134372059020747931845541952610808      
   470.523838526049962217431568339884384      
   469.904887972818781132430781733536289      
   469.277982040351303146106691694569132      
   468.643549592817161031978893933910613      
   468.001987246066016061940799530510871      
   467.353660193977821575601647082935651      
   466.698903285939689324666547780899225      
   466.038022310042605571397491202113412      
   465.371295436824836800014268242875035      
   464.698974805508655921602000155849447      
   464.021288168193912027868008125563485      
   463.338440621493730195300173643398088      
   462.650616353303374222227101807516549      
   461.957980394810634819136495735738362      
   461.260680354318835271913213334579868      
   460.558848112878746082628281991192959      
   459.852601465268146290561499216370279      
   459.142045694515590847542115343477780      
   458.427275067577563397672719869515934      
   457.708374244482776212647882077368946      
   456.985419595666059017844780231636962      
   456.258480421381702349862646938802439      
   455.527620072430183970914790304355525      
   454.792896970770707442580283785215188      
   454.054365529990949446781439823344517      
   453.312076978107672516360730988624944      
   452.566080085035130954637098718754717      
   451.816421796007384935800753483023297      
   451.063147777649563862691992092913281      
   450.306302878921330419101440237681988      
   449.545931515411092996107499306337644      
   448.782077976735559186985571429552794      
   448.014786667153594507825297518540499      
   447.244102279455084992128293976283698      
   446.470069916152169408961087639008919      
   445.692735150665855738074839588399080      
   444.912144040277436748299929027852944      
   444.128343103399058619590380415147299      
   443.341379251925505632702707683607770      
   442.551299692207473523348912981197383      
   441.758151797535681954235699430799812      
   440.961982954000553579181034870784699      
   440.162840366644048739577734370512795      
   439.360770877725604319020832816235102      
   438.555820749436683313625365796618926      
   437.748035442493282031194456773569721      
   436.937459370332276618802274993673300      
   436.124135662328095873476472007799994      
   435.308105924778827167833378168979148      
   434.489409952627553707769036585674187      
   433.668085491639466100003539774936149      
   432.844167980254338744958675379389538      
   432.017690308786951734948736879542592      
   431.188682524149171511229638926406627      
   430.357171568981551837973229768361928      
   429.523181051364906513160420988183397      
   428.686731027973413844062486604307921      
   427.847837661257155545296376576871820      
   427.006512996836836445156141712980066      
   426.162764778894547874181786495930043      
   425.316596190376875989960458953029983      
   424.468005475575009058440581806971569      
   423.616985898716360372963623583086286      
   422.763525432409009481942873673060389      
   421.907606335689611501375421926320652      
   421.049205314771030959035807492678529      
   420.188292904597770455537849385504978      
   419.324833396568453018076250275169892      
   418.458784515468743356034285319571884      
   417.590097361216819184817409156986851      
   416.718715845257199227043822108988207      
   415.844576802785364169915361016703381      
   414.967609346475809872788551564454716      
   414.087734919318380823380539555006031      
   413.204866853620839117898241262591659      
   412.318910052567046730417747389008311      
   411.429760784896920317641245725453244      
   410.537306339384064614460495801750429      
   409.641424551264534105146528294174036      
   408.741983769195743408901181332676454      
   407.838842076842621930443129535212875      
   406.931847249917324746837901482659803      
   406.020836215012693526656686720847691      
   405.105634436780948320771406370509459      
   404.186055731434154560273111008069350      
   403.261901640296220971505021381637490      
   402.332960909416701658299411187502986      
   401.399008732993173046424262349022540      
   400.459806467758948898305828289745861      
   399.515100844188355494473199013951446      
   398.564623135538082622660117421493300      
   397.608088485581648435974546384201698      
   396.645195300810650528267579981504840      
   395.675623874002775599728199343867910      
   394.699036170291481354986776180138997      
   393.715074087233597999046786293287121      
   392.723358899832931611654037890260503      
   391.723489935910063459886659110121778      
   390.715043172829765032442636960547263      
   389.697570110481091901609532587693235      
   388.670596521471127929580482942517360      
   387.633620350463070634419545710686232      
   386.586110581246211089956361760562498      
   385.527505215139069082162586001808656      
   384.457209532116784514258042425917288      
   383.374593965634454708460111054615279      
   382.278992248834530957174530017223293      
   381.169698820059579190196373574407440      
   380.045966591924250078853373334653379      
   378.907004796503064055996650911913908      
   377.751975770349425146246837899934267      
   376.579992672920392971940643795957832      
   375.390116857355387781787691984447937      
   374.181354884821360494160968317611306      
   372.952655722099887462478132764407413      
   371.702908557748716695925723424549893      
   370.430940102729406468882168318475031      
   369.135512706709388611902177312851862      
   367.815322439678995054810825809075536      
   366.468998881359529056170686605369883      
   365.095105111406698954097910289532854      
   363.692139335070827715912324139709180      
   362.258539315549209682770155300595464      
   360.792687532873534266395764552484103      
   359.292921586275530228414940047377279      
   357.757548075076983387858189183890177      
   356.184862550658598631895249565473044      
   354.573176164228901265478562187201471      
   352.920852169816228018285471781817876      
   351.226353208959156528032981961882585      
   349.488303320899873757625181237822944      
   347.705567014358154790978553004794294      
   345.877348183074121578750131504188009      
   344.003315016663590080395844583418607      
   342.083751204254901328034393124228176      
   340.119738595144905649053928908974917      
   338.113372617383544891055557392185054      
   336.068011962438703647502381635966310      
   333.988548534243762005125374466344465      
   331.881728324352212469625935718425823      
   329.756428916717672052002193527028730      
   327.623974734580061429193987423455039      
   325.498388020817984499746485231717710      
   323.396571883963107307251098057696614      
   321.338382521977095277714599795837891      
   319.346540256370421523170453342594297      
   317.446412086157181069175868188105840      
   315.665508129915236040514308449898525      
   314.032848921357301089785058334337075      
   312.578126365030434618951722945449237      
   311.330740032957450068847458262034778      
   310.318952715058384874577439960812479      
   309.568238412368515376061663613784929      
   309.101309166787351073882701800887490      
   308.936840792723980690981712438025507      
   309.089129640433378115450583194931038      
   309.567867174763459110534085203570084      
   310.378156972058749730576414921727215      
   311.520742148272883598847831792838083      
   312.992396409982458681925029923104317      
   314.786427014797777811216245831470243      
   316.893235535206877824510506295939438      
   319.300895695254271447971724261739295      
   321.995710827246171554067569985091491      
   324.962727104086780858606705851821111      
   328.186187684556422102489808245259778      
   331.649920417336289530139450374467950      
   335.337658672827322943200873200505571      
   339.233297093289083094570582877400396      
   343.321089611476149524547208953580460      
   347.585796909321838432783911818366049      
   352.012791027018624789158104071741845      
   356.588121597642530354192951075657954      
   361.298556613259268864368421505270193      
   366.131598777250898580271226787561219      
   371.075485430165927221466128920901658      
   376.119175217101874761457374042344749      
   381.252324884103073790851678331191180      
   386.465260675349776281006246293597276      
   391.748945904604667372146176029358094      
   397.094944950458362961614782672765528      
   402.495387136634170129827347752901554      
   407.942930797255364194410203795186781      
   413.430727859323569316414380132316582      
   418.952389358885930782680787405110026      
   424.501954082107700361768063603215994      
   430.073855560093207643866079809496994      
   435.662895120038293937442861199826903      
   441.264214738057597570401833378133263      
   446.873271326308436040413453050288433      
   452.485814238336567958084429059166244      
   458.097863984642221795595960464389511      
   463.705692815985371488748068330771695      
   469.305806189392582159244310777621772      
   474.894926714510264872977350421613309      
   480.469979165787518636183352868764912      
   486.028076750778536069692685359176971      
   491.566507901313773379924855250663016      
   497.082725500006883806657284877911454      
   502.574336071405055365449539565678165      
   508.039090128321988869080152605547728      
   513.474873441863199463369888801987854      
   518.879698536433590272539134086192955      
   524.251698558798841645420928734526649      
   529.589118915941044847628531039908830      
   534.890312390885890304332920937471767      
   540.153732474890917761846037213475199      
   545.377929022459538641087388740575972      
   550.561542618409715076982363165118061      
   555.703300756938065296733594237079188      
   560.802013637752095094222452246276075      
   565.856569614906338344622205389343683      
   570.865932512994433157021108879387509      
   575.829138088273245228658865082061101      
   580.745290987689758426516156841730120      
   585.613561655870842147251062776560716      
   590.433183710640442266213666488769121      
   595.203451692590089044746389700606046      
   599.923718281863845663234195661584748      
   604.593392210891417275211359453432035      
   609.211935677068599820489444723658952      
   613.778864381877040964145045009150247      
   618.293742562087514930509534239431216      
   622.756182297672995018656386968901410      
   627.165843029667122536566414228818489      
   631.522428022730091918594093534877569      
   635.825684064544815946959509784753397      
   640.075398745741183614890167713434997      
   644.271400414132854480002138360385175      
   648.413554896413726329755476944585887      
   652.501765477464194668278959515372229      
   656.535971225804779970822157237381143      
   660.516144713339749026213725913573644      
   664.442292280096837871130510343229128      
   668.314451282426920228151446386294884      
   672.132689734670583421524629064716479      
   675.897104884464375455653924764091999      
   679.607821595875893246708765081571690      
   683.264992070340114047360889528737833      
   686.868793746566086141269244706694885      
   690.419428959733244095400324064449205      
   693.917123171804989196020706741325216      
   697.362124635199783441545504794172388      
   700.754702837923951439495583710848159      
   704.095147438447576460473550912037646      
   707.383767812807820923014785755233175      
