   482.989325854482766625225197452827150      
   482.989325854498234655481154983509087      
   482.989325855059819086560773405629421      
   482.989325860516629894659871621309318      
   482.989325887322284515814506967211151      
   482.989325967435644092579286649039920      
   482.989325968950923145093962836992921      
   482.989323869000587490673264530998305      
   482.989307850192948669208730683753683      
   482.989234838319703627747098083656734      
   482.988991240619911245289892795387784      
   482.988340383513761084096531233430535      
   482.986868773418213800369865327884489      
   482.983944755005542858445368443559461      
   482.978698901874588826010103827523898      
   482.970029030597553910317834583204896      
   482.956627172603861027580209497537615      
   482.937022557309608374553542210287588      
   482.909633640880604130251368516815520      
   482.872822787402947363537635469037430      
   482.824948608057240483545547451649688      
   482.764412594866663757047180208665270      
   482.689698184181848560728986190167054      
   482.599401579459509734817411756221640      
   482.492254509733396960410608952767739      
   482.367139629297055284380944552212484      
   482.223099538569814455042559112501573      
   482.059340493799880850804948767873110      
   481.875231840415864998008547069373708      
   481.670302102841109666074639508852408      
   481.444232529237842568215529531267493      
   481.196848751669710391670963865708570      
   480.928111094728873860965405655561121      
   480.638103956300167027262056226875483      
   480.327024595927800387097449137675724      
   479.995171597490388051585503403371770      
   479.642933220869206792815115577571295      
   479.270775818545504777896920525883639      
   478.879232463342062282824122948251943      
   478.468891911089051966164027638530445      
   478.040388002688041508292009868326685      
   477.594389594114676419928099121417279      
   477.131591087474025839510982642885685      
   476.652703621848410910930073603807999      
   476.158446969008231523200440874293769      
   475.649542164505020213936197383539284      
   475.126704892692018107058555126562072      
   474.590639631065017582032642544179074      
   474.042034543569844818632647570556889      
   473.481557135448881960363925498510427      
   472.909850575457172136411066456735929      
   472.327530741927344663086988471999594      
   471.735183889339778202954118600827389      
   471.133364916441277515183363071594391      
   470.522596184915725203608688465599522      
   469.903366838514411949057389073816474      
   469.276132571476048064989603177264623      
   468.641315795821853838718337303283265      
   467.999306155958768767789958652225799      
   467.350461341721880333916347686479538      
   466.695108152826879042523379972941792      
   466.033543769309416833886698263832541      
   465.366037185992152188357035546616273      
   464.692830772686294878893546416334947      
   464.014141923540655932149611300789535      
   463.330164763385161080416592549142151      
   462.641071883185168398862337527355048      
   461.947016077178902917605801469905969      
   461.248132061347414682645768162043842      
   460.544538153177957917981755937247158      
   459.836337895801882663255157953420900      
   459.123621615454011920480695528062900      
   458.406467899339122160785141456388192      
   457.684944986279687637494378974278055      
   456.959112065516084293574258090831499      
   456.229020476769997340163058289354018      
   455.494714811039087175483776111941569      
   454.756233911658734690717221280272499      
   454.013611774332368041800112436541801      
   453.266878349680061467517020499682289      
   452.516060250773330408656056123496263      
   451.761181364773363529344436533491072      
   451.002263378173110349402127487766929      
   450.239326216131377095926680112253434      
   449.472388405567728207428325477079069      
   448.701467363335916113075439103171750      
   447.926579611250227633287366502524939      
   447.147740929702897545691335534708578      
   446.364966458054126778897461035751512      
   445.578270729673939695711493401323069      
   444.787667660801101187715620053830421      
   443.993170504973715758225596357894974      
   443.194791761120304128007377412966511      
   442.392543048138797872437084601300481      
   441.586434955338571300529926667749084      
   440.776476851693736834630540575818588      
   439.962676663063454129084436463661334      
   439.145040664841259525157994933828820      
   438.323573234319923997950069531925236      
   437.498276588131489333128358219646346      
   436.669150507876972573691923805698081      
   435.836192068279178178652115220605358      
   434.999395349588806525235476771291602      
   434.158751106382642999660642461601151      
   433.314246482601711596729371273417325      
   432.465864734362867117602308021018305      
   431.613584927527130406130725899653873      
   430.757381505493581040715097261777644      
   429.897224160931082656240764593158632      
   429.033077377310282451713746772537607      
   428.164900226638717216825520189350851      
   427.292645867110755819967177127519346      
   426.416261385040163985530321494865434      
   425.535687558555404572452743567050435      
   424.650858217894087399988156578184528      
   423.761700163105619861076848856010624      
   422.868132923635177762916174038813833      
   421.970068146433060389493762467747072      
   421.067409324219899212650298552293814      
   420.160051767214565202082890178977934      
   419.247881770499426092086599503879282      
   418.330776690098956756596262265400560      
   417.408604294952218709372696712492008      
   416.481222509083939301745555221429700      
   415.548479036636385133054364390734019      
   414.610210922023017623458314364179846      
   413.666244153391668695893233162332339      
   412.716393358055616661896433101383344      
   411.760461059334955599796420529539255      
   410.798237688587253789904142698001113      
   409.829500507202371051269936582784512      
   408.854013773391978151576338951120016      
   407.871527723618852901849691690585728      
   406.881778227438448630433766689636678      
   405.884486257794716442339303756965852      
   404.879357224998125738588468599443605      
   403.866080524952171872350964778102455      
   402.844328424876916492232225143546315      
   401.813755922874334021406322213047361      
   400.773999978426341183022506386847210      
   399.724678550521707790931473392571609      
   398.665389865610788985712040283932356      
   397.595711717412573733309903699374342      
   396.515200555935388890659687619241517      
   395.423390706711059165344332085121275      
   394.319793393781326670217052600305268      
   393.203895973290679713693598573297272      
   392.075160955251605029749790049979781      
   390.933024735630160329016538725769198      
   389.776897248243550866183524126461020      
   388.606160468799212215803151408440111      
   387.420167887831981719972882312492490      
   386.218243301025536421548294265651948      
   384.999680328923667971284797908694391      
   383.763741277827292427886926866614904      
   382.509656961585346083214709233987624      
   381.236626008833862019087072077285924      
   379.943814605910009839995943066760959      
   378.630356655387409385539731478562759      
   377.295354734358497640448776687526511      
   375.937880332681908059245276804334710      
   374.556976065853421061956993822685723      
   373.151657897160886952117647426432668      
   371.720919249535288129973223335976895      
   370.263735030042872662812950853999868      
   368.779068558479742646873715152273079      
   367.265880183701900022177862805587471      
   365.723138248306517702199273681355853      
   364.149833489619045272005681284450244      
   362.544997260425762322527313585070421      
   360.907724579483881439728890445924971      
   359.237202683569754602950564052661890      
   357.532748134164948207733317880664535      
   355.793851461152952355468324858058597      
   354.020233098017532046931038800494202      
   352.211912206182978693015729804218230      
   350.369290709200038408023924839620561      
   348.493256046867157362733589656667174      
   346.585302592642367843548897956320250      
   344.647681782875304213544909940345106      
   342.683571519179940891184786946821602      
   340.697273178314930539395008635654243      
   338.694464397043050700338657451696002      
   336.682419732743502077898964594315082      
   334.670308529295687791371009257922119      
   332.669474550522719914695345012891086      
   330.693712473770637408342365949384891      
   328.759509538337297974079284370470727      
   326.886220263553588358758532608928763      
   325.096129070506973572192069474535970      
   323.414357097232089318742385336490851      
   321.868562854446953567269696091063574      
   320.488404673852752658871371728429671      
   319.304749620486704394803749724867065      
   318.348645919400696137000484195684591      
   317.650120408089911731734841606212546      
   317.236900716016554007601546191204645      
   317.133189327869706159537797733492756      
   317.358622959774299476243470769994323      
   317.927532231324040993647409805668417      
   318.848569245256824582211542505840708      
   320.124716235211205082030696326521644      
   321.753632762158837244265693798722830      
   323.728262558651072588715407204494104      
   326.037600805330061525622261741777357      
   328.667527983274019485587120479657301      
   331.601632560811105778927772749519941      
   334.821962435391378368930660365790542      
   338.309679091124274870292504149662965      
   342.045596344753635925677766914678213      
   346.010605485181198126859022949661424      
   350.185996900534817488092144443146497      
   354.553691842746643440330681083534432      
   359.096399619112368423106964772676295      
   363.797716127381234538858632161799469      
   368.642174309438739497614350845553406      
   373.615263713667785353723889165286312      
   378.703420237648049132147674707222544      
   383.894002445088055957033116872615328      
   389.175253858654397514537190875973493      
   394.536257905405974970446608577217707      
   399.966889402518524294012952805674136      
   405.457763955675428882254600210905000      
   411.000187697289695458571769886310648      
   416.586107156010268459332671137271737      
   422.208062268971066527019647240606006      
   427.859141174764713208200375805219567      
   433.532938364094364054120861997588187      
   439.223514799099421742336233522348405      
   444.925361340054576560021193435194768      
   450.633364778600731020356815934480468      
   456.342778962619875361068534397440612      
   462.049192835905585666956513791746363      
   467.748506826700306396631476326326065      
   473.436908089063846151195305019968643      
   479.110849552771878133672374843914043      
   484.767029349987832533488958748074697      
   490.402372857953087045725772480589917      
   496.014016546153298163032531131036110      
   501.599293011166858693531557277599314      
   507.155716687358522836228453243681607      
   512.680971773934286333195517252454805      
   518.172900927611491607705531175109571      
   523.629494947053883676870889019387357      
   529.048882866402958513136295615993564      
   534.429323245157931758015000927292377      
   539.769196603153718257115059883810518      
   545.066998337173257500411668691832429      
   550.321330898867955041749358478857600      
   555.530898954534972315889216255791212      
   560.694503039296285594540804474764820      
   565.811034159245870776044155206473443      
   570.879469238259740853957504765116940      
   575.898866926927336526842677429664663      
   580.868362764025446815132954181199355      
   585.787166319671376171407269641778258      
   590.654556253909627364751945233106927      
   595.469877955387395508784841980374564      
   600.232540300580223501859286125945203      
   604.942012487301434206516425595120812      
   609.597821320143598490216479116122437      
   614.199548313743190671135958330802852      
   618.746828166336509957986244619097399      
   623.239345236570663331255989141798935      
   627.676832484227227264760407006334474      
   632.059067671156837890004153389225451      
   636.385874256344024872223166179170446      
   640.657115405833469970334687106408868      
   644.872697154957315291315636831710826      
   649.032562054370163751190702212235312      
   653.136689872173372971104495819183855      
   657.185096116092939319753264461983830      
   661.177828783683458507479345948544355      
   665.114969200809746311233377265496722      
   668.996628564491805165473882382164556      
   672.822947635767238831403140032290529      
   676.594095269099322138899431100977741      
   680.310266629197002585941815511151153      
   683.971682617624277476109780383214470      
   687.578587987382888492022291592583816      
   691.131250436797114888861433346107631      
   694.629959925448589365655055046022608      
   698.075026608052362846975939652308810      
   701.466780508045895554369647248360742      
   704.805570178607556738371293567541258      
   708.091761783574013607178829392778259      
   711.325737972202864440495394100813994      
   714.507897062069653141701426443729282      
   717.638651898187629419295500354029689      
   720.718429330303603626533396784556839      
   723.747668941399081247631800181889262      
   726.726822349785833942640842593753612      
   729.656352451710297800931717054542345      
   732.536732593726031479188501688786362      
   735.368445658627186151783701712484332      
   738.151983492627006276620383041401543      
   740.887846156221669315409868656388824      
   743.576541140878874085606883547187289      
   746.218582676328457805354355081824650      
   748.814491281996242743274649442401943      
