   305.833180578490118847143771537581802      
   305.833180575208522449485551403157112      
   305.833180532679864089517132468032889      
   305.833180317601823404850585586757474      
   305.833179632578655134427431715676021      
   305.833177969418442227807421197532348      
   305.833174579803515330158587155155425      
   305.833168436153001172847386073415410      
   305.833158097978758591489214514616778      
   305.833141312165118131002862497981470      
   305.833114153098472694650554176593633      
   305.833069624316697244509305271989523      
   305.832995839663005192478480464750261      
   305.832874054758596016257892176642463      
   305.832676856971741509778823889834818      
   305.832366754854888360042494572653665      
   305.831895290162529271359715896177290      
   305.831202679432720558394132379788470      
   305.830217908119569398711353913203196      
   305.828859156710868368652328000231468      
   305.827034429543797541085246754071420      
   305.824642271932964196715595935369092      
   305.821572488513668633186775324442816      
   305.817706806649109943149280961894151      
   305.812919457745870765846475361943527      
   305.807077673296825010140354724821186      
   305.800042110266666340803400888365184      
   305.791667231936247182518821336132350      
   305.781801676135893856295571657800603      
   305.770288643739641927512908371785545      
   305.756966337452925683630919279785071      
   305.741668475333528781925594207609577      
   305.724224896187785841604110223926521      
   305.704462265926503192972408399470296      
   305.682204885955589517536499390610586      
   305.657275597330470547050695036794451      
   305.629496768202776274856856440750763      
   305.598691347257227955634088218278817      
   305.564683962520824872784177827371202      
   305.527302043065100515591480303655945      
   305.486376940609382935422193747126184      
   305.441745028653961503045510305665035      
   305.393248758336983072206503073978150      
   305.340737652418801386557649244992728      
   305.284069221491477430464632618704924      
   305.223109789448603227821531703797355      
   305.157735218273303247707479166341723      
   305.087831525140042976996524140429068      
   305.013295387650514951986292964554140      
   304.934034535573961052440336434138372      
   304.849968029727653502390671613603623      
   304.761026430620401354595369896075741      
   304.667151861146806998002673860827608      
   304.568297968922441465714119659954403      
   304.464429794963605293909100331492196      
   304.355523556174898176234096720043887      
   304.241566349632305058743197223943638      
   304.122555787032451163955364850648716      
   303.998499567732941477074349998640014      
   303.869414998953104963710341730113543      
   303.735328471254163974494713899800734      
   303.596274892492746737779064566822753      
   303.452297116693717295003760939744987      
   303.303445306165573762865259094233816      
   303.149776321828969728838665484998354      
   302.991353084294603809023423157122861      
   302.828243936436761048832987628478149      
   302.660522007987570546745107900013263      
   302.488264587503649484284152322207784      
   302.311552505493241532298868212801749      
   302.130469531897484511455411136904063      
   301.945101791882306719048801342384722      
   301.755537201677958134892822279912504      
   301.561864926777614926188213991587015      
   301.364174864598089571364862968502270      
   301.162557152118061427788349146945055      
   300.957101699384828429369248849491650      
   300.747897750601667017382370926452904      
   300.535033471544807327612721670579196      
   300.318595564223087938602995905630122      
   300.098668908993598509630508872522346      
   299.875336230684217956537453351213687      
   299.648677791123067981211921153931817      
   299.418771105220604614344700764908602      
   299.185690683798295368671829706010082      
   298.949507795118060541207171293944266      
   298.710290250663016560189505175568568      
   298.468102207261532497497226301078134      
   298.223003994590530884173264266346828      
   297.975051951909805790545208931452698      
   297.724298281054779329188273995446778      
   297.470790922798412099108153242150082      
   297.214573439186449709546677975697385      
   296.955684911027059010529578691385023      
   296.694159847878910244986253817340719      
   296.430028106167988322450674115077177      
   296.163314795086355810453243014454097      
   295.894040226668985934327899181335218      
   295.622219847440846109624281741522140      
   295.347864184029942158992301943414839      
   295.070978783108428697914651102874303      
   294.791564162078791547599162372663770      
   294.509615769471955455812175035001455      
   294.225123904871706493186598210120250      
   293.938073685037115619644598218266844      
   293.648444994639525898707374808869054      
   293.356212453461349034750703720304223      
   293.061345316146435374030370692705347      
   292.763807408043404942751002346139804      
   292.463557088355794628514923296283294      
   292.160547221137567145643636867898661      
   291.854724988384713321948984118291812      
   291.546031838860795034703104684621143      
   291.234403464262986349235648526354714      
   290.919769673751928439080764926315963      
   290.602054132045178552030741460126677      
   290.281174465065739470101217894667323      
   289.957041979984639183716930879967549      
   289.629561583996259924299961835963410      
   289.298631550526571986742718282762223      
   288.964143435217587030163840983052554      
   288.625981810293410339244038339521952      
   288.284024038262221025094865053278334      
   287.938140242866509292671858856519684      
   287.588192725393935352581377519477215      
   287.234036112407218919443849684680609      
   286.875516637056503990707397594169292      
   286.512472222567312078051311874137282      
   286.144731894124366635916646448409233      
   285.772115574720772487096251950680714      
   285.394433484446930228000871875737163      
   285.011486055953493598590641865278597      
   284.623063065977867780128721307481616      
   284.228943622602718492697768022865036      
   283.828895157144268002172366308234527      
   283.422673223963887313558542912670643      
   283.010020794734125468201648623994025      
   282.590667416925346234493016033886139      
   282.164328627932046314308858561621559      
   281.730705420820858104788258216979134      
   281.289482927373911496666665435247845      
   280.840329870968858296280392188311088      
   280.382897607549440880770745939025841      
   279.916818788981218302013348657897013      
   279.441706398996085330034812006723656      
   278.957152696325900654744908189052611      
   278.462727666581780552976359907990364      
   277.957977329396953276072371178873448      
   277.442422735694760256084576351627149      
   276.915557809959405632435955340032723      
   276.376847701678368259516173306928817      
   275.825726734038526607554218780950166      
   275.261595958393921251854619793971971      
   274.683821467467292967596246127616472      
   274.091730899510240359521592962898631      
   273.484611023731171046025593077709538      
   272.861704829001479733400958729779224      
   272.222207776402448619984432557695645      
   271.565264279710394957668833624507406      
   270.889963719136045238545450303900992      
   270.195335962468795482317602189890005      
   269.480346549638963393295867872685053      
   268.743891452915484052279708732112653      
   267.984791249998212254639363925250932      
   267.201784903259143656505155535564089      
   266.393522604489266250058283553399061      
   265.558558800571919656397382020158643      
   264.695343654982946921142835712985262      
   263.802214045868496412150543145655298      
   262.877384048170886892335665693408917      
   261.918934312354716641487791804757848      
   260.924800899688484898345979511359348      
   259.892762534875979443810402446192951      
   258.820428140010333418214360126868635      
   257.705222596081366721687436072718446      
   256.544371749612520462502351688250081      
   255.334888682098681036156667983287968      
   254.073555958422380263451832949372236      
   252.756911608524020308910369899595897      
   251.381233512941345298567911364128938      
   249.942525658304843333871195824638632      
   248.436506027501181371898649449644973      
   246.858598388782255311429269690984143      
   245.203928658977415596726263709450500      
   243.467328099540721797428121191429542      
   241.643346320207153850475349416443188      
   239.726275676965243882137359525931714      
   237.710193363492135163979287967373592      
   235.589021170478676223994281976558775      
   233.356610328226744525462109295407533      
   231.006856724782617839797757782140155      
   228.533842587452043243916094109234860      
   225.932015008114659358827462283525217      
   223.196408540116510982978284872704925      
   220.322879335172729527551152029788997      
   217.308384402113312295748377760723894      
   214.151271735928352436386203553126499      
   210.851568911621257920111036555513037      
   207.411258467978954443386756867382962      
   203.834507129974810595095545542841734      
   200.127871134716659654732444777124778      
   196.300357057062432837230730198523241      
   192.363436579992845078562295120588136      
   188.330924896931404992274521194493139      
   184.218836631540433651331408097861317      
   180.044696486985998391962976299827603      
   175.827540370186949490098989352181673      
   171.587103440410974760098295532089433      
   167.343305723861924075525982180623884      
   163.115671909036848602889661335463606      
   158.922793731204012602650156315573751      
   154.781864605093174609326171674989797      
   150.708320243907169693400567519993282      
   146.715595526916780901454022567790508      
   142.814997955454838544594147198329220      
   139.015691125395522763750486395791193      
   135.324765005205006053860775357404365      
   131.747374535096590291792246428163814      
   128.286923779274932230830126094978329      
   124.945275391034124475474483887568952      
   121.722967511834812333939598655312673      
   118.619427295482033546210223284907359      
   115.633172615105864595251605061693419      
   112.761993651408130714695589089738178      
   110.003114474922241914322544555773127      
   107.353333912350860993999053736418951      
   104.809144146647061070918184333687508      
   102.366830390668717399926655267504480      
   100.022552926861819068173402334372563      
   97.7724133007950404313237479914130958      
   95.6125077747397821546051736430710514      
   93.5389690312387684086475066206550676      
   91.5479983683808677681455368605599492      
   89.6358899266485670945100354214916818      
   87.7990485001826618980359536079781361      
   86.0340022885255935126192487172762997      
   84.3374110191151140988917271856525258      
   82.7060707322480130630690158696143308      
   81.1369162271964314611100260844340119      
   79.6270207105920199420400650944747050      
   78.1735950063587180994886536281789843      
   76.7739842684938094008117021466543423      
   75.4256644658070873161424685932970469      
   74.1262383030500824345928507337352948      
   72.8734303414244353265665588793216468      
   71.6650819670064288319322333729075383      
   70.4991463996040056307338717954073864      
   69.3736833911007719832693616113450443      
   68.2868540822953458830515815215237428      
   67.2369158197133171294670520113813021      
   66.2222172855371022653352756849089381      
   65.2411936143568243141087526015827753      
   64.2923617184388029999194407526881694      
   63.3743157967036062666408596817690932      
   62.4857231362345133685451641181356126      
   61.6253200619785737823468432543430261      
   60.7919079328791522094670214266916172      
   59.9843495920068815122515234318411682      
   59.2015658621338134966451378157815658      
   58.4425323345501388258701939131631559      
   57.7062760902859487126845212573082991      
   56.9918729565396395946061891882044961      
   56.2984447412530269119458206227749761      
   55.6251565365977729321903593922211999      
   54.9712143382156632688294668496600299      
   54.3358628143794840942181069371426780      
   53.7183830545863843529893868530878715      
   53.1180905888870279695388435052474182      
   52.5343334339593636532602790800333203      
   51.9664904437414636005505537271713234      
   51.4139694194573563198694407728484765      
   50.8762056948666668418038953037309434      
   50.3526605258071530452651993458925567      
   49.8428198964447016059913713198118775      
   49.3461927874333499155272277972687646      
   48.8623104666184233702637967837567291      
   48.3907249299681036613688055696131749      
   47.9310080647175049040447006351490944      
   47.4827503303658501760639365439757848      
   47.0455601271732887199520136013041383      
   46.6190626097109163606380729601533420      
   46.2028989719169373557209933716657204      
   45.7967255661955046041558981934705537      
   45.4002132060263029809145928897336338      
   45.0130463854514822832441350650543319      
   44.6349226153309600157041182928933040      
   44.2655518016568973518748335485858044      
   43.9046556514128062397167006603788217      
   43.5519670322182792700768025874309732      
   43.2072294998114738823220443595648511      
   42.8701967842159377645891486623750949      
   42.5406322657541800147191229736501369      
   42.2183085574637618734976797530105402      
   41.9030070659916230267637740290633608      
   41.5945175650293653509414522667540777      
   41.2926378392233026130189443595799455      
   40.9971732935905314766293819002621749      
   40.7079366219397251502743558643041691      
   40.4247474770578837678768392610608057      
   40.1474321456535457589020731787847234      
