   6.91360382032448847522976250442333937      
   6.91360382032448897452856100055816334      
   6.91360382032452743201328781372420908      
   6.91360382032516444341181800519020195      
   6.91360382032990751712095170087933365      
   6.91360382035170981779289183518755456      
   6.91360382042467998402730538438639825      
   6.91360382061958405575439078524979186      
   6.91360382105548862151324572735163188      
   6.91360382188595357242001104271466108      
   6.91360382321898980234023916888908693      
   6.91360382491702757164349821558773853      
   6.91360382622650346140006681751489066      
   6.91360382520635179018738823665553169      
   6.91360381795271752378771023589924794      
   6.91360379764466427502505758223020904      
   6.91360375345691122413786003282913740      
   6.91360366939923818140374444805598818      
   6.91360352314906522717043061842945254      
   6.91360328494558978704126176249477531      
   6.91360291661224932248778937001485766      
   6.91360237076968777770556717197487088      
   6.91360159029346640779267228342628987      
   6.91360050805957806878410601972110872      
   6.91359904700543518493593167619463583      
   6.91359712051626661340239115181992875      
   6.91359463312674446644595534423590267      
   6.91359148150858888710539217637168073      
   6.91358755569777365330385867925873933      
   6.91358274050114565032958507497514760      
   6.91357691701483248418187860372956693      
   6.91356996418358036216494491221093692      
   6.91356176033270318390441274617249224      
   6.91355218461104888171690347906371555      
   6.91354111829340964871218923900791330      
   6.91352844590272700283226123810240911      
   6.91351405612532076307638600013609219      
   6.91349784250475435345639893905046809      
   6.91347970391173680621199636549471528      
   6.91345954479689900025803341370249556      
   6.91343727524171748598936623827041409      
   6.91341281082841516914005811860998409      
   6.91338607235394657726034169615516676      
   6.91335698541508242813833622669473248      
   6.91332547989241080321584236332227631      
   6.91329148936041900273694392289982857      
   6.91325495044915752615897550404743835      
   6.91321580218064098206870218430492406      
   6.91317398530050681502284198355376889      
   6.91312944162240463671081894308280503      
   6.91308211339928980446319156761726291      
   6.91303194273314450573023712467196975      
   6.91297887103160194435084509729546616      
   6.91292283851714197638408021293700309      
   6.91286378379263881403629236435598698      
   6.91280164346455976105230990356631233      
   6.91273635182352048724018428074541270      
   6.91266784058065963973885817689002793      
   6.91259603865660775783310033640805159      
   6.91252087201967821865881249111854337      
   6.91244226355282089404418194759196258      
   6.91236013303275910356699162808247940      
   6.91227439700618198532209267921331132      
   6.91218496882487131632852383489204807      
   6.91209175864258175182882197588142968      
   6.91199467344101079067506793902637153      
   6.91189361706968719154952462577214401      
   6.91178849029268222665171848913554741      
   6.91167919083946595781572511563581552      
   6.91156561345470643765111485039942792      
   6.91144764994190392109627763000639121      
   6.91132518919984046465390777986832043      
   6.91119811724619797820536198007633097      
   6.91106631722591602601085075802783278      
   6.91092966940312727919866971003061226      
   6.91078805113212686102078303046523434      
   6.91064133680536283255437039867952766      
   6.91048939778048156174988225597410664      
   6.91033210228030298895508119998237320      
   6.91016931526759715019979323493321812      
   6.91000089829520207112999598616056678      
   6.90982670932152384113878453492428251      
   6.90964660250050954756706493727666165      
   6.90946042793923373908731995502606770      
   6.90926803143557189288013763155642057      
   6.90906925417443233957889157153600483      
   6.90886393240278279329248268107409537      
   6.90865189706305805436814069296310089      
   6.90843297341624739480758223994820463      
   6.90820698060929934192881045975468785      
   6.90797373121275044096775970151110433      
   6.90773303075324474575170755603019305      
   6.90748467719293445679460880450465095      
   6.90722846038678181041018391655042089      
   6.90696416151374722223200420542362048      
   6.90669155247178224476041151363320204      
   6.90641039518072174045975558053233477      
   6.90612044095975982107676432299405606      
   6.90582142981563944869881334028026223      
   6.90551308969771182136937027080700484      
   6.90519513570076679951695507752036390      
   6.90486726928287234402379133069663711      
   6.90452917743360831100484021165024400      
   6.90418053170618163312198494616903712      
   6.90382098734305742644251229574828902      
   6.90345018231985593877093466454097524      
   6.90306773640147580556917142664431893      
   6.90267324997074494886075597046971968      
   6.90226630293086252993978894457788376      
   6.90184645365014280446622246103386337      
   6.90141323789253776003249826023609248      
   6.90096616726700117722059016016630631      
   6.90050472804613601385213606049930494      
   6.90002838000445305782791359004130078      
   6.89953655493103547965557464617056092      
   6.89902865477054019676569304517595411      
   6.89850405070777611889763168232918385      
   6.89796208113434038592515879370239835      
   6.89740205019502409985003543307893853      
   6.89682322579044397123982513012586390      
   6.89622483800063139775986095394252801      
   6.89560607692128946768677736217458991      
   6.89496609065827352575292323853796138      
   6.89430398362841905364226188171754243      
   6.89361881354398278672901080024674602      
   6.89290959006693227792596321140654783      
   6.89217527125705040864599963549742492      
   6.89141476207407707876540321062510311      
   6.89062691084485089764968821530998129      
   6.88981050703650205989259146959977045      
   6.88896427749312868667329895694939265      
   6.88808688426458399652844176895807894      
   6.88717692019765922283132742935723523      
   6.88623290653827567757072029688649886      
   6.88525328815470121411804733377918350      
   6.88423643030731707453210363705270544      
   6.88318061451064540232106035293543603      
   6.88208403370797023597830840692083238      
   6.88094478772265398429375919012973870      
   6.87976087876315166459700862789505253      
   6.87853020576271396357214043339553956      
   6.87725055931211109032228743029745589      
   6.87591961540970064983329035113578521      
   6.87453492898546814132944724679051753      
   6.87309392810067013460550808219707061      
   6.87159390642698069415438017540189924      
   6.87003201552896188734250562201928183      
   6.86840525753344431944533648865194065      
   6.86671047558049049284237118096642959      
   6.86494434655625716745127992454482196      
   6.86310336926141447146290599268251524      
   6.86118385551468596500555256034197398      
   6.85918191947827469625640131174214300      
   6.85709346423786436897495297686916776      
   6.85491417063587710551535016238350522      
   6.85263948316104307041866418025773203      
   6.85026459592303593955367548541541528      
   6.84778443670070209194770539209330422      
   6.84519365088000152895330997919604768      
   6.84248658326530823364867714011875040      
   6.83965725955302771173410718047141539      
   6.83669936584408988578685208742871826      
   6.83360622612747269893607558693043568      
   6.83037077997533185369481920406568080      
   6.82698555665000475947712403477859123      
   6.82344264803229553681013031087320605      
   6.81973368091792444945218970365052789      
   6.81584978543012123876278754644793663      
   6.81178156258399835262313097223214169      
   6.80751904900766257528872288594487390      
   6.80305168028113291535245827570305935      
   6.79836825079046077242077022998969586      
   6.79345687318916615446821419054593961      
   6.78830493385122532955635662309783326      
   6.78289904725617158609026252377307769      
   6.77722501007683884872448399243726181      
   6.77126775032728340777942375205932201      
   6.76501127921736109712418343888822841      
   6.75843864235635339590313322108745725      
   6.75153187022216008060235655295850562      
   6.74427193319316959989889647511772740      
   6.73663869959326251174588049370329546      
   6.72861089944422198790865021631321059      
   6.72016609840419521316559460206541655      
   6.71128068210662145169365376135878283      
   6.70192985485673368951043007207902985      
   6.69208765945268642968472846070287029      
   6.68172701674133465613556967724323374      
   6.67081979377374174175992581899082291      
   6.65933689886607886740711168618031189      
   6.64724841358410539189629219051347106      
   6.63452374868994775373640825077761697      
   6.62113183765869321499260230135441211      
   6.60704135184938906996715709230558129      
   6.59222093466297949851980220806869971      
   6.57663944167327198760772328492448371      
   6.56026617206352434446498444975296809      
   6.54307108001297064327768784639227307      
   6.52502495106035622581984959901533079      
   6.50609953109586347708338750529032254      
   6.48626760890023669220259526767226355      
   6.46550304033431070540380837214866351      
   6.44378073284295590091835407055024385      
   6.42107659333629794459376285874790659      
   6.39736746383577486888125842845117692      
   6.37263101905506080794347591168645347      
   6.34684571200964480604918602347084421      
   6.31999069261364026751457720619028924      
   6.29204575450294321012128572844117891      
   6.26299129343066887609114319513998885      
   6.23280827809117392801539647941581611      
   6.20147822830356791537383865129733496      
   6.16898319812542847909834820353019092      
   6.13530575935502418954599986305197123      
   6.10042898290831805809114788032984278      
   6.06433641871599510033813858690002829      
   6.02701207004616012769464540350742859      
   5.98844036577293909574685529206478573      
   5.94860612885692046925246490130317344      
   5.90749454357453643906218760248409773      
   5.86509112097823741813537143038101890      
   5.82138166433038003534965238390955296      
   5.77635223534529806817384206823301956      
   5.72998912109234693217733286787967122      
   5.68227880235663666493030578353219084      
   5.63320792466395614602719150295190994      
   5.58276327052826917884035253169636279      
   5.53093173431955549494720602961808783      
   5.47770029916579602666904475744415798      
   5.42305601603503985104457583685052267      
   5.36698598496640947315452969378103682      
   5.30947733814024832360521963701889092      
   5.25051722477258953551341713050450955      
   5.19009279763756090444133917776174871      
   5.12819120122276968130336777940039226      
   5.06479956114246307032731855672319289      
   4.99990497480104774924609343205173510      
   4.93349450322255320314902804865069247      
   4.86555516382391777537133416632459140      
   4.79607392396954421548853501584673935      
   4.72503769559354609770160118111675479      
   4.65243333014346782997101475274250704      
   4.57824761439403797521140495535348507      
   4.50246726670780363655461768664897452      
   4.42507893373408096659622451484748980      
   4.34606918757573890219645484531687301      
   4.26542452333132408584706851443956073      
   4.18313135693821537984046689717634123      
   4.09917602329275650673328464656272649      
   4.01354477460668064801108036242545000      
   3.92622377908353995680855529386769874      
   3.83719911965276419785477288683123206      
   3.74645679296263463763450450317087852      
   3.65398270850507023052622549473841925      
   3.55976268787966348527705125640215503      
   3.46378246417572886802300218209038037      
   3.36602768141024997406477216364320709      
   3.26648389416648574597327317309401698      
   3.16513656719249204991392912257246308      
   3.06197107518042112424509836224582342      
   2.95697270250590741404676656649518461      
   2.85012664311534050412132957276602815      
   2.74141800040698149764135430435728441      
   2.63083178718337670484210128687924159      
   2.51835292562197454468130019482450116      
   2.40396624731037530524909278995328741      
   2.28765649327502352798540038711336090      
   2.16940831406846178465068759166378268      
   2.04920626985968965793613308298781166      
   1.92703483057004150532727368401743531      
   1.80287837599604675542573583574744423      
   1.67672119597378859854692623821959279      
   1.54854749054708175497658798094224009      
   1.41834137015518797296268641611396377      
   1.28608685581830735084475648029431240      
   1.15176787934694704460146712447766277      
   1.01536828355681691718742737374838148      
  0.876871822486995324136105416450125942      
  0.736262161626360050569223648270428692      
  0.593522878150966423443277005104166862      
  0.448637461146496335394888770396465301      
  0.301589311871374446553336067452384024      
  0.152361743981989749482456503118261559      
   9.37983786554323002666241438851374708E-0004
 -0.152698829494323008020266410305960930      
 -0.308565643499872239745622080983015584      
 -0.466679492448502609108017063179560484      
 -0.627057496911881017862669305077192561      
 -0.789716863535421922545065194676368934      
 -0.954674884789523639680427675064068792      
  -1.12194893873614383131150446418588366      
  -1.29155648873660885462786020897518846      
  -1.46351508322340507704212125476601291      
  -1.63784235543623321227798305719347401      
  -1.81455602316771642577468606725505766      
  -1.99367388850892675552806253742471900      
  -2.17521383759736189791570542617614345      
  -2.35919384037818268671806336814881281      
  -2.54563195032448307613991489294501772      
  -2.73454630421501119435584134211654796      
