   6.91360382032448847522976250442333937      
   6.91360382032448897452856100055816334      
   6.91360382032452743201328781372421062      
   6.91360382032516444341181800519019887      
   6.91360382032990751712095170086975716      
   6.91360382035170981779289182949527987      
   6.91360382042467998402730479951074673      
   6.91360382061958405575437087577109438      
   6.91360382105548862151292281170220325      
   6.91360382188595357241690452872623562      
   6.91360382321898980231984863672744939      
   6.91360382491702757154318765797140296      
   6.91360382622650346100500269940688845      
   6.91360382520635178887778853562400914      
   6.91360381795271752366864428131986279      
   6.91360379764466427368382223295664748      
   6.91360375345691121289236848838860333      
   6.91360366939923810647379445998747923      
   6.91360352314906481465119340227439914      
   6.91360328494558785453729168963699253      
   6.91360291661224157523609789724543800      
   6.91360237076965984771356986185188114      
   6.91360159029337570060328671835181117      
   6.91360050805930927564828961518793362      
   6.91359904700470054819256870952941520      
   6.91359712051439781020042772273680145      
   6.91359463312228515073708317830937908      
   6.91359148149854071538236025120299777      
   6.91358755567626930000516329278290451      
   6.91358274045721536256193401766148333      
   6.91357691692879209402437997462002799      
   6.91356996402139518133759317131301275      
   6.91356176003747169164400030274355607      
   6.91355218409050125841435156838485312      
   6.91354111740202902539187376432333932      
   6.91352844441677616604937628970284767      
   6.91351405370869522731403005861545909      
   6.91349783866318632049732483235531757      
   6.91347969793244424688020308716961321      
   6.91345953567031313764734767270792303      
   6.91343726156143475669689650930500782      
   6.91341279066499918493332712428192319      
   6.91338604309767630958661306956106330      
   6.91335694356566094102168469240947066      
   6.91332542086636859188931907503640880      
   6.91329140716595879880002829715509506      
   6.91325483735627106051624912653211486      
   6.91321564831498469564352522811279484      
   6.91317377816478421097674222391112236      
   6.91312916553636444623054185359838589      
   6.91308174884898941551337385722692463      
   6.91303146561961226442708617889658267      
   6.91297825180871697078415449616954326      
   6.91292204120811755600449112383677453      
   6.91286276487430232975916846954430223      
   6.91280035060846609901935784729232364      
   6.91273472248273816713447835648849178      
   6.91266580041123488633315904440140507      
   6.91259349976257945160511056668060426      
   6.91251773101115841669151930735580154      
   6.91243839942158204122998478281662454      
   6.91235540476317126330242462260328636      
   6.91226864104864610671370087180559281      
   6.91217799629260548351544893809208584      
   6.91208335228557227278704536877833494      
   6.91198458437641804416856325422291935      
   6.91188156126307296205434061028839517      
   6.91177414478216373782775403826906043      
   6.91166218969811658801207127911931283      
   6.91154554348667266651197776772444290      
   6.91142404610657635274767035236009264      
   6.91129752976291381366038662707991001      
   6.91116581865333565451941421942075793      
   6.91102872869926747978319019171258839      
   6.91088606725444717707798561311331003      
   6.91073763280154065899076224450792847      
   6.91058321461261773216497513594090087      
   6.91042259240005481039962745124689571      
   6.91025553593306624280915042598781843      
   6.91008180464409900360728772268280271      
   6.90990114719272216221045288250281912      
   6.90971330100852123313137353102791638      
   6.90951799180191471831583544985353001      
   6.90931493305207169788690723058247210      
   6.90910382547232535641485955153551020      
   6.90888435643557917346484907610082839      
   6.90865619937478198076641115867418634      
   6.90841901315157117983511306342383216      
   6.90817244141396276054673595685191721      
   6.90791611186713704177949525726506245      
   6.90764963554497561044771968300079397      
   6.90737260606791167218366989327826042      
   6.90708459884238183412701218418701239      
   6.90678517023630591532470227430934391      
   6.90647385674077497449896866544497325      
   6.90615017399275012730541968895153704      
   6.90581361581111557233977409753847496      
   6.90546365324936385754957980846402503      
   6.90509973360623189999254270469238613      
   6.90472127923623008920183667542771680      
   6.90432768638614965034832180880584295      
   6.90391832444911242923083738300356545      
   6.90349253401388104193737176339180573      
   6.90304962600487857024756567683382452      
   6.90258888022784208978157042880853646      
   6.90210954413030248396904050691941281      
   6.90161083112756122955677819345995061      
   6.90109191889525198553717409729987962      
   6.90055194793643514959586462331598389      
   6.89999002035697191654632256013828308      
   6.89940519708002168783554466335839666      
   6.89879649638404115484195059257085600      
   6.89816289269012177344938577154625065      
   6.89750331345804918943872980084013471      
   6.89681663716159637873438128221691973      
   6.89610169167132794478842393248479602      
   6.89535725182087717200512776719668386      
   6.89458203542179513670312163929381741      
   6.89377470326922077446322823282696802      
   6.89293385370554380410192117825980581      
   6.89205802172778190499785908950218515      
   6.89114567458859087474022751881909703      
   6.89019520959840913597949918017777499      
   6.88920495002511429067642115739922070      
   6.88817314250927062783026610858810005      
   6.88709795164741644938539483300548656      
   6.88597745827331960246476550272816310      
   6.88480965368888847125138022221052339      
   6.88359243591785836136619078960382095      
   6.88232360538971019044676485677269855      
   6.88100086014577928501347422378308258      
   6.87962179007816339457422627905326575      
   6.87818387281064978061972413019101906      
   6.87668446788842246338977230147731087      
   6.87512080960195904677705459154108962      
   6.87349000322020911618470593512866951      
   6.87178901636476225258950411728004826      
   6.87001467349443363882324141573173890      
   6.86816364873824271899861742324504288      
   6.86623245761705156035241727448378445      
   6.86421745021338173482155763392058106      
   6.86211480248839378777713801829692398      
   6.85992050719466594636999961165201323      
   6.85763036570460289308025168571971411      
   6.85523997747266519076556991734711102      
   6.85274473088142311764265696885302609      
   6.85013979217493364615406086695402089      
   6.84742009476310655760708982496300116      
   6.84458032795799744656242061763622171      
   6.84161492456356289772367034154711589      
   6.83851804806550177573752913547398962      
   6.83528357984561666978885412699456778      
   6.83190510647031545196639954031434139      
   6.82837590389085347455918681684249552      
   6.82468892313675191075724002679865282      
   6.82083677715450325136779289359836168      
   6.81681172190479250014200290463857385      
   6.81260564287788272205228657412689928      
   6.80821003685924379644487548691213932      
   6.80361599655862873639602921843902720      
   6.79881419292767188379556269908981388      
   6.79379485892032960548282537939957629      
   6.78854777210806581795592030972136871      
   6.78306223906341616931052589677886431      
   6.77732707863421967441805090853004289      
   6.77133060814071859319954244698716189      
   6.76506063012347587206811191610759608      
   6.75850441999579409120675457933949374      
   6.75164871753402181283782046751123126      
   6.74447972157036544315205868919747146      
   6.73698308552806862148567743279550848      
   6.72914392084476750136865985594146541      
   6.72094680595764350816243311282763035      
   6.71237579710955845132485009463208013      
   6.70341445250007697787598859038774207      
   6.69404585688480483241959980082696552      
   6.68425266322604950092839981785723822      
   6.67401713700697037419069623401628729      
   6.66332121101000659440033282840901441      
   6.65214654948951341775317371780631932      
   6.64047461542731883669240609768077166      
   6.62828674341368918288022093988238659      
   6.61556421436252157600952556191438732      
   6.60228831682730518654101418389875279      
   6.58844040524786020085812039260917781      
   6.57400193475213246906135941274880367      
   6.55895446773227399613391986965251641      
   6.54327965528943774522585969300728054      
   6.52695917822675468546552204684855195      
   6.50997466588268863994111916949953209      
   6.49230757462167092048188690338358287      
   6.47393906739237389147945951538872457      
   6.45484988628303666647075182839156914      
   6.43502024739934432013148417533239420      
   6.41442976973315604882914076267747816      
   6.39305744730830545121523099207401345      
   6.37088167163334366351349152378175434      
   6.34788029904411414071734561022814000      
   6.32403075591919639029166042840622624      
   6.29931016975944058227514936744887093      
   6.27369551321592450428186781992798967      
   6.24716374828850258182371777275241429      
   6.21969196445657343236527222686152414      
   6.19125749837988944681785477217142826      
   6.16183803594826623404418806928268447      
   6.13141169175178768875415516211073515      
   6.09995706757566413796123347234347398      
   6.06745329103980036241733497879178454      
   6.03388003628522612019569202294153325      
   5.99921753026117945884125913480833723      
   5.96344654628060352274606294579063600      
   5.92654838826242253818007373852644546      
   5.88850486857482859345331186536184185      
   5.84929827996539454052708615588240803      
   5.80891136498444948242977182561931125      
   5.76732728316751882419510658412024720      
   5.72452957785729485379745260671529597      
   5.68050214293252733823261964320220912      
   5.63522919051912776363630438930606621      
   5.58869521974314487011734195578942181      
   5.54088498703258297817095287744846445      
   5.49178347817521506733462713593254230      
   5.44137588218441842122984913230818503      
   5.38964756681166761849463048864938455      
   5.33658405600610706897512100062897610      
   5.28217100908009918407402309105160024      
   5.22639420148486934660610561111906762      
   5.16923950730475720872489621975788726      
   5.11069288307190609703421624769276873      
   5.05074035303071298419634775237222556      
   4.98936799570946709185879446271396505      
   4.92656193165732710265353344409994763      
   4.86230831224292069795765797159091853      
   4.79659330947464541115746058512539294      
   4.72940310671177762422696839605496361      
   4.66072389024933463656494261048726349      
   4.59054184163260000090691209477238807      
   4.51884313064663598871125763203169849      
   4.44561390897511569422902899139393895      
   4.37084030441677769799533174095500625      
   4.29450841561833985974818214337979352      
   4.21660430727109866165455853105677617      
   4.13711400576663662545724717624272481      
   4.05602349522264685741487558935675132      
   3.97331871386920240745531682448233675      
   3.88898555075772670074740675742220039      
   3.80300984276128928171403510001812658      
   3.71537737186074089844899889331295441      
   3.62607386263480542871253077467148993      
   3.53508498000605696504328007299699156      
   3.44239632719522513337462935745025075      
   3.34799344379696194252414595351606505      
   3.25186180412979013939438978972920594      
   3.15398681559742518482861122069777590      
   3.05435381735556774815164811596120347      
   2.95294807893714533523233132477605184      
   2.84975479913266076021049957862749364      
   2.74475910489232178539544831515921430      
   2.63794605034729889183876303277399037      
   2.52930061593004096980817523350332090      
   2.41880770758448087373015314845364110      
   2.30645215599781804349612336274839408      
   2.19221871595480040052884704346371886      
   2.07609206582264460007358067426480941      
   1.95805680684710348509605216157087915      
   1.83809746276595672851268232854180118      
   1.71619847934834978828736331195233811      
   1.59234422401483937656721412357340982      
   1.46651898545671451560224107189007952      
   1.33870697333611844214963874781512054      
   1.20889231796832704068244430442247072      
   1.07705907013627068601095138303921790      
  0.943191200800210937591734391430575980      
  0.807272600958930867851916806291998261      
  0.669287081450760289163150060164961992      
  0.529218372812431051752539261962725448      
  0.387050125157368942678305952850345138      
  0.242765908082536940893987054435860728      
   9.63492105846572151291087892715737730E-0002
  -5.22165590443441081047197166193569984E-0002
 -0.202948073215653440125906432355437083      
 -0.355862085108101621533671212761955752      
 -0.510975428690909862775134697833465555      
 -0.668305018738742149687193779441604498      
 -0.827867850824999988313220012586493625      
 -0.989681001287137040014961824250668851      
  -1.15376162724650253973504280598792740      
  -1.32012696654772435884865034888300512      
  -1.48879433773029305066596842361261039      
  -1.65978113995931864258853210302402661      
  -1.83310485300275783291202295840832888      
  -2.00878303714060073585635498322358491      
  -2.18683333310062008324021005383292619      
  -2.36727346198249584538930919746215722      
  -2.55012122518374486527170138496422692      
  -2.73539450429052135288059273023983251      
  -2.92311126101431311077307906215559909      
  -3.11328953706219942364642300039025228      
  -3.30594745406217176280257672725097129      
  -3.50110321343555557163334476159104145      
