   482.989325854482766625225197452827150      
   482.989325854498234655481154983509087      
   482.989325855059819086560773405629421      
   482.989325860516629894659871621309762      
   482.989325887322284515814506977035674      
   482.989325967435644092579295409560118      
   482.989325968950923145095074951880145      
   482.989323869000587490714967369695573      
   482.989307850192948669901916234325728      
   482.989234838319703634263384465652524      
   482.988991240619911285740275329309323      
   482.988340383513761267940955908880327      
   482.986868773418214457531217019240496      
   482.983944755005544806255477515928872      
   482.978698901874593856763973556233099      
   482.970029030597566229255881488475228      
   482.956627172603873905160074205506163      
   482.937022557309703158723063546455284      
   482.909633640881168198468722567932336      
   482.872822787405753121346053355724535      
   482.824948608069208013388809628936585      
   482.764412594911362107745021242819293      
   482.689698184330589025709546729120193      
   482.599401579906898213550764561623206      
   482.492254510964585974244876923040148      
   482.367139632428942587850170752332440      
   482.223099545998748993219953054284032      
   482.059340510355345059345787302668508      
   481.875231875302343637875388538998142      
   481.670302172745765836871704248289858      
   481.444232663084185606603002993872320      
   481.196848997599745286995017624646646      
   480.928111529989712347148364399069644      
   480.638104700787065300005290018141122      
   480.327025830186075490298211174038936      
   479.995173585997432395792360875310978      
   479.642936341400748406363240334103039      
   479.270780598376098656832333308462492      
   478.879239622939791357488719012183468      
   478.468902415842416242288191911922372      
   478.040403123055026577169448843616957      
   477.594410974418348638356787014813733      
   477.131620823392171746746945873808071      
   476.652744346469784818860008451122164      
   476.158501947157338576524172404866132      
   475.649615394886968673166028836413874      
   475.126801217275441654936469426432240      
   474.590764851021412889961948543212583      
   474.042195546102134814013925880029380      
   473.481762006717811587389325498223575      
   472.910108739686083977486881485197741      
   472.327853104177499805085617389579595      
   471.735582961179346885868977417032713      
   471.133854958493638912908208967925956      
   470.523193347332030352921890742233240      
   469.904089302401189503282073600041237      
   469.277000690922186992509510175126694      
   468.642352240269393040702853825460310      
   468.000536052788377580864651451258291      
   467.351912418996699945409614599949523      
   466.696810882302545382578747138031664      
   466.035531509823130243806612795333921      
   465.368346327481558100123344608776530      
   464.695500881113723355894020155058463      
   464.017215887020249008660666034818513      
   463.333688939968085098669361103347700      
   462.645096250552215516741399450013527      
   461.951594384743859172288015674316742      
   461.253321985090398934156767537764399      
   460.550401453529035376011032361820184      
   459.842940579061503593814954861707883      
   459.131034098908395079717869589532133      
   458.414765180437127583806459634639060      
   457.694206816188427781031181964830863      
   456.969423127103752208748543041854521      
   456.240470567374435863305994916561570      
   455.507399030278393701158286431659644      
   454.770252854129027787407988035638522      
   454.029071727578409114693241047975568      
   453.283891497352263268933551067895509      
   452.534744880908888541231680729018718      
   451.781662083830777866960224003332507      
   451.024671330598395261186625719868037      
   450.263799309545888031929953366549122      
   449.499071542125172189034288256083994      
   448.730512674061388223950236156742431      
   447.958146699615323216760650037611227      
   447.181997121077984832041751737577629      
   446.402087051690744134334065815529636      
   445.618439260194988138203421799090688      
   444.831076165709886693848415689010173      
   444.040019798246255658033638664065698      
   443.245291713346446157173412675299603      
   442.446912874059468969380449848251471      
   441.644903506898667966952506605127775      
   440.839282922787330271807513166238413      
   440.030069300491334669266984368029391      
   439.217279487892289171541316205741084      
   438.400928760460841407438807660283948      
   437.581030575439558019752993695489012      
   436.757596296299447214639612941785930      
   435.930634940884550289521918419026426      
   435.100152899166913998117553359371628      
   434.266153620999860083703572073467712      
   433.428637336838516448612857500463242      
   432.587600792184516873821326901409753      
   431.743036957273643798248259073811406      
   430.894934669368994812109906668915301      
   430.043278349303425803956972692182541      
   429.188047722396433429544332281313168      
   428.329217674086108592522563089921472      
   427.466757592277775226894503479743520      
   426.600631317457929887188667671769379      
   425.730796914501233695545747961863850      
   424.857206123852447843237926798210598      
   423.979804167076654695563290570386926      
   423.098529630714211530108961174283346      
   422.213313847582699479505717200574075      
   421.324080690528974084846319646224218      
   420.430746429860237222190577838719226      
   419.533219241654015217912686703273663      
   418.631398811632429054062972920393126      
   417.725176304261199733709888504753418      
   416.814433585087387009167662111745755      
   415.899043403870790887386456945511895      
   414.978868432902148489252074060679558      
   414.053761533688587858039406094111267      
   413.123564730522292036899686440723913      
   412.188109435197956169126396052574382      
   411.247215448927844206199162481441193      
   410.300690970940274020597916577882823      
   409.348332006814556102829772195324551      
   408.389921614906615368058130051872049      
   407.425229994388552639357998817931065      
   406.454013381484001228606003193811873      
   405.476013899260873612524996988250447      
   404.490958738254609818934869535330540      
   403.498559758361766053192625077778532      
   402.498512399250260579242760696739239      
   401.490495908213392875386340678276365      
   400.474171522574915394237420253665747      
   399.449182592479640135963601578262066      
   398.415153236269800707504219276043123      
   397.371688040287543220372349080032038      
   396.318370930618237094602805710798743      
   395.254763748280734540255555555900276      
   394.180406262067521665480586685541842      
   393.094814683100089773430024064982301      
   391.997480410439870395318005241159265      
   390.887869403457099450240050558358453      
   389.765420854331958056988919618469277      
   388.629546040298187053115518472827104      
   387.479627326286140885537311333452284      
   386.315016811561239337132511926451581      
   385.135035394712217483076375481824096      
   383.938971221226276752668270135156041      
   382.726079120544096852469867734288564      
   381.495579264850954286685592172247731      
   380.246656429333570677724818035254592      
   378.978459062717745164012784559023738      
   377.690099122126462159492785744093921      
   376.380651486734958015251276015485830      
   375.049154354542302705298737150703595      
   373.694610287250828152607515954259701      
   372.315987549452507406589709709241598      
   370.912221678091716930830522617410596      
   369.482220863332457478611402086847323      
   368.024868938728387221116733124668311      
   366.539033700265903349218066190698264      
   365.023575026713747604025999294805026      
   363.477358038493870748240516886848584      
   361.899267982001001098471679884052534      
   360.288231186321089854239406061493503      
   358.643240676331429569522102549552631      
   356.963389165930866084100596108560303      
   355.247910374732690281513706069334810      
   353.496231071262378901481619585072917      
   351.708035331699803399853501934859294      
   349.883343745348308841232655881313329      
   348.022610855969912561188751398430364      
   346.126843488449914156449075172094394      
   344.197741125430286828912755805559401      
   342.237867178343643261045064549521101      
   340.250837593105814708417198224100252      
   338.241569870205342643717282230020108      
   336.216505901401958963670816994041600      
   334.183908787299951851892470130519239      
   332.154148097647571821482443397794153      
   330.139984942536909376999816034760655      
   328.156830693999775036989870927228651      
   326.222942597364531884106254205081354      
   324.359520940674830363859731619935147      
   322.590656557295993871526251263919644      
   320.943086095664867702114365121602940      
   319.445716735903986064818220703809484      
   318.128905329689386271595981507648831      
   317.023505589458887797408119292186499      
   316.159730680377170144891853547137186      
   315.565927238499701781592666058686160      
   315.267372449821187379655730509593738      
   315.285222179311287853594517873302383      
   315.635720173301789712195520869140642      
   316.329739753667326898708736218713481      
   317.372680993572535010586433235080867      
   318.764694969577391707127388526333049      
   320.501171585642414062909834700921898      
   322.573404174597400305377727800663766      
   324.969345666138351734241115593577963      
   327.674381340917529857864927247016692      
   330.672056620304151554004620786765452      
   333.944731131790164526786312765897403      
   337.474132784774262903969862475355758      
   341.241810600567458967920680020504966      
   345.229489018152513189197034051961522      
   349.419335404357623634720395801736988      
   353.794151371315931604638537983068843      
   358.337502585796098952689526257973131      
   363.033797701746656048989390801098726      
   367.868331042293057398661738821039878      
   372.827292850716753615928891274972520      
   377.897761600304597271562630668581949      
   383.067678467835875244613852602722784      
   388.325812180533603372327547211437358      
   393.661718812832684329790813169488430      
   399.065696610232123462947567733726853      
   404.528738695614876324609274568965058      
   410.042486579114241224557828701603309      
   415.599185192852992367280988336608857      
   421.191638548689760213124377345418511      
   426.813168142513549870591535706333986      
   432.457573516310271639868756455610224      
   438.119095414181733264396971712338611      
   443.792382308124914014542163502918191      
   449.472459705793757420937060008624740      
   455.154698404838406985231191014147247      
   460.834790329809371585870461986594708      
   466.508723379508079847348869273827028      
   472.172759170904179552517354046476458      
   477.823412117454729726671142414547775      
   483.457431544762923445333144872487869      
   489.071784533034082728027912473967034      
   494.663640185940855085901834002497947      
   500.230355157611428115548415438447086      
   505.769461547577825325422694877398869      
   511.278654898336830983024350020786078      
   516.755783062552311100928416068642916      
   522.198836693143971086497555482851698      
   527.605940224988360125211111402509244      
   532.975344010697053757334509193201175      
   538.305415917332434882078224636063782      
   543.594635683707302697475629697295699      
   548.841587133236934607071105535696612      
   554.044954041398499879736968335884071      
   559.203513406546538136084006803167400      
   564.316130539865715250360302531532965      
   569.381755350721151774792936373753668      
   574.399418242236081795818945457249559      
   579.368224756751103596726082659728410      
   584.287353115749153570110950299548674      
   589.156050220901709760229431301840070      
   593.973629415747305212154989381955103      
   598.739465974045975900572906758457388      
   603.452995721254211915280505845470856      
   608.113711381813967116947479165334496      
   612.721161205583515114554081511042434      
   617.274944628584322905459514648946365      
   621.774713103358689600434772107433265      
   626.220164509334014612658772088010117      
   630.611043964362360366305380387172471      
   634.947140632931951191590364369233183      
   639.228286037214464890044008973910647      
   643.454351685121454680702568430971963      
   647.625248733994588839407566714723247      
   651.740925280086367132298357905451982      
   655.801365066572322780586558052728213      
   659.806586555016008313996735162726715      
   663.756640159972110047955350650055080      
   667.651608308674895595776558706823413      
   671.491603188270820244652932353294066      
   675.276765422232116444839488094812344      
   679.007263376612968668142596876936482      
   682.683291140504439884166147948118786      
   686.305068086098501807345318732896993      
   689.872837199565864277950204289562302      
   693.386863831372216048405614923280756      
   696.847435275258219642720570979765441      
   700.254858827164242038028651758425571      
   703.609461205081351628555086840126645      
   706.911587753927146795082961558596587      
   710.161600883247695193619903305341060      
   713.359879436206503576742870356756774      
   716.506817801200825915528699257075287      
   719.602824803474140608018715615666572      
   722.648322939055357329604071476337836      
   725.643747546321820246900558606619880      
   728.589545845583295039630174245484408      
   731.486176218407052174784282390267768      
   734.334107489112842264885889432444365      
   737.133817904141151096863515331056317      
   739.885794757453530750182703967212590      
