   6.91360382032105060219110298214517828      
   6.91360382032105110148990120050159411      
   6.91360382032108955897461395071538087      
   6.91360382032172657037300039129441259      
   6.91360382032646964407827706415172739      
   6.91360382034827194454909996337541975      
   6.91360382042124210775840530959599132      
   6.91360382061614616007291978567807754      
   6.91360382105205065483227301569215524      
   6.91360382188251542740234038203645698      
   6.91360382321555130734206327814780690      
   6.91360382491358848530899716910701145      
   6.91360382622306345639782153616534959      
   6.91360382520291047042224546286477753      
   6.91360381794927827036819442760891829      
   6.91360379764123045675992532673272519      
   6.91360375345348257139716717497207983      
   6.91360366939581437448663557118403789      
   6.91360352314564596473579716281211550      
   6.91360328494217470065902638826873288      
   6.91360291660884335759914465719774854      
   6.91360237076628495339972579110388815      
   6.91360159029007204813139686959364022      
   6.91360050805619318367054408170327640      
   6.91359904700207550623085975245616957      
   6.91359712051292114046250736096024347      
   6.91359463312339042187109493561804051      
   6.91359148150525355231164933248216149      
   6.91358755569446113604810786122961800      
   6.91358274049785718666931225403869575      
   6.91357691701156948225254984943129667      
   6.91356996418034756817851377017081873      
   6.91356176032951249579622818116962908      
   6.91355218460793127511306064483657751      
   6.91354111829042121779299884054989236      
   6.91352844589997710712438684406114312      
   6.91351405612299707637700333517483984      
   6.91349784250322561638428287755446541      
   6.91347970391162309052825903587268926      
   6.91345954479925615673109118706453687      
   6.91343727524827025586208510915999674      
   6.91341281084194551144646013917794160      
   6.91338607237880904818713433925569402      
   6.91335698545795638770474262407198631      
   6.91332547996336586319968781129404727      
   6.91329148947435660477128047954950007      
   6.91325495062773413803652353229484410      
   6.91321580245485879286307237443571543      
   6.91317398571410767964685068506284555      
   6.91312944223619447662288376505638976      
   6.91308211429673971731615633969506160      
   6.91303194402745225149475816849474585      
   6.91297887287445527419869495985692719      
   6.91292284110964962671876018847578341      
   6.91286378739867379485970072284022269      
   6.91280164842697276953783721429616808      
   6.91273635858371445963953104510000998      
   6.91266784970188091240557268410686962      
   6.91259605085167883415184989029714315      
   6.91252088818345939027444137427520007      
   6.91244228481576601833211876016851562      
   6.91236016076337846145928094140922757      
   6.91227443290032903488328717944057368      
   6.91218501493555172749703878036286032      
   6.91209181749226723846691243577168163      
   6.91199474805520124719999482612103581      
   6.91189371107470229585768063702445228      
   6.91178860801162880294516679471616046      
   6.91167933739857256052743739659740697      
   6.91156579490141364743630311156078027      
   6.91144787337624726650355399661165489      
   6.91132546291824640108876531535096536      
   6.91119845089938842235291842520062227      
   6.91106672199172902953925628583825160      
   6.91093015817343656903322731008877445      
   6.91078863871625758980918600931490524      
   6.91064204015120816508990551204906132      
   6.91049023621027372788973478630778382      
   6.91033309774506809233664531628172126      
   6.91017049262003331397518780295190836      
   6.91000228557545072163749668387812569      
   6.90982833806574755641289955147837218      
   6.90964850806967224942752844997593483      
   6.90946264986712984373824423942259011      
   6.90927061379364506475789836137637694      
   6.90907224595708261505265233426380343      
   6.90886738793129870738895697889916199      
   6.90865587641193644939780675791805575      
   6.90843754285065685806874538308187754      
   6.90821221305147401856976629848915337      
   6.90797970673718229903890787547673834      
   6.90773983709289882083126219325825925      
   6.90749241026502071898969313712162584      
   6.90723722483230668563378031341594645      
   6.90697407127362318334660833279523664      
   6.90670273133832548232414726835985922      
   6.90642297747080231336528848771038346      
   6.90613457211944616546373984894868582      
   6.90583726707775415399172863490922320      
   6.90553080274428105488097219713502057      
   6.90521490738501922681078868091814908      
   6.90488929633442962426831942491139225      
   6.90455367117298252111322391199290739      
   6.90420771887018917611606952782742616      
   6.90385111087743873181758802660876445      
   6.90348350220264847755462654652006769      
   6.90310453041205553531610192393514973      
   6.90271381461114914407632732289453985      
   6.90231095439203117399451828199865350      
   6.90189552873460845909583010654635624      
   6.90146709479871145394566284468920655      
   6.90102518677016602341881127067156842      
   6.90056931457692774611139450722417123      
   6.90009896256490977235920796075594790      
   6.89961358814468808430731422262682632      
   6.89911262033732006434318345838694142      
   6.89859545831476403246324751357982665      
   6.89806146981744620051235761576160100      
   6.89750998945537283217097511843324597      
   6.89694031692151959447271935599005189      
   6.89635171590082765048046835709437371      
   6.89574341108123030937944543648687987      
   6.89511458691284480521663169494276479      
   6.89446438538959856737907609071656420      
   6.89379190393111836895081348795940137      
   6.89309619308451228359179242403434447      
   6.89237625410864571002067476412359752      
   6.89163103656799372223829306468384074      
   6.89085943559893548484633360412822908      
   6.89006028930287426342094078548753801      
   6.88923237570839189946018138711684838      
   6.88837440971108551552914058309616551      
   6.88748504004283347111977337159276421      
   6.88656284561745477428471299504346890      
   6.88560633212596195711953813450037523      
   6.88461392810594727701989036456536557      
   6.88358398103976105395601029158740193      
   6.88251475316291950666670878731122543      
   6.88140441681572838529254077122935427      
   6.88025104979511175397485219747997612      
   6.87905263036330395899932281268874867      
   6.87780703188484871097779967214435062      
   6.87651201709564625411095850852735440      
   6.87516523212949123101838302240136707      
   6.87376420016691361911313548958293351      
   6.87230631462175529948321259918611773      
   6.87078883179482179762092460904192475      
   6.86920886330811340660497520589269806      
   6.86756336785203483036655946978014991      
   6.86584914230745197448015239054256319      
   6.86406281249673547943078605688620580      
   6.86220082323497112414193468342593183      
   6.86025942747930242469518528790509422      
   6.85823467486158076904662249083419334      
   6.85612240018894721173389414450717931      
   6.85391820914136444712315334933892495      
   6.85161746500450156375112371907415469      
   6.84921527346497362013729295230005474      
   6.84670646646794176285322748992167050      
   6.84408558491932002922515632880778213      
   6.84134685998426179843158089606019874      
   6.83848419367562770212488502884226514      
   6.83549113638201289578461801360829919      
   6.83236086484402974521722542638420400      
   6.82908615686489939479251491594470654      
   6.82565936542089487445998321774434623      
   6.82207238946233117370705510428998510      
   6.81831664387229105244579040044761619      
   6.81438302695090357828181771153224812      
   6.81026188518368792946334291906565710      
   6.80594297627522037343498503502212689      
   6.80141542951750549376444379021132125      
   6.79666770384408544455383323808009630      
   6.79168754274882122659922729716958438      
   6.78646192865951451391097682932925978      
   6.78097703212296100912963668368770803      
   6.77521816425190076441431460777785339      
   6.76916972141350290757470548439238523      
   6.76281513440909237257254902557571559      
   6.75613681490011710286086153166930620      
   6.74911610455457377244611136344630769      
   6.74173322617348622821490759318313241      
   6.73396724054587675007314303574490526      
   6.72579600963942908088517147958531015      
   6.71719617061499429092333912186239958      
   6.70814312210967648291846166756899766      
   6.69861102919848283795401923750561626      
   6.68857284861803912119334906620629625      
   6.67800038074455508999578535432641353      
   6.66686435104881963741169112996135801      
   6.65513452322821627777366233574848979      
   6.64277985099809241500557220362000379      
   6.62976865879286791129485957218853535      
   6.61606885946716848578997356227651818      
   6.60164819392656166818319826586482810      
   6.58647448747449592856500851854546984      
   6.57051590700248165935398779243854869      
   6.55374120485558760956618416027589330      
   6.53611993405018463700576918876983681      
   6.51762261949225315694329589333788560      
   6.49822087918810175170531766200117041      
   6.47788748733435794037416783318718145      
   6.45659638636390483072318323646486512      
   6.43432265423332845017869290262285072      
   6.41104243984207649990729429894525223      
   6.38673288451332279274074237647283920      
   6.36137201754414498399218441891082896      
   6.33493869569802934834152670930965562      
   6.30741251537877292751569094290116564      
   6.27877375654746562727265182522064964      
   6.24900333552015485912340380644986182      
   6.21808276817160093286385496965233295      
   6.18599414015544897397585219305362211      
   6.15272008080900187007123622425160203      
   6.11824373698449225876190853329465520      
   6.08254874792315063713159103871835134      
   6.04561921549213843614747426666831400      
   6.00743967397027284995827503349929455      
   5.96799505632117104247153359493002877      
   5.92727066046395920971278994682227270      
   5.88525211335892252237221933395720809      
   5.84192533588437146145810858334329600      
   5.79727650818244923881302091628963510      
   5.75129203591579311556943208718759778      
   5.70395851857162288357740395954608922      
   5.65526271920208583816512572127081508      
   5.60519153692874798473308329435508864      
   5.55373198103469285821254549497780729      
   5.50087114764418394129999150561281371      
   5.44659619843353896326484966297769859      
   5.39089434170669615396221744552337925      
   5.33375281503749850947918897873174555      
   5.27515887011087110180238178437039574      
   5.21509975917458972522572269471965319      
   5.15356272298269646139603585975810739      
   5.09053498018722522545889046939681878      
   5.02600371795348016633283539383487235      
   4.95995608385286379135694948187227258      
   4.89237917860942840236273895790945483      
   4.82326004964419557332019735678381951      
   4.75258568585042562649100865954226547      
   4.68034301257307203158533057378941030      
   4.60651888749193743089036071852451570      
   4.53110009695351268793570400307614685      
   4.45407335279375232450824677469031122      
   4.37542528960247430874873413489244894      
   4.29514246233531558851795739981234475      
   4.21321134428899392689468536729189390      
   4.12961832529275389585059702269101577      
   4.04434971018563950298725901677702660      
   3.95739171756188992916700625717496611      
   3.86873047863335440004241431383760896      
   3.77835203629069969772921019586347164      
   3.68624234430343192477221064777248918      
   3.59238726671248234891629361844322277      
   3.49677257723874537163504829230261156      
   3.39938395886257861840489284202191165      
   3.30020700346389562992232402945002463      
   3.19922721156241859584423209122378422      
   3.09642999210009603149498910969741744      
   2.99180066231289167546725476494517126      
   2.88532444762137073960917996256778320      
   2.77698648161412979928672218535536182      
   2.66677180602233163483199602467580688      
   2.55466537077504602423835990930811954      
   2.44065203405044694575562964339469187      
   2.32471656238794500353380805032978273      
   2.20684363080158618360538180457378096      
   2.08701782292360621448318066644657547      
   1.96522363116521292299243888988845444      
   1.84144545690302758391986090462286300      
   1.71566761066560630657948068702396611      
   1.58787431234187310671956011384547092      
   1.45804969139922383354433157236761005      
   1.32617778711478114941440929194387532      
   1.19224254879784913809266093255485385      
   1.05622783605185027715677506211356829      
  0.918117419009290083760848635160448068      
  0.777894978589508989284252420783301672      
  0.635544106757421415427031900411105607      
  0.491048306785606205033916110392402633      
  0.344390993517921758683210839828271684      
  0.195555493638936614839784215297783086      
   4.45250459400368960099040842663183246E-0002
 -0.108717198405604272125152881520495640      
 -0.264188175576734880061457344346141910      
 -0.421904908827532558648467737413620124      
 -0.581884508217648281312517062513144366      
 -0.744144170337587228227110410706670832      
 -0.908701178040072290398789217403167038      
  -1.07557290016491150039342731961817000      
  -1.24477679126864621467017608337279345      
  -1.41633039135521817377211310448054003      
  -1.59025132560625161263220961198059091      
  -1.76655730411260774098963440828316894      
  -1.94526612160804251583188897694582661      
  -2.12639565720302359981075554231778956      
  -2.30996387412227397836648638823607349      
  -2.49598881943894397011311301907158177      
  -2.68448862381773439959758812486579451      
