   6.91360382032448847522976250442333937      
   6.91360382032448897452856100055816334      
   6.91360382032452743201328781372420908      
   6.91360382032516444341181800519020195      
   6.91360382032990751712095170087933211      
   6.91360382035170981779289183518755610      
   6.91360382042467998402730538438655078      
   6.91360382061958405575439078527558469      
   6.91360382105548862151324572878319409      
   6.91360382188595357242001107919106933      
   6.91360382321898980234023969497167782      
   6.91360382491702757164350316166382772      
   6.91360382622650346140010025452860351      
   6.91360382520635179018756262664513786      
   6.91360381795271752378844926720330839      
   6.91360379764466427502770356695240091      
   6.91360375345691122414610590491777172      
   6.91360366939923818142663386867321786      
   6.91360352314906522722806437381015460      
   6.91360328494558978717485999440475983      
   6.91360291661224932248977825593243019      
   6.91360237076968777771860644673777124      
   6.91360159029346640786475549472952154      
   6.91360050805957806913130063329495972      
   6.91359904700543518641700389737323272      
   6.91359712051626661907599588434129713      
   6.91359463312674448619511283108050653      
   6.91359148150858895020739036223068886      
   6.91358755569777384000146432936137110      
   6.91358274050114616571212836847973878      
   6.91357691701483382043745741584019562      
   6.91356996418358363509626744908655607      
   6.91356176033271079573602224973430641      
   6.91355218461106576693704374699625046      
   6.91354111829344551854687618064385060      
   6.91352844590280023582934479052045070      
   6.91351405612546491619914413620864762      
   6.91349784250502871474337360269183087      
   6.91347970391224300332948863775239494      
   6.91345954479780644728197781984421596      
   6.91343727524330142184825684234896485      
   6.91341281083111224436329635922631041      
   6.91338607235843440552149034093431119      
   6.91335698542239126337523180622101676      
   6.91332547990407754673871271639730878      
   6.91329148937869611203339933844287572      
   6.91325495047729208667039136208289194      
   6.91321580222324223421324373326242111      
   6.91317398536402377987368493824419441      
   6.91312944171573916398166710800995245      
   6.91308211353457432628854873734476351      
   6.91303194292671803380704959435323714      
   6.91297887130522228420099887324037801      
   6.91292283889947681152314992735489184      
   6.91286378432108305327231883689284240      
   6.91280164418743135241251676948244569      
   6.91273635280269176376200718163249804      
   6.91266784189468590452121302997098309      
   6.91259604040441949937148008721559596      
   6.91252087432490738860398328249057317      
   6.91244226656992114383218108152644000      
   6.91236013694985050279101171389586679      
   6.91227440205450129550440422735923884      
   6.91218497528555818270732761609633852      
   6.91209176685536108780365599227206632      
   6.91199468381400174666387223208143125      
   6.91189363009042561362244678949146005      
   6.91178850654044647130446257881878291      
   6.91167921099899316625696825440650350      
   6.91156563833138558049730132077559491      
   6.91144768047853250297011039436804259      
   6.91132522649502540050859244389546727      
   6.91119816257448110795460997548822921      
   6.91106637205970260519499914696727297      
   6.91092973543648567888515014028129911      
   6.91078813030653138915619631780435487      
   6.91064143133744568517831024414168512      
   6.91048951019184728440305738931744130      
   6.91033223542946486599421576084188605      
   6.91016947238408189292582496679077436      
   6.91000108301585906751831736550702229      
   6.90982692572910186451701692483491147      
   6.90964685516451646950173969680101713      
   6.90946072195912771407203110243847344      
   6.90926837248628495581885904127562148      
   6.90906964855427576631822522108306914      
   6.90886438708373245870702538122470446      
   6.90865241974347229123208517796553626      
   6.90843357257596186852261250530118011      
   6.90820766556721849841604358557941982      
   6.90797451218688948539313436421776813      
   6.90773391892323927878575276377739619      
   6.90748568476501054301658447840203224      
   6.90722960066124066239416614559936888      
   6.90696544895491439134618965469416834      
   6.90669300278053300714135544561580126      
   6.90641202536976238760014468456872551      
   6.90612226943467569683321233802310147      
   6.90582347644164945945134366815461739      
   6.90551537590290403129299487367435258      
   6.90519768454854214477208657299571995      
   6.90487010556371043934367102987053546      
   6.90453232775639895748849512857564603      
   6.90418402459280648051701375698299037      
   6.90382485332567336997596781904195612      
   6.90345445404131659951034331051739660      
   6.90307244871866036488383790223167971      
   6.90267844006210135272538486471257762      
   6.90227201040716403905662603559207218      
   6.90185272066824391287202619502338238      
   6.90142010927223382148042323454371336      
   6.90097369061566170294651465460793189      
   6.90051295388331319807156885674182950      
   6.90003736189128525573632634531118815      
   6.89954634960816220026075417839090060      
   6.89903932229759897251602238714120908      
   6.89851565460586236016427602226966834      
   6.89797468854327907568481877090088353      
   6.89741573202235395292541764243052821      
   6.89683805687906513763356929255289758      
   6.89624089729554946297604200890232066      
   6.89562344765218214676062291595179721      
   6.89498486051150452795858788222831460      
   6.89432424495917057324181309385095156      
   6.89364066355100026842133590899408262      
   6.89293313101714610890302033908348868      
   6.89220061070519514109634402358011155      
   6.89144201307487817050587193710801680      
   6.89065619221964517545040151640200768      
   6.88984194358935825235017294569247860      
   6.88899800030652360705656346322831790      
   6.88812303094260481895196599721379355      
   6.88721563517873788935300227322597953      
   6.88627434139513017089691167800517529      
   6.88529760188717339911883836998388950      
   6.88428378972826180460758364891749886      
   6.88323119453482105320555139960072484      
   6.88213801775110984927494276325770147      
   6.88100236807195978512232139638108353      
   6.87982225708656794428733231005026601      
   6.87859559338436357862619788439918320      
   6.87732017768457854744091970802913752      
   6.87599369681054171360405460137200076      
   6.87461371657991574887613558413505217      
   6.87317767708907931226917996481674282      
   6.87168288392545228304466433148330097      
   6.87012650185227026793801245780758014      
   6.86850554596877577152519959180131235      
   6.86681687401167650217167430035245373      
   6.86505717713608992461478639348799747      
   6.86322297012533430169913355247701240      
   6.86131058113772951754969287803203494      
   6.85931614052696382433579255592413220      
   6.85723557018005758347055471991529084      
   6.85506456956702990549906230888018413      
   6.85279860276093376279086739657145919      
   6.85043288461763564461603018842847148      
   6.84796236468480524842986917613912452      
   6.84538171102286045656837487456303285      
   6.84268529253493776092889693378768979      
   6.83986715982873866650533723564485648      
   6.83692102533947593585836308332685176      
   6.83384024092047549118934854844305843      
   6.83061777477057780699348144947272322      
   6.82724618648404012313144480084581542      
   6.82371759953350998831660908859242888      
   6.82002367393616141271798737978923686      
   6.81615557427911504886613235250697687      
   6.81210393764805554912834849471071993      
   6.80785883814442000715034619127711492      
   6.80340975041783342704434768265946445      
   6.79874550918034423332676372809988348      
   6.79385426867361133912986010598009816      
   6.78872345836411707011091527230098256      
   6.78333973673461564145997260862462622      
   6.77768894541686944561778848213525282      
   6.77175605787232939872893307773215454      
   6.76552513122175092539469792020477377      
   6.75897925652854939109132313267992242      
   6.75210050910094933373821937517536227      
   6.74486990286837929917554974078592055      
   6.73726734693255893703117504188041588      
   6.72927160946672284945100883256934150      
   6.72086028923100261426620365240241119      
   6.71200979941501899892190329435775020      
   6.70269536453127605198848829036454312      
   6.69289103839033094525470534161466715      
   6.68256974230981765708278282607663199      
   6.67170333065725230557924078167977636      
   6.66026268487571070135846582669926955      
   6.64821784354890911381218222653938285      
   6.63553815720091323007832945946760042      
   6.62219248125488180115182907644973049      
   6.60814939121101425667064095331438208      
   6.59337741823943197429705398288222706      
   6.57784529090638035528181862065763159      
   6.56152217065262479623601685521750459      
   6.54437786659321399852358559315789568      
   6.52638301698954165688658067520623508      
   6.50750922341536415007633434185975308      
   6.48772913693558284806785031813292502      
   6.46701648811959746971153938438950181      
   6.44534607401809561448486143909325036      
   6.42269370704895236687585001581902995      
   6.39903615228234583323659279367576441      
   6.37435102481124369200283288795682499      
   6.34861673274881059192722705841139524      
   6.32181239515127372464228422056996115      
   6.29391778556250637165413482794264682      
   6.26491328934640923964916583515136411      
   6.23477987098660116891560631135359929      
   6.20349905173972045799881987914511906      
   6.17105289079434559102443467878736629      
   6.13742396758069174211693184151507911      
   6.10259536266524060317945517074578175      
   6.06655063676931955711918299909615701      
   6.02927380504707176932104042565641929      
   5.99074930880208431343481151789667149      
   5.95096198400135277786233932887357744      
   5.90989702816381866389604959330537693      
   5.86753996587947936584877830033238492      
   5.82387661417740395998272704210314030      
   5.77889304854390548723075110104752666      
   5.73257556992700584137209178070265018      
   5.68491067295606906779512497367465537      
   5.63588501693640532191135893835512243      
   5.58548539802500274488310210115592558      
   5.53369872404631691920276293527117254      
   5.48051199142955585550200158714181286      
   5.42591226412051557584763547717674842      
   5.36988665488669256788491271165674485      
   5.31242230832144291822552889761777867      
   5.25350638571568218589473753630043070      
   5.19312605156438746307871556640177495      
   5.13126846170764674058394931480014075      
   5.06792075274265800289173757620856296      
   5.00307003268674458650471811480170441      
   4.93670337278527179567243041716657787      
   4.86880780030915399664379196199820215      
   4.79937029209772314565454545076505695      
   4.72837776919612122747756480375875554      
   4.65581709180937712939795355580473673      
   4.58167505511066329336384648929565227      
   4.50593838552003347787974615654127712      
   4.42859373743181017640267176039128704      
   4.34962769035467002440510781836767263      
   4.26902674649748041092679349606703613      
   4.18677732860733814923008297309377610      
   4.10286577811009623184357280601955385      
   4.01727835347457138176446643520062861      
   3.93000122889267157598918220810476961      
   3.84102049303624886365549035974840007      
   3.75032214805955280966669511229562673      
   3.65789210871688660579303943656404304      
   3.56371620166808009252166724442702662      
   3.46778016483373192543630663536324237      
   3.37006964687454334709307014788134561      
   3.27057020681719995833052355006777975      
   3.16926731367102206585980792802588395      
   3.06614634620789269694704674080040003      
   2.96119259272144761609997296374498165      
   2.85439125091730551546564174230005648      
   2.74572742777973843342877888935984769      
   2.63518613957064284466306792371713685      
   2.52275231176931702054787910775226417      
   2.40841077914217576354910119477902004      
   2.29214628575508926022267595448097998      
   2.17394348507934934802401846893123042      
   2.05378694008163773699092583571215820      
   1.93166112336794881590103199526565061      
   1.80755041730771654722411012386010382      
   1.68143911420657512508940729025649580      
   1.55331141647492987497670494124816838      
   1.42315143682334649018967594769930423      
   1.29094319844913345531423504747761601      
   1.15667063525075301730706715322478819      
   1.02031759204652108929235232638916755      
  0.881867824794411188908129711806532110      
  0.741305000825239437010408104127726332      
  0.598612699077979728941272405331301386      
  0.453774410330321781494835895289288284      
  0.306773537460603289466486150496287008      
  0.157593395679798974449805303892005202      
   6.21721278468264782109218693520021993E-0003
 -0.147371870581777528001966194857067687      
 -0.303190800690999346628119923909488685      
 -0.461256610453066414098870450736561558      
 -0.621586419189649678308387094740588941      
 -0.784197432347035793419970005989429481      
 -0.949106941249029235421404737421488681      
  -1.11633232285926602894935526256059401      
  -1.28589103949083380656995062122184996      
  -1.45780063857193657671880594691776553      
  -1.63207875238431204028491654495827078      
  -1.80874309780331900683739548466957148      
  -1.98781147604237142634623980481050627      
  -2.16930177240707390199202989726607641      
  -2.35323195603930666499656226411980574      
  -2.53962007965391343248289181133262276      
  -2.72848427929910852613705864732232971      
