   478.80608573557492     
   478.80608573599255     
   478.80608574689603     
   478.80608582453607     
   478.80608611588764     
   478.80608686869988     
   478.80608823322490     
   478.80608849273875     
   478.80607609548593     
   478.80600820257922     
   478.80577172830726     
   478.80513155732490     
   478.80367802410939     
   478.80078697852969     
   478.79560142771987     
   478.78703736928742     
   478.77381101109017     
   478.75448141103908     
   478.72750171670077     
   478.69127268235951     
   478.64419371245697     
   478.58470813685381     
   478.51134099568691     
   478.42272872964986     
   478.31764099516283     
   478.19499530092850     
   478.05386549006852     
   477.89348506915422     
   477.71324644129277     
   477.51269689859441     
   477.29153222369303     
   477.04958841012456     
   476.78683221332130     
   476.50335069055660     
   476.19934026446037     
   475.87509545248179     
   475.53099750767791     
   475.16750310733306     
   474.78513329668897     
   474.38446272210115     
   473.96610933009526     
   473.53072456609220     
   473.07898419774318     
   472.61157973861793     
   472.12921062629516     
   471.63257705994283     
   471.12237364766440     
   470.59928372378573     
   470.06397446561664     
   469.51709270933799     
   468.95926143381627     
   468.39107698147978     
   467.81310681991908     
   467.22588793842692     
   466.62992577166750     
   466.02569357895368     
   465.41363231260590     
   464.79415081555243     
   464.16762637424688     
   463.53440558400939     
   462.89480543319814     
   462.24911455357011     
   461.59759469999261     
   460.94048226768001     
   460.27798996975628     
   459.61030849566805     
   458.93760826482378     
   458.26004110026309     
   457.57774195697795     
   456.89083056855731     
   456.19941303269889     
   455.50358335895038     
   454.80342492753442     
   454.09901180593704     
   453.39041010154909     
   452.67767906941543     
   451.96087223165813     
   451.24003834531112     
   450.51522227961630     
   449.78646581810631     
   449.05380833756385     
   448.31728741427554     
   447.57693934008176     
   446.83279955708394     
   446.08490301071231     
   445.33328444133622     
   444.57797860372386     
   443.81902039721155     
   443.05644499587225     
   442.29028788573333     
   441.52058486891895     
   440.74736884889825     
   439.97068192567582     
   439.19055769585333     
   438.40703244600621     
   437.62014223791255     
   436.82992272783258     
   436.03640895674624     
   435.23963513459461     
   434.43963443595766     
   433.63643875392938     
   432.83007839990279     
   432.02058181789249     
   431.20797546641444     
   430.39228351623535     
   429.57352752945798     
   428.75172617820903     
   427.92689505991791     
   427.09904638185071     
   426.26818871426161     
   425.43432676142692     
   424.59746104820255     
   423.75758771742494     
   422.91469828443036     
   422.06877928398035     
   421.21981206124906     
   420.36777282990857     
   419.51263188301118     
   418.65435369645246     
   417.79289643713759     
   416.92821201881912     
   416.06024571552877     
   415.18893579063564     
   414.31421332401874     
   413.43600227393665     
   412.55421837067558     
   411.66876975748335     
   410.77955597835853     
   409.88646831263043     
   408.98938876240385     
   408.08819022025602     
   407.18273601698780     
   406.27288009149009     
   405.35846543793866     
   404.43932469795726     
   403.51527844465733     
   402.58613748436619     
   401.65169951275243     
   400.71174866939299     
   399.76605838572647     
   398.81438773989049     
   397.85646667528766     
   396.89206500193706     
   395.92085851159999     
   394.94255695189389     
   393.95684137415475     
   392.96336291122947     
   391.96179075342462     
   390.95173840101251     
   389.93281040641801     
   388.90458962102315     
   387.86663678754587     
   386.81848894782564     
   385.75965853353443     
   384.68962971143583     
   383.60786246932179     
   382.51378448954875     
   381.40679526520967     
   380.28626037950966     
   379.15151365397452     
   378.00185381789976     
   376.83654245817394     
   375.65480096268868     
   374.45581552076624     
   373.23872915191515     
   372.00264056436117     
   370.74660846613028     
   369.46964677589125     
   368.17072587360690     
   366.84877062186871     
   365.50266767890497     
   364.13125935039869     
   362.73335818321999     
   361.30774073263876     
   359.85316451281204     
   358.36837544921866     
   356.85212163090699     
   355.30314563340022     
   353.72031586198074     
   352.10250389806941     
   350.44871889676324     
   348.75814158527061     
   347.03017478299853     
   345.26452688816221     
   343.46129845781917     
   341.62109285518846     
   339.74514164303810     
   337.83545716819145     
   335.89499724171179     
   333.92785745483695     
   331.93947692719252     
   329.93684323195549     
   327.92870729013794     
   325.92577711671470     
   323.94087503094602     
   321.98904534575854     
   320.08756888816436     
   318.25588652870465     
   316.51539563224640     
   314.88905424766921     
   313.40107695388764     
   312.07610423312690     
   310.93864252436026     
   310.01228479818127     
   309.31896454884429     
   308.87827081147623     
   308.70687211171003     
   308.81809235103822     
   309.22165874986507     
   309.92362721094361     
   310.92647109130661     
   312.22930426463756     
   313.82822064256732     
   315.71666728002589     
   317.88589586948513     
   320.32538695670752     
   323.02326740571914     
   325.96668929752468     
   329.14217780229467     
   332.53588595735630     
   336.13398279688386     
   339.92262513683545     
   343.88827059799200     
   348.01776179182593     
   352.29840555132506     
   356.71803735152724     
   361.26505658064053     
   365.92844706659088     
   370.69777684458899     
   375.56320899653554     
   380.51547283246458     
   385.54584636042239     
   390.64614268166991     
   395.80867841140605     
   401.02624380418047     
   406.29208462850124     
   411.59987168720488     
   416.94365942092378     
   422.31788718530169     
   427.71732952682123     
   433.13703929557636     
   438.57253461191158     
   444.01943384794350     
   449.47367980743576     
   454.93146041883182     
   460.38918850789736     
   465.84348848467920     
   471.29117793423927     
   476.72926678145120     
   482.15493108950710     
   487.56550585066526     
   492.95848178194382     
   498.33149139073191     
   503.68229938247339     
   509.00879415644147     
   514.30898306503832     
   519.58098756221364     
   524.82303454237831     
   530.03344920708798     
   535.21065125753603     
   540.35315236800056     
   545.45955071662934     
   550.52852502099188     
   555.55883385892650     
   560.54930797152542     
   565.49885288150529     
   570.40644030867986     
   575.27110899348133     
   580.09195936750996     
   584.86815528171940     
   589.59891668196894     
   594.28352082669517     
   598.92129829195096     
   603.51163306878914     
   608.05395950697698     
   612.54775969340972     
   616.99256347875382     
   621.38794561040299     
   625.73352548042317     
   630.02896372552925     
   634.27396296150062     
   638.46826436549634     
   642.61164789539407     
   646.70393047471828     
   650.74496413373026     
   654.73463574426944     
   658.67286510974702     
   662.55960434355177     
   666.39483527528887     
   670.17857133297809     
   673.91085275972875     
   677.59174854821504     
   681.22135360426375     
   684.79978797646231     
   688.32719717444570     
   691.80374925738465     
   695.22963525379180     
   698.60506716192572     
   701.93027817733491     
   705.20552051343122     
