 0.26019525115870E+10
 0.26020725105950E+10
 0.26022725015720E+10
 0.26025525043088E+10
 0.26029124962571E+10
 0.26033524881769E+10
 0.26038725019961E+10
 0.26044724900811E+10
 0.26051524804833E+10
 0.26059124686039E+10
 0.26067524747243E+10
 0.26076724669718E+10
 0.26086724483361E+10
 0.26097524365775E+10
 0.26109124299182E+10
 0.26121524311285E+10
 0.26134724416150E+10
 0.26148724445196E+10
 0.26163524449794E+10
 0.26179124592238E+10
 0.26195525078713E+10
 0.26212725697924E+10
 0.26230726353835E+10
 0.26249527590849E+10
 0.26269129429994E+10
 0.26289531570497E+10
 0.26310734514219E+10
 0.26332738117348E+10
 0.26355542283320E+10
 0.26379146719040E+10
 0.26403553490032E+10
 0.26428761143876E+10
 0.26454768255438E+10
 0.26481577552931E+10
 0.26509187085648E+10
 0.26537596863975E+10
 0.26566807337149E+10
 0.26596818791867E+10
 0.26627629828032E+10
 0.26659241608098E+10
 0.26691651256351E+10
 0.26724861115885E+10
 0.26758868046983E+10
 0.26793671568936E+10
 0.26829270526571E+10
 0.26865663993883E+10
 0.26902849907005E+10
 0.26940827868801E+10
 0.26979594004762E+10
 0.27019147402859E+10
 0.27059484111210E+10
 0.27100603902940E+10
 0.27142497587638E+10
 0.27185167843291E+10
 0.27228605292714E+10
 0.27272809817791E+10
 0.27317771030235E+10
 0.27363484782218E+10
 0.27409948960712E+10
 0.27457155318940E+10
 0.27505087446989E+10
 0.27553747307598E+10
 0.27603120797343E+10
 0.27653206256725E+10
 0.27703988079020E+10
 0.27755455793798E+10
 0.27807594453524E+10
 0.27860391924717E+10
 0.27913853314758E+10
 0.27967929131286E+10
 0.28022644814811E+10
 0.28077969461493E+10
 0.28133871644240E+10
 0.28190370094320E+10
 0.28247414835683E+10
 0.28305013846451E+10
 0.28363120769909E+10
 0.28421764465459E+10
 0.28480862178266E+10
 0.28540435885702E+10
 0.28600464484272E+10
 0.28660919065908E+10
 0.28721769544972E+10
 0.28783004137063E+10
 0.28844606491253E+10
 0.28906558282185E+10
 0.28968782101202E+10
 0.29031319768610E+10
 0.29094112758737E+10
 0.29157141962640E+10
 0.29220394057365E+10
 0.29283841214784E+10
 0.29347415716794E+10
 0.29411123752369E+10
 0.29474928384243E+10
 0.29538816960422E+10
 0.29602783692647E+10
 0.29666745006079E+10
 0.29730670166037E+10
 0.29794667569646E+10
 0.29858454395035E+10
 0.29922089004441E+10
 0.29985713235001E+10
 0.30049129888587E+10
 0.30112263337679E+10
 0.30175315324008E+10
 0.30237992996161E+10
 0.30300422163430E+10
 0.30362458795946E+10
 0.30424180278437E+10
 0.30485451271011E+10
 0.30546330012262E+10
 0.30606865693475E+10
 0.30666771165002E+10
 0.30726250149345E+10
 0.30785087622681E+10
 0.30843554548896E+10
 0.30901302341910E+10
 0.30958339579735E+10
 0.31014789608657E+10
 0.31070725407650E+10
 0.31125776630361E+10
 0.31180464932113E+10
 0.31234287699865E+10
 0.31287517930891E+10
 0.31340096006943E+10
 0.31392319887372E+10
 0.31443878296327E+10
 0.31495026271085E+10
 0.31545798584595E+10
 0.31596183424556E+10
 0.31646493011609E+10
 0.31696929820425E+10
 0.31747629451868E+10
 0.31799085069419E+10
 0.31851226085362E+10
 0.31905186794106E+10
 0.31960599451577E+10
 0.32018780359234E+10
 0.32079938074294E+10
 0.32144466063530E+10
 0.32212892517683E+10
 0.32285627157269E+10
 0.32362239461573E+10
 0.32442563887450E+10
 0.32526376210766E+10
 0.32613225424884E+10
 0.32702656570950E+10
 0.32794306703903E+10
 0.32888117789744E+10
 0.32983641354318E+10
 0.33080770468976E+10
 0.33179462045603E+10
 0.33279513346050E+10
 0.33380922614740E+10
 0.33483633479705E+10
 0.33587760050945E+10
 0.33693187288250E+10
 0.33799855998949E+10
 0.33907704451711E+10
 0.34016904040216E+10
 0.34127295039658E+10
 0.34239078777754E+10
 0.34352047645588E+10
 0.34466119397989E+10
 0.34581510031935E+10
 0.34697911507702E+10
 0.34815701550284E+10
 0.34934485593890E+10
 0.35054634991707E+10
 0.35175532893668E+10
 0.35297978559524E+10
 0.35421375280482E+10
 0.35545700121127E+10
 0.35671195446742E+10
 0.35797766092715E+10
 0.35925432545339E+10
 0.36054070390310E+10
 0.36183678631718E+10
 0.36314326038019E+10
 0.36446107149182E+10
 0.36578641485764E+10
 0.36712321365200E+10
 0.36846947447387E+10
 0.36982490472103E+10
 0.37118986387341E+10
 0.37256592770434E+10
 0.37394814485181E+10
 0.37534207198294E+10
 0.37674461079873E+10
 0.37815677044000E+10
 0.37957743285965E+10
 0.38100775976558E+10
 0.38244611654324E+10
 0.38389393030361E+10
 0.38535149246438E+10
 0.38681721499074E+10
 0.38829220874828E+10
 0.38977614970676E+10
 0.39126832060612E+10
