   482.989325854482766625225197452827150      
   482.989325854498234655481154983509087      
   482.989325855059819086560773405629421      
   482.989325860516629894659871621309713      
   482.989325887322284515814506978045564      
   482.989325967435644092579296816705007      
   482.989325968950923145095324721308383      
   482.989323869000587490727166740678765      
   482.989307850192948670153465465950082      
   482.989234838319703637094763257873776      
   482.988991240619911306228945261183104      
   482.988340383513761374245019120744937      
   482.986868773418214884035750912264085      
   482.983944755005546203223049367813415      
   482.978698901874597749895504191445137      
   482.970029030597575827451519361038253      
   482.956627172603875007614186471751636      
   482.937022557309721141334085942150822      
   482.909633640881300482982017450972971      
   482.872822787406321925500988950327624      
   482.824948608071895722225124246624429      
   482.764412594922397077880685387152984      
   482.689698184370680968153432387050801      
   482.599401580037770986327733910638294      
   482.492254511353363875553854266268130      
   482.367139633491408302736787099530239      
   482.223099548694596346697754800316497      
   482.059340516756781889235617761715675      
   481.875231889624992593845094594397814      
   481.670302203119675295655167850769110      
   481.444232724452832750966296321954780      
   481.196849116263713099114892503101780      
   480.928111750454246754922192189719142      
   480.638105095721699398480579932382878      
   480.327026514450907777660484744315863      
   479.995174735824557638949479043887075      
   479.642938219930757369466593429022078      
   479.270783588829517913331670648015573      
   478.879244270744491004612632769478414      
   478.468909481035449296920680602862772      
   478.040413644228952982980415273061408      
   477.594426345389168145716147493468227      
   477.131642883630762539940817039269026      
   476.652775486170231116184263031010289      
   476.158545227617544806527047929658047      
   475.649674684664842121541171485754470      
   475.126881344360518725321087187451603      
   474.590871771046446261781103002487817      
   474.042336526410075379840794084267507      
   473.481945825918698546157506805272190      
   472.910345906727707371293247732597519      
   472.328156074835880473258280756117964      
   471.735966391834743712824837545248634      
   471.134335957822247742851851567518490      
   470.523791743488372817592264669103972      
   469.904827921377255930688353819338961      
   469.277905645341371637909392376962325      
   468.643453224748165099552149064181641      
   468.001866660268745855484397810376666      
   467.353510449161398567572908931735074      
   466.698718668686179899888545231743152      
   466.037796252466042099930339659815002      
   465.371020433444724499815063008630401      
   464.698642312786423653405576663344188      
   464.020888518214560646190163434134074      
   463.337962920026512301009562991798217      
   462.650048376498611278688299600239254      
   461.957308481852861105018348011700013      
   461.259889296081204326047533689299612      
   460.557921036618901151740301231152914      
   459.851519715370650278546743727147405      
   459.140788709327396626215909929255519      
   458.425820252346663490453587641109006      
   457.706696840406179902717202985864676      
   456.983492545092891565173103438251183      
   456.256274229162960170977862858702387      
   455.525102663416754791707074618073722      
   454.790033543522915731923395337191548      
   454.051118406678733870018949412650899      
   453.308405450647988491206310183303904      
   452.561940257538844448247182641361566      
   451.811766423408282409691746533495970      
   451.057926100649415301230353486029758      
   450.300460455170634950945890004595041      
   449.539410047111484459495664490014009      
   448.774815134495705724398362861643372      
   448.006715910251207608174362549321599      
   447.235152672272606540477381357117207      
   446.460165941222607136083481332471776      
   445.681796517675681743281367262225137      
   444.900085491259222127311858186268337      
   444.115074214206708008017751499912355      
   443.326804229898291374629963830924858      
   442.535317169800835851827603067533891      
   441.740654622198785262458950733389186      
   440.942857972657674125062911366369257      
   440.141968208327575491753973841772067      
   439.338025728137882638685986615198821      
   438.531070123152986526667086827381149      
   437.721139949966818395894375104488947      
   436.908272478884231226085552340887561      
   436.092503454483381202342300009043410      
   435.273866844202128349321429597539807      
   434.452394551028677470579250252827591      
   433.628116165498302463664463915997670      
   432.801058701623681169863336363291503      
   431.971246350908420596632243397608373      
   431.138700174493487257418193645354988      
   430.303437834984167091336522686063436      
   429.465473361818809963008774956886536      
   428.624816928640542711043928952947697      
   427.781474480177419475914902907620239      
   426.935447520736346846145652086296818      
   426.086732917725563698187274043020144      
   425.235322611413933909207904638340024      
   424.381203193844187186866486708767521      
   423.524356031571976061609132374773661      
   422.664756677057389616681343925540538      
   421.802374645742625351808812606268757      
   420.937173337693663588700282675380785      
   420.069109693737679377027800444957996      
   419.198133831723631950833160583869989      
   418.324188933015275883085885395477182      
   417.447210951772710747227296246046264      
   416.567128209843170226366982558950322      
   415.683861359518125671546648841611250      
   414.797322759193216645838289494267410      
   413.907416574977595287263832813256060      
   413.014038085209140123773365730777653      
   412.117073742535358771638554615346076      
   411.216400381134780409875265705142273      
   410.311885389372905154683543778090981      
   409.403385849783190933762891656686221      
   408.490748552134267771275236435151296      
   407.573809366887868745458089472157836      
   406.652392761725107188466075960229849      
   405.726311609391716073895665741326458      
   404.795366482587468485474298985241522      
   403.859345147692770399528244419615420      
   402.918022111657667404476116953916883      
   401.971158080840935618074691588497898      
   401.018499089407632720585708377628151      
   400.059776035632485858072852132233035      
   399.094704161792519430313485920782578      
   398.122981776038219486157921100124372      
   397.144290055122156351663560293187591      
   396.158291525914243838401607542446493      
   395.164629795296744121107410639436182      
   394.162927990781823119459578572189163      
   393.152788225462832514911694429723404      
   392.133789916192372940785797480541502      
   391.105489283765951529705919541918682      
   390.067417210892368956858749951900593      
   389.019078599211983502377716166552785      
   387.959950420371974717096832470451082      
   386.889480611148070812979609820527611      
   385.807085886386221092013533640158155      
   384.712150455092104648877399530293271      
   383.604023972724539970847392558258141      
   382.482019792598488306892625378695526      
   381.345412645480768314550003676499381      
   380.193436737943790328121446210080061      
   379.025283755622581717181446168448701      
   377.840100235598983035203659804128872      
   376.636985738122181255441079090725281      
   375.414990652866435278824815381377384      
   374.173113970648896737877177698069919      
   372.910301468208970416519241141725759      
   371.625443940351187206767171434973474      
   370.317375887460959196852069009786520      
   368.984875061567001854388521750153880      
   367.626662261363398501146031992963860      
   366.241402518208577305221650444530885      
   364.827707374637786425357721469737340      
   363.384139999907352470216220376556196      
   361.909220982084116307255997226869996      
   360.401438793261911376817170692225172      
   358.859263327034450407533239828894088      
   357.281165855392084837782038174495679      
   355.665643378969023685577413347240067      
   354.011253446538004178437054850398138      
   352.316657674069363827236416562623341      
   350.580678492786597079187994856576857      
   348.802370792521737652051558514566976      
   346.981112593163960530917607011245486      
   345.116717275513447554144991746628056      
   343.209570642889864231340167522436479      
   341.260797470687811953226979352558999      
   339.272457744998149856974671787522001      
   337.247777523674756486294035432489929      
   335.191401639855261200994419971645270      
   333.109700974175217975532413253869336      
   331.011044361147046740812613546461968      
   328.906118812617965392505508388786182      
   326.808204268378667916274373084273701      
   324.733395498294109843870390606198038      
   322.700733347675577114622660696916295      
   320.732203172693855977969874530761839      
   318.852559177334597271346249175048386      
   317.088910164883194918071355456722086      
   315.470253878219690355118061967446136      
   314.026508320808574862387625904928710      
   312.787641281676584255497584271682718      
   311.782751435152947823401565829587466      
   311.038362571495230116464170555641289      
   310.578304019138931077337507069407302      
   310.422353324837557577319611809646174      
   310.585786789529019054400528865588022      
   311.079079271942609102523512751801022      
   311.907877064158492192725759781268512      
   313.073213333773879258960520897486060      
   314.571913686614276305673279714034108      
   316.397131586729677688423361860673307      
   318.538954550926365076269938393999634      
   320.985026318534491816180100651681256      
   323.721148826085922484623830230725923      
   326.731833294268565984828976074589280      
   330.000783960282513185868169859858954      
   333.511308063243163108505771422188284      
   337.246651492447602288301284796653911      
   341.190264987071436698574877080623849      
   345.326005292369518777522527752485573      
   349.638283965784648206460575419479253      
   354.112171439353402312726669809263365      
   358.733459627925245586887776633353644      
   363.488699612993974701612839669187190      
   368.365213287536643792825207834451210      
   373.351089304370440390922123071837666      
   378.435165894414622481370587966976892      
   383.607004092350241464311793175233167      
   388.856855341344583934186428142512964      
   394.175625628276239306728669077763564      
   399.554837908107666325046328633662778      
   404.986593345749392701031231815963436      
   410.463532578920329365382727909051198      
   415.978799514953897665352960379059741      
   421.526005389388132313303280127723019      
   427.099194462676834167449066798945679      
   432.692813982257755841523388305509521      
   438.301681726662668691386913367213507      
   443.920960927011965900063609638012516      
   449.546133322373379499389457837931574      
   455.172975893664418596006718645622347      
   460.797539247751790023786499888910944      
   466.416127901733374768220791747403404      
   472.025281581243916524783476958478366      
   477.621758567353267343880183327826942      
   483.202520522052069061207030939746057      
   488.764718942433563548297552711762359      
   494.305681454751857037192364006934526      
   499.822900658512598749079508446113823      
   505.314023708922723312916509051421220      
   510.776842407554012174105786460111360      
   516.209283683169136041075161641103451      
   521.609402487866286966892310295532059      
   526.975373474981823326313827774626437      
   532.305485145276016159598277544551286      
   537.598132134400895210426529744910897      
   542.851810505397805372655380498325694      
   548.065112802508621913727446410464732      
   553.236721906794194893810034343031969      
   558.365407405473795534946685399638557      
   563.450021205534932426886242977486189      
   568.489493887470755371785452863599947      
   573.482830802297953802777244448592493      
   578.429108628668796731219016690611916      
   583.327472749437660358377155948620648      
   588.177134125491066042239093171759982      
   592.977366044181641955641122419933774      
   597.727502387751693048847109181427872      
   602.426934918245379374997136106831688      
   607.075110354178075709991796089742805      
   611.671528837427354730246170838779088      
   616.215742969231864946420289541163529      
   620.707353430901776816934900716270625      
   625.146007941761377037472988663353516      
   629.531401293771628947323853228632712      
   633.863270643419258277680099352057504      
   638.141396792894182478798290332392652      
   642.365599974949108383589981767320840      
   646.535740407452709650557631331041146      
   650.651715479536583267995373461089409      
   654.713458804610514178756870526908334      
   658.720939168715142401639678846240265      
   662.674158021477529708644182122894296      
   666.573149726821366309000701450498475      
   670.417978739022396084250602621235533      
   674.208739529700436007451232054359410      
   677.945554886015406254969109221189740      
   681.628574402867514676537637688690998      
   685.257974028803352351612383554945802      
   688.833954375975682129616655164464461      
   692.356739758568898098494751753980373      
   695.826577318430831481878942950005415      
   699.243735562266035407050055183470322      
   702.608503909301608928573447042273908      
   705.921190848601143090007070339078092      
   709.182123842017328826593075251271608      
   712.391647946498981780750096459228213      
   715.550124649814201251903880595416504      
