   6.96056439612021242808744040167365923      
   6.96056439612024352967699031456546128      
   6.96056439612189877694146465508553822      
   6.96056439614162191579811021688709009      
   6.96056439625239883292483619636338255      
   6.96056439665422381575731562976812599      
   6.96056439775841288409158886849320709      
   6.96056440027108812797605549776005403      
   6.96056440526140059587262814876400081      
   6.96056441418962540554107994021786687      
   6.96056442885352210796740206238113801      
   6.96056445120135424932196313978111908      
   6.96056448296614495180150671261264363      
   6.96056452509694175145760806534550678      
   6.96056457699071219781765089145533441      
   6.96056463555440884866577744821712312      
   6.96056469414586494219704789645968855      
   6.96056474145354775087634204706131411      
   6.96056476038014854110641345921549513      
   6.96056472699546046503792792802308081      
   6.96056460962139509679050640604616417      
   6.96056436810678797010868400034221340      
   6.96056395334160432194113292682084220      
   6.96056330704880375107385228493023632      
   6.96056236187747853875908021735708148      
   6.96056104180338271452553955684511882      
   6.96055926282428614850708164923993576      
   6.96055693391919965872808684679628579      
   6.96055395822459475731051349200683268      
   6.96055023436870412692558163755377867      
   6.96054565789788768298156796805730026      
   6.96054012272718262093323738571733077      
   6.96053352255019530103092239412958135      
   6.96052575215062330312886094690518346      
   6.96051670856780262991276464559348779      
   6.96050629208054617273168395790457327      
   6.96049440698601511598491334089581092      
   6.96048096216246518738965245491359596      
   6.96046587141566760577107346528556848      
   6.96044905361812541790531561965416975      
   6.96043043265760588466621151673945527      
   6.96040993721691560806737596685195750      
   6.96038750041034130831387308657375866      
   6.96036305930394581502699436841419155      
   6.96033655434720330683506732711366831      
   6.96030792874256173976107472679016778      
   6.96027712777771701565883866877806325      
   6.96024409814294384638925821917914759      
   6.96020878725298703427655008763419826      
   6.96017114258997727715681156944997453      
   6.96013111108076142228601729965436018      
   6.96008863851905780774964801526150643      
   6.96004366904004015067301991506758340      
   6.95999614465240818470216418392798542      
   6.95994600483072829105983061462307078      
   6.95989318616885869728027586951308442      
   6.95983762209361705636721896706528801      
   6.95977924263644917549220490708118141      
   6.95971797425977810055892025975905947      
   6.95965373973385972901636432487436741      
   6.95958645805939747168177918674214773      
   6.95951604443062717885460585722117993      
   6.95944241023356360160642930657072563      
   6.95936546305707479330959758761389945      
   6.95928510680545774638154785013984886      
   6.95920124168322753493238066558637918      
   6.95911376433196362882298871675566620      
   6.95902256790914112059968443440048767      
   6.95892754218375922164968767638424464      
   6.95882857363060280883808628775805051      
   6.95872554551977971176972576842483853      
   6.95861833799840663771875577848828737      
   6.95850682815964271188358500131408608      
   6.95839089009775435237274958575424638      
   6.95827039494534118678701377113189035      
   6.95814521089070708517070720938833999      
   6.95801520317427437142039580769114756      
   6.95788023406105188452208591863162237      
   6.95774016278795654111958685587554339      
   6.95759484548488740191460352802419298      
   6.95744413507087958103294814242995718      
   6.95728788111685624959125444913708929      
   6.95712592968559388813045472392915950      
   6.95695812314137288903787072464224145      
   6.95678429992220962078669346809728375      
   6.95660429429546999915339540066181791      
   6.95641793607054989232452449638297318      
   6.95622505028897326284688654788343712      
   6.95602545687986424441744044533844388      
   6.95581897028560535398936166339180673      
   6.95560539905919258366244009912135401      
   6.95538454542331785310466949410664320      
   6.95515620481042433380635848209292828      
   6.95492016535124282706050355330928485      
   6.95467620736122587030521411035742695      
   6.95442410275912476644623635012648309      
   6.95416361448987727038391362566621997      
   6.95389449588286431259499946602626402      
   6.95361648999844921004402159926721518      
   6.95332932893850650588993935006688567      
   6.95303273310027537170919579484086211      
   6.95272641043362171138358850945014436      
   6.95241005562019161598427011796062043      
   6.95208334926065677774065574095516649      
   6.95174595699049487954015117259727031      
   6.95139752854098854850919934830920872      
   6.95103769682178911353807341587207451      
   6.95066607690850124726783180859360539      
   6.95028226498344022211429645964584101      
   6.94988583728709473365973939784515931      
   6.94947634895816229989374642106249676      
   6.94905333285165287283403101994987471      
   6.94861629832663888956381751423124739      
   6.94816472990798324058176563706804609      
   6.94769808599148716349658475359909527      
   6.94721579739481855029324599518189242      
   6.94671726593022329797353152787756998      
   6.94620186285586006280123565178473500      
   6.94566892704469858659286724351676752      
   6.94511776397765424405094024885007294      
   6.94454764313785180040258630094716047      
   6.94395779663626991539844928085169040      
   6.94334741718309674263029167724327354      
   6.94271565613311408038386602911594935      
   6.94206162121656427078204395728613517      
   6.94138437441070016468765287995791021      
   6.94068292965079963280320604752862983      
   6.93995625020605499740352963714184729      
   6.93920324614270156524751846508682902      
   6.93842277175720701463040965567244045      
   6.93761362259638193279738475810066987      
   6.93677453224634079903763285746713249      
   6.93590416953720603419391492960160472      
   6.93500113487778646666421565591382350      
   6.93406395688665481200985694120436168      
   6.93309108851099734364131007828268695      
   6.93208090318184106175782410535666931      
   6.93103169060537805605957573923217718      
   6.92994165218699404060812030893032883      
   6.92880889672697328112349770070640903      
   6.92763143493169345117444294089647699      
   6.92640717456142978555784723808903853      
   6.92513391455021341351009746882946831      
   6.92380933920799335481572033902219597      
   6.92243101200543369197375122279649811      
   6.92099636855023605459141269928210513      
   6.91950270964610143066712573126922515      
   6.91794719359978819760695269745424363      
   6.91632682814129129822820020742391734      
   6.91463846168588434326914328329955769      
   6.91287877413604754588605111380355437      
   6.91104426689983291755729241750269645      
   6.90913125252691044392589193859650967      
   6.90713584282330737769547003774246321      
   6.90505393794407343932588128922234390      
   6.90288121216461939475455094628944010      
   6.90061310033279556803428441700955246      
   6.89824478327844441376018515834589483      
   6.89577117173604364214559177410318572      
   6.89318688884922130567607443016283650      
   6.89048625220549487859348516591178668      
   6.88766325365442527219430382367301360      
   6.88471153815632749360149164504133142      
   6.88162438132211479167301943416991063      
   6.87839466402479505278936772129355598      
   6.87501484691546324489535075740342020      
   6.87147694150640845171740500421257419      
   6.86777248027534523890413874907000730      
   6.86389248385491489338203308478636661      
   6.85982742619438303238147989258633153      
   6.85556719745879997618371580083717863      
   6.85110106449126763608004619671266800      
   6.84641762846567645635188419358480829      
   6.84150478013074728145212488141674473      
   6.83634965301984271283589482767594365      
   6.83093857339977375075490338496314544      
   6.82525701059702234971705145533782820      
   6.81928952169835334842279691481771232      
   6.81301969892688770965136578956132515      
   6.80643011486366158122228805288802875      
   6.79950226897936990795276470642543739      
   6.79221653682917820169389731333676825      
   6.78455212262332014843355127480984522      
   6.77648701881184857382605422695773286      
   6.76799797416080334070905133821698026      
   6.75906047441325823368243907965418978      
   6.74964873936470718706940788250425852      
   6.73973573857611677911197771714550657      
   6.72929323353437588729530577531584571      
   6.71829184591194757823285783958630533      
   6.70670115825098518937554407023485967      
   6.69448985060384465435876934531606765      
   6.68162586668196124626495961418840371      
   6.66807661726885445504109607646868939      
   6.65380920711666334261106723115798712      
   6.63879068233551882792186167979354569      
   6.62298828378489737927764663661350935      
   6.60636969446641121336284107688120545      
   6.58890326650158188968854636283811490      
   6.57055821392993127710714530877414944      
   6.55130476570862873551272668044210203      
   6.53111426746388702370120488810729559      
   6.50995923910460761989143963823428913      
   6.48781338952305497923721957999870259      
   6.46465160237192382497899994607240484      
   6.44044988127066707754971516031939362      
   6.41518531224209516807012359364286401      
   6.38883599221763387755618201866281201      
   6.36138096947911207445947040949271502      
   6.33280018492878451765763556579288968      
   6.30307441549289631861775495726497427      
   6.27218522085585437342335454316400744      
   6.24011489126881147121853978893602141      
   6.20684639601613280233481779004415772      
   6.17236333072742703114380077712093585      
   6.13664986600186330927246692743652324      
   6.09969069391909864145312562763129141      
   6.06147097607782389344502870783908493      
   6.02197629183239377628542545827536288      
   5.98119258887278493159143424567357657      
   5.93910613576309757654465850369482004      
   5.89570347727203070767927376780681299      
   5.85097139304239275292692002529476723      
   5.80489685936360484510127749127881550      
   5.75746701402077229619315046970053137      
   5.70866912548597133636568430118328561      
   5.65849056405912781323512875115323295      
   5.60691877681741796766309728419694259      
   5.55394126510042066666475281329382927      
   5.49954556476058351990552537366543301      
   5.44371922863173849555469463811393665      
   5.38644981121266476778986961398775006      
   5.32772485522149730646603985681764945      
   5.26753187996779219692725022124362458      
   5.20585837111817586761704554287627539      
   5.14269177185013457244114377626750113      
   5.07801947518311016162768729238218395      
   5.01182881734102058361820109619108211      
   4.94410707207905195925042466443405826      
   4.87484144553058059883224471438568034      
   4.80401907223939885392137533721208743      
   4.73162701130411221730118561971742894      
   4.65765224327460924636065871615958509      
   4.58208166749849881382541784655712458      
   4.50490209978745981397669082791460364      
   4.42610027048074963170528515225918253      
   4.34566282279876621322681048559400005      
   4.26357631143122267125924333002998317      
   4.17982720138163532412116091861172392      
   4.09440186696655878646699481485917448      
   4.00728659102253321435788332098308154      
   3.91846756424795351973868764846052962      
   3.82793088466815275994813662514936410      
   3.73566255719905138063938187349798377      
   3.64164849334427909872277680733908573      
   3.54587451095559379643132675811231767      
   3.44832633405481297716475378531861896      
   3.34898959274355946778350440486994193      
   3.24784982315292857707089931842754534      
   3.14489246745316063973126791805808062      
   3.04010287389923520684637829773215857      
   2.93346629691148838463628214927954505      
   2.82496789718875265512727202953822719      
   2.71459274186610400200102237886948069      
   2.60232580466683689926804405217037025      
   2.48815196609832442648640916710366670      
   2.37205601365576206896795642620505689      
   2.25402264205061770770107643789063473      
   2.13403645344047720403871443743765563      
   2.01208195767880293975550013226067581      
   1.88814357257144346549575018638322632      
   1.76220562414389017946829865574769793      
   1.63425234691216507101220579911754575      
   1.50426788416438939350307204242054109      
   1.37223628822952045300369192324084213      
   1.23814152079026323957751408089725262      
   1.10196745315305194752259969755565917      
  0.963697866547206233532750104761909848      
  0.823316452418931238770704363894548669      
  0.680806812726722195860674718196236742      
  0.536152460238923666474867357913224708      
  0.389336818829838044943426135905815705      
  0.240343223776387164807741312517809608      
   8.91549220563746151203829658299119900E-0002
  -6.42449273584117047402175013165794303E-0002
 -0.219873253202930246456006835307527788      
 -0.377747071629286940943050531939064126      
 -0.537883485910312831639788993393391437      
 -0.700299686149604601549467939968298879      
 -0.865012948991584170414462318304761071      
  -1.03204063733374713070117599549717172      
  -1.20140020003876337162646186401153894      
  -1.37310917165223054203189920866991770      
  -1.54718517211730784573613812920885774      
  -1.72364590649637357049366506649833143      
  -1.90250916469198138118909786590442934      
  -2.08379282116969724005428857660954676      
  -2.26751483468561092904491487241340747      
  -2.45369324801202585648236226462068426      
  -2.64234618766909747056286513677084792      
