   6.96056439612021242808744040167365923      
   6.96056439612024352967699031456546128      
   6.96056439612189877694146465508553822      
   6.96056439614162191579811021688709009      
   6.96056439625239883292483619636338332      
   6.96056439665422381575731562976812214      
   6.96056439775841288409158886849255073      
   6.96056440027108812797605549764230498      
   6.96056440526140059587262814183486618      
   6.96056441418962540554107975544064281      
   6.96056442885352210796739929888087388      
   6.96056445120135424932193640164585322      
   6.96056448296614495180132185813722621      
   6.96056452509694175145662727796011815      
   6.96056457699071219781344121588445037      
   6.96056463555440884865056869887402577      
   6.96056469414586494214936944332279507      
   6.96056474145354775074354059489949203      
   6.96056476038014854077157251052715613      
   6.96056472699546046426202940621438956      
   6.96056460962139489263342636564457721      
   6.96056436810678797005312978080885943      
   6.96056395334160305223141504522242557      
   6.96056330704880374953165140611115544      
   6.96056236187747853205811039990280907      
   6.96056104180338268840585536908690277      
   6.96055926282428605611043155792003636      
   6.96055693391919935906021878547630785      
   6.96055395822459385832638932126265972      
   6.96055023436870161319080418175605043      
   6.96054565789788108749564790473842629      
   6.96054012272716628736935708893940173      
   6.96053352255015692453836958182369053      
   6.96052575215053736538888667359326485      
   6.96051670856761846851853021205107597      
   6.96050629208016713792469555310244324      
   6.96049440698526344293199070739582102      
   6.96048096216102470774934990242556437      
   6.96046587141299308525018393140326276      
   6.96044905361330297743463725217881197      
   6.96043043264914348207236426342935526      
   6.96040993720243576976615291955252517      
   6.96038750038614006385750417562054648      
   6.96036305926437197566286346466959385      
   6.96033655428380073709676482520405961      
   6.96030792864290402713555148163413789      
   6.96027712762384889795269579852679990      
   6.96024409790932691021470162413140242      
   6.96020878690382858055370229035206023      
   6.96017114207580093433016207081490332      
   6.96013111033405621360161307753398412      
   6.96008863744881910717259598260342005      
   6.96004366752499148153519166249541917      
   6.95999614253266746427197120349879016      
   6.95994600189765614294073717543504727      
   6.95989318215280014612155345919906083      
   6.95983761664922189965390148119817843      
   6.95977923532523046726028569326813407      
   6.95971796452954364469877341213197542      
   6.95965372689462786626680168511107279      
   6.95958644124261994690409227177975986      
   6.95951602259138250634450861540273597      
   6.95944238208160718631387889835516501      
   6.95936542704058199261955061087590876      
   6.95928506101840305188789143042573077      
   6.95920118385179091860106030883496691      
   6.95911369174081826824746174315118011      
   6.95902247733315442437098003754731510      
   6.95892742981201787900296041410923099      
   6.95882843498227805841227089342100550      
   6.95872537535136102210162363094990000      
   6.95861813020185175791127748033138571      
   6.95850657565099053727945840352816572      
   6.95839058469578076456339190153444910      
   6.95827002723984810347556753867270792      
   6.95814477010005349290890463727160658      
   6.95801467699180077948661463041194024      
   6.95787960849004634333228109332454007      
   6.95773942196485670810868419268147842      
   6.95759397149041769263702103814771161      
   6.95744310772889790158757111963227135      
   6.95728667778060110914656814950832808      
   6.95712452501119233288044650294655146      
   6.95695648884839397103806714451093526      
   6.95678240454100381509289044669665907      
   6.95660210290131440382078639375606880      
   6.95641541000426480101490082613843668      
   6.95622214686404185351480245369141508      
   6.95602212907579727841206027276538797      
   6.95581516642756088890146687633013543      
   6.95560106248362763156711408256079537      
   6.95537961412969089237267290594302751      
   6.95515061109865900493281941522400178      
   6.95491383544491721562760189148321183      
   6.95466906101646188379729755112530872      
   6.95441605285865292412106573935688828      
   6.95415456662253238976779021649903291      
   6.95388434790805675352563663284453565      
   6.95360513159142899946626485771922955      
   6.95331664113472706426984102287194248      
   6.95301858780293469945957126653223956      
   6.95271066991863933274041203943371413      
   6.95239257202722880339563930788805009      
   6.95206396404322271340886168985110204      
   6.95172450038301923041048567586422404      
   6.95137381898454486293676292886828483      
   6.95101154037689556360760285792418582      
   6.95063726664915501241120342704426304      
   6.95025058036795707713445251575938470      
   6.94985104351061882624210004084542820      
   6.94943819627852109853099847678258910      
   6.94901155589734836718523328331789796      
   6.94857061537497583021317696977807650      
   6.94811484213803075847833938648638890      
   6.94764367670986986654879036028380420      
   6.94715653123515478802487839854978852      
   6.94665278801816493855215841481916541      
   6.94613179780151590038625719405043684      
   6.94559287858022035153850664860213035      
   6.94503531323747944846756837002365548      
   6.94445834819003017625382549603950212      
   6.94386119134080316074805487260944670      
   6.94324301012276456805818833612282076      
   6.94260292951462230076322610399758641      
   6.94194002971174328171735019326240107      
   6.94125334394183759865021416060263953      
   6.94054185612275358856621551893118561      
   6.93980449818807873105362724575669407      
   6.93904014748586955056226652321489388      
   6.93824762408408707493911097846213867      
   6.93742568784479652003911277486562975      
   6.93657303506974498805922959881729897      
   6.93568829554340807245199711118287681      
   6.93477002888971358793156822247317929      
   6.93381672120057958877647569904154367      
   6.93282678074238106350985391988839229      
   6.93179853438647345934888027044054621      
   6.93073022290275087840302946602599051      
   6.92961999676410241329003602249106854      
   6.92846591120019180059987279883806822      
   6.92726592090892344280039548384858219      
   6.92601787497619115182196792938557863      
   6.92471951080105586244095929231723453      
   6.92336844826910805235812458421173085      
   6.92196218323938614469641449234204937      
   6.92049808041211408693494260613379505      
   6.91897336625365740170044122682340089      
   6.91738512098328550122083959514220915      
   6.91573027038618987216132262376793189      
   6.91400557699940766752797677294641114      
   6.91220763024040846311113439982541752      
   6.91033283657749082800028082798346916      
   6.90837740923685972836428452581146206      
   6.90633735537760935335758104077287249      
   6.90420846482507208679052155742437024      
   6.90198629623437275446002548663039429      
   6.89966616294775326631871787354677323      
   6.89724311835846392319102717643466130      
   6.89471193855913997716117833012034479      
   6.89206710595593067391620038849058376      
   6.88930278980942169606865945548403949      
   6.88641282611824274062641907561799542      
   6.88339069664509537832931051791441578      
   6.88022950477853244731545055751196038      
   6.87692195165894081659895321174423195      
   6.87346030881823816610886413393638970      
   6.86983638968923684420862205660832577      
   6.86604151957861532689106195060793718      
   6.86206650217642660388864090160228824      
   6.85790158514050785637152939146145969      
   6.85353642251589618369977083059302683      
   6.84896003563320727601877503742695193      
   6.84416077070898616857565472490195863      
   6.83912625468624234903241350501863837      
   6.83384334874185740917515662874077872      
   6.82829810091869083383512320091944882      
   6.82247569429656446973531238865977947      
   6.81636039681540309745414715340901438      
   6.80993550920218208102308128658552187      
   6.80318331341601388665396589966633324      
   6.79608502320428509733940176288604307      
   6.78862073721312715824100851557379096      
   6.78076939717591868226339652566140738      
   6.77250875389825886888771956134932859      
   6.76381534295428178753855033978850790      
   6.75466447414523610693447667689273819      
   6.74503023803660722270464736370314889      
   6.73488553238460367751376521069707987      
   6.72420211536426724758027208689966819      
   6.71295068460142660595632120342490765      
   6.70110099072908761665366112487590585      
   6.68862197751076627122940233677859817      
   6.67548195977177913184703731242730583      
   6.66164882474694571597907671590561346      
   6.64709025872874229112065258969963769      
   6.63177398393758562687151354001585059      
   6.61566799857961766103587371129581459      
   6.59874080334220781272090407868266495      
   6.58096160368540321185485552928161788      
   6.56230047645767369316351029902920875      
   6.54272849583932824560434476068077136      
   6.52221780951045893208546856458013132      
   6.50074167715030169842952638628575878      
   6.47827447080950979772575006844671753      
   6.45479165199533297726761695945740378      
   6.43026971312014926487639238575870124      
   6.40468614601290664268027320396373823      
   6.37801937361329737114317212399768367      
   6.35024870006966212842623283432623882      
   6.32135426029554520554563381652590370      
   6.29131697292491642975341234450655895      
   6.26011849476435766019527201082321864      
   6.22774117615333520051929002827852416      
   6.19416801444939899928832159186853421      
   6.15938260830169153672180101948583243      
   6.12336910859163525555074287764143559      
   6.08611216970044355828367346806219297      
   6.04759690015614254034902309919944655      
   6.00780881409729909585530894275841676      
   5.96673378389101420657751472312269962      
   5.92435799502845460848070414577690261      
   5.88066790328675356183955903122055046      
   5.83565019494442518155999269044878878      
   5.78929175009837435665505895701574847      
   5.74157960872869119700628939634045242      
   5.69250094079025677190855923255049952      
   5.64204301830831989351372266781609437      
   5.59019319098104340027460648273353231      
   5.53693886432372556842133990313931305      
   5.48226748026282622485142869528668565      
   5.42616650000335477131574258079215763      
   5.36862338902134539556811681257308020      
   5.30962560374692138919498803212518361      
   5.24916058013996881933095505911780242      
   5.18721572344452368415984497461049991      
   5.12377839947461877104066241889028825      
   5.05883592687412098806536916920349532      
   4.99237557055396679085674090102574320      
   4.92438453569731533665485162776647461      
   4.85484996305355654641531448757478323      
   4.78375892436019816805985568275346980      
   4.71109841870312742430714263808703316      
   4.63685536923689058904680747522682762      
   4.56101662042205135051767455581567008      
   4.48356893562220985806966077996356491      
   4.40449899505517819609083814348775749      
   4.32379339403278843094436533718662757      
   4.24143864147691827018467522532490053      
   4.15742115863582066374157050222303237      
   4.07172727801746275867754834437120412      
   3.98434324249629087468885595300038155      
   3.89525520456884348536612974980678128      
   3.80444922572174527438031771545404987      
   3.71191127593944024740529115007105032      
   3.61762723331646811186856051991005847      
   3.52158288373196460942551011865355997      
   3.42376392062619138347874903885822809      
   3.32415594482175928747696320490813285      
   3.22274446443307478122034508060659491      
   3.11951489479957273510656769263692334      
   3.01445255848440471398648899331027159      
   2.90754268530226980379193042288636678      
   2.79877041238525365123911131244418604      
   2.68812078427897814207651990261684272      
   2.57557875306953909511416616057499337      
   2.46112917852469299996072492011217773      
   2.34475682826361192731078559519496583      
   2.22644637793997363865279479292027530      
   2.10618241144277491507996230520375812      
   1.98394942111088799610675030109572233      
   1.85973180795585274653240556738376165      
   1.73351388189652945166761480557815460      
   1.60527986200480087989435055243869658      
   1.47501387675594406221114371588904984      
   1.34269996427887164646586464121991994      
   1.20832207263074768075360620422023464      
   1.07186406005366482164462951130061909      
  0.933309695247467227507207017148444169      
  0.792642657643098281497255796312822738      
  0.649846537676864639019748519215342628      
  0.504904837068737671048092500400872000      
  0.357800969098886357546495228062687281      
  0.208518258888476886039066208875810633      
   5.70399436783430659843395294511150113E-0002
  -9.66508268923606495663044858397954931E-0002
 -0.252570990504020102855082869068956238      
 -0.410737571879373952621281636085000275      
 -0.571167682505054384280110478859593052      
 -0.733878520352351821483693931789342596      
 -0.898887369601801395074238509183332558      
  -1.06621160036684352362823916204116896      
  -1.23586866842116520790496162625201723      
  -1.40787611492253936244447709650643320      
  -1.58225156614458608841965325614024027      
  -1.75901273320475950951508201289043656      
  -1.93817741179872972451456461821790380      
  -2.11976348193004956607612813593762334      
  -2.30378890765037716531643031473432020      
  -2.49027173679147421023511226016771891      
  -2.67923010070772776124363286884791397      
