   482.989325854482766625225197452827150      
   482.989325854498234655481154983509087      
   482.989325855059819086560773405629421      
   482.989325860516629894659871621309860      
   482.989325887322284515814506977970918      
   482.989325967435644092579296656626246      
   482.989325968950923145095286168331184      
   482.989323869000587490724806082304112      
   482.989307850192948670095587113810174      
   482.989234838319703636348295999487764      
   482.988991240619911300203322210698836      
   482.988340383513761340059385157859860      
   482.986868773418214736325902782274228      
   482.983944755005545688423750486582428      
   482.978698901874596239902613816897449      
   482.970029030597571971828082980266713      
   482.956627172603866136441358750176850      
   482.937022557309716653376481153161453      
   482.909633640881257480109968115299167      
   482.872822787406241781658625741966908      
   482.824948608071480871495109224241297      
   482.764412594920547222388290336711401      
   482.689698184363436352834441168277674      
   482.599401580012446607248450335407649      
   482.492254511273269206856875784474410      
   482.367139633259561612870662794025295      
   482.223099548074320787091458824017539      
   482.059340515210092709273451805201813      
   481.875231886004209847897830956384268      
   481.670302195111915538197494328950934      
   481.444232707629741122371173340627522      
   481.196849082529739014991167849515682      
   480.928111685616893653841045130256130      
   480.638104975828749186517620483049278      
   480.327026300456149518867646445150294      
   479.995174366059550614868908681461776      
   479.642937599780815053406016978687516      
   479.270782576942750529530712626567524      
   478.879242661048469177462107103644194      
   478.468906979801175858080273907009899      
   478.040409841409554308744447946279755      
   477.594420679472657875818795027542266      
   477.131634599283170797714766896508218      
   476.652763584005043108111902342672716      
   476.158528405508657953916902515544544      
   475.649651270117134198734160102634417      
   475.126849217562659591063831138521114      
   474.590828278346047879182400591440469      
   474.042278384070656183745122653710005      
   473.481869014130712261111957717792191      
   472.910245553953529106052115895388881      
   472.328026332660356896316995848148709      
   471.735800296646228982327454969726790      
   471.134125298138637201945562126749911      
   470.523526898251751413469407691561479      
   469.904497702873063411169712735029079      
   469.277497131270729577847191603580237      
   468.642951586040015384327975394779185      
   468.001254969992525693961583896365677      
   467.352769501239575425415403838149858      
   466.697826779709428006087442974005685      
   466.036729059696593945890553621586355      
   465.369750686717269702885637883272325      
   464.697139660434539812072534986995646      
   464.019119287116934248945872942298750      
   463.335889889748993861115076461174514      
   462.647630547594518935953071842761108      
   461.954500838209719922371876619365988      
   461.256642561274125518493011367963458      
   460.554181424210086855499296574123075      
   459.847228672959050983807714541301652      
   459.135882656332644915915384070470212      
   458.420230311368943454247901716403329      
   457.700348562002729891897969857064008      
   456.976305625977179077151338582448433      
   456.248162223623200828686530516340506      
   455.515972687805766763942367762657406      
   454.779785973913202666581356820675469      
   454.039646569454323506253080811635529      
   453.295595306070860129528871513163730      
   452.547670076403556994111932112386436      
   451.795906456216455007089659616863174      
   451.040338239643801363184090218876329      
   450.280997888873006348056551494511969      
   449.517916907837612891073144768253771      
   448.751126138240807290160407558839884      
   447.980655989241462510486364203836331      
   447.206536599526477965019864029529899      
   446.428797947617315069741873234255160      
   445.647469902456327487505608785206194      
   444.862582220958266634776296643334892      
   444.074164515752213901064165704949056      
   443.282246174885729002480950925329228      
   442.486856249697057550425610643115377      
   441.688023315752742328663967169612227      
   440.885775302741637050870490169414440      
   440.080139283904678655644173513665243      
   439.271141283802681230593501159818918      
   438.458806043391604985990217260303164      
   437.643156783163540638454538750235842      
   436.824214936613873543491649987104651      
   436.001999903728665011745756540945075      
   435.176528780497790023329904618292904      
   434.347816058808704329873775314097509      
   433.515873354672737246306947399093859      
   432.680709151288634199812458502489692      
   431.842328518048244578664342622145210      
   431.000732780551451115966756255797394      
   430.155919237448765818607782174778957      
   429.307880920209228579714129078688147      
   428.456606344590142532582975751972406      
   427.602079036064652671313712990080294      
   426.744277485093579134703839467005459      
   425.883174744960812474704753409631922      
   425.018738135835726278023190569994647      
   424.150928900508493150595342954034478      
   423.279702171502654028685877317011911      
   422.405006416871753179308125917006271      
   421.526783194890930130968357552843982      
   420.644967006206294207913076938766280      
   419.759484962919431765568014961865742      
   418.870256220270747717705902833100694      
   417.977192169668985981552208628956515      
   417.080195590545562505680085766962924      
   416.179160762041513017889923815218112      
   415.273972850783313896495348671391445      
   414.364507756509016934671683607327175      
   413.450631590235310384341314045651323      
   412.532200540148820839665102272711352      
   411.609060151576675526862814558762190      
   410.681045371683141505122591654558689      
   409.747979597269206485043504794353175      
   408.809674820457531769879262805541107      
   407.865930788267308625539101324069504      
   406.916534441671089957593914287825894      
   405.961259908549888423426844814718888      
   404.999867444503927872459504170652211      
   404.032103114583133005473254610052162      
   403.057698167268707358801772189274497      
   402.076368284120640503729036875156872      
   401.087813198888669112188591670852697      
   400.091715783549293020441851321817410      
   399.087741172467494248633066968475217      
   398.075536271792587309463922546261223      
   397.054728593090560745150501336263527      
   396.024925926720346275948168679055317      
   394.985714404897781088321443038716510      
   393.936658672460564256421775811326841      
   392.877300094916152668997341842067651      
   391.807155708779434281798037289556039      
   390.725717250241112389504676934974927      
   389.632450115452627682181672505511755      
   388.526791516578059893445649628407470      
   387.408149737635163576192313488605053      
   386.275902493621624489729464138067123      
   385.129395504494826031907844482519881      
   383.967941198267013893913471318283939      
   382.790817197971905319772720537996341      
   381.597264798141074610101541860953036      
   380.386487877178420280737501267206075      
   379.157650984319343187371563712766482      
   377.909878587489371818786790981628920      
   376.642253964671477658975386700234048      
   375.353818227098313813502190337880758      
   374.043570054814174127445133484890437      
   372.710465456287168286531554771382842      
   371.353418578520049866835176961987536      
   369.971302744509940378406434095655917      
   368.562953748569248882643092508388090      
   367.127172888284776948164567199600836      
   365.662732794962297430351261814672226      
   364.168385155207619958500103961293350      
   362.642871857501316956382785240376567      
   361.084938425817911222555291128260070      
   359.493353312914307672409388144951344      
   357.866931926668314822055134976685259      
   356.204567628824581707205228196330011      
   354.505272052133758741165022328810494      
   352.768224797904037196514889626457931      
   350.992836974741088877412401572542995      
   349.178829567286395269138453492889684      
   347.326330149955732669314088790309093      
   345.435990920845350500742202454636278      
   343.509132015698451301160504292192583      
   341.547911381920099295004063814806644      
   339.555524768161457541758396187411869      
   337.536430426848526789377819488208269      
   335.496629151508535137369845778170548      
   333.443914617454515164155776105296299      
   331.388190326788727926494076330545453      
   329.341753927681588552877848399210032      
   327.319560827494838087950567025908215      
   325.339423389127629848612392340078671      
   323.422109368144471502609683202535935      
   321.591293168619076167622121791071127      
   319.873315394246583821015322897103970      
   318.296717629997410891544466584786274      
   316.891541785034373748713471157173582      
   315.688402972074856691537375992277574      
   314.717396125432284077135760536055187      
   314.006912140755850533488852883727182      
   313.582483137461069065923107106103395      
   313.465765552266857818267664976571123      
   313.673764773785822878273766211448173      
   314.218367646302681426673861957569633      
   315.106202494623393767226892957466843      
   316.338806404789754808468660579400754      
   317.913041550743053513245390473884531      
   319.821687421402498280118572657561010      
   322.054129803025618867936823462667648      
   324.597080173982141860206262686626216      
   327.435266415381886304576886014048930      
   330.552064221828932496785068926472353      
   333.930045486051932639605658264843869      
   337.551433292312048428888057739347658      
   341.398469554477788246606367379757491      
   345.453697868995688645821338567873829      
   349.700174429478536544172344894259415      
   354.121616171339249015468439900232544      
   358.702498822278460686143351612572701      
   363.428116243665832613987211325593746      
   368.284605015691758420161950997514160      
   373.258948826597670882251868261823317      
   378.338963920051454966368492831350864      
   383.513272976724797397020729788106497      
   388.771271207370281416638250632971190      
   394.103085682603668503373105463727475      
   399.499533665486533554115876775726962      
   404.952078725533122332792549628946945      
   410.452788324440683187050257619680688      
   415.994290566610860967468935283538984      
   421.569734373703720246638496306873793      
   427.172750757667385064084937653073548      
   432.797417004467047012116811932834158      
   438.438222327572167332009526584975403      
   444.090037906262912605392579672720559      
   449.748085350505717480234908392137482      
   455.407912308940471100644254900461605      
   461.065367105988990677632491546884424      
   466.716575701632763367194613404636108      
   472.357921624724085826729393636115550      
   477.986027292413722611367888741207148      
   483.597736601120064781910582544628394      
   489.190098514941282032983086291721448      
   494.760353601852864223669767992069109      
   500.305920944969922342574005904918104      
   505.824385593541357781016619803215323      
   511.313487851617860485070427636775094      
   516.771113605308981392404407740589861      
   522.195284916198842761365808372193901      
   527.584152115374126367364395086805362      
   532.935985203223368932917481939650054      
   538.249168170855349475445158012601489      
   543.522191666866788917853991730000463      
   548.753647495220876485930603813877338      
   553.942222744489463555912798047817931      
   559.086695373493807514246842723502143      
   564.185929257663790004885858520456921      
   569.238870475541402729300329407235749      
   574.244541927367911217516537913725342      
   579.202041246373768925920562888757437      
   584.110536520676312261957119961454707      
   588.969263296987809812654085198328215      
   593.777521374321151280870431944009268      
   598.534672590079213569520540830997297      
   603.240137296813224954247987209241370      
   607.893392758457361885195691767727206      
   612.493969795909976461652408861846322      
   617.041452216668064180828787535188065      
   621.535472118783066915093998327044555      
   625.975710329469652098152779916253066      
   630.361893836084158196537146965775718      
   634.693793129272664882645053223828972      
   638.971220426635003065645080020589690      
   643.194029531101395536832539781864554      
   647.362112426850160920164216621512746      
   651.475398583263602799005806581617790      
   655.533853704382419386951108888439478      
   659.537477149605448354599683293250243      
   663.486302199219240379731379287373863      
   667.380392689983425304186837613271811      
   671.219843311393553520515883014207694      
   675.004777816790424709230435104441129      
   678.735347080812818422912204715119053      
   682.411729080251703759283532654050917      
   686.034126582732082065689941650454934      
   689.602766740655555738519856510404635      
   693.117899785698839798598831555505867      
   696.579797457886693362727637465316009      
   699.988752763387812321956776464027849      
   703.345078457640110772832874550194396      
   706.649105697816113778143966952024195      
   709.901183844940231559105179764088186      
   713.101678916944406474783540739924557      
   716.250972825701512622333833651507637      
   719.349462443988899705331388153651880      
   722.397558833587285566596663375632429      
   725.395686205654721244833696166065487      
   728.344281213550974264570683164737179      
   731.243791992817307522407684394034417      
