 0.13628526479685E+03
 0.13628526479685E+03
 0.13628526479700E+03
 0.13628526479836E+03
 0.13628526480478E+03
 0.13628526482493E+03
 0.13628526487383E+03
 0.13628526497463E+03
 0.13628526516627E+03
 0.13628526552868E+03
 0.13628526623801E+03
 0.13628526765602E+03
 0.13628527044388E+03
 0.13628527568056E+03
 0.13628528496426E+03
 0.13628530048070E+03
 0.13628532503080E+03
 0.13628536201827E+03
 0.13628541540366E+03
 0.13628548963466E+03
 0.13628558956363E+03
 0.13628572036344E+03
 0.13628588745169E+03
 0.13628609643238E+03
 0.13628635306182E+03
 0.13628666324344E+03
 0.13628703305362E+03
 0.13628746879731E+03
 0.13628797709000E+03
 0.13628856495999E+03
 0.13628923996331E+03
 0.13629001030267E+03
 0.13629088494206E+03
 0.13629187370878E+03
 0.13629298737655E+03
 0.13629423772429E+03
 0.13629563756768E+03
 0.13629720076188E+03
 0.13629894217601E+03
 0.13630087764107E+03
 0.13630302387455E+03
 0.13630539838562E+03
 0.13630801936545E+03
 0.13631090556755E+03
 0.13631407618301E+03
 0.13631755071509E+03
 0.13632134887105E+03
 0.13632549039851E+03
 0.13632999505210E+03
 0.13633488246016E+03
 0.13634017206092E+03
 0.13634588304565E+03
 0.13635203431959E+03
 0.13635864448118E+03
 0.13636573181978E+03
 0.13637331433107E+03
 0.13638140974954E+03
 0.13639003559708E+03
 0.13639920924627E+03
 0.13640894799672E+03
 0.13641926916378E+03
 0.13643019017688E+03
 0.13644172868665E+03
 0.13645390267910E+03
 0.13646673059473E+03
 0.13648023145241E+03
 0.13649442497468E+03
 0.13650933171537E+03
 0.13652497318636E+03
 0.13654137198335E+03
 0.13655855191058E+03
 0.13657653810145E+03
 0.13659535713657E+03
 0.13661503715715E+03
 0.13663560797517E+03
 0.13665710117671E+03
 0.13667955022394E+03
 0.13670299054836E+03
 0.13672745964127E+03
 0.13675299713831E+03
 0.13677964489698E+03
 0.13680744707685E+03
 0.13683645020760E+03
 0.13686670326390E+03
 0.13689825772249E+03
 0.13693116762723E+03
 0.13696548964713E+03
 0.13700128313636E+03
 0.13703861018172E+03
 0.13707753566921E+03
 0.13711812734410E+03
 0.13716045585703E+03
 0.13720459482364E+03
 0.13725062088286E+03
 0.13729861374576E+03
 0.13734865627809E+03
 0.13740083458342E+03
 0.13745523804962E+03
 0.13751195942799E+03
 0.13757109492377E+03
 0.13763274428794E+03
 0.13769701089611E+03
 0.13776400185422E+03
 0.13783382818072E+03
 0.13790660488851E+03
 0.13798245096173E+03
 0.13806148972422E+03
 0.13814384894084E+03
 0.13822966095884E+03
 0.13831906277875E+03
 0.13841219637321E+03
 0.13850920900738E+03
 0.13861025318526E+03
 0.13871548699818E+03
 0.13882507461226E+03
 0.13893918624161E+03
 0.13905799845643E+03
 0.13918169484383E+03
 0.13931046606909E+03
 0.13944451015248E+03
 0.13958403331206E+03
 0.13972924980659E+03
 0.13988038307816E+03
 0.14003766551640E+03
 0.14020133971892E+03
 0.14037165837211E+03
 0.14054888558834E+03
 0.14073329690681E+03
 0.14092518038896E+03
 0.14112483750075E+03
 0.14133258343559E+03
 0.14154874864144E+03
 0.14177367925358E+03
 0.14200773847919E+03
 0.14225130758876E+03
 0.14250478730034E+03
 0.14276859861996E+03
 0.14304318481399E+03
 0.14332901261776E+03
 0.14362657415641E+03
 0.14393638866335E+03
 0.14425900397712E+03
 0.14459499957159E+03
 0.14494498820650E+03
 0.14530961865928E+03
 0.14568957842714E+03
 0.14608559676321E+03
 0.14649844810113E+03
 0.14692895526795E+03
 0.14737799389628E+03
 0.14784649627998E+03
 0.14833545638840E+03
 0.14884593480713E+03
 0.14937906461337E+03
 0.14993605716589E+03
 0.15051820947940E+03
 0.15112691167044E+03
 0.15176365482833E+03
 0.15243004063605E+03
 0.15312779063725E+03
 0.15385875831240E+03
 0.15462494069570E+03
 0.15542849152890E+03
 0.15627173664097E+03
 0.15715718942254E+03
 0.15808756905705E+03
 0.15906581933931E+03
 0.16009513051742E+03
 0.16117896163458E+03
 0.16232106552091E+03
 0.16352551527127E+03
 0.16479673219694E+03
 0.16613951585081E+03
 0.16755907430983E+03
 0.16906105536095E+03
 0.17065157617265E+03
 0.17233725223356E+03
 0.17412521985155E+03
 0.17602316166639E+03
 0.17803930551522E+03
 0.18018242541057E+03
 0.18246181734104E+03
 0.18488725176912E+03
 0.18746889509024E+03
 0.19021719031848E+03
 0.19314269383870E+03
 0.19625585669914E+03
 0.19956675254748E+03
 0.20308474204951E+03
 0.20681809579659E+03
 0.21077357243274E+03
 0.21495600487338E+03
 0.21936789320969E+03
 0.22400909146867E+03
 0.22887659603146E+03
 0.23396449641574E+03
 0.23926409783404E+03
 0.24476420660464E+03
 0.25045156588044E+03
 0.25631137927454E+03
 0.26232787563222E+03
 0.26848485378791E+03
 0.27476616840004E+03
 0.28115612556450E+03
 0.28763978055586E+03
 0.29420313252625E+03
 0.30083323677634E+03
 0.30751824525374E+03
 0.31424739611729E+03
 0.32101096381397E+03
 0.32780018886271E+03
 0.33460719709704E+03
 0.34142491266887E+03
 0.34824697356650E+03
 0.35506765377489E+03
 0.36188178658889E+03
 0.36868470117974E+03
 0.37547216396071E+03
 0.38224032664748E+03
 0.38898568119343E+03
 0.39570502124654E+03
 0.40239540878832E+03
 0.40905414431035E+03
 0.41567874099407E+03
 0.42226690416757E+03
 0.42881651155713E+03
 0.43532559756036E+03
 0.44179233768456E+03
 0.44821503679838E+03
 0.45459211972159E+03
 0.46092211915631E+03
 0.46720366880619E+03
 0.47343549577961E+03
 0.47961641424931E+03
 0.48574531970702E+03
 0.49182118368600E+03
 0.49784304930896E+03
 0.50381002732538E+03
 0.50972129279772E+03
 0.51557608130230E+03
 0.52137368605050E+03
 0.52711345558792E+03
 0.53279479172933E+03
 0.53841714615270E+03
 0.54398001982277E+03
 0.54948295973898E+03
 0.55492555856247E+03
 0.56030745219653E+03
 0.56562831832877E+03
 0.57088787526584E+03
 0.57608588072712E+03
 0.58122213059457E+03
 0.58629645684677E+03
 0.59130872813398E+03
 0.59625884659218E+03
 0.60114674885068E+03
 0.60597240320088E+03
 0.61073581020651E+03
 0.61543699980580E+03
 0.62007603326636E+03
 0.62465299828091E+03
 0.62916801223455E+03
 0.63362121774804E+03
 0.63801278453515E+03
 0.64234290660714E+03
 0.64661180170457E+03
 0.65081971267690E+03
 0.65496690268531E+03
 0.65905365737290E+03
 0.66308028336340E+03
 0.66704710675642E+03
 0.67095447280433E+03
 0.67480274531307E+03
 0.67859230504019E+03
 0.68232355002545E+03
 0.68599689406190E+03
 0.68961276575333E+03
 0.69317160841646E+03
 0.69667387884861E+03
 0.70012004673954E+03
 0.70351059401247E+03
 0.70684601404514E+03
 0.71012681088292E+03
 0.71335349859355E+03
 0.71652660076823E+03
 0.71964664960839E+03
 0.72271418552133E+03
 0.72572975629009E+03
 0.72869391646892E+03
 0.73160722686142E+03
 0.73447025407731E+03
 0.73728356965489E+03
 0.74004774963449E+03
 0.74276337412929E+03
 0.74543102669969E+03
 0.74805129382094E+03
 0.75062476444699E+03
 0.75315202955517E+03
 0.75563368161934E+03
 0.75807031422533E+03
