-0.34915748048027E-09
-0.15543276272008E-09
-0.11493737526420E-09
-0.56956477672847E-10
-0.50455440137805E-10
-0.46308173817239E-10
-0.23802408916761E-10
-0.53153954417841E-11
-0.51988069812618E-11
-0.10561350942545E-10
-0.95803403774520E-11
-0.55786478865723E-11
-0.91426172381049E-11
-0.22227303952167E-11
-0.53901507167675E-11
-0.33575228336988E-11
-0.11129140195102E-11
-0.38612222931476E-12
-0.33819501359157E-11
-0.28056623762229E-11
-0.16101349410113E-11
-0.14249559767520E-11
-0.99354204407499E-12
-0.23301063805311E-11
-0.51042442105270E-12
-0.38573512134736E-12
-0.58464849844759E-12
-0.88663913020567E-12
 0.16741946951971E-11
 0.56079807483796E-11
 0.16287261368206E-10
 0.41501426550667E-10
 0.93371246877012E-10
 0.19325452083317E-09
 0.37830613198455E-09
 0.71092455490817E-09
 0.12863643476202E-08
 0.22500311188761E-08
 0.38165392221738E-08
 0.62965510602131E-08
 0.10128380527425E-07
 0.15916731261731E-07
 0.24485278762901E-07
 0.36929695730226E-07
 0.54689802318314E-07
 0.79624022676638E-07
 0.11410629971127E-06
 0.16112240049062E-06
 0.22369129919400E-06
 0.30921810508874E-06
 0.41941642664624E-06
 0.56214828161083E-06
 0.74642737725315E-06
 0.98244804983072E-06
 0.12811854485250E-05
 0.16545246797730E-05
 0.21181558508630E-05
 0.26884503356466E-05
 0.33864351162066E-05
 0.42340142089462E-05
 0.52582127257884E-05
 0.64883737642494E-05
 0.79569989749995E-05
 0.96977825614554E-05
 0.11751533980149E-04
 0.14162252678886E-04
 0.16977910902948E-04
 0.20250993654147E-04
 0.24038584835243E-04
 0.28402525848359E-04
 0.33409556870396E-04
 0.39131446007728E-04
 0.45645093675444E-04
 0.53032628471423E-04
 0.61381477163257E-04
 0.70784421416960E-04
 0.81339633773914E-04
 0.93150698148554E-04
 0.10632660957055E-03
 0.12098175959375E-03
 0.13723590728014E-03
 0.15521414144123E-03
 0.17504677549136E-03
 0.19686937130629E-03
 0.22082256032965E-03
 0.24705203559712E-03
 0.27570827512346E-03
 0.30694670340722E-03
 0.34092745000752E-03
 0.37781520365011E-03
 0.41777914055390E-03
 0.46099270283033E-03
 0.50763368449474E-03
 0.55788392354548E-03
 0.61192935672219E-03
 0.66995983166423E-03
 0.73216911366689E-03
 0.79875469236561E-03
 0.86991785631897E-03
 0.94586341969101E-03
 0.10268000060282E-02
 0.11129394577712E-02
 0.12044972729774E-02
 0.13016929173222E-02
 0.14047491044147E-02
 0.15138922954745E-02
 0.16293527136869E-02
 0.17513643989941E-02
 0.18801661369637E-02
 0.20159970862321E-02
 0.21591042897523E-02
 0.23097396497078E-02
 0.24681592290442E-02
 0.26346240432493E-02
 0.28093935786965E-02
 0.29927377322008E-02
 0.31849331685336E-02
 0.33862600122623E-02
 0.35970207665282E-02
 0.38174927321623E-02
 0.40479829755209E-02
 0.42888007650708E-02
 0.45402633364026E-02
 0.48026958877636E-02
 0.50764330066794E-02
 0.53618194463679E-02
 0.56592075651408E-02
 0.59689630278323E-02
 0.62914620844391E-02
 0.66270949244032E-02
 0.69762573458617E-02
 0.73393696727163E-02
 0.77168561126480E-02
 0.81091649419100E-02
 0.85167519345320E-02
 0.89400960812384E-02
 0.93796905488965E-02
 0.98360488762890E-02
 0.10309703565179E-01
 0.10801206727817E-01
 0.11311138266228E-01
 0.11840092460940E-01
 0.12388687044606E-01
 0.12957574085816E-01
 0.13547425772128E-01
 0.14158942279373E-01
 0.14792858044390E-01
 0.15449929744697E-01
 0.16130942282425E-01
 0.16836723019226E-01
 0.17568121920214E-01
 0.18326034886771E-01
 0.19111396159558E-01
 0.19925169316538E-01
 0.20768351487792E-01
 0.21641988331246E-01
 0.22547165352162E-01
 0.23485005817740E-01
 0.24456673100719E-01
 0.25463377253825E-01
 0.26506376439663E-01
 0.27586956744218E-01
 0.28706449092894E-01
 0.29866228036946E-01
 0.31067707605656E-01
 0.32312333439623E-01
 0.33601569424208E-01
 0.34936927169529E-01
 0.36319919652434E-01
 0.37752081995836E-01
 0.39234944397226E-01
 0.40770012431287E-01
 0.42358767878634E-01
 0.44002645741154E-01
 0.45703005439823E-01
 0.47461119812070E-01
 0.49278092752955E-01
 0.51154876330999E-01
 0.53092174777464E-01
 0.55090445453773E-01
 0.57149769177446E-01
 0.59269829409032E-01
 0.61449831237035E-01
 0.63688396681032E-01
 0.65983486350610E-01
 0.68332315861491E-01
 0.70731252658404E-01
 0.73175774512767E-01
 0.75660396360883E-01
 0.78178662771078E-01
 0.80723176699251E-01
 0.83285621596008E-01
 0.85856962670301E-01
 0.88427593640487E-01
 0.90987621550965E-01
 0.93527152023912E-01
 0.96036639503001E-01
 0.98507202645557E-01
 0.10093093314545E+00
 0.10330117031723E+00
 0.10561251159758E+00
 0.10786110217513E+00
 0.11004447998020E+00
 0.11216147957377E+00
 0.11421189617638E+00
 0.11619655572897E+00
 0.11811688214405E+00
 0.11997473241685E+00
 0.12177220654311E+00
 0.12351149681669E+00
 0.12519479215078E+00
 0.12682421841086E+00
 0.12840180263728E+00
 0.12992945519991E+00
 0.13140900093626E+00
 0.13284216440431E+00
 0.13423059692614E+00
 0.13557588232930E+00
 0.13687955575736E+00
 0.13814310429023E+00
 0.13936797888941E+00
 0.14055559532817E+00
 0.14170733579227E+00
 0.14282454973899E+00
 0.14390855553108E+00
 0.14496063717738E+00
 0.14598204275748E+00
 0.14697398550172E+00
 0.14793764038527E+00
 0.14887414463543E+00
 0.14978459517905E+00
 0.15067004954103E+00
 0.15153152726509E+00
 0.15237000622384E+00
 0.15318642599031E+00
 0.15398168686942E+00
 0.15475665285214E+00
 0.15551215054868E+00
 0.15624896861609E+00
 0.15696786345199E+00
 0.15766955697995E+00
 0.15835473887276E+00
 0.15902406757892E+00
 0.15967817140582E+00
 0.16031765045941E+00
 0.16094307727852E+00
 0.16155499816779E+00
 0.16215393418681E+00
 0.16274038269525E+00
 0.16331481834822E+00
 0.16387769392782E+00
 0.16442944133042E+00
 0.16497047282521E+00
 0.16550118204205E+00
 0.16602194454491E+00
 0.16653311886396E+00
 0.16703504730886E+00
 0.16752805676390E+00
 0.16801245937989E+00
 0.16848855331347E+00
 0.16895662346103E+00
 0.16941694198464E+00
 0.16986976901112E+00
 0.17031535310183E+00
 0.17075393196143E+00
 0.17118573283018E+00
 0.17161097302664E+00
 0.17202986045835E+00
 0.17244259393733E+00
 0.17284936376532E+00
 0.17325035214519E+00
 0.17364573336404E+00
 0.17403567429343E+00
 0.17442033479821E+00
 0.17479986795239E+00
 0.17517442045889E+00
 0.17554413282245E+00
 0.17590913973675E+00
 0.17626957028920E+00
 0.17662554827177E+00
 0.17697719240332E+00
 0.17732461654449E+00
 0.17766792993389E+00
 0.17800723741186E+00
 0.17834263959815E+00
 0.17867423311875E+00
 0.17900211072864E+00
 0.17932636155775E+00
 0.17964707121181E+00
 0.17996432196690E+00
 0.18027819291802E+00
 0.18058876010133E+00
 0.18089609666124E+00
 0.18120027296098E+00
 0.18150135670172E+00
 0.18179941305163E+00
 0.18209450475439E+00
 0.18238669224008E+00
 0.18267603373010E+00
 0.18296258534356E+00
