   91.9024000954186098051982755948291852      
   91.9024000954157999254187997248733201      
   91.9024000953183049918287565234925636      
   91.9024000944189589698065997008635562      
   91.9024000902246183962721118108031386      
   91.9024000771785825126478429833719559      
   91.9024000455519185186102242198103211      
   91.9023999768275853313573262329358815      
   91.9023998188883745646522965005282626      
   91.9023994042348768958119019998691780      
   91.9023982674646564896990968478966029      
   91.9023953413056547147741417921831209      
   91.9023885531493150331989477941328077      
   91.9023743801951093475633949762032202      
   91.9023474341429646049220658018171224      
   91.9023001360864855629005044733535820      
   91.9022225189347613107515631359794527      
   91.9021021690780312452863441444074283      
   91.9019242979562686487787653869931462      
   91.9016719202156504331183745255311135      
   91.9013261079318517314314355511835238      
   91.9008662884305676861357431404955328      
   91.9002705549225740249017579607927077      
   91.8995159632329226253670618484562867      
   91.8985787934569101827468885958230598      
   91.8974347617834538143010094944897168      
   91.8960591744390681094836937950529816      
   91.8944270221985229760170999247314977      
   91.8925130196878006816611721610540109      
   91.8902915983569016522756665540956018      
   91.8877368652511966175339983736438148      
   91.8848225414558904563035150041839675      
   91.8815218943914262351681010914698278      
   91.8778076771926088546112013054237009      
   91.8736520865012811066171998345014619      
   91.8690267474678099507765063014969341      
   91.8639027319098687380493326517907940      
   91.8582506127045438005537040999041297      
   91.8520405548071450550971043643157095      
   91.8452424409692118055590928620230382      
   91.8378260283457885388247880872294216      
   91.8297611308018667266979618236707472      
   91.8210178208076514340324008463082584      
   91.8115666443567393371850529382551818      
   91.8013788422487487248252972373393867      
   91.7904265713191125320179076072548880      
   91.7786831196626997067028120359770578      
   91.7661231105516150750984537980226697      
   91.7527226905002770564200842773102371      
   91.7384596977481300124065623310921440      
   91.7233138082565253835408842032307714      
   91.7072666571174200019086923141639794      
   91.6903019340408151934158476861153534      
   91.6724054522720458104281085242530550      
   91.6535651909133604374984493163305212      
   91.6337713111607848155607974980734550      
   91.6130161474085480882705577452780630      
   91.5912941696645617557320321730008903      
   91.5686019469535195046543056301076199      
   91.5449380464124644909186774443495121      
   91.5203029559622386687217032133972708      
   91.4946989706876270290747492146151230      
   91.4681300689764610822069852246211032      
   91.4406017767142284065870629583258498      
   91.4121210215629015833457277970558340      
   91.3826959793262565126652207108036655      
   91.3523359144723684372927354901902071      
   91.3210510165997347317782262676706209      
   91.2888522342393268574939933577896041      
   91.2557511079930408290669023698828821      
   91.2217596040808117213903935812151006      
   91.1868899496258870841882624411317812      
   91.1511544708610603040302164272135601      
   91.1145654350973220207621268367481558      
   91.0771348972308594474444078314995172      
   91.0388745517715138358041189206812591      
   90.9997955905736202180956448931263737      
   90.9599085665566782038577420846457923      
   90.9192232644939819831069422860002784      
   90.8777485786852981517120512963879509      
   90.8354923965618860900004248954430319      
   90.7924614901592472794371334349888315      
   90.7486614145759480156533773451281595      
   90.7040964119425768563401930927813843      
   90.6587693241405973865454639205270516      
   90.6126815095375432900361871821452409      
   90.5658327680174088397899010135754772      
   90.5182212695054456182728547499821442      
   90.4698434908301868726343442957149014      
   90.4206941553768089466326242709342342      
   90.3707661780966438308867534729985137      
   90.3200506169267007535688668346453015      
   90.2685366246728646913997374359846420      
   90.2162114052103329687993913438084998      
   90.1630601806069163090787225930416078      
   90.1090661452449332091078814411273996      
   90.0542104410897698943361842916154889      
   89.9984721170182526990662214075798495      
   89.9418281057990551932673309106819818      
   89.8842531892156336881003080426875138      
   89.8257199739032767477762269649104066      
   89.7661988619511857738739445368870346      
   89.7056580245791910744380339433317204      
   89.6440633698899929627584252174711442      
   89.5813785218969965177600488026644958      
   89.5175647882983985983702793361008294      
   89.4525811279416891770242921738429981      
   89.3863841173126384169585251093567284      
   89.3189279224868631982497650257550047      
   89.2501642655987003032887297629617340      
   89.1800423710560967614780342296430755      
   89.1085089408210951333433801753781252      
   89.0355081029926400350326713111297434      
   88.9609813603755343569270451299786542      
   88.8848675436135660293027044444997548      
   88.8071027157392280765967777098974413      
   88.7276202457836248236597913069460018      
   88.6463505623508459496960593359362884      
   88.5632211705199104006239472614477734      
   88.4781565854288320730569194336053539      
   88.3910782431436037674865837778233690      
   88.3019043767852106566071786985614745      
   88.2105499493721622679207400129373360      
   88.1169265388999089977661402980753073      
   88.0209422426391794843745936757633760      
   87.9225015315933750583465341244776956      
   87.8215051221367308355900440179033516      
   87.7178498572747449762538601812298740      
   87.6114285264214043507247306298689944      
   87.5021297303220579190175951476905058      
   87.3898376585093849370509295112461846      
   87.2744319812987705010006510399595767      
   87.1557875619888050550121886022857294      
   87.0337743193283831540675885657805081      
   86.9082569081918169737725806655032588      
   86.7790945357339829041803692652970261      
   86.6461406702984650103510600203014801      
   86.5092427662414356320883923018460520      
   86.3682419148732130936739528091651572      
   86.2229725405040426718617849391254758      
   86.0732620661666528613433574756919706      
   85.9189304723316647421832118591950946      
   85.7597898997723942204866090003423849      
   85.5956442558452402072288474031222272      
   85.4262886601299150768088906477144536      
   85.2515089642944910035294255866540753      
   85.0710811964524802929730100109514807      
   84.8847709587716720959261162156884509      
   84.6923327696797543884140576438281162      
   84.4935093947483953570677991756425281      
   84.2880309606189845301246536639536775      
   84.0756145320303181506691320640526117      
   83.8559627622052267188949425782855600      
   83.6287631877056405668875594150071823      
   83.3936871982559688419758355032245665      
   83.1503889093925089481790778831801634      
   82.8985039936372970060519581712103586      
   82.6376483489292515679516801706670006      
   82.3674167931953256944317498756133983      
   82.0873815353507587340479576414460559      
   81.7970905473553109082255785404814092      
   81.4960658557441356251721838607091024      
   81.1838015613803126353249337921045882      
   80.8597620682777703263378919977083230      
   80.5233797505273603726050874062569700      
   80.1740526063539480168676906938952182      
   79.8111419890202331165426035735248277      
   79.4339697639096986666790152253518947      
   79.0418157675528545693794614581439417      
   78.6339147088652868492868778262168193      
   78.2094533074307330232405610577457599      
   77.7675670373665831811251384281026744      
   77.3073368347651456553486873808060816      
   76.8277866056751367298126598738726697      
   76.3278790123326615677610639361761333      
   75.8065136177463010196499302546514743      
   75.2625237213399551615421201657962387      
   74.6946746196155590131700474470226460      
   74.1016623417123208366648081172074156      
   73.4821135058126504242453065072354148      
   72.8345870795187214131923655866416991      
   72.1575774563788351672533378992938046      
   71.4495208934817387191149909939478909      
   70.7088049174260053159325892399176006      
   69.9337822333991542234471713728012593      
   69.1227894772921506026205199524159742      
   68.2741731289867608279283934135935902      
   67.3863217212995078788877386763402636      
   66.4577068944768270834741592653533876      
   65.4869348779085425464042052668368973      
   64.4728043016787464537496508234366751      
   63.4143795993433273432569324324185564      
   62.3110646750767501907604682060472632      
   61.1626903748146906171880111220188322      
   59.9696013554888041272336152840714153      
   58.7327418958682573438249970018103622      
   57.4537343711718897875644418318905913      
   56.1349424465159499819327150347674009      
   54.7795134099047720755395019288412207      
   53.3913844701109086553977238624269738      
   51.9752815417680994473750133871206195      
   50.5366325506494034114733812815232533      
   49.0814824248118637242214256205386712      
   47.6163797451012976214255110970720679      
   46.1481024254427107441277612258514152      
   44.6836102942539495677919773624722120      
   43.2297535974626232545008545652343043      
   41.7930962294703850685427027021183677      
   40.3797375168519683583002680832267395      
   38.9951649664360683441644159870436490      
   37.6441468160305986792620057174310220      
   36.3306678993322457770140254977933589      
   35.0579082549517271844360404252547121      
   33.8282586472361802315546576081955628      
   32.6433675087493364467501479938253047      
   31.5042077092532690063296916093924307      
   30.4111574849594616472066134357556305      
   29.3640867692311799887407336883386889      
   28.3624435511239391037445296406694013      
   27.4053354518553431219732923462508331      
   26.4916045703399558761505218219207500      
   25.6198933731485729799387074494014880      
   24.7887017807289443034028841883426753      
   23.9964348379238291965470506480078544      
   23.2414426471198364025267279045648897      
   22.5220519904107963857886544017927638      
   21.8365918492208933197002737703177157      
   21.1834131535984036164976491753027257      
   20.5609036891872809106511769773067611      
   19.9674990172688338943975636765661564      
   19.4016904119708345437865385718224163      
   18.8620299713846728866903874756874315      
   18.3471337962410768899306305431451831      
   17.8556835032128742524913397104469379      
   17.3864264946081748090910454812128189      
   16.9381752907157228509334034548687406      
   16.5098061880815559394759216031529887      
   16.1002573487493950175259759215137107      
   15.7085264051825407994443879577910832      
   15.3336682077779538538510820948133968      
   14.9747920380160345191346174510264932      
   14.6310589329204680603741333431980615      
   14.3016789531931275554735463529219903      
   13.9859084811012055050220356438631585      
   13.6830476467064527950681963029788117      
   13.3924377042620612675616580585912494      
   13.1134586307110908011315498558305638      
   12.8455267404999078461726421580636334      
   12.5880924886781787717228316779949610      
   12.3406383469910184171157829730759640      
   12.1026767811499451407669531028908885      
   11.8737483785208237187022760142070503      
   11.6534200914248983497045356062257442      
   11.4412835577042803695233571089195737      
   11.2369535444176477147187652180574998      
   11.0400664778044947576560963937184880      
   10.8502790925373298017499619725587219      
   10.6672671456773210776961428628162636      
   10.4907242201031254955265859756864188      
   10.3203606191678115501047064369016675      
   10.1559023153099376081199427022634070      
   9.99708999503771218764723821310211895      
   9.84367812966418155270540118056232308      
   9.69543415193586986330168306808826282      
   9.55213765538706244262780045450147959      
   9.41357965149136816031742557790148333      
   9.27956190203137562214617099193311074      
   9.14989625989643222362936939121280651      
   9.02440407638102532510549023007467364      
   8.90291563855812587072520572173336913      
   8.78526965166429916598074785125344083      
   8.67131274306756623880544393907977931      
   8.56089902520143337866336868045322731      
   8.45388961405092794571251784979952507      
   8.35015230461484463231946928363087559      
   8.24956114943271848848579023739719669      
   8.15199611659124789894876817813574092      
   8.05734276543629743524271721111556853      
   7.96549193664578493428196465936601242      
   7.87633946491185425060673174122163227      
   7.78978591087253223416437668585632120      
   7.70573630307220691000139800749018960      
   7.62409990345472186437266051969399050      
   7.54478998407835042300587675581313130      
   7.46772361405129017580412797981123461      
   7.39282146476520055384765652485504237      
   7.32000762376982371416386347637506166      
   7.24920941988303544418415461013227035      
   7.18035725817590809983427018993288725      
   7.11338446843268280751331441741060087      
   7.04822715428673186537669006304539051      
   6.98482406057389118014028581335575237      
   6.92311644085522591971022523955029240      
   6.86304793653262367981702545899379422      
   6.80456446168384766213175472841224835      
   6.74761409371346929918403879443609383      
   6.69214697047861491628334422322731476      
   6.63811519372432119827878663436438210      
   6.58547273675829912683306723024380249      
   6.53417535728623266746311946419948999      
