   6.91360382032448847522976250442333937      
   6.91360382032448897452856100055816334      
   6.91360382032452743201328781372420908      
   6.91360382032516444341181800519020195      
   6.91360382032990751712095170087933288      
   6.91360382035170981779289183518755456      
   6.91360382042467998402730538438701763      
   6.91360382061958405575439078536419672      
   6.91360382105548862151324573427658108      
   6.91360382188595357242001123227974852      
   6.91360382321898980234024207341685545      
   6.91360382491702757164352695736515264      
   6.91360382622650346140026975961031495      
   6.91360382520635179018848672773638516      
   6.91360381795271752379251617050439328      
   6.91360379764466427504274383668810485      
   6.91360375345691122419430477551131087      
   6.91360366939923818156370468607168155      
   6.91360352314906522758051284457624053      
   6.91360328494558978800662555458718282      
   6.91360291661224946181910793025134430      
   6.91360237076968839932434254111826367      
   6.91360159029346640810279699698763700      
   6.91360050805957807032576522125263912      
   6.91359904700543519171381701112334989      
   6.91359712051626664011607609243701610      
   6.91359463312674456196272261941923193      
   6.91359148150858920012598804425078284      
   6.91358755569777460183189445658820650      
   6.91358274050114832853380745522815335      
   6.91357691701483957771911059535568368      
   6.91356996418359809017550633910263967      
   6.91356176033274520662326161750489511      
   6.91355218461114379463194573625676740      
   6.91354111829361474184361350488620767      
   6.91352844590315253979458704920377261      
   6.91351405612617130010813381003111206      
   6.91349784250639677048175186049695223      
   6.91347970391480897986465765419833842      
   6.91345954480247864853439963659791245      
   6.91343727525157790006806444195790539      
   6.91341281084540357351561185808713813      
   6.91338607238253195328099281855037605      
   6.91335698546213304737873093470303110      
   6.91332547996827761187739134397994402      
   6.91329148948041959658495314634452591      
   6.91325495063557680617500710741074730      
   6.91321580246538885425931899846292988      
   6.91317398572860038998812253404914212      
   6.91312944225647237464702482553116461      
   6.91308211432532761570810100734827255      
   6.91303194406778904351392052899825686      
   6.91297887293122342956873675697684559      
   6.91292284118909824319438108755570553      
   6.91286378750907256150426621968666424      
   6.91280164857916220998621360129598389      
   6.91273635879172657039168631828957033      
   6.91266784998378049346210921952925709      
   6.91259605123044736469864355637958606      
   6.91252088868821759593099393994160278      
   6.91244228548297667283862893917577585      
   6.91236016163842000919940424358865446      
   6.91227443403930072100144005025375003      
   6.91218501642414526912958893917617572      
   6.91209181938112169970276346863314779      
   6.91199475046234923860251330635537982      
   6.91189371412275850417016032162384619      
   6.91178861184712354437494308313593238      
   6.91167934219597025121778533589864976      
   6.91156580086761255503342067798017312      
   6.91144788075477959093973256742420219      
   6.91132547199476714766415882922638951      
   6.91119846200746597438961972653005294      
   6.91106673551882173601208569314982010      
   6.91093017456848654673531582378629641      
   6.91078865849714420739408114836545752      
   6.91064206391144932847671907088446359      
   6.91049026462851463420958437226079486      
   6.91033313159386394565180631989624891      
   6.91017053277461866121312986701269380      
   6.91000233302837506560803785967240482      
   6.90982839393801552045542962719008629      
   6.90964857362117427877600655529967552      
   6.90946272650774860578679793286753156      
   6.90927070309755369307243859082362575      
   6.90907234967696836922542988760341250      
   6.90886750801439877002353500192487348      
   6.90865601501457898209654452370968579      
   6.90843770236213458043969022237975261      
   6.90821239611044279463272914596091775      
   6.90797991624038365618666695817157834      
   6.90774007621411909569657948032904729      
   6.90749268247574319481347156760637687      
   6.90723753393026215025932667606945604      
   6.90697442139603672280693034102865888      
   6.90670312702204918227197200157447586      
   6.90642342361435011016240597370438193      
   6.90613507403721728486411001255843066      
   6.90583783051215462151355489793429953      
   6.90553143391407274742272445602988511      
   6.90521561298646171873563766407068761      
   6.90489008358491096910280130125502974      
   6.90455454786978768588723596407487196      
   6.90420869335863694170524110113959577      
   6.90385219210411090595182404439901903      
   6.90348469972334918738472613272737380      
   6.90310585450481232515339984058073619      
   6.90271527626739348958876235870498421      
   6.90231256528911216452732288553689161      
   6.90189730127858392741043841753411921      
   6.90146904233208582122754051624210266      
   6.90102732344601418901335317125891456      
   6.90057165534020657373133658773117342      
   6.90010152333385837400985124154859290      
   6.89961638592739266364034344232768639      
   6.89911567296578138388509978702731548      
   6.89859878473870529474630608250128943      
   6.89806509020588846548868033518707628      
   6.89751392498498855741394013498156109      
   6.89694459002423805226783009668029620      
   6.89635635027656553018394174339656976      
   6.89574843177100727997269342027750978      
   6.89512002018825529749007151976428214      
   6.89447025920294952139940235447333699      
   6.89379824744004141246543770155136367      
   6.89310303725870293571684563788731250      
   6.89238363131297814867549052394603776      
   6.89163898096438138324970710673322231      
   6.89086798316898943984952776175443265      
   6.89006947777680966292166346419807452      
   6.88924224478816533289143722086398676      
   6.88838500123589088054482066875711898      
   6.88749639765309176287564136152863748      
   6.88657501549180344902338216357736727      
   6.88561936241668281051390086732345627      
   6.88462786953846728139278687566909380      
   6.88359888697944979095461375920033259      
   6.88253067930714038249644301352021945      
   6.88142142168581644981409687630504072      
   6.88026919490828109498831140025740616      
   6.87907198031100807464922115771604826      
   6.87782765414052645044955077508334211      
   6.87653398240465415935329346779860613      
   6.87518861497243214810841767049207322      
   6.87378907863557941112697549246799829      
   6.87233277023649316953614896239990109      
   6.87081695037386302305605683304975838      
   6.86923873468935846693244805089734582      
   6.86759508629947838776250077581441161      
   6.86588280662224434186745709153269294      
   6.86409852639061668852548377596973603      
   6.86223869542359759889515028429617813      
   6.86029957193419866527451819481273949      
   6.85827721109010946620719939959174207      
   6.85616745365247965254909018992039165      
   6.85396591136914925368611033981825926      
   6.85166795398291794855400226284698403      
   6.84926869400869266953480922735967762      
   6.84676297048639856338787836811189012      
   6.84414533173640718964157520459166203      
   6.84141001703572026206010422878282820      
   6.83855093621780421518954410501455704      
   6.83556164848084831466428850984448446      
   6.83243533997322575754743439659712377      
   6.82916479791633175902407650831897656      
   6.82574238506356803884011578568304639      
   6.82216001057577775982452868934186432      
   6.81840910095515824972124047133017118      
   6.81448056534025563844524495346561363      
   6.81036476247376250962322290990461287      
   6.80605146248693570461573402107977645      
   6.80152980776734961067373229273092539      
   6.79678827032817136250976036715749358      
   6.79181460779428625715933590193270099      
   6.78659581646821376745595678390495509      
   6.78111808264522898818310187176660500      
   6.77536673073825701674416989428662197      
   6.76932617374316277493240539284680901      
   6.76297985703100101235029002462966342      
   6.75631020738968752863259614107874334      
   6.74929858160286962141203964757956332      
   6.74192521676449848070539633320983179      
   6.73416918734636776959686436258699395      
   6.72600836773923032050769860365431990      
   6.71741940540830111720709373455326588      
   6.70837770803134098035873361603148319      
   6.69885744673498249834643996401820572      
   6.68883158113676761679240494040964388      
   6.67827191103997278733206860574001877      
   6.66714915626945942456325021908072644      
   6.65543306973349770783612825277890742      
   6.64309259004956481287809224907060657      
   6.63009601961214939202856335657576119      
   6.61641124313324356267556724483044171      
   6.60200596790875595493257565445217803      
   6.58684798101980203771831391273010032      
   6.57090540605154122470155044760590762      
   6.55414694935339714478223894699077526      
   6.53654211493719911714864678516990142      
   6.51806137954188422268918504044489493      
   6.49867631443587145625229381557111806      
   6.47835965027040467761357185289941873      
   6.45708529034224687881403180340508646      
   6.43482827747257616849255059983589132      
   6.41156473155068127526837551271968530      
   6.38727177237896541728573926577191942      
   6.36192740910990801869949191433411625      
   6.33551048593721453666222961827681574      
   6.30800059061096767164037832729288100      
   6.27937799686825261901007473228297659      
   6.24962361822119625442906431221550156      
   6.21871896948992091519670222676345008      
   6.18664613702909326022830651869832807      
   6.15338775218676351008742611531160340      
   6.11892696456857106955484611003120717      
   6.08324741663447326234553209254826341      
   6.04633321431535828701403360700673013      
   6.00816889575172229380530632664830864      
   5.96873939854715313353181404700384800      
   5.92803002504956914450733539121280696      
   5.88602640689136562158461616773883877      
   5.84271446966548180967435310590089459      
   5.79808039825903703218322657488167250      
   5.75211060311333389451207537905389699      
   5.70479168853187155654144073500818051      
   5.65611042219696468295398588673795941      
   5.60605370794511864635305248721568002      
   5.55460855964464075864562091612404328      
   5.50176207796303800429073978867708001      
   5.44750142902595498568840871176685060      
   5.39181382536443857834911352114443089      
   5.33468650878863324708197884152930610      
   5.27610673510712333191316515840473134      
   5.21606176049816001587156574169198758      
   5.15453882950393975451547901232883741      
   5.09152516450328364167726170386261971      
   5.02700795626156468255572545595776092      
   4.96097435573621980894413406197571000      
   4.89341146694771044938233304274097635      
   4.82430634049404424645523179945639385      
   4.75364596833585117869863215438392962      
   4.68141727875054822577779385187751553      
   4.60760713218426231828783450739849121      
   4.53220231767053920863088119955406298      
   4.45518954963847688851190603297305313      
   4.37655546514711267346544525235577051      
   4.29628662150655161841686672160827529      
   4.21436949426644389091157800397851310      
   4.13079047542771739578553671551560910      
   4.04553587191372114091851987356088197      
   3.95859190429108157007643594095407933      
   3.86994470567202208716079773390742882      
   3.77958032076901932057095192247979756      
   3.68748470510797850832182712929418570      
   3.59364372437136300477283523557852696      
   3.49804315389721954895451512634084653      
   3.40066867819153208882286818564217200      
   3.30150589060646871403925621727609104      
   3.20054029304762906908486090162308169      
   3.09775729583064442050356105255877687      
   2.99314221746121013394823028884637886      
   2.88668028460372370745367675745311685      
   2.77835663203096405837419026945645735      
   2.66815630261183668396541911689652361      
   2.55606424735934500979294537519109665      
   2.44206532549548590959423269246525733      
   2.32614430456425005796503883748824943      
   2.20828586053664184672249646308265649      
   2.08847457796691140758983409799314755      
   1.96669495014767440898209927682003962      
   1.84293137930388748681301286712855013      
   1.71716817677263378357993024547599228      
   1.58938956322357874811328881572578801      
   1.45957966887079729124715037514468827      
   1.32772253371172016939062853827883760      
   1.19380210773592341500097790357518488      
   1.05780225120599664803139941343616311      
  0.919706734885937573068792076361901526      
  0.779499240300738509578596367379996155      
  0.637163359995973912089041126330156543      
  0.492682597799997981129182110819184964      
  0.346040369089653459692027707614839946      
  0.197220001063198341711419947853653644      
   4.62047329998220625342639364283403250E-0002
 -0.107022283459002084145597588903851403      
 -0.262477984037671413999450185926805772      
 -0.420179391565748311925212675292119304      
 -0.580143615683060352029648713229647907      
 -0.742387852593927256890997910000806294      
 -0.906929384766818100539128277581476149      
  -1.07378558067726546815103979273621980      
  -1.24297389454466941090883426230228014      
  -1.41451186603309938955081753505503264      
  -1.58841712000954305407740356637608012      
  -1.76470736626499589779881220114191265      
  -1.94340039924420938628099406125919392      
  -2.12451409777495906515794615629178733      
  -2.30806642481992112783390286536409396      
  -2.49407542720639281463482243141127315      
  -2.68255923535151162217909629556773143      
