 0.14503864187074E-12
 0.29719426093479E-12
 0.32765477839413E-12
 0.53033613365091E-12
 0.71864087013113E-12
 0.73942047483475E-12
 0.13171458614328E-11
 0.21386230574231E-12
 0.12665839888189E-11
 0.14626192271735E-11
 0.11890972387002E-11
 0.18899504407535E-11
 0.21590428716881E-11
 0.17706882853301E-11
 0.18147776088614E-11
 0.22539230987665E-11
 0.30013501517946E-11
 0.25088609799419E-11
 0.12393322388064E-11
 0.28397861076941E-11
 0.33084988039272E-11
 0.43007542685085E-11
 0.24154441541649E-11
 0.61064938075428E-11
 0.11029829781928E-10
 0.20144214399641E-10
 0.43302648869580E-10
 0.85207856663905E-10
 0.17494290939777E-09
 0.34993870906392E-09
 0.67060555822309E-09
 0.12546019055800E-08
 0.22767711525003E-08
 0.40154240625545E-08
 0.68851612872591E-08
 0.11507234356609E-07
 0.18770453516591E-07
 0.29906642447328E-07
 0.46623175782365E-07
 0.71212155940013E-07
 0.10669460161149E-06
 0.15700019746762E-06
 0.23357642314561E-06
 0.31422960931576E-06
 0.44537203469252E-06
 0.63465612230669E-06
 0.87461325656274E-06
 0.11663409005558E-05
 0.15338751693789E-05
 0.20159406051954E-05
 0.26357103397040E-05
 0.34170183883570E-05
 0.44007457103445E-05
 0.55948199683722E-05
 0.70404575672106E-05
 0.87751249830495E-05
 0.10872744585353E-04
 0.13383201554098E-04
 0.16387084663361E-04
 0.19940712969441E-04
 0.24100162117376E-04
 0.28929726930416E-04
 0.34557436379196E-04
 0.41088549718538E-04
 0.48589575063452E-04
 0.57183821307914E-04
 0.66988240363562E-04
 0.78127174419707E-04
 0.90732231841537E-04
 0.10494228788842E-03
 0.12090337030164E-03
 0.13876853939630E-03
 0.15869817846523E-03
 0.18085804099342E-03
 0.20542141081418E-03
 0.23256844571571E-03
 0.26248425544370E-03
 0.29536254419747E-03
 0.33139074146618E-03
 0.37078323651257E-03
 0.41374508859689E-03
 0.46048382999866E-03
 0.51121556617539E-03
 0.56615974112976E-03
 0.62554639138000E-03
 0.68960362080368E-03
 0.75856613565867E-03
 0.83267062475432E-03
 0.91215956468609E-03
 0.99726826889498E-03
 0.10882496013169E-02
 0.11853516204018E-02
 0.12888262039580E-02
 0.13989409202050E-02
 0.15159576077970E-02
 0.16401392941767E-02
 0.17717670742274E-02
 0.19110929614626E-02
 0.20584424018201E-02
 0.22142039199746E-02
 0.23781738209600E-02
 0.25511751446143E-02
 0.27333945355023E-02
 0.29253463776716E-02
 0.31270355130566E-02
 0.33387069272519E-02
 0.35606649901621E-02
 0.37935147167410E-02
 0.40375707160407E-02
 0.42933853863020E-02
 0.45613607863128E-02
 0.48415935081923E-02
 0.51345567901727E-02
 0.54404331419432E-02
 0.57597307312837E-02
 0.60932419802456E-02
 0.64419741246848E-02
 0.68055009560808E-02
 0.71845505491667E-02
 0.75794464576610E-02
 0.79909205210754E-02
 0.84201228700436E-02
 0.88666631924812E-02
 0.93315128568707E-02
 0.98162555975940E-02
 0.10320560350553E-01
 0.10843900363330E-01
 0.11391670614448E-01
 0.11957096867640E-01
 0.12548485545078E-01
 0.13160820346870E-01
 0.13798026986393E-01
 0.14461658997048E-01
 0.15147659840558E-01
 0.15864899629741E-01
 0.16608447731847E-01
 0.17378289443567E-01
 0.18178671188743E-01
 0.19007365598702E-01
 0.19867694910970E-01
 0.20760487575291E-01
 0.21685416885864E-01
 0.22643304902879E-01
 0.23636625099970E-01
 0.24663852452125E-01
 0.25725612542234E-01
 0.26824382093742E-01
 0.27956872291156E-01
 0.29128388553666E-01
 0.30334344329070E-01
 0.31577950166676E-01
 0.32857335850713E-01
 0.34172735954300E-01
 0.35522438957233E-01
 0.36904217195955E-01
 0.38318180172039E-01
 0.39764229582913E-01
 0.41236482082687E-01
 0.42730608400153E-01
 0.44244750278544E-01
 0.45770801647782E-01
 0.47303454385960E-01
 0.48838872277651E-01
 0.50367210105515E-01
 0.51879685936967E-01
 0.53362704387069E-01
 0.54803144102254E-01
 0.56185181138341E-01
 0.57490253411793E-01
 0.58701242873344E-01
 0.59786942241632E-01
 0.60725297741843E-01
 0.61484343887421E-01
 0.62034537014704E-01
 0.62338228575345E-01
 0.62346981660360E-01
 0.62018827350843E-01
 0.61305964337295E-01
 0.60162908243839E-01
 0.58537508501576E-01
 0.56378110742989E-01
 0.53641274620230E-01
 0.50283867061937E-01
 0.46276503294538E-01
 0.41588446168899E-01
 0.36200883108210E-01
 0.30121373510957E-01
 0.23361758087374E-01
 0.15953478110306E-01
 0.79485339459838E-02
-0.57862669277494E-03
-0.94905313276619E-02
-0.18598136899417E-01
-0.27629819617950E-01
-0.36249195352883E-01
-0.44071311214261E-01
-0.50698717033497E-01
-0.55802834376097E-01
-0.59173877844163E-01
-0.60770198807928E-01
-0.60693781713916E-01
-0.59162760607194E-01
-0.56574058695114E-01
-0.53314256524221E-01
-0.49652155321701E-01
-0.45920648615966E-01
-0.42282697610194E-01
-0.38875843435532E-01
-0.35763523124634E-01
-0.32970391485298E-01
-0.30488713898048E-01
-0.28296824306315E-01
-0.26366613695590E-01
-0.24658807200195E-01
-0.23143728398916E-01
-0.21792805470605E-01
-0.20579800899464E-01
-0.19482899651706E-01
-0.18485887250154E-01
-0.17574133748949E-01
-0.16736176430345E-01
-0.15961435510199E-01
-0.15244199083907E-01
-0.14578555092830E-01
-0.13959742776911E-01
-0.13381679763565E-01
-0.12841397101139E-01
-0.12336202671580E-01
-0.11863417196095E-01
-0.11419319357680E-01
-0.11002026134098E-01
-0.10609689239085E-01
-0.10240737416284E-01
-0.98925541541202E-02
-0.95635614115412E-02
-0.92522581594852E-02
-0.89575230164149E-02
-0.86784495508814E-02
-0.84125733677502E-02
-0.81600144821386E-02
-0.79197164010056E-02
-0.76901190764679E-02
-0.74705220053208E-02
-0.72605439436189E-02
-0.70595225757309E-02
-0.68663851723359E-02
-0.66807281771520E-02
-0.65021701996242E-02
-0.63302228634228E-02
-0.61642385595472E-02
-0.60039389590209E-02
-0.58491511522885E-02
-0.56991894471287E-02
-0.55540177806433E-02
-0.54132228340777E-02
-0.52767039369644E-02
-0.51441325792848E-02
-0.50152142548366E-02
-0.48899500721812E-02
-0.47680342393271E-02
-0.46493578446204E-02
-0.45337278649004E-02
-0.44213179096219E-02
-0.43115443531480E-02
-0.42043840802158E-02
-0.40999158169518E-02
-0.39982684548622E-02
-0.38990159487765E-02
-0.38019716932424E-02
-0.37072756934313E-02
-0.36148309188831E-02
-0.35246007023619E-02
-0.34366269097596E-02
-0.33505990201291E-02
-0.32665978779340E-02
-0.31846841267970E-02
-0.31046312709209E-02
-0.30265031127694E-02
-0.29501892214864E-02
-0.28757393590674E-02
-0.28030981323150E-02
-0.27322418435821E-02
-0.26629934805059E-02
-0.25954955631794E-02
-0.25296816016566E-02
-0.24654612923931E-02
-0.24028615335559E-02
-0.23418018316794E-02
-0.22823114487763E-02
-0.22243081303687E-02
-0.21678257010606E-02
-0.21127682576833E-02
-0.20591770982170E-02
-0.20070326107174E-02
-0.19561145280932E-02
-0.19067106354170E-02
-0.18586330182675E-02
-0.18117512729909E-02
-0.17662560743221E-02
-0.17219681261930E-02
