   6.91360382032448847522976250442333937      
   6.91360382032448897452856100055816334      
   6.91360382032452743201328781372420908      
   6.91360382032516444341181800519020272      
   6.91360382032990751712095170087933057      
   6.91360382035170981779289183518706922      
   6.91360382042467998402730538419602469      
   6.91360382061958405575439076763586830      
   6.91360382105548862151324510700227594      
   6.91360382188595357241999997418895505      
   6.91360382321898980234011906510030010      
   6.91360382491702757164260245899009275      
   6.91360382622650346139506626224428183      
   6.91360382520635179016517129867078256      
   6.91360381795271752370551111952833153      
   6.91360379764466427476298650337402914      
   6.91360375345691122339857762858106516      
   6.91360366939923818097631858123763439      
   6.91360352314906522308177802300600736      
   6.91360328494558976048749170750926158      
   6.91360291661224931996872819192163152      
   6.91360237076968776463738774974759410      
   6.91360159029346634863618280391828462      
   6.91360050805957783117652345841199258      
   6.91359904700543432610677510160365529      
   6.91359712051626378641449045430605537      
   6.91359463312673590529762639240578955      
   6.91359148150856482542329289647807485      
   6.91358755569771041445962360363288135      
   6.91358274050098920842463060466686184      
   6.91357691701446611454993240012920941      
   6.91356996418276403532816769344360260      
   6.91356176033096494721626736597863999      
   6.91355218460749784747983634524802901      
   6.91354111828642550896008504344769317      
   6.91352844588946129946865967723433366      
   6.91351405610091951010271564575782426      
   6.91349784246117909879031141852345050      
   6.91347970383602091953938032106110464      
   6.91345954466862705106932875223355442      
   6.91343727502945732674972366557488497      
   6.91341281048476400842702119712041736      
   6.91338607180877373812203695097274662      
   6.91335698456646181850466394327917069      
   6.91332547859463601469479554208526719      
   6.91329148740838244979742557257882758      
   6.91325494755825391098066874460076196      
   6.91321579796122343478712756224517817      
   6.91317397922578420828106241951198213      
   6.91312943298851974114315872729872123      
   6.91308210127616456007460099322314218      
   6.91303192590451813381852557808424709      
   6.91297884792252881761929472939317565      
   6.91292280709257705755623561565703705      
   6.91286374149298347812603104948921828      
   6.91280158704782681024424753894107742      
   6.91273627723307846756510845453418759      
   6.91266774277844089900225337590299687      
   6.91259591143013577895769137582675685      
   6.91252070776020200650389381236461707      
   6.91244205301710096218663368897969060      
   6.91235986501318546776119741368402152      
   6.91227405804336169988950626307341061      
   6.91218454282954336336070214498824277      
   6.91209122648589824110710773193696493      
   6.91199401249831827206913368702772471      
   6.91189280071497449091748150075155840      
   6.91178748734073862690840046439622320      
   6.91167796493302312199114555795186024      
   6.91156412239391074604255490855632084      
   6.91144584495344452736040565284090043      
   6.91132301414343843431110094912455338      
   6.91119550775613215465568395168472353      
   6.91106319978535085079002506705807255      
   6.91092596034954682330933966332155068      
   6.91078365559187843351920873261443601      
   6.91063614755559150734582798619256204      
   6.91048329403736517536361915484489350      
   6.91032494841202803594086559845931020      
   6.91016095943117692994806917843538366      
   6.90999117099662270251433589546134673      
   6.90981542189721953615394335142037796      
   6.90963354552055183175718174056072230      
   6.90944536953084045101765167063925654      
   6.90925071552778889861089788423467201      
   6.90904939866242067764641293957952250      
   6.90884122723229623310006528660832911      
   6.90862600223359125627942517776688492      
   6.90840351690554458161628904442833898      
   6.90817355621445476397582466586934754      
   6.90793589630726701075713142841563125      
   6.90769030397269219087591182720696947      
   6.90743653602576799277713974515657169      
   6.90717433869033941894071201086547035      
   6.90690344694874946387981401503260886      
   6.90662358384733111118756897674015216      
   6.90633445971048668008530967874235877      
   6.90603577144386631694643493763780658      
   6.90572720171668363890476224544138947      
   6.90540841814839530967384253589196843      
   6.90507907240006811058691928095318518      
   6.90473879931669039802315263428943107      
   6.90438721598234572815477206476826250      
   6.90402392065759589765319394966544834      
   6.90364849177454224606959038596645698      
   6.90326048694203613296854391677375362      
   6.90285944183324083508036404697660656      
   6.90244486889215806960644657048880941      
   6.90201625611954486206643630900344030      
   6.90157306592894813620757960452420587      
   6.90111473394156016766752271006597740      
   6.90064066716106963265335184615250263      
   6.90015024268476926742196277726283371      
   6.89964280683517215926322330313058255      
   6.89911767267381271812160330619530013      
   6.89857411852570319397558263150266711      
   6.89801138691889180300426138838304999      
   6.89742868208815759604486108238458361      
   6.89682516810112818922415673095527487      
   6.89619996732043666598422869936659793      
   6.89555215824541373911399374028102640      
   6.89488077256294132138906393804515121      
   6.89418479416756037943452111635907263      
   6.89346315548423443353926017443256277      
   6.89271473581143387981569036894088689      
   6.89193835834150005813485186404289419      
   6.89113278717007171595292009463367125      
   6.89029672486421029997051066499801695      
   6.88942880897552693314409605148497107      
   6.88852760883497102259466130781146747      
   6.88759162239386573718837123731412136      
   6.88661927188971266980142652422225528      
   6.88560890134700156390922319664546061      
   6.88455877092298878873339538880741161      
   6.88346705389329024008813367336308138      
   6.88233183195591286604576132084824904      
   6.88115108985186359175782646320095759      
   6.87992271096948014580217179319517281      
   6.87864447183178227646580702624731894      
   6.87731403669377068934094622657277407      
   6.87592895076763517426641533189001995      
   6.87448663491642593150093605155659721      
   6.87298437898295403256184745539378444      
   6.87141933362934742871397465553933759      
   6.86978850377270603161586415509216368      
   6.86808874036489071762619467659043793      
   6.86631673144983417597080993595210122      
   6.86446899410313085500667809168135562      
   6.86254186376499468998591726772882497      
   6.86053148538990135565380532925834873      
   6.85843380063605384495745478837060637      
   6.85624453816356835594598797362207717      
   6.85395920059557320949270624312877406      
   6.85157305139977222087297314193616554      
   6.84908110103576938549703512241458402      
   6.84647809227879308203943246732001306      
   6.84375848388912077396104859422416640      
   6.84091643455344300278231284548337232      
   6.83794578459267174261102059168830899      
   6.83484003628605208989002336181027838      
   6.83159233469832050312415091711319932      
   6.82819544505971498162602490378024357      
   6.82464173006976673980366207435126309      
   6.82092312564270321505958259506011084      
   6.81703111514800025408683038945798724      
   6.81295670202637506259573560142176521      
   6.80869038037742281425840184089266962      
   6.80422210510058072280869756687692036      
   6.79954125934820088024959763564475656      
   6.79463662111486087183419974255832909      
   6.78949633040076349594485039999265599      
   6.78410785004192901566248773150731052      
   6.77845793116125939740250120677892809      
   6.77253257510883045867995437358934791      
   6.76631699617359460848856743734875116      
   6.75979558448995158700402331040818120      
   6.75295187089887673651459593435888714      
   6.74576849305844628906736415537420085      
   6.73822716669674822730232304594167194      
   6.73030866065878969911851475780005766      
   6.72199277932123634078987720705577185      
   6.71325835445243870394797359733698689      
   6.70408324715403827207582827292548057      
   6.69444436414680852318155408212513739      
   6.68431769100020743717773559772474987      
   6.67367834330058879689149868232759506      
   6.66250063701128457017566328788317533      
   6.65075818531940039339968727582282883      
   6.63842401250115422914245159477872117      
   6.62547069295759902419043918646936977      
   6.61187050792015573719809706311360676      
   6.59759561314455228957152100188776393      
   6.58261821306270996961667901732876385      
   6.56691073175175210927360540967592608      
   6.55044596863665333198606189937012521      
   6.53319723014302833948724838454072707      
   6.51513842755301859666357700742535273      
   6.49624413567210498536330025811111134      
   6.47648961570333006305755476633164312      
   6.45585078844752405899108903896869791      
   6.43430421594325443148964531295537188      
   6.41182699368686467907824500117638837      
   6.38839673105052475320378221558759950      
   6.36399146929227499655418211472985650      
   6.33858964289588954486717251502760861      
   6.31217005753812834461006063248900154      
   6.28471188581505293109936105415006466      
   6.25619467879946028098359615125089570      
   6.22659838925445906865105279871374783      
   6.19590339736426843790081600216916239      
   6.16409053672368500078600119675431443      
   6.13114111306056238731819102551868090      
   6.09703691674745950308159539253448831      
   6.06176022438194004948639206631891648      
   6.02529379211953750264004726846120033      
   5.98762084084069698298707378636454236      
   5.94872503433791826885160448941991577      
   5.90859045207996830346322619084329554      
   5.86720155903767776781088953536463896      
   5.82454317270704278354726442116025742      
   5.78060042962072218942881361875549719      
   5.73535875131195015561426089404990237      
   5.68880381185361080444518481619794624      
   5.64092150623417055088029612223745539      
   5.59169792062544598006950214874897318      
   5.54111930455078240314166180719830561      
   5.48917204525457485485565288185068718      
   5.43584264408713494630940268696951936      
   5.38111769514593174936301398632323659      
   5.32498386566938391641142459447565480      
   5.26742787840731650360723235547561116      
   5.20843649591037004525006815732191453      
   5.14799650622310877166062158610020711      
   5.08609471021665067554705350984170765      
   5.02271791019251010487883147457162453      
   4.95785289960962993423177460848935579      
   4.89148645433266201436069716914735356      
   4.82360532433450261258670665675500568      
   4.75419622658841479604751342853359152      
   4.68324583873344366361408485275645146      
   4.61074079339812161494735118613193095      
   4.53666767313902515082642115072454276      
   4.46101300598489083606477907264873156      
   4.38376326148550762821883814109798714      
   4.30490484717987476895161059395592211      
   4.22442410547488466091061542123532746      
   4.14230731084827704024049947210333308      
   4.05854066743917321024448631065622641      
   3.97311030684308183297394740444880460      
   3.88600228619469638455689526757851766      
   3.79720258647188009162867383673846045      
   3.70669711099761145846806040102270846      
   3.61447168411438164589148706216565713      
   3.52051205000316811769855426583056928      
   3.42480387170042347305437671974867823      
   3.32733273016929509045508560629786393      
   3.22808412353916694951898621814652183      
   3.12704346641414176458329344353986896      
   3.02419608929162708989818188784854889      
   2.91952723806170961276032180917696680      
   2.81302207356797433183447011755590771      
   2.70466567123773465892355485732641924      
   2.59444302079260829114686467313789266      
   2.48233902597666923351288315252526362      
   2.36833850435931360387244384732287143      
   2.25242618716986890980930685992250409      
   2.13458671917716946737799909560579694      
   2.01480465859499366937495621237591748      
   1.89306447702725100985041331345796011      
   1.76935055944004809018530453924548620      
   1.64364720414088868556607322667844774      
   1.51593862284189432094835185421195341      
   1.38620894063829891034242507653028043      
   1.25444219611197845502992629553597694      
   1.12062234137025691274881409124610479      
  0.984733242173755541845757452036871995      
  0.846758678003486976211892897791569183      
  0.706682342200707204984712865968692719      
  0.564487842080292951385883677337317194      
  0.420158699060171063620744344300535168      
  0.273678348834106886842182903875757755      
  0.125030141473046863981836691873003845      
  -2.58026583589145566979748907598568930E-0002
 -0.178836871280784820299891639206459746      
 -0.334089403011148868157005763315641469      
 -0.491577244176579459788251669010401323      
 -0.651317470161605356941297610453128375      
 -0.813327240902965630384282371585615058      
 -0.977623800702319417953453589141902380      
  -1.14422447805555060158224586232789283      
  -1.31314668542524405735668440655098719      
  -1.48440791908122405500871318264121827      
  -1.65802575888228846612220277899652650      
  -1.83401786807397170684208030498129996      
  -2.01240199310466851619794587553488480      
  -2.19319596340988058978349332066499068      
  -2.37641769121016467769136486701121757      
  -2.56208517131649071254800655914629770      
  -2.75021648091074059889828489899410423      
  -2.94082977935793272816909027391406143      
