   6.91360382032105060219110298214517828      
   6.91360382032105110148990120050159411      
   6.91360382032108955897461395071538087      
   6.91360382032172657037300039129441259      
   6.91360382032646964407827706415172816      
   6.91360382034827194454909996337541821      
   6.91360382042124210775840530959597976      
   6.91360382061614616007291978567789265      
   6.91360382105205065483227301567849346      
   6.91360382188251542740234038160015219      
   6.91360382321555130734206327059119890      
   6.91360382491358848530899708685941128      
   6.91360382622306345639782090990719591      
   6.91360382520291047042224186064597272      
   6.91360381794927827036817786596800467      
   6.91360379764123045675986182611724054      
   6.91360375345348257139695744796084509      
   6.91360366939581437448602378526336456      
   6.91360352314564596473418981801673201      
   6.91360328494217470065516342124845201      
   6.91360291660884335759054413163041469      
   6.91360237076628495338179134306990324      
   6.91360159029007204813095557957235385      
   6.91360050805619318366810937503426918      
   6.91359904700207550621926805410480069      
   6.91359712051292114041342449655756314      
   6.91359463312339042168385228089029238      
   6.91359148150525355166094483870241673      
   6.91358755569446113396831839870442677      
   6.91358274049785718050457624411080251      
   6.91357691701156946518341991577459477      
   6.91356996418034752374981607324448306      
   6.91356176032951238647749025274341222      
   6.91355218460793101958041346984230674      
   6.91354111829042064786591875070692612      
   6.91352844589997588952227690138142913      
   6.91351405612299457593722404527126118      
   6.91349784250322066522272056607798104      
   6.91347970391161361081547868477291581      
   6.91345954479923856218422424162703237      
   6.91343727524823852752012867057226023      
   6.91341281084188980556614006279650347      
   6.91338607237871364693067573156730029      
   6.91335698545779674548961961226739422      
   6.91332547996310443205231515169953556      
   6.91329148947393703977314188174640829      
   6.91325495062707338822306260610380106      
   6.91321580245383647319983803011151726      
   6.91317398571255199560632572783504382      
   6.91312944223386383460145497592135497      
   6.91308211429329900206738045042950827      
   6.91303194402244258650871725583935170      
   6.91297887286725590402806630550958797      
   6.91292284109943037316844406696426782      
   6.91286378738433634344549389177354400      
   6.91280164840707884168035494997171447      
   6.91273635855639872117591634168364963      
   6.91266784966474626479119735933925326      
   6.91259605080167153358551272288568654      
   6.91252088811672124320648020440816108      
   6.91244228472746071955817418852614010      
   6.91236016064748896108859581600361880      
   6.91227443274942267008101286390406287      
   6.91218501474044133582715917835660346      
   6.91209181724189005343051261228118331      
   6.91199474773609108368339133375003624      
   6.91189371067064526288723201488789216      
   6.91178860750321414535982237672582491      
   6.91167933676268954983424779704728102      
   6.91156579411069081840162732311429941      
   6.91144787239843030316671261513829348      
   6.91132546171551103901973901528654581      
   6.91119844942758484653127434144444009      
   6.91106672019955434213987515613835465      
   6.91093015600153204030348559809537767      
   6.91078863609622757762859983855580615      
   6.91064203700455773411399896482894710      
   6.91049023244726212399666859454386985      
   6.91033309326347561865854773343890486      
   6.91017048730383914224910599029403095      
   6.91000227929341936696214327148680908      
   6.90982833066992215097464392009733661      
   6.90964849939377283811982395575926706      
   6.90946263972485476261746057579532684      
   6.90927060197687468249776553233102528      
   6.90907223223398319499973311866083612      
   6.90886737204432643494923414471419622      
   6.90865585807573900997432411384704611      
   6.90843752174987387759570408561018797      
   6.90821218883843318564417312874578670      
   6.90797967902949248500310222465659388      
   6.90773980547093800408604516437668162      
   6.90749237426931902341935839240336610      
   6.90723718396082139895945503865604217      
   6.90697402497891183824183840257350353      
   6.90670267902460336468262929733653364      
   6.90642291849089936327961879873368188      
   6.90613450577164682060898869247032881      
   6.90583719260253073660084522979609220      
   6.90553071932091096586549192121758183      
   6.90521481412808685753554998594350676      
   6.90488919229021426795540977586831872      
   6.90455355531571174711792946652712009      
   6.90420759009821304815749260724195196      
   6.90385096800921677048273482810233471      
   6.90348334397264639659056538677905199      
   6.90310435546649825710204167032231400      
   6.90271362150363085974999398555349448      
   6.90231074157898394481274858756252668      
   6.90189529457062975578586262028079589      
   6.90146683753170389127003287066663029      
   6.90102490453635954618450965374897679      
   6.90056900539568136679361833607468083      
   6.90009862433336641590168940031788624      
   6.89961321863221840275341355586993821      
   6.89911221717976684215105629972640522      
   6.89859501900851191220816205757911896      
   6.89806099171319629349332954267129791      
   6.89750946975172861668545702350712340      
   6.89693975265816712736614529670411539      
   6.89635110395201240681125693121341968      
   6.89574274814809297977994422964019909      
   6.89511386951609078797261387959938593      
   6.89446360986151622340014375519729435      
   6.89379106640769461560990005302093387      
   6.89309528949645405409023954525340848      
   6.89237528017273671092641958033036211      
   6.89162998777765561263775870794798523      
   6.89085830721448885961034657356045155      
   6.89005907634138060477338372584016961      
   6.88923107293262432172660590283511595      
   6.88837301161863248083422608576001977      
   6.88748354085415260446982049080373105      
   6.88656123926353228074563404034617609      
   6.88560461223504597074262057696975238      
   6.88461208799046221667827571623284005      
   6.88358201368106080403672913771058502      
   6.88251265119724168664499938429099117      
   6.88140217251730166913371812734141989      
   6.88024865505951155510066150274452288      
   6.87905007669137559490587666947978005      
   6.87780431036137790894432769861374678      
   6.87650911837279536286519601677473684      
   6.87516214640240358452752858548718923      
   6.87376091715385094076001314156626199      
   6.87230282354703996971106947688688855      
   6.87078512135295745197248622540688938      
   6.86920492164738459611185982323907438      
   6.86755918254338056248952931855722658      
   6.86584470031764239557978390641091637      
   6.86405810015903571164411698293680774      
   6.86219582621053104505535907581090977      
   6.86025413074590930561546032216445026      
   6.85822906264778888532138261121959008      
   6.85611645595728677930781455575966520      
   6.85391191554491511064672280106868451      
   6.85161080384593311406311742357613536      
   6.84920822565246690545520807424274857      
   6.84669901197208866044727927134456707      
   6.84407770272445466926121341499983206      
   6.84133852803963671649324013965973704      
   6.83847538884399230253480628644624629      
   6.83548183438414138493003836970586966      
   6.83235104020308865278157317426822065      
   6.82907578284757726020630773416457085      
   6.82564841397980826576880759734699756      
   6.82206083117004230420032154967237489      
   6.81830444785694506678723926846815052      
   6.81437016083490215369910321228521068      
   6.81024831502225294398479175947539011      
   6.80592866646520022345875106840253285      
   6.80140034276786500174769638595377410      
   6.79665180109174620672249132638530177      
   6.79167078311267314971094360076895189      
   6.78644426933985917941164439201946801      
   6.78095842842130921069334260240735714      
   6.77519856949497689617966072598738750      
   6.76914908691700412416282250050525923      
   6.76279340949434208447186636823497546      
   6.75611394688954555495247605461273051      
   6.74909203881174136289712546273390609      
   6.74170790617593038275658067102398779      
   6.73394060798343199045714798806240688      
   6.72576800458248781835709634074464155      
   6.71716673172016403554332213475939764      
   6.70811218689125837800027525997141480      
   6.69857853437226366716938280987411775      
   6.68853873052722042669798859078690289      
   6.67796457585787165533539115333633318      
   6.66682679654786031081604426360252159      
   6.65509515767959054173325866413574682      
   6.64273861506171988416250439354035761      
   6.62972549601159166194947085908411076      
   6.61602371705601030069538683112400947      
   6.60160102350328683614831252282808191      
   6.58642524580143786634344942409778617      
   6.57046455653651337909804672126064342      
   6.55368771416870408042969278506186499      
   6.53606427806949985897025802570803857      
   6.51756477948613692830240634590357119      
   6.49816084258682306412707824749865932      
   6.47782524730669973104961181553098507      
   6.45653194126867756916178045055356061      
   6.43425600694516617452694447115865522      
   6.41097359702773722256391564001497993      
   6.38666185590442961840968861477211854      
   6.36129881522625551869710208937509192      
   6.33486333350256238984253856853827784      
   6.30733500833197696669285387479268362      
   6.27869412042397463042642319129533050      
   6.24892158648826836258224734381786914      
   6.21799892251094738279298511905028409      
   6.18590821404863006666352747945018008      
   6.15263209018594574322427427674399842      
   6.11815369741327598552644621136283337      
   6.08245667452539535679081564084917426      
   6.04552512288285400889166938480503144      
   6.00734357622285942888631348370160452      
   5.96789696692847859562350508394275847      
   5.92717059232246792642535331357916254      
   5.88515007875261946618784315322650493      
   5.84182134647677699150059659187192933      
   5.79717057501089874689649490662624673      
   5.75118416938929598082572709781607687      
   5.70384872847436945177423374775452662      
   5.65515101469741091656033235855681152      
   5.60507792656458347521118539653376779      
   5.55361647275505617968274832664087006      
   5.50075374879796729258343408840651850      
   5.44647691578828698312142914711484893      
   5.39077318146240011727547691645039243      
   5.33362978284033821564720127814941926      
   5.27503397107197096671392732477972981      
   5.21497299788314562472696959635186877      
   5.15343410352451956635636377350282994      
   5.09040450616243518863698914435939501      
   5.02587139249298101377183060457275221      
   4.95982190963751521036646948434175826      
   4.89224315788155047532840522964008069      
   4.82312218423290026838402237632255747      
   4.75244597718216504052957229506522840      
   4.68020146169133025521615464265950622      
   4.60637549506743344723305345103630494      
   4.53095486330733469440698114343274294      
   4.45392627790606754139478076220942058      
   4.37527637313001925395812862027323211      
   4.29499170362300653146088072815728409      
   4.21305874238451500547482396209279173      
   4.12946387895841662649684558401045399      
   4.04419341791113237030079659646707086      
   3.95723357757561324035113219296608469      
   3.86857048891351038556720739503628236      
   3.77819019457579056873890905974818922      
   3.68607864810249705811596497714019602      
   3.59222171331515154628457003222356037      
   3.49660516372415108753665000104464370      
   3.39921468210834139110280270237732488      
   3.30003586015461529284725218536817474      
   3.19905419819762283832048407006888196      
   3.09625510500238367436097688255384779      
   2.99162389763478983215604011590827627      
   2.88514580135266969077872292764663468      
   2.77680594958876277891785672704351117      
   2.66658938392473493056907091796332650      
   2.55448105414596282562080445143364662      
   2.44046581829377412185352561234764073      
   2.32452844277534798267443724783385441      
   2.20665360247851368733236175796925070      
   2.08682588091433672876536443108116681      
   1.96502977037780444033344245927169522      
   1.84124967213412681547323368924714554      
   1.71546989660502588953857785150978949      
   1.58767466357686669457976870685442138      
   1.45784810241881347926929788040847397      
   1.32597425231367004474623103857200802      
   1.19203706248039728042258907424659325      
   1.05602039243570766826853057659535012      
  0.917908012228980928502765316138208765      
  0.777683602699857175741122986605338327      
  0.635330755736830040201514065618921669      
  0.490832974539238509759810322562684681      
  0.344173673880699684905658364690363100      
  0.195336180378439202521250761966181440      
   4.43037327594704442585502359975286824E-0002
 -0.108940517864943327526925015073773636      
 -0.264413507732693346445537298355661884      
 -0.422132260154770790397204132968101597      
 -0.582113885245080614753341814980468596      
 -0.744375579646165928607667876946494960      
 -0.908934626260359837342515581871662759      
  -1.07580839397535860041213822689795440      
  -1.24501433739325115513858109018791599      
  -1.41656999656136689565260111390233376      
  -1.59049299670321767360259562741148752      
  -1.76680104794966258576136131471172285      
  -1.94551194507232324678301910753519550      
  -2.12664356721818078333988745337310540      
  -2.31021387764675979779418589530427959      
  -2.49624092346436749013754609813205970      
  -2.68474283536736527229634753337788040      
