 0.35226628405028E+01
 0.35226628405028E+01
 0.35226628405028E+01
 0.35226628405028E+01
 0.35226628405028E+01
 0.35226628405028E+01
 0.35226628405028E+01
 0.35226628405028E+01
 0.35226628405028E+01
 0.35226628572111E+01
 0.35226622360985E+01
 0.35226628329968E+01
 0.35226623659353E+01
 0.35226626502744E+01
 0.35226628694923E+01
 0.35226631177793E+01
 0.35226630201192E+01
 0.35226625735744E+01
 0.35226620341488E+01
 0.35226625711729E+01
 0.35226618784542E+01
 0.35226620989632E+01
 0.35226623874845E+01
 0.35226611358345E+01
 0.35226631979047E+01
 0.35226623933382E+01
 0.35226631864979E+01
 0.35226622467057E+01
 0.35226623254615E+01
 0.35226621603532E+01
 0.35226626601806E+01
 0.35226610907204E+01
 0.35226587051448E+01
 0.35226639928728E+01
 0.35226614277362E+01
 0.35226608171480E+01
 0.35226626754519E+01
 0.35226608392705E+01
 0.35226637527357E+01
 0.35226642143731E+01
 0.35226609828501E+01
 0.35226583717373E+01
 0.35226625471553E+01
 0.35226645022114E+01
 0.35226634078267E+01
 0.35226636102088E+01
 0.35226632670491E+01
 0.35226615615664E+01
 0.35226623690735E+01
 0.35226588296255E+01
 0.35226570341947E+01
 0.35226579197427E+01
 0.35226616066849E+01
 0.35226624536806E+01
 0.35226641945355E+01
 0.35226558187294E+01
 0.35226618439444E+01
 0.35226311655248E+01
 0.35226581186114E+01
 0.35225919575744E+01
 0.35226494986834E+01
 0.35226092981275E+01
 0.35226528388180E+01
 0.35225880679733E+01
 0.35226481645738E+01
 0.35225856919693E+01
 0.35226235817829E+01
 0.35226413388895E+01
 0.35227271583277E+01
 0.35227313283803E+01
 0.35226873668012E+01
 0.35226259254618E+01
 0.35227048243881E+01
 0.35226440723153E+01
 0.35226432277872E+01
 0.35227124729451E+01
 0.35225949696717E+01
 0.35226465706865E+01
 0.35226548286062E+01
 0.35226915212341E+01
 0.35226902834462E+01
 0.35226459367459E+01
 0.35226574231677E+01
 0.35226271136012E+01
 0.35226010947680E+01
 0.35226158232171E+01
 0.35226389567847E+01
 0.35227267050938E+01
 0.35227244488778E+01
 0.35226043883092E+01
 0.35225917047130E+01
 0.35226167408501E+01
 0.35226257419451E+01
 0.35227148033877E+01
 0.35226378844747E+01
 0.35226989252651E+01
 0.35225808273032E+01
 0.35226411364022E+01
 0.35226268697738E+01
 0.35227123910755E+01
 0.35226909500098E+01
 0.35226412955291E+01
 0.35226288273992E+01
 0.35226225540952E+01
 0.35225917971463E+01
 0.35226203766511E+01
 0.35225916296587E+01
 0.35226613769140E+01
 0.35226308823599E+01
 0.35226037656454E+01
 0.35225314347558E+01
 0.35225726615538E+01
 0.35225329924687E+01
 0.35226439272872E+01
 0.35225675191925E+01
 0.35226439344307E+01
 0.35225524028177E+01
 0.35225216850373E+01
 0.35226102448373E+01
 0.35225526757061E+01
 0.35225343318981E+01
 0.35225179359506E+01
 0.35225367315774E+01
 0.35225120129509E+01
 0.35224850599363E+01
 0.35224451367415E+01
 0.35224650283182E+01
 0.35224125985039E+01
 0.35224538534358E+01
 0.35223662547018E+01
 0.35224085541625E+01
 0.35223836243916E+01
 0.35223815078321E+01
 0.35223415559442E+01
 0.35224056784706E+01
 0.35222258562729E+01
 0.35223027944915E+01
 0.35222408386193E+01
 0.35221822446050E+01
 0.35222240185909E+01
 0.35221468302779E+01
 0.35220542419965E+01
 0.35220167983850E+01
 0.35220511983153E+01
 0.35219147143054E+01
 0.35219215047737E+01
 0.35217917793510E+01
 0.35217988964862E+01
 0.35217632493540E+01
 0.35217457930191E+01
 0.35215516230328E+01
 0.35215139597636E+01
 0.35214514172563E+01
 0.35214281513051E+01
 0.35212342147479E+01
 0.35212337286032E+01
 0.35210170358548E+01
 0.35208954611600E+01
 0.35208454782227E+01
 0.35206939591776E+01
 0.35205456198768E+01
 0.35203557990443E+01
 0.35201213021866E+01
 0.35199771682602E+01
 0.35197760543591E+01
 0.35194599533313E+01
 0.35191397161537E+01
 0.35188623888108E+01
 0.35187395006764E+01
 0.35184391816698E+01
 0.35180663359990E+01
 0.35177753495480E+01
 0.35173259821461E+01
 0.35170391580036E+01
 0.35166223597129E+01
 0.35161444081629E+01
 0.35158858310359E+01
 0.35153578910716E+01
 0.35149101383600E+01
 0.35145037199956E+01
 0.35139035645072E+01
 0.35134365781227E+01
 0.35128727955614E+01
 0.35122875745311E+01
 0.35116092316391E+01
 0.35110058210263E+01
 0.35105279971667E+01
 0.35098909890960E+01
 0.35090818535870E+01
 0.35085130694004E+01
 0.35076655877013E+01
 0.35069215724625E+01
 0.35061301728464E+01
 0.35052995522932E+01
 0.35046370193771E+01
 0.35036732587248E+01
 0.35028120707340E+01
 0.35018134365698E+01
 0.35010038119563E+01
 0.35000609662556E+01
