 0.10887506022195E+04
 0.10887506022195E+04
 0.10887506022195E+04
 0.10887506022195E+04
 0.10887506022195E+04
 0.10887506022195E+04
 0.10887506022195E+04
 0.10887506022195E+04
 0.10887499030785E+04
 0.10887598833446E+04
 0.10886262655034E+04
 0.10887447843608E+04
 0.10886460353317E+04
 0.10887087173271E+04
 0.10887577741756E+04
 0.10888143403576E+04
 0.10887900222798E+04
 0.10887004237270E+04
 0.10885800554769E+04
 0.10886885669166E+04
 0.10885514287952E+04
 0.10885928064483E+04
 0.10886596864651E+04
 0.10884171961124E+04
 0.10888422186364E+04
 0.10886567661503E+04
 0.10888372626403E+04
 0.10886359725316E+04
 0.10886666635583E+04
 0.10886266519551E+04
 0.10887575258787E+04
 0.10884613003249E+04
 0.10880621038736E+04
 0.10891403065233E+04
 0.10885730275057E+04
 0.10882724372388E+04
 0.10887577160648E+04
 0.10884473998504E+04
 0.10890492840287E+04
 0.10892406934110E+04
 0.10883840988351E+04
 0.10880115271820E+04
 0.10913311450151E+04
 0.10906837519914E+04
 0.10890257050919E+04
 0.10892133250363E+04
 0.10907502117931E+04
 0.10914751518996E+04
 0.10911645908775E+04
 0.10879255108167E+04
 0.10878850813580E+04
 0.10916152743338E+04
 0.10885893122464E+04
 0.10913520375733E+04
 0.10891550228306E+04
 0.10877351875931E+04
 0.10886477901151E+04
 0.10815883848841E+04
 0.10791490692403E+04
 0.10834354550111E+04
 0.10870460109536E+04
 0.10851712936405E+04
 0.10798617841971E+04
 0.10837274884436E+04
 0.10883938512231E+04
 0.10837467529426E+04
 0.10861377982054E+04
 0.10875911184812E+04
 0.10814194879269E+04
 0.10820376490202E+04
 0.10782301491699E+04
 0.10862948397881E+04
 0.10793229105372E+04
 0.10877860754214E+04
 0.10838590137571E+04
 0.10801935642020E+04
 0.10843915920790E+04
 0.10796782208007E+04
 0.10788983508024E+04
 0.10814574860265E+04
 0.10812217557808E+04
 0.10899049853791E+04
 0.10903672226558E+04
 0.10807477226722E+04
 0.10825636934174E+04
 0.10823291323621E+04
 0.10871272896251E+04
 0.10772140251155E+04
 0.10771103475148E+04
 0.10862604787281E+04
 0.10846116087801E+04
 0.10868768474612E+04
 0.10835939402564E+04
 0.10830696825643E+04
 0.10906063704700E+04
 0.10791276468175E+04
 0.10845595642168E+04
 0.10891968330488E+04
 0.10794522887803E+04
 0.10832251391893E+04
 0.10812507453263E+04
 0.10787062562148E+04
 0.10831086951942E+04
 0.10892208064795E+04
 0.10869500458733E+04
 0.10889342756026E+04
 0.10874056859950E+04
 0.10784373456325E+04
 0.10775314874813E+04
 0.10793229526305E+04
 0.10838544324619E+04
 0.10802733008095E+04
 0.10827507936487E+04
 0.10813955404119E+04
 0.10890569596934E+04
 0.10803380716555E+04
 0.10874701507528E+04
 0.10882422598752E+04
 0.10801560869359E+04
 0.10792317271637E+04
 0.10893925369568E+04
 0.10896850820645E+04
 0.10848881615405E+04
 0.10880811028658E+04
 0.10871959810830E+04
 0.10854572580805E+04
 0.10903889180595E+04
 0.10871048885817E+04
 0.10885407591598E+04
 0.10834533916138E+04
 0.10850530270980E+04
 0.10868589535102E+04
 0.10807547046573E+04
 0.10890354735326E+04
 0.10826117295108E+04
 0.10873441231167E+04
 0.10888662660842E+04
 0.10821918688554E+04
 0.10806236218190E+04
 0.10849445688912E+04
 0.10878240036330E+04
 0.10846375091493E+04
 0.10842868355102E+04
 0.10855806706018E+04
 0.10846981952596E+04
 0.10851595373900E+04
 0.10890161587686E+04
 0.10927698844663E+04
 0.10812021569921E+04
 0.10844615856328E+04
 0.10859737131261E+04
 0.10866080473688E+04
 0.10906515164009E+04
 0.10859590112856E+04
 0.10857609763539E+04
 0.10963680978892E+04
 0.10888021483663E+04
 0.10909520589701E+04
 0.10895335940911E+04
 0.10907625310489E+04
 0.10910852615171E+04
 0.10904327097186E+04
 0.10924375481071E+04
 0.10927881602811E+04
 0.10932978741322E+04
 0.10993571705986E+04
 0.10897643120541E+04
 0.10933797602000E+04
 0.10963657949971E+04
 0.10976985910029E+04
 0.10999684331949E+04
 0.10934019651616E+04
 0.11073672827775E+04
 0.11020974982431E+04
 0.10980292040555E+04
 0.10988366098991E+04
 0.10995745767090E+04
 0.11035721900728E+04
 0.11020161740436E+04
 0.11014773515743E+04
 0.11009177315203E+04
 0.11064949001448E+04
 0.11087199345952E+04
 0.11051954676012E+04
 0.11130398254480E+04
 0.11095127032674E+04
 0.11094221651778E+04
 0.11137072524036E+04
 0.11131281419591E+04
 0.11128463936124E+04
 0.11121222199301E+04
 0.11174644298384E+04
 0.11133684336661E+04
 0.11190618234903E+04
 0.11200875796963E+04
 0.11172330877064E+04
 0.11246156181502E+04
 0.11328067840100E+04
 0.11234299723178E+04
 0.11296190181813E+04
