 0.13628526479685E+03
 0.13628526479685E+03
 0.13628526479700E+03
 0.13628526479836E+03
 0.13628526480478E+03
 0.13628526482493E+03
 0.13628526487383E+03
 0.13628526497463E+03
 0.13628526516627E+03
 0.13628526552868E+03
 0.13628526623801E+03
 0.13628526765602E+03
 0.13628527044388E+03
 0.13628527568056E+03
 0.13628528496426E+03
 0.13628530048070E+03
 0.13628532503082E+03
 0.13628536201836E+03
 0.13628541540401E+03
 0.13628548963593E+03
 0.13628558956769E+03
 0.13628572037502E+03
 0.13628588748194E+03
 0.13628609650539E+03
 0.13628635322622E+03
 0.13628666359153E+03
 0.13628703375140E+03
 0.13628747012934E+03
 0.13628797952374E+03
 0.13628856923456E+03
 0.13628924720804E+03
 0.13629002219087E+03
 0.13629090388503E+03
 0.13629190309508E+03
 0.13629303186063E+03
 0.13629430356821E+03
 0.13629573303860E+03
 0.13629733658732E+03
 0.13629913205784E+03
 0.13630113882856E+03
 0.13630337781404E+03
 0.13630587135935E+03
 0.13630864328038E+03
 0.13631171873712E+03
 0.13631512417212E+03
 0.13631888723092E+03
 0.13632303668237E+03
 0.13632760234245E+03
 0.13633261500477E+03
 0.13633810638006E+03
 0.13634410904670E+03
 0.13635065641395E+03
 0.13635778269842E+03
 0.13636552291444E+03
 0.13637391287857E+03
 0.13638298922733E+03
 0.13639278944811E+03
 0.13640335192201E+03
 0.13641471597800E+03
 0.13642692195588E+03
 0.13644001127936E+03
 0.13645402653496E+03
 0.13646901155762E+03
 0.13648501152062E+03
 0.13650207302809E+03
 0.13652024421249E+03
 0.13653957482961E+03
 0.13656011635776E+03
 0.13658192209392E+03
 0.13660504724867E+03
 0.13662954904314E+03
 0.13665548679863E+03
 0.13668292202899E+03
 0.13671191852535E+03
 0.13674254244826E+03
 0.13677486239738E+03
 0.13680894951060E+03
 0.13684487753126E+03
 0.13688272289033E+03
 0.13692256477893E+03
 0.13696448522189E+03
 0.13700856915811E+03
 0.13705490452341E+03
 0.13710358232092E+03
 0.13715469669971E+03
 0.13720834503747E+03
 0.13726462802844E+03
 0.13732364976281E+03
 0.13738551781199E+03
 0.13745034337132E+03
 0.13751824133409E+03
 0.13758933040729E+03
 0.13766373323354E+03
 0.13774157650079E+03
 0.13782299108984E+03
 0.13790811230186E+03
 0.13799707986175E+03
 0.13809003823515E+03
 0.13818713677473E+03
 0.13828852989596E+03
 0.13839437729293E+03
 0.13850484413013E+03
 0.13862010146080E+03
 0.13874032635105E+03
 0.13886570220236E+03
 0.13899641892768E+03
 0.13913267359966E+03
 0.13927467067496E+03
 0.13942262207944E+03
 0.13957674801002E+03
 0.13973727743653E+03
 0.13990444814433E+03
 0.14007850740483E+03
 0.14025971291110E+03
 0.14044833290028E+03
 0.14064464679632E+03
 0.14084894638775E+03
 0.14106153568612E+03
 0.14128273276441E+03
 0.14151286950847E+03
 0.14175229346287E+03
 0.14200136809438E+03
 0.14226047429291E+03
 0.14253001117449E+03
 0.14281039739941E+03
 0.14310207255481E+03
 0.14340549834040E+03
 0.14372116030035E+03
 0.14404956942150E+03
 0.14439126333957E+03
 0.14474680936696E+03
 0.14511680555526E+03
 0.14550188297853E+03
 0.14590270887549E+03
 0.14631998845678E+03
 0.14675446823510E+03
 0.14720693893326E+03
 0.14767823884818E+03
 0.14816925741394E+03
 0.14868093963227E+03
 0.14921428986388E+03
 0.14977037683530E+03
 0.15035033892887E+03
 0.15095538958047E+03
 0.15158682398234E+03
 0.15224602537778E+03
 0.15293447323716E+03
 0.15365375072433E+03
 0.15440555383415E+03
 0.15519170210633E+03
 0.15601414874586E+03
 0.15687499273902E+03
 0.15777649227972E+03
 0.15872107901368E+03
 0.15971137418585E+03
 0.16075020571456E+03
 0.16184062737708E+03
 0.16298593981019E+03
 0.16418971306375E+03
 0.16545581137071E+03
 0.16678841944016E+03
 0.16819207139679E+03
 0.16967168082075E+03
 0.17123257234956E+03
 0.17288051564293E+03
 0.17462175737284E+03
 0.17646305536895E+03
 0.17841170658257E+03
 0.18047558304362E+03
 0.18266313950040E+03
 0.18498343207969E+03
 0.18744611229261E+03
 0.19006140130471E+03
 0.19284004151290E+03
 0.19579321009616E+03
 0.19893238939809E+03
 0.20226918332177E+03
 0.20581507752458E+03
 0.20958112280890E+03
 0.21357755658457E+03
 0.21781334787767E+03
 0.22229570378015E+03
 0.22702953772768E+03
 0.23201697000850E+03
 0.23725690210574E+03
 0.24274472195367E+03
 0.24847220077761E+03
 0.25442761977770E+03
 0.26059612662241E+03
 0.26696029229391E+03
 0.27350081014760E+03
 0.28019726139271E+03
 0.28702886229884E+03
 0.29397513105576E+03
 0.30101643006453E+03
 0.30813435962337E+03
 0.31531200991162E+03
 0.32253407919998E+03
 0.32978689576005E+03
 0.33705836024595E+03
 0.34433783767103E+03
 0.35161602309502E+03
 0.35888479487371E+03
 0.36613706882387E+03
 0.37336666091346E+03
 0.38056816163377E+03
 0.38773682782251E+03
 0.39486848288577E+03
 0.40195943760897E+03
 0.40900642190423E+03
 0.41600652500393E+03
 0.42295714918705E+03
 0.42985596761863E+03
 0.43670089149679E+03
 0.44349004216995E+03
 0.45022172747425E+03
 0.45689442216068E+03
 0.46350675023281E+03
 0.47005747115109E+03
 0.47654546759726E+03
 0.48296973424787E+03
 0.48932936913347E+03
 0.49562356604288E+03
 0.50185160513346E+03
 0.50801284849298E+03
 0.51410673384863E+03
 0.52013276996784E+03
 0.52609053122341E+03
 0.53197965424582E+03
 0.53779983356665E+03
 0.54355081853889E+03
 0.54923241013141E+03
 0.55484445855975E+03
 0.56038685930015E+03
 0.56585955260669E+03
 0.57126251908675E+03
 0.57659577998859E+03
 0.58185939256322E+03
 0.58705345079184E+03
 0.59217808232488E+03
 0.59723344638357E+03
 0.60221973550494E+03
 0.60713716705180E+03
 0.61198599108876E+03
 0.61676648181639E+03
 0.62147893915245E+03
 0.62612368791529E+03
 0.63070107584177E+03
 0.63521147266178E+03
 0.63965526923825E+03
 0.64403287667253E+03
 0.64834472432027E+03
 0.65259126034664E+03
 0.65677294969352E+03
 0.66089027414910E+03
 0.66494372994954E+03
 0.66893382850130E+03
 0.67286109481501E+03
 0.67672606673674E+03
 0.68052929390206E+03
 0.68427133833887E+03
 0.68795277167808E+03
 0.69157417592127E+03
 0.69513614180025E+03
 0.69863926901078E+03
 0.70208416492494E+03
 0.70547144404373E+03
 0.70880172746606E+03
 0.71207564207816E+03
 0.71529382031690E+03
 0.71845689905615E+03
 0.72156551969567E+03
 0.72462032691031E+03
 0.72762196868715E+03
 0.73057109546861E+03
 0.73346835992404E+03
 0.73631441610681E+03
 0.73910991941649E+03
 0.74185552574690E+03
 0.74455189132593E+03
 0.74719967226321E+03
 0.74979952402117E+03
 0.75235210112453E+03
 0.75485805682289E+03
 0.75731804265096E+03
 0.75973270813294E+03
 0.76210270049184E+03
 0.76442866423738E+03
 0.76671124101256E+03
 0.76895106920846E+03
 0.77114878372864E+03
 0.77330501579592E+03
 0.77542039255563E+03
 0.77749553701784E+03
 0.77953106777069E+03
 0.78152759877989E+03
 0.78348573919940E+03
 0.78540609321088E+03
 0.78728925982866E+03
 0.78913583279641E+03
