 0.13628526479685E+03
 0.13628526479685E+03
 0.13628526479700E+03
 0.13628526479836E+03
 0.13628526480478E+03
 0.13628526482493E+03
 0.13628526487383E+03
 0.13628526497463E+03
 0.13628526516627E+03
 0.13628526552868E+03
 0.13628526623801E+03
 0.13628526765602E+03
 0.13628527044388E+03
 0.13628527568056E+03
 0.13628528496426E+03
 0.13628530048070E+03
 0.13628532503080E+03
 0.13628536201827E+03
 0.13628541540366E+03
 0.13628548963467E+03
 0.13628558956369E+03
 0.13628572036361E+03
 0.13628588745219E+03
 0.13628609643375E+03
 0.13628635306526E+03
 0.13628666325147E+03
 0.13628703307120E+03
 0.13628746883372E+03
 0.13628797716172E+03
 0.13628856509503E+03
 0.13628924020739E+03
 0.13629001072792E+03
 0.13629088565854E+03
 0.13629187487973E+03
 0.13629298923768E+03
 0.13629424060796E+03
 0.13629564193237E+03
 0.13629720722756E+03
 0.13629895156582E+03
 0.13630089102978E+03
 0.13630304264404E+03
 0.13630542428762E+03
 0.13630805459175E+03
 0.13631095282764E+03
 0.13631413878920E+03
 0.13631763268897E+03
 0.13632145499174E+03
 0.13632562638052E+03
 0.13633016761429E+03
 0.13633509945549E+03
 0.13634044260173E+03
 0.13634621763437E+03
 0.13635244498426E+03
 0.13635914491549E+03
 0.13636633752686E+03
 0.13637404277067E+03
 0.13638228048790E+03
 0.13639107045896E+03
 0.13640043246867E+03
 0.13641038638355E+03
 0.13642095224108E+03
 0.13643215034796E+03
 0.13644400138674E+03
 0.13645652652896E+03
 0.13646974755265E+03
 0.13648368696453E+03
 0.13649836812281E+03
 0.13651381536235E+03
 0.13653005411849E+03
 0.13654711104954E+03
 0.13656501415838E+03
 0.13658379290945E+03
 0.13660347834328E+03
 0.13662410318625E+03
 0.13664570195732E+03
 0.13666831106760E+03
 0.13669196891942E+03
 0.13671671599608E+03
 0.13674259494950E+03
 0.13676965068201E+03
 0.13679793042242E+03
 0.13682748379923E+03
 0.13685836291774E+03
 0.13689062242366E+03
 0.13692431956453E+03
 0.13695951425362E+03
 0.13699626912903E+03
 0.13703464961431E+03
 0.13707472396721E+03
 0.13711656335134E+03
 0.13716024189801E+03
 0.13720583675616E+03
 0.13725342815764E+03
 0.13730309947939E+03
 0.13735493729893E+03
 0.13740903148771E+03
 0.13746547530075E+03
 0.13752436543189E+03
 0.13758580210253E+03
 0.13764988916354E+03
 0.13771673420266E+03
 0.13778644862723E+03
 0.13785914783393E+03
 0.13793495126730E+03
 0.13801398266294E+03
 0.13809637007257E+03
 0.13818224607853E+03
 0.13827174804846E+03
 0.13836501826520E+03
 0.13846220398194E+03
 0.13856345786372E+03
 0.13866893825098E+03
 0.13877880912884E+03
 0.13889324058867E+03
 0.13901240929228E+03
 0.13913649844827E+03
 0.13926569822442E+03
 0.13940020652820E+03
 0.13954022869164E+03
 0.13968597853809E+03
 0.13983767848777E+03
 0.13999556009850E+03
 0.14015986474710E+03
 0.14033084383420E+03
 0.14050875990409E+03
 0.14069388676869E+03
 0.14088651052105E+03
 0.14108693038079E+03
 0.14129545898266E+03
 0.14151242394884E+03
 0.14173816823477E+03
 0.14197305150426E+03
 0.14221745109535E+03
 0.14247176316450E+03
 0.14273640367887E+03
 0.14301181054874E+03
 0.14329844437403E+03
 0.14359679038344E+03
 0.14390736024167E+03
 0.14423069344179E+03
 0.14456736015254E+03
 0.14491796263392E+03
 0.14528313808788E+03
 0.14566356144258E+03
 0.14605994767544E+03
 0.14647305532239E+03
 0.14690368990226E+03
 0.14735270742782E+03
 0.14782101860516E+03
 0.14830959321055E+03
 0.14881946524626E+03
 0.14935173766008E+03
 0.14990758890540E+03
 0.15048827906706E+03
 0.15109515684797E+03
 0.15172966760629E+03
 0.15239336169551E+03
 0.15308790373203E+03
 0.15381508359199E+03
 0.15457682734744E+03
 0.15537520971373E+03
 0.15621246823478E+03
 0.15709101821948E+03
 0.15801346938131E+03
 0.15898264411778E+03
 0.16000159732570E+03
 0.16107363809778E+03
 0.16220235364677E+03
 0.16339163376681E+03
 0.16464569837061E+03
 0.16596912639496E+03
 0.16736688536668E+03
 0.16884436275489E+03
 0.17040739660500E+03
 0.17206230561298E+03
 0.17381591736382E+03
 0.17567558860804E+03
 0.17764923207969E+03
 0.17974530776546E+03
 0.18197282386645E+03
 0.18434130535425E+03
 0.18686073878991E+03
 0.18954148254474E+03
 0.19239413749239E+03
 0.19542936441257E+03
 0.19865765248965E+03
 0.20208901646664E+03
 0.20573265158832E+03
 0.20959652146761E+03
 0.21368693136072E+03
 0.21800809193433E+03
 0.22256171702259E+03
 0.22734672950850E+03
 0.23235907356387E+03
 0.23759170826826E+03
 0.24303478709609E+03
 0.24867600147364E+03
 0.25450106544236E+03
 0.26049428421945E+03
 0.26663914393855E+03
 0.27291886894216E+03
 0.27931690446706E+03
 0.28581729826818E+03
 0.29240497963341E+03
 0.29906592746912E+03
 0.30578726192719E+03
 0.31255726172390E+03
 0.31936533321426E+03
 0.32620194748792E+03
 0.33305855765400E+03
 0.33992750654725E+03
 0.34680193498776E+03
 0.35367569395251E+03
 0.36054326116143E+03
 0.36739966450814E+03
 0.37424041790587E+03
 0.38106146178919E+03
 0.38785911203768E+03
 0.39463001523431E+03
 0.40137111099224E+03
 0.40807959877860E+03
 0.41475290952766E+03
 0.42138868112243E+03
 0.42798473675724E+03
 0.43453906731531E+03
 0.44104981550363E+03
 0.44751526216981E+03
 0.45393381279226E+03
 0.46030399024249E+03
 0.46662442205045E+03
 0.47289383520076E+03
 0.47911104702003E+03
 0.48527495993511E+03
 0.49138455609067E+03
 0.49743889208901E+03
 0.50343709445706E+03
 0.50937835583058E+03
 0.51526193157156E+03
 0.52108713663685E+03
 0.52685334245594E+03
 0.53255997418263E+03
 0.53820650891688E+03
 0.54379247305221E+03
 0.54931744063687E+03
 0.55478103089250E+03
 0.56018290676089E+03
 0.56552277437487E+03
 0.57080038032367E+03
 0.57601550939733E+03
 0.58116798584088E+03
 0.58625766995415E+03
 0.59128445829007E+03
 0.59624828080704E+03
 0.60114910154969E+03
 0.60598691647455E+03
 0.61076175269321E+03
 0.61547366793521E+03
 0.62012274780697E+03
 0.62470910829196E+03
 0.62923289011111E+03
 0.63369426255656E+03
 0.63809341860644E+03
 0.64243057670103E+03
 0.64670597882085E+03
 0.65091988902131E+03
 0.65507259470950E+03
 0.65916440271408E+03
 0.66319564087566E+03
 0.66716665594046E+03
 0.67107781380788E+03
 0.67492949731095E+03
 0.67872210700650E+03
 0.68245605897570E+03
 0.68613178467885E+03
 0.68974973044001E+03
 0.69331035634607E+03
 0.69681413540885E+03
 0.70026155297942E+03
 0.70365310607452E+03
 0.70698930262191E+03
 0.71027066079054E+03
 0.71349770837240E+03
 0.71667098173984E+03
 0.71979102575492E+03
 0.72285839285611E+03
 0.72587364220896E+03
 0.72883733959970E+03
 0.73175005648127E+03
 0.73461236950205E+03
 0.73742485990996E+03
 0.74018811304937E+03
 0.74290271788989E+03
 0.74556926639673E+03
 0.74818835312645E+03
 0.75076057467055E+03
 0.75328652929015E+03
 0.75576681635075E+03
 0.75820203600031E+03
 0.76059278870620E+03
 0.76293967487320E+03
