 0.13628526479685E+03
 0.13628526479685E+03
 0.13628526479700E+03
 0.13628526479836E+03
 0.13628526480478E+03
 0.13628526482493E+03
 0.13628526487383E+03
 0.13628526497463E+03
 0.13628526516627E+03
 0.13628526552868E+03
 0.13628526623801E+03
 0.13628526765602E+03
 0.13628527044388E+03
 0.13628527568056E+03
 0.13628528496426E+03
 0.13628530048070E+03
 0.13628532503080E+03
 0.13628536201827E+03
 0.13628541540365E+03
 0.13628548963464E+03
 0.13628558956359E+03
 0.13628572036328E+03
 0.13628588745119E+03
 0.13628609643094E+03
 0.13628635305802E+03
 0.13628666323412E+03
 0.13628703303216E+03
 0.13628746875074E+03
 0.13628797699409E+03
 0.13628856477155E+03
 0.13628923960850E+03
 0.13629000965991E+03
 0.13629088381783E+03
 0.13629187180443E+03
 0.13629298424384E+03
 0.13629423270742E+03
 0.13629562972920E+03
 0.13629718879001E+03
 0.13629892427064E+03
 0.13630085137593E+03
 0.13630298603299E+03
 0.13630534476764E+03
 0.13630794456380E+03
 0.13631080271094E+03
 0.13631393664459E+03
 0.13631736378491E+03
 0.13632110137786E+03
 0.13632516634309E+03
 0.13632957513224E+03
 0.13633434360040E+03
 0.13633948689324E+03
 0.13634501935169E+03
 0.13635095443512E+03
 0.13635730466391E+03
 0.13636408158961E+03
 0.13637129574641E+03
 0.13637895669359E+03
 0.13638707300725E+03
 0.13639565232169E+03
 0.13640470138001E+03
 0.13641422609924E+03
 0.13642423164792E+03
 0.13643472253498E+03
 0.13644570270836E+03
 0.13645717566143E+03
 0.13646914454653E+03
 0.13648161229309E+03
 0.13649458173011E+03
 0.13650805571081E+03
 0.13652203723850E+03
 0.13653652959338E+03
 0.13655153645783E+03
 0.13656706204065E+03
 0.13658311119895E+03
 0.13659968955683E+03
 0.13661680362079E+03
 0.13663446089198E+03
 0.13665266997284E+03
 0.13667144067018E+03
 0.13669078409315E+03
 0.13671071274534E+03
 0.13673124061483E+03
 0.13675238325810E+03
 0.13677415788056E+03
 0.13679658340853E+03
 0.13681968056168E+03
 0.13684347191773E+03
 0.13686798197768E+03
 0.13689323721961E+03
 0.13691926615949E+03
 0.13694609940873E+03
 0.13697376971634E+03
 0.13700231202366E+03
 0.13703176350808E+03
 0.13706216362529E+03
 0.13709355415442E+03
 0.13712597926279E+03
 0.13715948552860E+03
 0.13719412199353E+03
 0.13722994020240E+03
 0.13726699426384E+03
 0.13730534088358E+03
 0.13734503941501E+03
 0.13738615193861E+03
 0.13742874331112E+03
 0.13747288120097E+03
 0.13751863615151E+03
 0.13756608169068E+03
 0.13761529440497E+03
 0.13766635398082E+03
 0.13771934325046E+03
 0.13777434842363E+03
 0.13783145910743E+03
 0.13789076839063E+03
 0.13795237288250E+03
 0.13801637314762E+03
 0.13808287345726E+03
 0.13815198216958E+03
 0.13822381190664E+03
 0.13829847957203E+03
 0.13837610655709E+03
 0.13845681918173E+03
 0.13854074852185E+03
 0.13862803097970E+03
 0.13871880834733E+03
 0.13881322807381E+03
 0.13891144372464E+03
 0.13901361501769E+03
 0.13911990844422E+03
 0.13923049738127E+03
 0.13934556266401E+03
 0.13946529298818E+03
 0.13958988513123E+03
 0.13971954486898E+03
 0.13985448704203E+03
 0.13999493640500E+03
 0.14014112822128E+03
 0.14029330888624E+03
 0.14045173655691E+03
 0.14061668208037E+03
 0.14078842973804E+03
 0.14096727827035E+03
 0.14115354163562E+03
 0.14134755055427E+03
 0.14154965300744E+03
 0.14176021605708E+03
 0.14197962717448E+03
 0.14220829532046E+03
 0.14244665314558E+03
 0.14269515842739E+03
 0.14295429619990E+03
 0.14322458084316E+03
 0.14350655839296E+03
 0.14380080936897E+03
 0.14410795111869E+03
 0.14442864143599E+03
 0.14476358170396E+03
 0.14511352073011E+03
 0.14547925888832E+03
 0.14586165249880E+03
 0.14626161940055E+03
 0.14668014374789E+03
 0.14711828279984E+03
 0.14757717362661E+03
 0.14805804029061E+03
 0.14856220250388E+03
 0.14909108464087E+03
 0.14964622593684E+03
 0.15022929213357E+03
 0.15084208776846E+03
 0.15148656931560E+03
 0.15216486145818E+03
 0.15287927314127E+03
 0.15363231617526E+03
 0.15442672519730E+03
 0.15526547960702E+03
 0.15615182728504E+03
 0.15708930989096E+03
 0.15808179012949E+03
 0.15913348002596E+03
 0.16024897017942E+03
 0.16143325946311E+03
 0.16269178391131E+03
 0.16403044359079E+03
 0.16545562659957E+03
 0.16697422509845E+03
 0.16859364470609E+03
 0.17032179939619E+03
 0.17216709939316E+03
 0.17413839972121E+03
 0.17624494243589E+03
 0.17849625973627E+03
 0.18090204338408E+03
 0.18347198090213E+03
 0.18621554835393E+03
 0.18914177001340E+03
 0.19225894690448E+03
 0.19557435979961E+03
 0.19909397073096E+03
 0.20282209154913E+03
 0.20676131397428E+03
 0.21091194601029E+03
 0.21527225407198E+03
 0.21983826733907E+03
 0.22460389231959E+03
 0.22956110644591E+03
 0.23470022984499E+03
 0.24001026122712E+03
 0.24547924552625E+03
 0.25109464203371E+03
 0.25684366529315E+03
 0.26271358639347E+03
 0.26869197035724E+03
 0.27476686355513E+03
 0.28092692133745E+03
 0.28716148535273E+03
 0.29346062380238E+03
 0.29981513760698E+03
 0.30621654416173E+03
 0.31265704566763E+03
 0.31912948660599E+03
 0.32562730895250E+03
 0.33214450057526E+03
 0.33867554791667E+03
 0.34521538900637E+03
 0.35175937024390E+03
 0.35830320613707E+03
 0.36484294218638E+03
 0.37137492132933E+03
 0.37789575481537E+03
 0.38440229581471E+03
 0.39089161555157E+03
 0.39736098190960E+03
 0.40380784190464E+03
 0.41022980478002E+03
 0.41662462761655E+03
 0.42299020388446E+03
 0.42932454985704E+03
 0.43562579636897E+03
 0.44189218050507E+03
 0.44812203652676E+03
 0.45431378985340E+03
 0.46046595149320E+03
 0.46657711216182E+03
 0.47264593744605E+03
 0.47867116381911E+03
 0.48465159556802E+03
 0.49058610034718E+03
 0.49647360718464E+03
 0.50231310322586E+03
 0.50810363201141E+03
 0.51384429084705E+03
 0.51953422859849E+03
 0.52517264489496E+03
 0.53075878792612E+03
 0.53629195284692E+03
 0.54177148105091E+03
 0.54719675781786E+03
 0.55256721262640E+03
 0.55788231686334E+03
 0.56314158359842E+03
 0.56834456592921E+03
 0.57349085643927E+03
 0.57858008598877E+03
 0.58361192356996E+03
 0.58858607473182E+03
 0.59350228085877E+03
 0.59836031833367E+03
 0.60315999821578E+03
 0.60790116478893E+03
 0.61258369548277E+03
 0.61720749821595E+03
 0.62177251513845E+03
 0.62627871555912E+03
 0.63072609966482E+03
 0.63511469632610E+03
 0.63944456267625E+03
 0.64371578239912E+03
 0.64792846599699E+03
 0.65208274937151E+03
 0.65617879362206E+03
 0.66021678320896E+03
 0.66419692623206E+03
 0.66811945312376E+03
 0.67198461580266E+03
 0.67579268710642E+03
 0.67954395977069E+03
 0.68323874601695E+03
 0.68687737623721E+03
 0.69046019854067E+03
 0.69398757815865E+03
 0.69745989623840E+03
 0.70087754921066E+03
 0.70424094849509E+03
 0.70755051900144E+03
 0.71080669893908E+03
 0.71400993903907E+03
 0.71716070167818E+03
 0.72025946015547E+03
 0.72330669820896E+03
