 0.13628526479685E+03
 0.13628526479685E+03
 0.13628526479700E+03
 0.13628526479836E+03
 0.13628526480478E+03
 0.13628526482493E+03
 0.13628526487383E+03
 0.13628526497463E+03
 0.13628526516627E+03
 0.13628526552868E+03
 0.13628526623801E+03
 0.13628526765602E+03
 0.13628527044389E+03
 0.13628527568062E+03
 0.13628528496459E+03
 0.13628530048235E+03
 0.13628532503750E+03
 0.13628536204164E+03
 0.13628541547536E+03
 0.13628548983171E+03
 0.13628559005641E+03
 0.13628572149922E+03
 0.13628588989021E+03
 0.13628610135264E+03
 0.13628636246125E+03
 0.13628668035141E+03
 0.13628706288033E+03
 0.13628751883740E+03
 0.13628805819689E+03
 0.13628869240324E+03
 0.13628943467678E+03
 0.13629030032682E+03
 0.13629130705904E+03
 0.13629247529171E+03
 0.13629382831932E+03
 0.13629539267471E+03
 0.13629719822820E+03
 0.13629927834731E+03
 0.13630166999139E+03
 0.13630441376280E+03
 0.13630755391748E+03
 0.13631113833976E+03
 0.13631521848593E+03
 0.13631984930313E+03
 0.13632508912847E+03
 0.13633099957499E+03
 0.13633764540860E+03
 0.13634509442208E+03
 0.13635341730914E+03
 0.13636268754340E+03
 0.13637298126347E+03
 0.13638437716822E+03
 0.13639695642264E+03
 0.13641080257557E+03
 0.13642600149108E+03
 0.13644264129191E+03
 0.13646081231676E+03
 0.13648060708952E+03
 0.13650212030264E+03
 0.13652544880784E+03
 0.13655069162548E+03
 0.13657794995602E+03
 0.13660732720883E+03
 0.13663892903286E+03
 0.13667286335980E+03
 0.13670924045783E+03
 0.13674817298632E+03
 0.13678977607197E+03
 0.13683416735918E+03
 0.13688146711581E+03
 0.13693179831019E+03
 0.13698528670287E+03
 0.13704206095100E+03
 0.13710225271876E+03
 0.13716599679872E+03
 0.13723343122883E+03
 0.13730469744758E+03
 0.13737994043508E+03
 0.13745930885032E+03
 0.13754295521505E+03
 0.13763103607769E+03
 0.13772371222538E+03
 0.13782114891453E+03
 0.13792351604885E+03
 0.13803098849663E+03
 0.13814374612270E+03
 0.13826197436142E+03
 0.13838586426664E+03
 0.13851561303629E+03
 0.13865142421903E+03
 0.13879350809946E+03
 0.13894208204749E+03
 0.13909737098350E+03
 0.13925960775927E+03
 0.13942903372228E+03
 0.13960589923343E+03
 0.13979046408026E+03
 0.13998299823784E+03
 0.14018378221877E+03
 0.14039310787801E+03
 0.14061127934376E+03
 0.14083861360545E+03
 0.14107544123827E+03
 0.14132210704419E+03
 0.14157897185138E+03
 0.14184641290115E+03
 0.14212482458344E+03
 0.14241462030943E+03
 0.14271623400518E+03
 0.14303011987841E+03
 0.14335675614022E+03
 0.14369664464965E+03
 0.14405031355612E+03
 0.14441831894780E+03
 0.14480124697436E+03
 0.14519971552899E+03
 0.14561437734223E+03
 0.14604592170496E+03
 0.14649507760106E+03
 0.14696261667195E+03
 0.14744935632419E+03
 0.14795616374630E+03
 0.14848395862042E+03
 0.14903371872211E+03
 0.14960648323581E+03
 0.15020335860568E+03
 0.15082552378122E+03
 0.15147423618989E+03
 0.15215083790695E+03
 0.15285676422232E+03
 0.15359354996035E+03
 0.15436283956408E+03
 0.15516639621770E+03
 0.15600611215296E+03
 0.15688402182925E+03
 0.15780231360006E+03
 0.15876334496739E+03
 0.15976965867605E+03
 0.16082400016215E+03
 0.16192933751182E+03
 0.16308888289966E+03
 0.16430611738033E+03
 0.16558481725212E+03
 0.16692908432325E+03
 0.16834337761822E+03
 0.16983254979041E+03
 0.17140188721592E+03
 0.17305715225360E+03
 0.17480463036481E+03
 0.17665117839798E+03
 0.17860428035494E+03
 0.18067209733757E+03
 0.18286353463373E+03
 0.18518828078915E+03
 0.18765686786539E+03
 0.19028071042569E+03
 0.19307213928345E+03
 0.19604439925299E+03
 0.19921163898717E+03
 0.20258884680164E+03
 0.20619173552158E+03
 0.21003657613207E+03
 0.21413993909771E+03
 0.21851836160155E+03
 0.22318789879812E+03
 0.22816359893282E+03
 0.23345884230224E+03
 0.23908461293578E+03
 0.24504872441640E+03
 0.25135503432915E+03
 0.25800273008479E+03
 0.26498578464672E+03
 0.27229263079366E+03
 0.27990617411317E+03
 0.28780407873184E+03
 0.29595942744519E+03
 0.30434161122143E+03
 0.31291742046814E+03
 0.32165220141811E+03
 0.33051099819424E+03
 0.33945958373795E+03
 0.34846532240642E+03
 0.35749782917514E+03
 0.36652942872843E+03
 0.37553540858546E+03
 0.38449411950021E+03
 0.39338693433576E+03
 0.40219810569967E+03
 0.41091456115399E+03
 0.41952565256911E+03
 0.42802289252667E+03
 0.43639968276196E+03
 0.44465105775382E+03
 0.45277344444642E+03
 0.46076443736601E+03
 0.46862260787229E+03
 0.47634733057893E+03
 0.48393863356592E+03
 0.49139707021864E+03
 0.49872361194185E+03
 0.50591955744141E+03
 0.51298645602357E+03
 0.51992604617357E+03
 0.52674020470117E+03
 0.53343090452611E+03
 0.54000018170436E+03
 0.54645010929110E+03
 0.55278277625377E+03
 0.55900027109298E+03
 0.56510466971424E+03
 0.57109802502020E+03
 0.57698236254380E+03
 0.58275967351858E+03
 0.58843190891561E+03
 0.59400098465159E+03
 0.59946877294787E+03
 0.60483710503937E+03
 0.61010777287886E+03
 0.61528252602806E+03
 0.62036307539003E+03
 0.62535109245235E+03
 0.63024821157840E+03
 0.63505603012491E+03
 0.63977611089678E+03
 0.64440998459265E+03
 0.64895914644749E+03
 0.65342506150743E+03
 0.65780916520246E+03
 0.66211286447221E+03
 0.66633753822394E+03
 0.67048453826185E+03
 0.67455519099136E+03
 0.67855079869019E+03
 0.68247263900172E+03
 0.68632196699279E+03
 0.69010001560624E+03
 0.69380799612430E+03
 0.69744709893662E+03
 0.70101849472930E+03
 0.70452333393763E+03
 0.70796274858072E+03
 0.71133785175587E+03
 0.71464973856674E+03
 0.71789948692321E+03
 0.72108815686368E+03
 0.72421679232504E+03
 0.72728642024185E+03
 0.73029805191768E+03
 0.73325268259684E+03
 0.73615129214166E+03
 0.73899484528219E+03
 0.74178429151009E+03
 0.74452056640349E+03
 0.74720459023824E+03
 0.74983726966801E+03
 0.75241949701282E+03
 0.75495215111459E+03
 0.75743609697119E+03
 0.75987218641268E+03
 0.76226125790042E+03
 0.76460413697924E+03
 0.76690163628267E+03
 0.76915455576999E+03
 0.77136368294246E+03
 0.77352979283023E+03
 0.77565364835319E+03
 0.77773600031274E+03
 0.77977758760217E+03
 0.78177913745553E+03
 0.78374136540415E+03
 0.78566497546828E+03
 0.78755066047234E+03
 0.78939910195094E+03
 0.79121097043914E+03
 0.79298692558013E+03
 0.79472761616328E+03
 0.79643368044012E+03
 0.79810574607723E+03
 0.79974443043198E+03
 0.80135034059726E+03
 0.80292407359237E+03
 0.80446621640802E+03
 0.80597734629850E+03
 0.80745803069219E+03
 0.80890882750699E+03
 0.81033028522981E+03
 0.81172294298000E+03
 0.81308733070631E+03
 0.81442396929540E+03
 0.81573337072163E+03
 0.81701603810452E+03
 0.81827246588780E+03
 0.81950313997883E+03
 0.82070853786194E+03
 0.82188912866396E+03
 0.82304537333617E+03
 0.82417772476595E+03
 0.82528662791826E+03
 0.82637251990434E+03
 0.82743583010897E+03
