   305.833180578490118847143771537581802      
   305.833180575208522449485551403157112      
   305.833180532679864089517132468029339      
   305.833180317601823404850585260916899      
   305.833179632578655134427080477009353      
   305.833177969418442227768574774015778      
   305.833174579803515328997267203780405      
   305.833168436153001157584218206707110      
   305.833158097978758475760161241555196      
   305.833141312165117531862523741530020      
   305.833114153098470233824383492886710      
   305.833069624316693160495696477156078      
   305.832995839662945388123588408035016      
   305.832874054757996196968435433506925      
   305.832676856967275627128472744844043      
   305.832366754828796931213899125375148      
   305.831895290037722341647550491660638      
   305.831202678927492610823443895810139      
   305.830217906342980617871393415214081      
   305.828859151169478293555298368999026      
   305.827034413950409921148767890610308      
   305.824642231793602330532283352004083      
   305.821572392904046884340983997259632      
   305.817706593891193626344327914980580      
   305.812919011865733885524673506621521      
   305.807076787243290764922821427900974      
   305.800040430933066149426749862109022      
   305.791664181113055044114515353244563      
   305.781796340678541556684697968936332      
   305.770279627506738171500283496575458      
   305.756951566985371073277789945808215      
   305.741644950827175901089331379995077      
   305.724188379072366333089118559109533      
   305.704406894293651482995636834535653      
   305.682122709190924011326963169956147      
   305.657156009515074830661581331538639      
   305.629325888469364709025836992258877      
   305.598451234538417592558055262555762      
   305.564351756923783189713211005656065      
   305.526848981250975759340712211301578      
   305.485767249085713856569694836064808      
   305.440934690965341722539273008217943      
   305.392184153376181781920527182628374      
   305.339354062055676491471045871912811      
   305.282289207157915530646700509884404      
   305.220841438269974866439754779655555      
   305.154870260911377631224608864728151      
   305.084243328363571398840092566999743      
   305.008836826156091350978837871741818      
   304.928535748253633009235423003214985      
   304.843234067066632368719802172125254      
   304.752834800193642852558878345555223      
   304.657249979380880576913645270718068      
   304.556400527571793606826298613826315      
   304.450216050997375401826713290602924      
   304.338634554489822863958736313277728      
   304.221602087393176870982892121595704      
   304.099072328937121765868926342304004      
   303.971006120199173247030702352944447      
   303.837370952930703186856521969085968      
   303.698140418798826118737576520100115      
   303.553293631718656273799734710606533      
   303.402814624759567313018916247376973      
   303.246691732895252984428723216132496      
   303.084916964886840064808455518119352      
   302.917485366499863509931210156086256      
   302.744394388307183553695884543369523      
   302.565643250968781334155088275487590      
   302.381232322923658945454411487813729      
   302.191162503699467990966831869140727      
   301.995434626841787022336704590503491      
   301.794048865269814729379558885224196      
   301.587004161942401896254139931357710      
   301.374297681105010056060278880063914      
   301.155924263089145243856214897102702      
   300.931875915989341037825013783480639      
   300.702141305250871513304583497621435      
   300.466705276816996946406685129368556      
   300.225548396872496323639749848696881      
   299.978646507558453467471786008159932      
   299.725970298591280193820618337439479      
   299.467484886128001908698988697626517      
   299.203149395236783513750746446738112      
   298.932916595817810176878961011991870      
   298.656732509137295877134096494350590      
   298.374536046289136765611945491529431      
   298.086258637912161724692591271200001      
   297.791823871587325819929081422655101      
   297.491147246441847558854986103651473      
   297.184135577206261169475911200444127      
   296.870686839799276139726791706240712      
   296.550689766874211069532277161676014      
   296.224023497137044849405114117083800      
   295.890557209301716638771144511975568      
   295.550149708300032566990534232555059      
   295.202649074376317752999013808821155      
   294.847892213543234269750390825961661      
   294.485704504410067194539555370044549      
   294.115899321484637874373586855750447      
   293.738277712772113307449173472859892      
   293.352627755664216454280980379895856      
   292.958724006442562372710730950008346      
   292.556327094395471045771413750673243      
   292.145183269009403051265329184004118      
   291.725023743450231685950054068476676      
   291.295563658846061745319926881973133      
   290.856501922514528233712607897405749      
   290.407520559015854863082185115724728      
   289.948283438667416414777590660958774      
   289.478435419070100425384044588022895      
   288.997602688645973882293970511287855      
   288.505389885569383667052013460321194      
   288.001380920507895161794633635558654      
   287.485136724582270082859375230932399      
   286.956194672448964273492664857411923      
   286.414066935966987735523296670804114      
   285.858240109138926131575989627619531      
   285.288172363799134549615607525563248      
   284.703293239294662610518099799743905      
   284.103001251255589999454702780753652      
   283.486662428705235160407720663090877      
   282.853608495043156405374192119786658      
   282.203134714722203256562805099912696      
   281.534497842990278868882292804805368      
   280.846913993698813670885811314188186      
   280.139555678969108159647473201887168      
   279.411549148187623144788709145420735      
   278.661972348309813328150045646507000      
   277.889850790051081759691971395353134      
   277.094154631466719737360882804885654      
   276.273795201460552724245318006131125      
   275.427620450244477682723992649589198      
   274.554411944223477407238351736591971      
   273.652879324941796154738188301940912      
   272.721655629311304350762603325463172      
   271.759292280988760738751581716768337      
   270.764253054414527399668244909383969      
   269.734909396970014297051115513830576      
   268.669531958274830253294666875721838      
   267.566284524624509432398060035055645      
   266.423216729010960533551610726967577      
   265.238256353034910610153092489940459      
   264.009199895515796247703535490984911      
   262.733704760635888322082856762020797      
   261.409279343867618623738191144398982      
   260.033273456610454211317848702516557      
   258.602868115453083288632293721015471      
   257.115066112234161002547854415758634      
   255.566681274584478488563572428877919      
   253.954328926114896229163449534130772      
   252.274417956223611373399708272897648      
   250.523142127212519552161272572385939      
   248.696475725437899446340107148094908      
   246.790172286560454881308738343331889      
   244.799766013532985777686623549545715      
   242.720581273519879475087607010179257      
   240.547746038643676844709622116774948      
   238.276234099623657653357690634739802      
   235.900887711863094717483502955613007      
   233.416493553943007265992095442683777      
   230.817857912058891701922285750779045      
   228.099924162449403718943948263127420      
   225.257906190585927536059604999001098      
   222.287469805040233582822141204899266      
   219.184945557692232755202171514753258      
   215.947579640432151663089670815124390      
   212.573826410757764335358578487138017      
   209.063658210654396213444464967935876      
   205.418907958284770705529280402568455      
   201.643600142681187967300717191596093      
   197.744260095994750008210413058803507      
   193.730170628098613016950463194126731      
   189.613514062057493836094772419842712      
   185.409389106051986439144650983271322      
   181.135617800537645017908084852191886      
   176.812361242151920972570882341392319      
   172.461505549798425120576087301458551      
   168.105882166012109309888826466089039      
   163.768372479852041704116208709911872      
   159.470998615501795144263996469752160      
   155.234102489779104766249812905404786      
   151.075684374445901109042580475202493      
   147.010967657538812809605319580606364      
   143.052194352969309365662022432896541      
   139.208634596771912101503613493668418      
   135.486766259903426661564345987765755      
   131.890575991822837083834886217589128      
   128.421916119374314206797926975287300      
   125.080891471920416420957683106465773      
   121.866222377281034683484870055745686      
   118.775579432396551772375666963167266      
   115.805867949455875543154027859360272      
   112.953464720198836220215204352337618      
   110.214406668031381424751057776422128      
   107.584536274924785494408769815157197      
   105.059611523903591923628626697090622      
   102.635385383473993463973082638659002      
   100.307662095390261291803399859367496      
   98.0723362790230493914246458343036705      
   95.9254176218586927545406424067858669      
   93.8630459265647236070072473983144589      
   91.8815000159170202749758417518842593      
   89.9772010691200171048769396472300754      
   88.1467135132197436331547976244768637      
   86.3867431060973287875616308128908646      
   84.6941344500357223522041139837072120      
   83.0658671543961694400702406061153624      
   81.4990520784177873483151188493532901      
   79.9909269588777508354525265877489155      
   78.5388523501418042430220231052811277      
   77.1403071339424161913989354000611336      
   75.7928845950120167720584727324083320      
   74.4942880198690913837082248814805999      
   73.2423270371865924100534560657969879      
   72.0349127692550299167933478548174386      
   70.8700549238126409685543668419218108      
   69.7458570930918954424604527372689591      
   68.6605134477177224653022856948675997      
   67.6123046191670748771499262259927912      
   66.5995939815059786787178228349647009      
   65.6208246571875120724274495776979544      
   64.6745150820456149948871524955552689      
   63.7592560860018626593075164438815434      
   62.8737076753430759214134474844644143      
   62.0165952844110770881843057363415459      
   61.1867071336884873716041894935584017      
   60.3828907433107801201543802043182214      
   59.6040502722144230024334411376392142      
   58.8491437279321844062615869889291872      
   58.1171800483993029103829243348982903      
   57.4072166477258014457378553317429143      
   56.7183568255738321373230800942856600      
   56.0497475322496707625112041136377717      
   55.4005769532895703131698851107118279      
   54.7700726281369163934485510079514014      
   54.1574990739698798004409332535207024      
   53.5621559117811025244745282995807157      
   52.9833762300818025725123556752681589      
   52.4205245892532261607025673713456978      
   51.8729954888253246355068386723844792      
   51.3402117313801596882060843305091745      
   50.8216229964383286585262763503256871      
   50.3167043259988397418833094128076705      
   49.8249549134224769724779944286589345      
   49.3458967996097164853453197205544607      
   48.8790735727681270492674979429043074      
   48.4240494774909633934689745195368531      
   47.9804080691303693674214080239808671      
   47.5477514635893482265133314400933954      
   47.1256992421044795357755293951373336      
   46.7138875613889696063526717332061950      
   46.3119684066911241704290888897972288      
   45.9196086320881653600975029889283840      
   45.5364894378956545412288897593418360      
   45.1623053306348747232608752391314339      
   44.7967638008784325163187285605489013      
   44.4395844636958961860874436322072162      
   44.0904985238675758147358330289193817      
   43.7492482198267197077089773966709181      
   43.4155862538428617249434379963741124      
   43.0892753115989647701087610607789973      
   42.7700875794679290747351721862332433      
   42.4578042821356499607318965198785834      
   42.1522152669900117916504282569535567      
   41.8531185794060416691857246845076187      
   41.5603200920079191704298479041509828      
   41.2736331287261668683074682581807064      
   40.9928781570818750184155354826216584      
   40.7178824022594151122417992410119708      
   40.4484795917827177544242357664477982      
   40.1845096292639949672717766549155799      
   39.9258183328513114455291326096641297      
   39.6722571652211593626912776056909933      
   39.4236829896108181349563129759163975      
   39.1799578170426017474350669750391683      
   38.9409486106541361788071206806861633      
   38.7065270348242685227731057716354773      
   38.4765692845425253383272270341496007      
   38.2509558687244380118665971254001343      
   38.0295714471478586973959288683216757      
   37.8123046325354325505841505372512588      
   37.5990478521410035803295952458863295      
   37.3896971677733624574542466618513547      
   37.1841521296768240437715848833309216      
   36.9823156477141203323415106407601582      
   36.7840938363657164338793397791985357      
   36.5893958957382323647881016176218332      
   36.3981339844632294728433890050142795      
   36.2102231080179229918554485791655041      
   36.0255809963920011709702900333992753      
   35.8441280027070533630668564339181539      
   35.6657870005529728399232171585363696      
   35.4904832868150730123188878211099999      
   35.3181444890085120871601353309940301      
   35.1487004708061545359288511661325245      
   34.9820832548357836730193198238370280      
   34.8182269380096054338296485446077265      
   34.6570676131120469039427737384982774      
   34.4985432954440620813168161675751482      
   34.3425938512396532528367538868222282      
