 0.13628526479685E+03
 0.13628526479685E+03
 0.13628526479700E+03
 0.13628526479836E+03
 0.13628526480478E+03
 0.13628526482493E+03
 0.13628526487383E+03
 0.13628526497463E+03
 0.13628526516627E+03
 0.13628526552868E+03
 0.13628526623801E+03
 0.13628526765602E+03
 0.13628527044388E+03
 0.13628527568056E+03
 0.13628528496426E+03
 0.13628530048070E+03
 0.13628532503082E+03
 0.13628536201834E+03
 0.13628541540394E+03
 0.13628548963570E+03
 0.13628558956697E+03
 0.13628572037305E+03
 0.13628588747698E+03
 0.13628609649386E+03
 0.13628635320112E+03
 0.13628666354011E+03
 0.13628703365146E+03
 0.13628746994413E+03
 0.13628797919479E+03
 0.13628856867222E+03
 0.13628924627933E+03
 0.13629002070422E+03
 0.13629090157177E+03
 0.13629189958734E+03
 0.13629302666554E+03
 0.13629429603836E+03
 0.13629572233870E+03
 0.13629732165717E+03
 0.13629911157175E+03
 0.13630111115138E+03
 0.13630334095253E+03
 0.13630582291630E+03
 0.13630858039826E+03
 0.13631163804441E+03
 0.13631502172650E+03
 0.13631875846086E+03
 0.13632287632741E+03
 0.13632740439250E+03
 0.13633237263873E+03
 0.13633781190407E+03
 0.13634375383225E+03
 0.13635023083626E+03
 0.13635727607511E+03
 0.13636492344503E+03
 0.13637320758471E+03
 0.13638216389421E+03
 0.13639182856713E+03
 0.13640223863486E+03
 0.13641343202233E+03
 0.13642544761269E+03
 0.13643832532221E+03
 0.13645210618103E+03
 0.13646683242075E+03
 0.13648254756631E+03
 0.13649929653059E+03
 0.13651712571370E+03
 0.13653608310014E+03
 0.13655621835972E+03
 0.13657758294558E+03
 0.13660023019092E+03
 0.13662421540731E+03
 0.13664959597603E+03
 0.13667643144143E+03
 0.13670478359706E+03
 0.13673471657816E+03
 0.13676629693299E+03
 0.13679959372101E+03
 0.13683467858118E+03
 0.13687162581366E+03
 0.13691051245221E+03
 0.13695141833691E+03
 0.13699442619363E+03
 0.13703962171471E+03
 0.13708709362878E+03
 0.13713693377683E+03
 0.13718923719260E+03
 0.13724410218768E+03
 0.13730163042866E+03
 0.13736192701889E+03
 0.13742510063428E+03
 0.13749126359701E+03
 0.13756053198490E+03
 0.13763302574835E+03
 0.13770886881643E+03
 0.13778818923525E+03
 0.13787111938598E+03
 0.13795779599619E+03
 0.13804836043145E+03
 0.13814295884208E+03
 0.13824174232998E+03
 0.13834486715887E+03
 0.13845249492993E+03
 0.13856479298762E+03
 0.13868193454320E+03
 0.13880409898226E+03
 0.13893147202595E+03
 0.13906424635360E+03
 0.13920262183253E+03
 0.13934680560769E+03
 0.13949701280465E+03
 0.13965346711056E+03
 0.13981640075656E+03
 0.13998605515928E+03
 0.14016268181881E+03
 0.14034654252144E+03
 0.14053790977172E+03
 0.14073706817315E+03
 0.14094431404345E+03
 0.14115995735930E+03
 0.14138432142622E+03
 0.14161774475774E+03
 0.14186058107374E+03
 0.14211320111593E+03
 0.14237599309711E+03
 0.14264936411403E+03
 0.14293374159761E+03
 0.14322957402879E+03
 0.14353733310070E+03
 0.14385751480182E+03
 0.14419064134383E+03
 0.14453726262557E+03
 0.14489795871302E+03
 0.14527334147942E+03
 0.14566405748247E+03
 0.14607078975303E+03
 0.14649426102998E+03
 0.14693523648652E+03
 0.14739452714781E+03
 0.14787299300642E+03
 0.14837154717717E+03
 0.14889116011326E+03
 0.14943286379006E+03
 0.14999775702620E+03
 0.15058701031806E+03
 0.15120187278344E+03
 0.15184367738441E+03
 0.15251384961105E+03
 0.15321391383356E+03
 0.15394550233566E+03
 0.15471036558675E+03
 0.15551038151854E+03
 0.15634756749370E+03
 0.15722409260377E+03
 0.15814229170838E+03
 0.15910468032506E+03
 0.16011397127314E+03
 0.16117309280182E+03
 0.16228520850312E+03
 0.16345373891783E+03
 0.16468238537663E+03
 0.16597515532888E+03
 0.16733638929781E+03
 0.16877079128756E+03
 0.17028345852850E+03
 0.17187991495550E+03
 0.17356614226408E+03
 0.17534861593556E+03
 0.17723433201490E+03
 0.17923084743254E+03
 0.18134628603927E+03
 0.18358936927280E+03
 0.18596941033260E+03
 0.18849630459630E+03
 0.19118049064891E+03
 0.19403288259435E+03
 0.19706476249784E+03
 0.20028762667705E+03
 0.20371296966338E+03
 0.20735201185697E+03
 0.21121534546005E+03
 0.21531252389608E+03
 0.21965158576386E+03
 0.22423853677872E+03
 0.22907685235877E+03
 0.23416698927969E+03
 0.23950605210013E+03
 0.24508759118911E+03
 0.25090162424244E+03
 0.25693488760107E+03
 0.26317130013093E+03
 0.26959259910203E+03
 0.27617907364957E+03
 0.28291031752766E+03
 0.28976592726849E+03
 0.29672609581872E+03
 0.30377206491099E+03
 0.31088643747826E+03
 0.31805334797233E+03
 0.32525852713243E+03
 0.33248927766695E+03
 0.33973438852865E+03
 0.34698401641847E+03
 0.35422954353649E+03
 0.36146343685746E+03
 0.36867910926319E+03
 0.37587079157721E+03
 0.38303342096637E+03
 0.39016253561276E+03
 0.39725419312049E+03
 0.40430489666008E+03
 0.41131153285022E+03
 0.41827132074123E+03
 0.42518176801546E+03
 0.43204063536695E+03
 0.43884590587889E+03
 0.44559576071376E+03
 0.45228855695333E+03
 0.45892280969072E+03
 0.46549717619945E+03
 0.47201044345685E+03
 0.47846151618075E+03
 0.48484940687558E+03
 0.49117322863340E+03
 0.49743218468659E+03
 0.50362556360474E+03
 0.50975273309951E+03
 0.51581313458085E+03
 0.52180627797353E+03
 0.52773173764872E+03
 0.53358914847135E+03
 0.53937820220580E+03
 0.54509864430181E+03
 0.55075027097237E+03
 0.55633292626210E+03
 0.56184649963425E+03
 0.56729092378401E+03
 0.57266617217127E+03
 0.57797225749729E+03
 0.58320922938967E+03
 0.58837717304642E+03
 0.59347620553668E+03
 0.59850648025618E+03
 0.60346817667857E+03
 0.60836150582931E+03
 0.61318670684098E+03
 0.61794404434323E+03
 0.62263381001014E+03
 0.62725631876820E+03
 0.63181190891421E+03
 0.63630094079617E+03
 0.64072379642322E+03
 0.64508087729726E+03
 0.64937260446720E+03
 0.65359941708115E+03
 0.65776177164561E+03
 0.66186014050310E+03
 0.66589501246009E+03
 0.66986689033386E+03
 0.67377629114919E+03
 0.67762374424483E+03
 0.68140979290025E+03
 0.68513499037454E+03
 0.68879990118825E+03
 0.69240509978668E+03
 0.69595117047540E+03
 0.69943870557704E+03
 0.70286830577000E+03
 0.70624057892665E+03
 0.70955613975409E+03
 0.71281560879819E+03
 0.71601961244774E+03
 0.71916878158014E+03
 0.72226375155983E+03
 0.72530516160673E+03
 0.72829365408482E+03
 0.73122987405131E+03
 0.73411446880378E+03
 0.73694808742105E+03
 0.73973138012427E+03
 0.74246499805972E+03
 0.74514959270414E+03
 0.74778581544398E+03
 0.75037431735645E+03
 0.75291574850485E+03
 0.75541075787975E+03
 0.75785999284128E+03
 0.76026409883926E+03
 0.76262371915567E+03
 0.76493949445748E+03
 0.76721206266202E+03
 0.76944205845060E+03
 0.77163011320925E+03
 0.77377685461153E+03
 0.77588290648563E+03
 0.77794888854373E+03
 0.77997541613411E+03
 0.78196310009362E+03
 0.78391254653621E+03
 0.78582435665984E+03
 0.78769912656525E+03
