   6.91360382032448847522976250442333937      
   6.91360382032448897452856100055816334      
   6.91360382032452743201328781372420908      
   6.91360382032516444341181800519020349      
   6.91360382032990751712095170087174241      
   6.91360382035170981779289183049362186      
   6.91360382042467998402730488861805099      
   6.91360382061958405575437355673203927      
   6.91360382105548862151296176861362165      
   6.91360382188595357241724397032739271      
   6.91360382321898980232188480500618207      
   6.91360382491702757155241213906862656      
   6.91360382622650346103870777691760376      
   6.91360382520635178898266781814803690      
   6.91360381795271752369424972719516746      
   6.91360379764466427394857695159787542      
   6.91360375345691121497020253803849662      
   6.91360366939923811954324765907136630      
   6.91360352314906488286620944513248503      
   6.91360328494558815831303850604588010      
   6.91360291661224275568522222782262517      
   6.91360237076966392482861078562149575      
   6.91360159029338840835680102033735608      
   6.91360050805934547434838972145639566      
   6.91359904700479579384809968342293455      
   6.91359712051463139081841256386800252      
   6.91359463312282317654286724820848351      
   6.91359148149971238949573012097895345      
   6.91358755567869546531909004826724312      
   6.91358274046201591204274321114452041      
   6.91357691693790785896892075060081877      
   6.91356996403807039942332064073355210      
   6.91356176006695494994229492390616430      
   6.91355218414103571754020621339288935      
   6.91354111748621649978869927845927818      
   6.91352844455341404322597900237899727      
   6.91351405392520002022245447998435786      
   6.91349783899873261491416364980125767      
   6.91347969844196287309107345199343812      
   6.91345953642950731457122656049909172      
   6.91343726267298744382962076906116454      
   6.91341279226615963717430792306666771      
   6.91338604536942695039125279330309884      
   6.91335694676019256295999422616919120      
   6.91332542525545487456442923882625565      
   6.91329141315139808533625863716051044      
   6.91325484542514299064592688739841003      
   6.91321565907559954770338364842259916      
   6.91317379237024376199101915220731516      
   6.91312918411142675898955617363842083      
   6.91308177292050803311446124627135417      
   6.91303149655082486107327284824231223      
   6.91297829123764991037168035206484656      
   6.91292209109037349878714011740313707      
   6.91286282753048551871312815092638447      
   6.91280042877648680205130862262171396      
   6.91273481937523028558585226252220747      
   6.91266591977829366282871902018560146      
   6.91259364596002061061652743612521551      
   6.91251790907445248597768947198218818      
   6.91243861514563683476823979094466138      
   6.91235566478806151167800800386543031      
   6.91226895295140516706241160373007582      
   6.91217836868513874044893879329465044      
   6.91208379491872248454318267969636065      
   6.91198510825025564092996606977888436      
   6.91188217874332427839515182050745534      
   6.91177486972282880531143121229366611      
   6.91166303757017414561928016096744867      
   6.91154653151278682432479866992568152      
   6.91142519340180099650491884207799016      
   6.91129885748116673998968013115724599      
   6.91116735013964039188360679548343246      
   6.91103048964752769097526570221461277      
   6.91088808587076915309779938467978721      
   6.91073993997272411476894126689152461      
   6.91058584408006025708622995247472709      
   6.91042558093853892046587668676800956      
   6.91025892353472425208954919377457156      
   6.91008563470647952478392576911772504      
   6.90990546671231979485832404781620058      
   6.90971816077846690899985233888779464      
   6.90952344661458136921916284184506801      
   6.90932104190577783807538712544207933      
   6.90911065178258611175113995309728187      
   6.90889196825072911800104224251082653      
   6.90866466959613581548738608775096545      
   6.90842841975751363182297994514117143      
   6.90818286768860033322835679714730551      
   6.90792764663493144330787918518856822      
   6.90766237340848568701947474663840382      
   6.90738664765133643030709072806923566      
   6.90710005103952328312066804277926280      
   6.90680214646364653635593708266885038      
   6.90649247719526270968570241760726784      
   6.90617056591966557299313454908416975      
   6.90583591377313028471173923393375726      
   6.90548799941351614413087846870710284      
   6.90512627799405812803535043815198619      
   6.90475018006533255229324578889309676      
   6.90435911042985866889930984420352595      
   6.90395244698695293542481331916508614      
   6.90352953968756578834149983702977656      
   6.90308970879253012620543130135302789      
   6.90263224386676535663330021253903670      
   6.90215640245461485391885652982407168      
   6.90166140843975461416460627655887947      
   6.90114645033888643963677496885371951      
   6.90061067986661100237885284578555112      
   6.90005321072770494616575056867083599      
   6.89947311589795175811404880740453152      
   6.89886942611378246800991730330437785      
   6.89824112864800993286856770471344407      
   6.89758716436306337023239449756845134      
   6.89690642555884769358589424102711413      
   6.89619775442325043330619979192743328      
   6.89545994067228256917548441759601776      
   6.89469171750569340347772874748074620      
   6.89389176165561021952007392068668609      
   6.89305868800596420965156712133095582      
   6.89219104877305695831653192843885507      
   6.89128732898134669629996140836070640      
   6.89034594431394265604279605717328054      
   6.88936523729427832567958652683961564      
   6.88834347438525452168430283228608071      
   6.88727884083080554796876731166066695      
   6.88616943892569097707005508500836354      
   6.88501328200918990935341787491757152      
   6.88380829150641112831255299349858282      
   6.88255229151165855729879118429525789      
   6.88124300521518188895721062613271788      
   6.87987804858869247342370766434994976      
   6.87845492557263507965214334800339522      
   6.87697102359153094579323599248651388      
   6.87542360670788577486022454903983182      
   6.87380980953908494717710289771661684      
   6.87212663130101358885382212026533466      
   6.87037092909435515594646281227490621      
   6.86853941086649228452255763382093137      
   6.86662862659640307271089939498792599      
   6.86463496344320725065110435108266282      
   6.86255463477583503293178838391714403      
   6.86038367242345309346608447310534962      
   6.85811791858168933372332230535755699      
   6.85575301482301149495420891524056780      
   6.85328439275661596327489565077188986      
   6.85070726449605774228463835923222548      
   6.84801660940683991291310881166506350      
   6.84520716529780998897059655126639267      
   6.84227341479661237283150384760072225      
   6.83920957305909940683339642267234086      
   6.83600957396020472712964070920905309      
   6.83266705824259177302910039233996837      
   6.82917535808466983635734211159566689      
   6.82552748199649333330385466605406663      
   6.82171610085902461172403359967728243      
   6.81773353048918825230089240972815048      
   6.81357171664259146239195990212037565      
   6.80922221784528441054098436873703859      
   6.80467618824206623043461903482481051      
   6.79992436090422979218977803730926567      
   6.79495703071198822719422618581970878      
   6.78976403606309388595926926010431946      
   6.78433474359560582502801088169154827      
   6.77865803052732492068971549002083271      
   6.77272226934540176444017632288858855      
   6.76651531431064431469494409633459378      
   6.76002448902040657929836226681235377      
   6.75323657455467840084325294273756213      
   6.74613780417705152656529101148090131      
   6.73871385777112083483854226292437053      
   6.73094986258640301153023060772584003      
   6.72283039964186717961414175196407175      
   6.71433951479113636535777446284336037      
   6.70546073702963499924969149353392169      
   6.69617710615177672033370612713105201      
   6.68647120557941986438743369827516188      
   6.67632520834329194028247847768410382      
   6.66572092966237372625597263202061893      
   6.65463988821605874064751690216153820      
   6.64306337427870317733123895418535975      
   6.63097252222793840413026834944849072      
   6.61834838516381721984993837494129883      
   6.60517200652752361531239198276438255      
   6.59142447560027756208615087564850818      
   6.57708697722949656263223536590211558      
   6.56214080279775321013114862581246549      
   6.54656734968115908052502200030564238      
   6.53034807200784118464109447007569815      
   6.51346440722077081122962853121215947      
   6.49589766818244168856956504145235494      
   6.47762892891556262846640114033084609      
   6.45863889468373264565475718083592811      
   6.43890779621446356501271691296994367      
   6.41841530693585667689319041329191522      
   6.39714050649400999632645422296052391      
   6.37506188867869376039314062391994401      
   6.35215741775388960594640256963932868      
   6.32840462322904763947192151035077945      
   6.30378072347437557472573938459437420      
   6.27826276570045003709513591574218195      
   6.25182776769948658653121256993350401      
   6.22445285654030259628078805550232836      
   6.19611538978462841100803565745310195      
   6.16679306014649705542179460205845528      
   6.13646397788283583835268568487114511      
   6.10510673229703552336438641962348255      
   6.07270043301589935457654682872838555      
   6.03922473321424319516251587945075943      
   6.00465983759364160844933700438425119      
   5.96898649779707483278944244355396928      
   5.93218599744086196319439462149645981      
   5.89424013084906822111003934836583281      
   5.85513117547128086442768664603067163      
   5.81484186142257787757663315866404709      
   5.77335533894378286315485967978251097      
   5.73065514488963591971812521382591785      
   5.68672516948707983069911885303967275      
   5.64154962377168088313123356679081287      
   5.59511300811908834832508772432468306      
   5.54740008225187429332309416230071246      
   5.49839583706983270166199916737937907      
   5.44808546824201739667957436324787153      
   5.39645435152859274951414929882693186      
   5.34348801997772221005783857787937745      
   5.28917214289620173520776636770255753      
   5.23349250645923729447862346000131477      
   5.17643499606582860135465159088056786      
   5.11798557997005948591873582703746221      
   5.05813029445618334888488313780000769      
   4.99685523028969304854472092005587606      
   4.93414652036395728315518092156615773      
   4.86999032842754490525412962388544442      
   4.80437283882785089502961240650217241      
   4.73728024717588469721638647965016833      
   4.66869875188375795958779909180435850      
   4.59861454642121664241835420591419260      
   4.52701381230538178570178835810257568      
   4.45388271270928093164963697654022800      
   4.37920738666558945170746508088788307      
   4.30297394378315151164987584709500925      
   4.22516845943398034854089871671695764      
   4.14577697039480315705048459211084271      
   4.06478547087047710142032590555857392      
   3.98217990887959952130596954379114911      
   3.89794618295285031227856404802725717      
   3.81207013914467277528686219707698095      
   3.72453756830330621277885039033924775      
   3.63533420359083621869580653971047369      
   3.54444571821134655744278703600563632      
   3.45185772337080977579545348830805729      
   3.35755576637336189581318018433352891      
   3.26152532895779158177422365541367154      
   3.16375182568093954566696376723675929      
   3.06422060257931827774912283298088240      
   2.96291693582055563511688241764258093      
   2.85982603054717283950354695801305819      
   2.75493301984190313900514757273009815      
   2.64822296371331325444618958674780913      
   2.53968084824677852299831313201499795      
   2.42929158481092708186273317446674815      
   2.31704000929692721834937864133814722      
   2.20291088152515139478183174704173371      
   2.08688888455010133430440129028932470      
   1.96895862430169365430785990037481765      
   1.84910462888697089753012809829842371      
   1.72731134830260042351898705756540115      
   1.60356315399049652549263366345528568      
   1.47784433852080487767739677640522337      
   1.35013911523973581887548776108173344      
   1.22043161800846414558541611321823957      
   1.08870590098642673090215935578861218      
  0.954945938383859474969289989443579756      
  0.819135624273911267199363217325605996      
  0.681258772447317114414985553046491330      
  0.541299116258520187327130180368432887      
  0.399240308513041624541153099090334749      
  0.255065921374879661084439926393513671      
  0.108759446277459901550635816576819212      
  -3.96957061500107510071924000482249844E-0002
 -0.190316206095579816930556171432534318      
 -0.343118804621995884929249737547310520      
 -0.498120333696062622252465958569959734      
 -0.655337706173832698668921787304799689      
 -0.814787915802339221980797689946793274      
 -0.976488037194955749642128747934732941      
  -1.14045522583211926900030911602603825      
  -1.30670671800529037888527479788172746      
  -1.47525983076240870826714908915514915      
  -1.64613196187709236798510092935289503      
  -1.81934058979145246222089954555302348      
  -1.99490327352583259488589925313062662      
  -2.17283765262556234492007533579159301      
  -2.35316144706837395661705671772994629      
  -2.53589245718551348370992426496386240      
  -2.72104856357700770336624657504138627      
  -2.90864772700415814177135120111283489      
  -3.09870798829788002397259957065987037      
  -3.29124746824205642962580970701428679      
  -3.48628436748891511745259491157678635      
