 0.50980458357107E+03
 0.50980458357087E+03
 0.50980458356821E+03
 0.50980458355715E+03
 0.50980458352434E+03
 0.50980458324932E+03
 0.50980458269075E+03
 0.50980457894475E+03
 0.50980456128249E+03
 0.50980448407460E+03
 0.50980420923613E+03
 0.50980347340548E+03
 0.50980171141448E+03
 0.50979809539161E+03
 0.50979138666179E+03
 0.50977997225843E+03
 0.50976184999840E+03
 0.50973471163451E+03
 0.50969611902768E+03
 0.50964339985493E+03
 0.50957386237054E+03
 0.50948485042579E+03
 0.50937375007069E+03
 0.50923837517806E+03
 0.50907654570015E+03
 0.50888643814536E+03
 0.50866640437735E+03
 0.50841514586780E+03
 0.50813181461686E+03
 0.50781585030030E+03
 0.50746643917730E+03
 0.50708399058930E+03
 0.50666848977056E+03
 0.50621995434355E+03
 0.50573928537622E+03
 0.50522708073725E+03
 0.50468490709904E+03
 0.50411190334260E+03
 0.50351105372733E+03
 0.50288235411292E+03
 0.50222771327209E+03
 0.50154752125980E+03
 0.50084340938482E+03
 0.50011719990011E+03
 0.49936987178165E+03
 0.49860161039059E+03
 0.49781455778291E+03
 0.49701013375196E+03
 0.49618796790792E+03
 0.49535046296285E+03
 0.49449678931305E+03
 0.49362928672652E+03
 0.49274974825809E+03
 0.49185692860879E+03
 0.49095127737489E+03
 0.49003395098281E+03
 0.48910490653444E+03
 0.48816650441489E+03
 0.48721729866100E+03
 0.48625800359115E+03
 0.48529010006091E+03
 0.48431225070303E+03
 0.48332561238607E+03
 0.48232973805843E+03
 0.48132499991441E+03
 0.48031087298038E+03
 0.47928779279371E+03
 0.47825702819980E+03
 0.47721799283690E+03
 0.47616794736876E+03
 0.47511010325769E+03
 0.47404676567165E+03
 0.47297516878363E+03
 0.47188786756866E+03
 0.47079647289789E+03
 0.46969033455191E+03
 0.46858301421405E+03
 0.46746510108694E+03
 0.46633093187213E+03
 0.46518840374968E+03
 0.46404282949597E+03
 0.46288457789177E+03
 0.46171612046354E+03
 0.46053962703086E+03
 0.45935199326813E+03
 0.45815566103591E+03
 0.45694137463026E+03
 0.45572223495551E+03
 0.45448936128059E+03
 0.45325132995670E+03
 0.45199260866083E+03
 0.45073330673063E+03
 0.44944940546173E+03
 0.44816138012395E+03
 0.44685894227504E+03
 0.44555255033036E+03
 0.44422201403586E+03
 0.44289194596943E+03
 0.44153628154371E+03
 0.44018094068749E+03
 0.43879766417042E+03
 0.43739450195740E+03
 0.43599461060627E+03
 0.43457854994707E+03
 0.43313633675070E+03
 0.43169721318073E+03
 0.43022630998962E+03
 0.42874677709026E+03
 0.42725149225107E+03
 0.42574273715437E+03
 0.42420459928244E+03
 0.42265444350889E+03
 0.42109774330266E+03
 0.41951249445197E+03
 0.41791158410261E+03
 0.41628549749275E+03
 0.41465474125674E+03
 0.41299707617040E+03
 0.41130047646985E+03
 0.40958336431422E+03
 0.40787240134014E+03
 0.40609739132917E+03
 0.40433330054328E+03
 0.40253576770443E+03
 0.40070047648123E+03
 0.39882975145349E+03
 0.39695648768482E+03
 0.39503998933328E+03
 0.39310591033488E+03
 0.39114155447888E+03
 0.38911275522348E+03
 0.38707396676899E+03
 0.38499336610943E+03
 0.38287354254663E+03
 0.38071900174361E+03
 0.37850428614524E+03
 0.37628976203620E+03
 0.37398830283963E+03
 0.37167672374280E+03
 0.36931369119782E+03
 0.36689761127494E+03
 0.36441020092347E+03
 0.36191991660389E+03
 0.35934031316837E+03
 0.35673188203565E+03
 0.35408042898375E+03
 0.35137486638608E+03
 0.34862391632903E+03
 0.34579956004235E+03
 0.34298746111554E+03
 0.34016151154397E+03
 0.33730836534319E+03
 0.33448453806206E+03
 0.33166519621434E+03
 0.32891584882389E+03
 0.32626391288087E+03
 0.32378126518737E+03
 0.32149803353097E+03
 0.31952074456441E+03
 0.31789184021347E+03
 0.31671922487285E+03
 0.31611946996598E+03
 0.31618846050013E+03
 0.31704053644180E+03
 0.31878817612415E+03
 0.32152116649326E+03
 0.32532777370628E+03
 0.33022714502308E+03
 0.33627462760186E+03
 0.34346998861512E+03
 0.35179240349682E+03
 0.36129063928985E+03
 0.37174843931380E+03
 0.38317455201335E+03
 0.39556040615533E+03
 0.40875601814155E+03
 0.42274746076725E+03
 0.43739376586879E+03
 0.45268813778075E+03
 0.46858277857163E+03
 0.48503793001240E+03
 0.50198728346284E+03
 0.51931105414112E+03
 0.53702734570096E+03
 0.55534817890103E+03
 0.57386446214750E+03
 0.59275252291078E+03
 0.61191527688484E+03
 0.63145594006534E+03
 0.65122252968912E+03
 0.67124718298055E+03
 0.69159899116515E+03
 0.71222773613267E+03
 0.73306258807213E+03
 0.75422285807264E+03
 0.77560731709907E+03
 0.79711529844103E+03
 0.81896175648867E+03
 0.84099235866435E+03
 0.86319136115494E+03
