 0.13628526479685E+03
 0.13628526479685E+03
 0.13628526479700E+03
 0.13628526479836E+03
 0.13628526480478E+03
 0.13628526482493E+03
 0.13628526487383E+03
 0.13628526497463E+03
 0.13628526516627E+03
 0.13628526552868E+03
 0.13628526623801E+03
 0.13628526765602E+03
 0.13628527044388E+03
 0.13628527568056E+03
 0.13628528496426E+03
 0.13628530048070E+03
 0.13628532503080E+03
 0.13628536201827E+03
 0.13628541540365E+03
 0.13628548963465E+03
 0.13628558956362E+03
 0.13628572036340E+03
 0.13628588745157E+03
 0.13628609643205E+03
 0.13628635306098E+03
 0.13628666324147E+03
 0.13628703304922E+03
 0.13628746878805E+03
 0.13628797707151E+03
 0.13628856492472E+03
 0.13628923989873E+03
 0.13629001018883E+03
 0.13629088474811E+03
 0.13629187338850E+03
 0.13629298686248E+03
 0.13629423692038E+03
 0.13629563634021E+03
 0.13629719892847E+03
 0.13629893949248E+03
 0.13630087378613E+03
 0.13630301843203E+03
 0.13630539082424E+03
 0.13630800901602E+03
 0.13631089159755E+03
 0.13631405756848E+03
 0.13631752620997E+03
 0.13632131697239E+03
 0.13632544931460E+03
 0.13632994266049E+03
 0.13633481626810E+03
 0.13634008916247E+03
 0.13634578007666E+03
 0.13635190741073E+03
 0.13635848920924E+03
 0.13636554315731E+03
 0.13637308659466E+03
 0.13638113654685E+03
 0.13638970977283E+03
 0.13639882282743E+03
 0.13640849213712E+03
 0.13641873408817E+03
 0.13642956512488E+03
 0.13644100185659E+03
 0.13645306117199E+03
 0.13646576035859E+03
 0.13647911722700E+03
 0.13649315023692E+03
 0.13650787862544E+03
 0.13652332253472E+03
 0.13653950313871E+03
 0.13655644276895E+03
 0.13657416503629E+03
 0.13659269495018E+03
 0.13661205903322E+03
 0.13663228543258E+03
 0.13665340402458E+03
 0.13667544651777E+03
 0.13669844654740E+03
 0.13672243976695E+03
 0.13674746393370E+03
 0.13677355898727E+03
 0.13680076713037E+03
 0.13682913289781E+03
 0.13685870323140E+03
 0.13688952753780E+03
 0.13692165775362E+03
 0.13695514840331E+03
 0.13699005665911E+03
 0.13702644238822E+03
 0.13706436821808E+03
 0.13710389959564E+03
 0.13714510483250E+03
 0.13718805516301E+03
 0.13723282480086E+03
 0.13727949098653E+03
 0.13732813406590E+03
 0.13737883757135E+03
 0.13743168826551E+03
 0.13748677621718E+03
 0.13754419488810E+03
 0.13760404121999E+03
 0.13766641571112E+03
 0.13773142251440E+03
 0.13779916961374E+03
 0.13786976889911E+03
 0.13794333615527E+03
 0.13801999139356E+03
 0.13809985896387E+03
 0.13818306768431E+03
 0.13826975091747E+03
 0.13836004685192E+03
 0.13845409882976E+03
 0.13855205530493E+03
 0.13865407013012E+03
 0.13876030307559E+03
 0.13887091978018E+03
 0.13898609204224E+03
 0.13910599843844E+03
 0.13923082444491E+03
 0.13936076260766E+03
 0.13949601344791E+03
 0.13963678522304E+03
 0.13978329510030E+03
 0.13993576884168E+03
 0.14009444212564E+03
 0.14025956031728E+03
 0.14043137982720E+03
 0.14061016807326E+03
 0.14079620460464E+03
 0.14098978175259E+03
 0.14119120521713E+03
 0.14140079529911E+03
 0.14161888741902E+03
 0.14184583360691E+03
 0.14208200289484E+03
 0.14232778319386E+03
 0.14258358222998E+03
 0.14284982851657E+03
 0.14312697387312E+03
 0.14341549370063E+03
 0.14371588996075E+03
 0.14402869223721E+03
 0.14435445982596E+03
 0.14469378453618E+03
 0.14504729251284E+03
 0.14541564703477E+03
 0.14579955154707E+03
 0.14619975269319E+03
 0.14661704350500E+03
 0.14705226770722E+03
 0.14750632314803E+03
 0.14798016679398E+03
 0.14847481951780E+03
 0.14899137133904E+03
 0.14953098769716E+03
 0.15009491522518E+03
 0.15068449023030E+03
 0.15130114527154E+03
 0.15194641874938E+03
 0.15262196407054E+03
 0.15332955988958E+03
 0.15407112271959E+03
 0.15484871879296E+03
 0.15566457867354E+03
 0.15652111235578E+03
 0.15742092656396E+03
 0.15836684285850E+03
 0.15936191865967E+03
 0.16040946857498E+03
 0.16151308865846E+03
 0.16267668201280E+03
 0.16390448655833E+03
 0.16520110299650E+03
 0.16657152627490E+03
 0.16802117554371E+03
 0.16955592535778E+03
 0.17118213288066E+03
 0.17290666895835E+03
 0.17473693270183E+03
 0.17668087526638E+03
 0.17874699033757E+03
 0.18094430595762E+03
 0.18328234909623E+03
 0.18577107988760E+03
 0.18842079405726E+03
 0.19124198022765E+03
 0.19424512886952E+03
 0.19744048607607E+03
 0.20083774863212E+03
 0.20444570903306E+03
 0.20827185720979E+03
 0.21232195871287E+03
 0.21659965272103E+03
 0.22110608376122E+03
 0.22583965955060E+03
 0.23079591075219E+03
 0.23596754061044E+03
 0.24134463036724E+03
 0.24691500609416E+03
 0.25266471831911E+03
 0.25857858691742E+03
 0.26464074962603E+03
 0.27083517268925E+03
 0.27714608319187E+03
 0.28355831139015E+03
 0.29005752451593E+03
 0.29663038079594E+03
 0.30326460079731E+03
 0.30994897980757E+03
 0.31667335727653E+03
 0.32342855955794E+03
 0.33020632309346E+03
 0.33699921329137E+03
 0.34380054070942E+03
 0.35060428257932E+03
 0.35740500375441E+03
 0.36419779182446E+03
 0.37097819585835E+03
 0.37774217151848E+03
 0.38448603404782E+03
 0.39120641727866E+03
 0.39790023769196E+03
 0.40456466361581E+03
 0.41119708755150E+03
 0.41779510343936E+03
 0.42435648650437E+03
 0.43087917584407E+03
 0.43736125879686E+03
 0.44380095709948E+03
 0.45019661794859E+03
 0.45654670052425E+03
 0.46284976902662E+03
 0.46910448461476E+03
 0.47530959813575E+03
 0.48146394485804E+03
 0.48756643849028E+03
 0.49361606619095E+03
 0.49961188499358E+03
 0.50555301792636E+03
 0.51143865005164E+03
 0.51726802589942E+03
 0.52304044624050E+03
 0.52875526656815E+03
 0.53441189374551E+03
 0.54000978461137E+03
 0.54554844308869E+03
 0.55102742030109E+03
 0.55644631114629E+03
 0.56180475286787E+03
 0.56710242549538E+03
 0.57233904816860E+03
 0.57751437946743E+03
 0.58262821503927E+03
 0.58768038764593E+03
 0.59267076504406E+03
 0.59759924974754E+03
 0.60246577689863E+03
 0.60727031468056E+03
 0.61201286201538E+03
 0.61669344885019E+03
 0.62131213372585E+03
 0.62586900413439E+03
 0.63036417543279E+03
 0.63479778928519E+03
 0.63917001324015E+03
 0.64348103938869E+03
 0.64773108520376E+03
 0.65192039049777E+03
 0.65604921675315E+03
 0.66011784835235E+03
 0.66412658943985E+03
 0.66807576436479E+03
 0.67196571671748E+03
 0.67579680793400E+03
 0.67956941743353E+03
 0.68328394080718E+03
 0.68694078980252E+03
 0.69054039114270E+03
 0.69408318626010E+03
 0.69756962978341E+03
 0.70100018940251E+03
 0.70437534499260E+03
 0.70769558786160E+03
 0.71096141993163E+03
 0.71417335346677E+03
 0.71733190975334E+03
 0.72043761905731E+03
 0.72349101972923E+03
 0.72649265736907E+03
 0.72944308454009E+03
 0.73234286015420E+03
 0.73519254849798E+03
 0.73799271911398E+03
 0.74074394609883E+03
 0.74344680748816E+03
 0.74610188469254E+03
 0.74870976218967E+03
 0.75127102693489E+03
 0.75378626780077E+03
 0.75625607526775E+03
