 0.59555374908474E-16
 0.10719967483525E-14
 0.49101279634361E-14
 0.16607441688763E-13
 0.35228067747200E-13
 0.89588299683747E-13
 0.10724434136643E-12
 0.29185536869433E-12
 0.50936116925961E-12
 0.56364908395520E-12
 0.80966808374675E-12
 0.18303578766156E-11
 0.16098381486844E-11
 0.14707795387397E-11
 0.37687385684269E-11
-0.97575526250043E-12
 0.20225145380398E-09
-0.92661867503666E-10
-0.31461048840223E-10
 0.58160077553475E-09
 0.13474868477188E-08
 0.25176940474907E-08
 0.73035925244935E-08
 0.14147828391066E-07
 0.30675837011660E-07
 0.58506742703600E-07
 0.10917160268902E-06
 0.18908014910140E-06
 0.32571811261439E-06
 0.53416248403071E-06
 0.85077542610879E-06
 0.13193538176163E-05
 0.20003064415300E-05
 0.29276787062874E-05
 0.42158436827258E-05
 0.59770878952495E-05
 0.82645377786223E-05
 0.11248730312958E-04
 0.15147736795478E-04
 0.20049663405061E-04
 0.26189360301112E-04
 0.33805521697045E-04
 0.43080775217210E-04
 0.54375179949322E-04
 0.67975822347473E-04
 0.84111453530663E-04
 0.10330395844375E-03
 0.12577282467142E-03
 0.15196244826085E-03
 0.18238243994096E-03
 0.21746840631640E-03
 0.25773003234810E-03
 0.30365017563981E-03
 0.35602691616435E-03
 0.41511196074319E-03
 0.48197297491393E-03
 0.55702754613690E-03
 0.64112556797378E-03
 0.73503640593063E-03
 0.83982803877544E-03
 0.95632634923663E-03
 0.10857842952657E-02
 0.12286288637566E-02
 0.20474448554327E-02
 0.94540858647725E-03
 0.93312438675439E-03
 0.19157646891031E-02
 0.29849261605986E-02
 0.35210781724086E-02
 0.34685614223685E-02
 0.28317920202500E-02
 0.26760530698311E-02
 0.27189580641970E-02
 0.32567724769477E-02
 0.46746447273838E-02
 0.57260331717807E-02
 0.68084828394414E-02
 0.73639355949311E-02
 0.70479148825475E-02
 0.66845945976735E-02
 0.72285485750581E-02
 0.89478167812641E-02
 0.11104518753504E-01
 0.11723240458648E-01
 0.12371463174423E-01
 0.13614510387608E-01
 0.14962898280012E-01
 0.16443052509745E-01
 0.18060171685838E-01
 0.19839218636113E-01
 0.21942636728452E-01
 0.23996090639973E-01
 0.26294052979532E-01
 0.29012073277051E-01
 0.32000479359961E-01
 0.34885816500501E-01
 0.38337969987705E-01
 0.42417275710254E-01
 0.46495984363659E-01
 0.50689247560495E-01
 0.56131527296204E-01
 0.61415277126612E-01
 0.67673400768919E-01
 0.74296417214273E-01
 0.81582933093104E-01
 0.96851417827772E-01
 0.98055002604431E-01
 0.10336775107084E+00
 0.11037089953775E+00
 0.12165151410946E+00
 0.13711259891955E+00
 0.15710329024015E+00
 0.18289989129270E+00
 0.20305059754078E+00
 0.22158497249564E+00
 0.24448522514945E+00
 0.26566919046173E+00
 0.28893136907690E+00
 0.31312528830431E+00
 0.33612261360756E+00
 0.36719287331787E+00
 0.40416068708292E+00
 0.44949268349471E+00
 0.50169807240829E+00
 0.56481939578077E+00
 0.63110340742463E+00
 0.69690129166199E+00
 0.77375659985148E+00
 0.85097481412730E+00
 0.93328610215063E+00
 0.10261012703298E+01
 0.11122797229915E+01
 0.12343275062553E+01
 0.13728286557069E+01
 0.15708322007175E+01
 0.17168400655545E+01
 0.18607657201543E+01
 0.20109643837079E+01
 0.22096359439424E+01
 0.24582212459543E+01
 0.27284065628116E+01
 0.30248779441583E+01
 0.33445679454673E+01
 0.36868760214819E+01
 0.40363261517123E+01
 0.43829358024102E+01
 0.47262896524229E+01
 0.50802692885906E+01
 0.54009375942039E+01
 0.56774025891864E+01
 0.58734149620207E+01
 0.59869124624727E+01
 0.59641924031241E+01
 0.57287575235785E+01
 0.52390320284887E+01
 0.45119359987227E+01
 0.31954297506085E+01
 0.13042888040666E+01
-0.12693404700403E+01
-0.46176125338341E+01
-0.87043464939085E+01
-0.13558592257922E+02
-0.19046622998148E+02
-0.24982599127199E+02
-0.31046140316225E+02
-0.36778751729985E+02
-0.41643076638808E+02
-0.44824466314292E+02
-0.45795510050963E+02
-0.44030845194949E+02
-0.38819017633195E+02
-0.30199371980693E+02
-0.18010001381263E+02
-0.32590648637458E+01
 0.12901992895716E+02
 0.29106658180790E+02
 0.43583927284782E+02
 0.54968986671035E+02
 0.61977452788838E+02
 0.63927362872834E+02
 0.60769713826895E+02
 0.53099968358234E+02
 0.42023789773857E+02
 0.29118702015096E+02
 0.15847616644399E+02
 0.35939588173140E+01
-0.64298600418555E+01
-0.13728958995482E+02
-0.18038218605394E+02
-0.19690426605355E+02
-0.19142791139649E+02
-0.17169956239964E+02
-0.14479180921560E+02
-0.11502185788319E+02
-0.87048828781526E+01
-0.62811421195341E+01
-0.43252223656719E+01
-0.28076855043549E+01
-0.17174031641174E+01
-0.96217229968843E+00
-0.44705777385774E+00
-0.14362538716185E+00
 0.28445455593733E-01
 0.11215973657168E+00
 0.10789088797618E+00
 0.10181966859433E+00
 0.87844492349703E-01
 0.68847535078394E-01
 0.53328317802885E-01
 0.80458021883974E-01
 0.73757747099931E-01
 0.66328788909925E-01
 0.41978410862606E-01
-0.26658894180428E-01
-0.10878703675153E-01
-0.10149134000676E-01
-0.81073303570809E-02
-0.45280938543005E-02
-0.25909184541354E-02
 0.29418853847816E-02
-0.47729091773475E-03
 0.16906452706092E-02
-0.76465869338917E-03
-0.25102964160737E-02
-0.10576821445627E-02
-0.60556108068137E-02
-0.65622288401287E-02
-0.13005975264569E-01
-0.11042169290940E-01
-0.81038777008887E-02
 0.78478465481881E-03
 0.43868006081450E-02
 0.17909594758417E-01
 0.79263620439229E-02
-0.17177306602740E-01
 0.78311283410063E-02
 0.31458156231333E-02
 0.43296326319837E-02
 0.44004062059748E-02
 0.58206174366540E-02
 0.45162074514654E-02
 0.66983955363110E-02
 0.92434546771118E-02
 0.67066842070915E-02
 0.89749473931297E-02
 0.10161492808947E-01
 0.84237334776682E-02
 0.92501365171095E-02
 0.11308833924047E-01
 0.11004936795230E-01
 0.12202028813991E-01
 0.10149868555191E-01
 0.10339993420008E-01
 0.86741720165244E-02
 0.93771046142392E-02
 0.11117431175638E-01
 0.10225095289119E-01
 0.11315424221107E-01
 0.10737370563624E-01
 0.10967551508300E-01
 0.11429538415866E-01
 0.98676692742538E-02
 0.91177401284557E-02
 0.10292204149743E-01
 0.10182638209865E-01
 0.79857419556460E-02
 0.77824690275738E-02
 0.75729763680166E-02
 0.80731725542501E-02
 0.88911235115017E-02
 0.77535561351946E-02
 0.70902077443335E-02
 0.86463360433829E-02
 0.49278662391161E-02
 0.75257525450292E-02
 0.98587473212401E-02
 0.11780209844346E-01
 0.79970374312265E-02
 0.24953723450619E-02
-0.31147045559281E-02
-0.72335944229009E-02
-0.78423885972399E-02
-0.24548421277640E-02
 0.55184265019418E-03
 0.39585104380094E-02
 0.95178370159706E-02
 0.14970127910966E-01
 0.15814285956883E-01
 0.16857220272907E-01
 0.21778568746806E-01
 0.12246013185661E-01
 0.75202661603905E-02
 0.39949803055962E-02
-0.16064225998793E-01
-0.11087750245547E-01
-0.19488727896239E-01
-0.22139356168986E-01
-0.11034359007867E-01
-0.18703835497517E-01
