   6.91360382032448847522976250442333937      
   6.91360382032448897452856100055816334      
   6.91360382032452743201328781372420908      
   6.91360382032516444341181800518989842      
   6.91360382032990751712095169972739952      
   6.91360382035170981779289152689205536      
   6.91360382042467998402728747514778853      
   6.91360382061958405575399329738687826      
   6.91360382105548862150862312374495117      
   6.91360382188595357238592944554313352      
   6.91360382321898980216022277254550980      
   6.91360382491702757090208733073298337      
   6.91360382622650346130682614994836604      
   6.91360382520635178877299808649277436      
   6.91360381795271750871077626117515269      
   6.91360379764466415386976552242037864      
   6.91360375345691045313327443440680816      
   6.91360366939923414325084060617758632      
   6.91360352314904728258239050790182802      
   6.91360328494552046316956250653329990      
   6.91360291661201199882726929793117136      
   6.91360237076895545562663811438431163      
   6.91360159029140299113608408126092619      
   6.91360050805420999121415778071744487      
   6.91359904699241991339393179782390579      
   6.91359712048662329502199013703562505      
   6.91359463306289279025596403628052579      
   6.91359148137775832736159401932642671      
   6.91358755544149317757723823536861070      
   6.91358274001910395244455063152252537      
   6.91357691614091366133810701680800138      
   6.91356996265133569839480665932899408      
   6.91356175772692427239593320797930640      
   6.91355218030146744891525360919795853      
   6.91354111134587546718747271769990509      
   6.91352843496251193819725463641776314      
   6.91351403926647068618809910040884285      
   6.91349781703866898363833407057854669      
   6.91347966614739442906803028183371090      
   6.91345948972380844382159953855094860      
   6.91343719622169701837551826759704546      
   6.91341269910866403209815241527235555      
   6.91338591655718594699417541006851411      
   6.91335677091685180846856206602488802      
   6.91332518808809800475556850909306481      
   6.91329109680893410067300125087540722      
   6.91325442787957920064187761751876877      
   6.91321511334737937560313305630736967      
   6.91317308567207147569348106565306588      
   6.91312827688821452761664987782735157      
   6.91308061777880255055792716998125022      
   6.91303003707100845847550685912147553      
   6.91297646066276597233524184348985392      
   6.91291981088551737535496310653707855      
   6.91286000580723709463335942859602694      
   6.91279695857749532827977325926111720      
   6.91273057681429524467011582143062318      
   6.91266076203235107415629146695039614      
   6.91258740910952481998238023087531789      
   6.91251040579037801658236261363013281      
   6.91242963222040072294791948963409330      
   6.91234496051036427945075775510843652      
   6.91225625432386523901053070656658821      
   6.91216336848591293406484409106108248      
   6.91206614860855367958016518106326730      
   6.91196443072471835540954206178059630      
   6.91185804093574701110248523000552183      
   6.91174679505784994136827777652469507      
   6.91163049827284782183424491299614044      
   6.91150894477788250743630347290053954      
   6.91138191742366994035028295419392200      
   6.91124918735384101739032972262857222      
   6.91111051362535409146253219618030018      
   6.91096564282254177854081501310503443      
   6.91081430865755020705878048275108189      
   6.91065623154715122544050041072650365      
   6.91049111816869980534758666495730561      
   6.91031866101180188164081771083090005      
   6.91013853789385699589107081592652276      
   6.90995041146799803917576349367252269      
   6.90975392870138254911943972426534018      
   6.90954872031849056748186065750738929      
   6.90933440020921879647767396278530318      
   6.90911056484299762775428829262927723      
   6.90887679263409818427853541486605359      
   6.90863264327809405626413629605142881      
   6.90837765704880142760891216637041044      
   6.90811135410251366191725333587302439      
   6.90783323371965838758997108944863469      
   6.90754277341467179165608246508625307      
   6.90723942817760277316414440909153838      
   6.90692262958455753523935327813850540      
   6.90659178488133321967505268555855256      
   6.90624627606863856788430217652261345      
   6.90588545874971278964877648162984532      
   6.90550866143386417447376681659983731      
   6.90511518380842426008951920396371949      
   6.90470429617013328208404949241967372      
   6.90427523787190087412793277854724511      
   6.90382721612103440413558696644976833      
   6.90335940494668443602150992771033812      
   6.90287094331214688514081829134377286      
   6.90236093379331359297919461468248219      
   6.90182844112666104514464699623670947      
   6.90127249065039592978616195377811815      
   6.90069206670737467341303552424447136      
   6.90008611026678122213465607326693700      
   6.89945351735291639174810706967087417      
   6.89879313802713549202971841937123048      
   6.89810377259087543664105001263737368      
   6.89738417033184148418480144582048622      
   6.89663302774944940263091493308388020      
   6.89584898565476227889116178606069284      
   6.89503062554810926115452761827257243      
   6.89417646976124233390539621180741776      
   6.89328497530603667181439089189049566      
   6.89235453396669393436729514687313574      
   6.89138346729644914475886224860922490      
   6.89037002434045646676385785572444429      
   6.88931237772388477767593486298289073      
   6.88820862110954548287047559254233071      
   6.88705676401361832086652584937902940      
   6.88585472937341970499431504281256987      
   6.88460034826889511295668604686626185      
   6.88329135742383336753073808168656364      
   6.88192539277288224532038975729145424      
   6.88049998597575246744074023914615380      
   6.87901255882873619876902704200777507      
   6.87746041892046479294882093893342427      
   6.87584075417471400517290264652031621      
   6.87415062661829587343364763853203813      
   6.87238696675002105752480124576602837      
   6.87054656840093498170678685423862731      
   6.86862608086175451242944182827289688      
   6.86662200327709183107787846977717435      
   6.86453067715245426012075885333862524      
   6.86234827978215520451741179273968856      
   6.86007081552633586791047219172060622      
   6.85769410992327400493839693700831820      
   6.85521379883242158394194655494515421      
   6.85262532297398610836047648410929300      
   6.84992391677062100734370943652718102      
   6.84710460147521665975505443976655435      
   6.84416217228725658876613626807398384      
   6.84109119381813521546415442142315668      
   6.83788598550054784203392803018477037      
   6.83454061477295179963118364640163986      
   6.83104888406259788932899488519965548      
   6.82740432259883005544536671863486943      
   6.82360017465209579110132810762620044      
   6.81962938803402047906362557205979688      
   6.81548460595574003899237334667657882      
   6.81115815356989807285111000991096719      
   6.80664202920593076960968784821384117      
   6.80192789432846422749237154146814139      
   6.79700706440276587743433959566486356      
   6.79187049943291656616267460454529685      
   6.78650879647773001040125138154169845      
   6.78091218461311656716682548025601655      
   6.77507051780911651764799765712547130      
   6.76897327485865252345379040674815743      
   6.76260955768251281880223611240100636      
   6.75596809367958743121445312615364298      
   6.74903724528216550703700388902398932      
   6.74180501531225859146631915094264150      
   6.73425906675631948143101847846372220      
   6.72638674389341110727722525161709764      
   6.71817509490097138337991076325009156      
   6.70961091226983817075742812208112794      
   6.70068076673647934065512682543903231      
   6.69137106291758109164958127037201597      
   6.68166808774741720889822848191056738      
   6.67155807194824931024809908606583250      
   6.66102725582899426018911357091980791      
   6.65006194808778443616535634922439537      
   6.63864858935489335743652266350199829      
   6.62677379507370241712150495049521745      
   6.61442439193287997819431470955654680      
   6.60158742070122500289028954910160259      
   6.58825010522553366114850191719193151      
   6.57439979357745094308376443754743590      
   6.56002383398364375010092967135225448      
   6.54510943868015624229505070311942608      
   6.52964348331444505643315299543742928      
   6.51361230360142843785253255092120954      
   6.49700148708144164473621069101721841      
   6.47979567753109115821213261921460648      
   6.46197842863669677217597584155080501      
   6.44353210591887481092832521928327416      
   6.42443785511330282626008050776063061      
   6.40467563406994170792412463600972807      
   6.38422429962292347619903542106363677      
   6.36306174246955573703177559984821818      
   6.34116505261598274865048513822479313      
   6.31851070193899935522234868594550889      
   6.29507473499295967398599209923825138      
   6.27083295105747625748838979897980289      
   6.24576107524061540491291189639865570      
   6.21983490998531845351590710212305613      
   6.19303046540647507653894484072102642      
   6.16532406619365614762317841461740917      
   6.13669243665143315983469505128606061      
   6.10711276425839392392417153786665474      
   6.07656274424847600889327499649591131      
   6.04502060708815817458366228778409454      
   6.01246513278196668988171260547535621      
   5.97887565269249657711753963141245654      
   5.94423204239367980769068137467023299      
   5.90851470697497837094471882504944226      
   5.87170456118176643705175112554581889      
   5.83378300524823778550347721867506219      
   5.79473189818509340279098127564223174      
   5.75453352950878729968405796159553701      
   5.71317058990201371693647835772515361      
   5.67062614196336940002268240114209571      
   5.62688359107341444827857779438081378      
   5.58192665702763463362445983130904014      
   5.53573934679825972888935087885801398      
   5.48830592827148703993403244815275714      
   5.43961090543917973801674072721686005      
   5.38963899481804576740851083303278673      
   5.33837510341337743056527880341577229      
   5.28580430798930220126228088157700731      
   5.23191183574893208797426406320875090      
   5.17668304637046644739329405542476888      
   5.12010341528293944464489015070159302      
   5.06215851819461387081106333503705488      
   5.00283401677985882967117605247797903      
   4.94211564542859635155743357172515497      
   4.87998919904508271765628235028104859      
   4.81644052179606163256877709305391393      
   4.75145549671264714910839322504555469      
   4.68502003615835801400471282378046851      
   4.61712007301688338442487326464359997      
   4.54774155261786053902885992992569731      
   4.47687042528364353566899207981747576      
   4.40449263949593687646824592009381773      
   4.33059413561818613736753649690630457      
   4.25516084004405184569211427124386865      
   4.17817865994833511202186704991582187      
   4.09963347841053582309432888918236453      
   4.01951114981267008643456402013939980      
   3.93779749579866677999828622685174207      
   3.85447830139731450867676373587699767      
   3.76953931160078159665135582212521416      
   3.68296622803880404254876552125744350      
   3.59474470610019496312186666735120373      
   3.50486035216994484445957032384965351      
   3.41329872110094611686709672806073171      
   3.32004531388232204004756619588472110      
   3.22508557554577049238423373359115446      
   3.12840489320366961987998149369424607      
   3.02998859419540259328567045723694483      
   2.92982194442844494866132075786062229      
   2.82789014686215862432459648162990908      
   2.72417834010368206651792488805871978      
   2.61867159703908828383016079273854869      
   2.51135492368083817857365414485929439      
   2.40221325800597892827928535964223224      
   2.29123146910260289286308891577830225      
   2.17839435594424737827136005612130802      
   2.06368664675972879895540159597144101      
   1.94709299811288440995963897997507161      
   1.82859799423159718627998913977034644      
   1.70818614628899117173590541693715143      
   1.58584189181974242505951831484740700      
   1.46154959410443815429287212174356008      
   1.33529354170529968361284269188296576      
   1.20705794791714114364115359648500154      
   1.07682695039274548156909884773064014      
  0.944584610695389561465480262905953228      
  0.810314913964475880932429059226699202      
  0.674001768552910558876917548019814809      
  0.535629005752833077494784055774225598      
  0.395180379488879906027271327882819555      
  0.252639566101701200170982573374244449      
  0.107990164099220965147366967437737848      
  -3.87843060405876529414345732264556856E-0002
 -0.187700402017320009428381436004453706      
 -0.338774759931614063370308367434224187      
 -0.492024094360617605678310516058298737      
 -0.647465198532171398134681701636161140      
 -0.805114944394715637218847268676459224      
 -0.964990282726187357615089472082549590      
  -1.12710824320777987690012074436408659      
  -1.29148593449821975588091267470254982      
  -1.45814054425647691888831911101900059      
  -1.62708933920768353917531123733214090      
  -1.79834966516722120996733710497327954      
  -1.97193894702320463119147592267715825      
  -2.14787468880909644353715125199405034      
  -2.32617447362918024364382621424031092      
  -2.50685596370355121797501837506502480      
  -2.68993690031496165020266468581676049      
  -2.87543510379024709667410724482667295      
  -3.06336847347788487690241597434625567      
  -3.25375498767491151340065297084438335      
  -3.44661270361368604949230215175687790      
  -3.64195975738884779852415569479955546      
  -3.83981436389353609575428930949931364      
