 0.13628526479685E+03
 0.13628526479685E+03
 0.13628526479700E+03
 0.13628526479836E+03
 0.13628526480478E+03
 0.13628526482493E+03
 0.13628526487383E+03
 0.13628526497463E+03
 0.13628526516627E+03
 0.13628526552868E+03
 0.13628526623801E+03
 0.13628526765602E+03
 0.13628527044388E+03
 0.13628527568056E+03
 0.13628528496426E+03
 0.13628530048070E+03
 0.13628532503080E+03
 0.13628536201827E+03
 0.13628541540365E+03
 0.13628548963464E+03
 0.13628558956359E+03
 0.13628572036328E+03
 0.13628588745119E+03
 0.13628609643094E+03
 0.13628635305801E+03
 0.13628666323408E+03
 0.13628703303206E+03
 0.13628746875047E+03
 0.13628797699342E+03
 0.13628856476999E+03
 0.13628923960506E+03
 0.13629000965271E+03
 0.13629088380338E+03
 0.13629187177658E+03
 0.13629298419209E+03
 0.13629423261441E+03
 0.13629562956714E+03
 0.13629718851554E+03
 0.13629892381783E+03
 0.13630085064679E+03
 0.13630298488501E+03
 0.13630534299759E+03
 0.13630794188712E+03
 0.13631079873590E+03
 0.13631393084033E+03
 0.13631735544258E+03
 0.13632108956375E+03
 0.13632514984293E+03
 0.13632955238562E+03
 0.13633431262444E+03
 0.13633944519446E+03
 0.13634496382528E+03
 0.13635088125068E+03
 0.13635720913688E+03
 0.13636395802966E+03
 0.13637113732016E+03
 0.13637875522886E+03
 0.13638681880726E+03
 0.13639533395593E+03
 0.13640430545798E+03
 0.13641373702682E+03
 0.13642363136650E+03
 0.13643399024341E+03
 0.13644481457522E+03
 0.13645610449396E+03
 0.13646785948126E+03
 0.13648007844729E+03
 0.13649275984407E+03
 0.13650590177607E+03
 0.13651950211304E+03
 0.13653355860437E+03
 0.13654806899326E+03
 0.13656303113055E+03
 0.13657844308745E+03
 0.13659430326602E+03
 0.13661061050748E+03
 0.13662736419829E+03
 0.13664456437188E+03
 0.13666221180765E+03
 0.13668030812601E+03
 0.13669885587857E+03
 0.13671785863663E+03
 0.13673732107478E+03
 0.13675724905138E+03
 0.13677764968196E+03
 0.13679853141279E+03
 0.13681990408775E+03
 0.13684177901531E+03
 0.13686416902595E+03
 0.13688708853433E+03
 0.13691055359837E+03
 0.13693458196742E+03
 0.13695919313534E+03
 0.13698440838839E+03
 0.13701025084998E+03
 0.13703674552506E+03
 0.13706391936195E+03
 0.13709180127920E+03
 0.13712042221417E+03
 0.13714981516146E+03
 0.13718001522634E+03
 0.13721105965852E+03
 0.13724298789381E+03
 0.13727584161665E+03
 0.13730966480332E+03
 0.13734450376114E+03
 0.13738040716324E+03
 0.13741742613724E+03
 0.13745561432365E+03
 0.13749502791073E+03
 0.13753572566294E+03
 0.13757776907433E+03
 0.13762122241502E+03
 0.13766615275041E+03
 0.13771263003824E+03
 0.13776072734016E+03
 0.13781052073523E+03
 0.13786208948702E+03
 0.13791551626831E+03
 0.13797088716336E+03
 0.13802829165391E+03
 0.13808782307894E+03
 0.13814957861778E+03
 0.13821365932850E+03
 0.13828017058979E+03
 0.13834922196632E+03
 0.13842092773323E+03
 0.13849540681739E+03
 0.13857278315361E+03
 0.13865318596745E+03
 0.13873674994405E+03
 0.13882361555987E+03
 0.13891392948876E+03
 0.13900784468881E+03
 0.13910552110550E+03
 0.13920712575988E+03
 0.13931283330082E+03
 0.13942282657662E+03
 0.13953729693173E+03
 0.13965644481997E+03
 0.13978048040363E+03
 0.13990962429696E+03
 0.14004410807593E+03
 0.14018417500524E+03
 0.14033008102186E+03
 0.14048209566429E+03
 0.14064050267468E+03
 0.14080560147233E+03
 0.14097770800765E+03
 0.14115715618580E+03
 0.14134429911517E+03
 0.14153951066983E+03
 0.14174318715436E+03
 0.14195574908949E+03
 0.14217764290278E+03
 0.14240934360536E+03
 0.14265135683124E+03
 0.14290422151229E+03
 0.14316851282011E+03
 0.14344484532487E+03
 0.14373387643666E+03
 0.14403631044454E+03
 0.14435290276211E+03
 0.14468446446538E+03
 0.14503186801749E+03
 0.14539605276485E+03
 0.14577803172639E+03
 0.14617889824573E+03
 0.14659983482035E+03
 0.14704212128211E+03
 0.14750714507375E+03
 0.14799641202002E+03
 0.14851155875130E+03
 0.14905436600587E+03
 0.14962677361438E+03
 0.15023089710293E+03
 0.15086904528602E+03
 0.15154374104922E+03
 0.15225774245026E+03
 0.15301406645571E+03
 0.15381601393361E+03
 0.15466719696162E+03
 0.15557156641511E+03
 0.15653344127607E+03
 0.15755753725454E+03
 0.15864899450129E+03
 0.15981340348147E+03
 0.16105682537323E+03
 0.16238580653946E+03
 0.16380738339135E+03
 0.16532907466152E+03
 0.16695885417470E+03
 0.16870510732565E+03
 0.17057656955849E+03
 0.17258221858005E+03
 0.17473115983931E+03
 0.17703247515975E+03
 0.17949504650358E+03
 0.18212736027795E+03
 0.18493728949579E+03
 0.18793189040573E+03
 0.19111716777608E+03
 0.19449787929608E+03
 0.19807735005368E+03
 0.20185731858056E+03
 0.20583788707988E+03
 0.21001723695714E+03
 0.21439195159407E+03
 0.21895688291933E+03
 0.22370533336869E+03
 0.22862924113321E+03
 0.23371941566282E+03
 0.23896579604851E+03
 0.24435771934816E+03
 0.24988418304972E+03
 0.25553407812994E+03
 0.26129639445864E+03
 0.26716038768285E+03
 0.27311570461997E+03
 0.27915247385983E+03
 0.28526136323222E+03
 0.29143361004326E+03
 0.29766102876907E+03
 0.30393600385743E+03
 0.31025146874230E+03
 0.31660088099401E+03
 0.32297818601996E+03
 0.32937778501985E+03
 0.33579449846853E+03
 0.34222353219003E+03
 0.34866044359262E+03
 0.35510111017337E+03
 0.36154170052380E+03
 0.36797864814578E+03
 0.37440862688934E+03
 0.38082852825423E+03
 0.38723544249897E+03
 0.39362664091831E+03
 0.39999955889761E+03
 0.40635178412016E+03
 0.41268104027717E+03
 0.41898517880559E+03
 0.42526216838497E+03
 0.43151008533342E+03
 0.43772710610647E+03
 0.44391150057546E+03
 0.45006162610717E+03
 0.45617592129092E+03
 0.46225290161442E+03
 0.46829115528174E+03
 0.47428933920923E+03
 0.48024617547370E+03
 0.48616044855368E+03
 0.49203100259794E+03
 0.49785673929895E+03
 0.50363661469929E+03
 0.50936963838506E+03
 0.51505487133235E+03
 0.52069142470903E+03
 0.52627845697296E+03
 0.53181517478114E+03
 0.53730083009230E+03
 0.54273471949169E+03
 0.54811618352349E+03
 0.55344460541891E+03
 0.55871941028866E+03
 0.56394006382173E+03
 0.56910607208585E+03
 0.57421698025285E+03
 0.57927237226336E+03
 0.58427186929634E+03
 0.58921513003104E+03
 0.59410184899114E+03
 0.59893175641993E+03
 0.60370461637211E+03
 0.60842022928214E+03
 0.61307842668276E+03
 0.61767907292316E+03
 0.62222206488547E+03
 0.62670733005304E+03
 0.63113482630129E+03
 0.63550454093043E+03
 0.63981649055555E+03
 0.64407071907897E+03
 0.64826729810781E+03
 0.65240632585753E+03
 0.65648792568893E+03
 0.66051224658044E+03
 0.66447946094947E+03
 0.66838976511100E+03
 0.67224337778513E+03
 0.67604053909402E+03
 0.67978151072685E+03
 0.68346657418586E+03
 0.68709603039434E+03
 0.69067019894546E+03
 0.69418941744227E+03
 0.69765404033640E+03
 0.70106443833551E+03
 0.70442099793255E+03
