-0.00000000000000E+00
-0.31101589560236E-13
-0.16863488542160E-11
-0.21409487710813E-10
-0.13218640484170E-09
-0.53401138790666E-09
-0.16382004594565E-08
-0.41508757221930E-08
-0.91411882516908E-08
-0.18069413197233E-07
-0.32733310136901E-07
-0.55081142668937E-07
-0.86845934019565E-07
-0.12897673188823E-06
-0.18087050082455E-06
-0.23943419476335E-06
-0.29802563963267E-06
-0.34533331881611E-06
-0.36425991694623E-06
-0.33087522772611E-06
-0.21350115678765E-06
 0.28013457936489E-07
 0.44277866056140E-06
 0.10890714679830E-05
 0.20342428048505E-05
 0.33543169180928E-05
 0.51332960409347E-05
 0.74622011714865E-05
 0.10437895846146E-04
 0.14161751862684E-04
 0.18738222925150E-04
 0.24273394093519E-04
 0.30873572004049E-04
 0.38643973281394E-04
 0.47687559190927E-04
 0.58104051861709E-04
 0.69989155614659E-04
 0.83433994474282E-04
 0.98524766051099E-04
 0.11534260280728E-03
 0.13396362406028E-03
 0.15445915697585E-03
 0.17689610101839E-03
 0.20133740879994E-03
 0.22784265584811E-03
 0.25646867269885E-03
 0.28727021461691E-03
 0.32030064662316E-03
 0.35561262435598E-03
 0.39325875431696E-03
 0.43329222017623E-03
 0.47576736480393E-03
 0.52074022034075E-03
 0.56826898140464E-03
 0.61841441867664E-03
 0.67124023194528E-03
 0.72681334371541E-03
 0.78520413545339E-03
 0.84648662985145E-03
 0.91073862351226E-03
 0.97804177459729E-03
 0.10484816507720E-02
 0.11221477431417E-02
 0.11991334705018E-02
 0.12795360708745E-02
 0.13634566451943E-02
 0.14510000278968E-02
 0.15422747265652E-02
 0.16373928442802E-02
 0.17364700049451E-02
 0.18396252831832E-02
 0.19469811442214E-02
 0.20586633970270E-02
 0.21748011650559E-02
 0.22955268727874E-02
 0.24209762541939E-02
 0.25512883860563E-02
 0.26866057450955E-02
 0.28270742927162E-02
 0.29728435843189E-02
 0.31240669096713E-02
 0.32809014663971E-02
 0.34435085588250E-02
 0.36120538375857E-02
 0.37867075557123E-02
 0.39676448704576E-02
 0.41550461670604E-02
 0.43490974290370E-02
 0.45499906371502E-02
 0.47579241913205E-02
 0.49731033880644E-02
 0.51957409088933E-02
 0.54260573532015E-02
 0.56642818285472E-02
 0.59106525281742E-02
 0.61654173770608E-02
 0.64288347074504E-02
 0.67011740247709E-02
 0.69827167305175E-02
 0.72737568479633E-02
 0.75746019371611E-02
 0.78855739788709E-02
 0.82070102581620E-02
 0.85392643122611E-02
 0.88827069526533E-02
 0.92377273143401E-02
 0.96047340415504E-02
 0.99841563392719E-02
 0.10376445171149E-01
 0.10782074585577E-01
 0.11201543141921E-01
 0.11635375066126E-01
 0.12084121744410E-01
 0.12548363559843E-01
 0.13028711126168E-01
 0.13525807023099E-01
 0.14040327580403E-01
 0.14572985181578E-01
 0.15124528736737E-01
 0.15695747822215E-01
 0.16287472987727E-01
 0.16900578963390E-01
 0.17535986873848E-01
 0.18194666072921E-01
 0.18877637985954E-01
 0.19585977310149E-01
 0.20320816515769E-01
 0.21083347300912E-01
 0.21874825408461E-01
 0.22696572346007E-01
 0.23549980756249E-01
 0.24436516479023E-01
 0.25357724143056E-01
 0.26315230339571E-01
 0.27310748408182E-01
 0.28346083740979E-01
 0.29423138146690E-01
 0.30543915924546E-01
 0.31710529279081E-01
 0.32925204101101E-01
 0.34190287719358E-01
 0.35508254199148E-01
 0.36881713278325E-01
 0.38313417576443E-01
 0.39806271235445E-01
 0.41363338931391E-01
 0.42987855396977E-01
 0.44683236689682E-01
 0.46453090202992E-01
 0.48301227492087E-01
 0.50231677372689E-01
 0.52248698029470E-01
 0.54356794121970E-01
 0.56560731545564E-01
 0.58865554768867E-01
 0.61276605610518E-01
 0.63799542947206E-01
 0.66440364541400E-01
 0.69205430290830E-01
 0.72101486748546E-01
 0.75135694853926E-01
 0.78315658407101E-01
 0.81649455764436E-01
 0.85145673753148E-01
 0.88813443177791E-01
 0.92662479091403E-01
 0.96703120976566E-01
 0.10094637931750E+00
 0.10540398126009E+00
 0.11008842194242E+00
 0.11501301787774E+00
 0.12019196250215E+00
 0.12564038371558E+00
 0.13137440405614E+00
 0.13741120018606E+00
 0.14376906282786E+00
 0.15046745418793E+00
 0.15752706086839E+00
 0.16496984086252E+00
 0.17281905823394E+00
 0.18109930748143E+00
 0.18983651496214E+00
 0.19905791933777E+00
 0.20879202205630E+00
 0.21906850406469E+00
 0.22991810371975E+00
 0.24137245119473E+00
 0.25346386801524E+00
 0.26622512115055E+00
 0.27968915101505E+00
 0.29388877981223E+00
 0.30885641766534E+00
 0.32462378481514E+00
 0.34122166758335E+00
 0.35867972321408E+00
 0.37702634373066E+00
 0.39628858276090E+00
 0.41649213741832E+00
 0.43766138037423E+00
 0.45981942684811E+00
 0.48298821102960E+00
 0.50718858862783E+00
 0.53244043487981E+00
 0.55876271456070E+00
 0.58617357260864E+00
 0.61469040052522E+00
 0.64432989958938E+00
 0.67510813735001E+00
 0.70704060178082E+00
 0.74014225315772E+00
 0.77442757248435E+00
 0.80991061107270E+00
 0.84660503785009E+00
 0.88452418498022E+00
 0.92368109188125E+00
 0.96408854670000E+00
 0.10057591252291E+01
 0.10487052269317E+01
 0.10929391079640E+01
 0.11384729111151E+01
 0.11853186933357E+01
 0.12334884494003E+01
 0.12829941339966E+01
 0.13338476807278E+01
 0.13860610190096E+01
 0.14396460888763E+01
 0.14946148539332E+01
 0.15509793125384E+01
 0.16087515076119E+01
 0.16679435350092E+01
 0.17285675507994E+01
 0.17906357774672E+01
 0.18541605092165E+01
 0.19191541164997E+01
 0.19856290498213E+01
 0.20535978432036E+01
 0.21230731165389E+01
 0.21940675781677E+01
 0.22665940267073E+01
 0.23406653526304E+01
 0.24162945395204E+01
 0.24934946651598E+01
 0.25722789023586E+01
 0.26526605195948E+01
 0.27346528815208E+01
 0.28182694493392E+01
 0.29035237810475E+01
 0.29904295316130E+01
 0.30790004530195E+01
 0.31692503942911E+01
 0.32611933014411E+01
 0.33548432173415E+01
 0.34502142815910E+01
 0.35473207303075E+01
 0.36461768959354E+01
 0.37467972069696E+01
 0.38491961876968E+01
 0.39533884579138E+01
 0.40593887326252E+01
 0.41672118217069E+01
 0.42768726296008E+01
 0.43883861549758E+01
 0.45017674903815E+01
 0.46170318218957E+01
 0.47341944287841E+01
 0.48532706831451E+01
 0.49742760495462E+01
 0.50972260846685E+01
 0.52221364369563E+01
 0.53490228462450E+01
 0.54779011434381E+01
 0.56087872501000E+01
 0.57416971781373E+01
 0.58766470294456E+01
 0.60136529955467E+01
 0.61527313572452E+01
 0.62938984842838E+01
 0.64371708349987E+01
 0.65825649559815E+01
 0.67300974817397E+01
 0.68797851343635E+01
 0.70316447231956E+01
 0.71856931444992E+01
 0.73419473811397E+01
 0.75004245022519E+01
 0.76611416629366E+01
 0.78241161039301E+01
 0.79893651512964E+01
 0.81569062161287E+01
 0.83267567942254E+01
 0.84989344658008E+01
 0.86734568951811E+01
 0.88503418305029E+01
 0.90296071034314E+01
 0.92112706288569E+01
 0.93953504046185E+01
 0.95818645112101E+01
 0.97708311115027E+01
 0.99622684504724E+01
 0.10156194854913E+02
