 0.98748910605156E+00
 0.98748910605156E+00
 0.98748910605156E+00
 0.98748910605156E+00
 0.98748910605156E+00
 0.98748910605156E+00
 0.98748910605156E+00
 0.98748910605156E+00
 0.98748910605156E+00
 0.98748911541905E+00
 0.98748876719281E+00
 0.98748910184335E+00
 0.98748883998570E+00
 0.98748899940016E+00
 0.98748912230449E+00
 0.98748926150641E+00
 0.98748920675335E+00
 0.98748895639837E+00
 0.98748865396986E+00
 0.98748895505196E+00
 0.98748856667984E+00
 0.98748869030802E+00
 0.98748885206718E+00
 0.98748815033083E+00
 0.98748930642867E+00
 0.98748885534909E+00
 0.98748930003346E+00
 0.98748877313967E+00
 0.98748881729407E+00
 0.98748872472622E+00
 0.98748900495404E+00
 0.98748812503759E+00
 0.98748679604076E+00
 0.98748976710120E+00
 0.98748836931540E+00
 0.98748740814707E+00
 0.98748880117356E+00
 0.98748841477954E+00
 0.98748975129087E+00
 0.98748980958985E+00
 0.98748791721851E+00
 0.98748632382500E+00
 0.98748897059733E+00
 0.98749010542265E+00
 0.98748980298300E+00
 0.98748965828788E+00
 0.98748962010637E+00
 0.98748811683381E+00
 0.98748911039116E+00
 0.98748672376433E+00
 0.98748595088705E+00
 0.98748712120720E+00
 0.98748800819084E+00
 0.98748866568035E+00
 0.98748984998062E+00
 0.98748542401377E+00
 0.98748808830068E+00
 0.98747183373247E+00
 0.98748613094923E+00
 0.98745070180542E+00
 0.98748128770626E+00
 0.98745964480627E+00
 0.98748310583124E+00
 0.98744713322683E+00
 0.98748086136697E+00
 0.98744628252186E+00
 0.98746750007155E+00
 0.98747748541541E+00
 0.98752629139008E+00
 0.98752787939853E+00
 0.98750205897775E+00
 0.98746844407945E+00
 0.98751025423224E+00
 0.98747876906281E+00
 0.98747253195870E+00
 0.98751618799324E+00
 0.98744784849168E+00
 0.98747964368398E+00
 0.98748545526169E+00
 0.98750641997688E+00
 0.98750691312742E+00
 0.98747970027173E+00
 0.98748608710797E+00
 0.98747594964649E+00
 0.98745192609878E+00
 0.98746752862559E+00
 0.98747301556973E+00
 0.98752476702448E+00
 0.98752379051202E+00
 0.98745557679312E+00
 0.98744724750271E+00
 0.98746541165391E+00
 0.98747267553666E+00
 0.98751926664274E+00
 0.98747480835493E+00
 0.98751061539740E+00
 0.98744780229808E+00
 0.98747620681460E+00
 0.98746977024368E+00
 0.98751698773590E+00
 0.98750155031257E+00
 0.98749034963034E+00
 0.98747288844047E+00
 0.98746752299867E+00
 0.98744815964004E+00
 0.98745509618620E+00
 0.98744745420157E+00
 0.98748584467483E+00
 0.98747294849004E+00
 0.98745685959679E+00
 0.98741890578545E+00
 0.98743670285539E+00
 0.98742960091964E+00
 0.98747395430915E+00
 0.98743666884046E+00
 0.98747689148321E+00
 0.98742724247804E+00
 0.98742531025214E+00
 0.98747056671672E+00
 0.98743896120556E+00
 0.98743559744195E+00
 0.98740552540764E+00
 0.98741766286865E+00
 0.98741126511627E+00
 0.98739735860222E+00
 0.98737904627779E+00
 0.98739286889841E+00
 0.98735176927020E+00
 0.98736802071967E+00
 0.98733666526096E+00
 0.98735984911236E+00
 0.98733567816764E+00
 0.98734212093665E+00
 0.98732670414878E+00
 0.98734086965646E+00
 0.98726357673245E+00
 0.98728476147807E+00
 0.98727115291615E+00
 0.98723206627651E+00
 0.98726563019859E+00
 0.98722134749114E+00
 0.98715662201641E+00
 0.98714475692935E+00
 0.98719787196090E+00
 0.98713116194490E+00
 0.98710784036889E+00
 0.98703651854560E+00
 0.98705070916987E+00
 0.98705139801555E+00
 0.98702004641136E+00
 0.98696094022510E+00
 0.98688081351094E+00
 0.98685208287749E+00
 0.98685891169155E+00
 0.98675416926559E+00
 0.98670649385437E+00
 0.98659120110223E+00
 0.98652523719681E+00
 0.98653057735694E+00
 0.98641618197033E+00
 0.98635227029021E+00
 0.98620008747590E+00
 0.98615299551385E+00
 0.98605821006271E+00
 0.98589819176011E+00
 0.98579337438171E+00
 0.98558091473254E+00
 0.98547174480881E+00
 0.98534227102483E+00
 0.98517196538957E+00
 0.98498247702526E+00
 0.98479166690711E+00
 0.98461618159427E+00
 0.98441469332991E+00
 0.98424668689694E+00
 0.98393705596277E+00
 0.98378473085525E+00
 0.98354363995343E+00
 0.98323969878026E+00
 0.98293800458168E+00
 0.98266753441338E+00
 0.98241779563441E+00
 0.98213150799564E+00
 0.98179308478852E+00
 0.98144043827247E+00
 0.98104841256265E+00
 0.98078835386313E+00
 0.98043867800221E+00
 0.98000412631018E+00
 0.97961907839896E+00
 0.97927146916194E+00
 0.97877545791586E+00
 0.97832163166325E+00
 0.97791942047693E+00
 0.97747590544007E+00
 0.97699838421378E+00
 0.97648069192885E+00
 0.97600159051502E+00
 0.97553185481985E+00
 0.97499913082585E+00
