 0.57849560497847E-01
 0.57849560497893E-01
 0.57849560498511E-01
 0.57849560502215E-01
 0.57849560516636E-01
 0.57849560520979E-01
 0.57849560677708E-01
 0.57849560966234E-01
 0.57849561763991E-01
 0.57849562562123E-01
 0.57849567277907E-01
 0.57849565515772E-01
 0.57849565394926E-01
 0.57849552887575E-01
 0.57849524152221E-01
 0.57849466842804E-01
 0.57849363309029E-01
 0.57849186213048E-01
 0.57848912613389E-01
 0.57848496607392E-01
 0.57847914171481E-01
 0.57847104655370E-01
 0.57846013495722E-01
 0.57844615256201E-01
 0.57842815756746E-01
 0.57840598596247E-01
 0.57837857505211E-01
 0.57834550232207E-01
 0.57830597760126E-01
 0.57825951747165E-01
 0.57820486158163E-01
 0.57814201902314E-01
 0.57806998045980E-01
 0.57798709017672E-01
 0.57789397620331E-01
 0.57778914184866E-01
 0.57767255109429E-01
 0.57754163528716E-01
 0.57739764632642E-01
 0.57723882286811E-01
 0.57706531035532E-01
 0.57687539487751E-01
 0.57666922470400E-01
 0.57644660972654E-01
 0.57620652243575E-01
 0.57594831757039E-01
 0.57567211671627E-01
 0.57537805380268E-01
 0.57506471381951E-01
 0.57473388795643E-01
 0.57438219921543E-01
 0.57401116064783E-01
 0.57362458757936E-01
 0.57321652281295E-01
 0.57278981875854E-01
 0.57234338641972E-01
 0.57187652819522E-01
 0.57139372590829E-01
 0.57089042452306E-01
 0.57036733124993E-01
 0.56982628087061E-01
 0.56926674571567E-01
 0.56868945249810E-01
 0.56809140480555E-01
 0.56747564458857E-01
 0.56683898664576E-01
 0.56618352653053E-01
 0.56550939403922E-01
 0.56481540731837E-01
 0.56409830518384E-01
 0.56336162627857E-01
 0.56260820229670E-01
 0.56183441517625E-01
 0.56102635084796E-01
 0.56020187483630E-01
 0.55934446480751E-01
 0.55847163762055E-01
 0.55757045322341E-01
 0.55662987086821E-01
 0.55566086278527E-01
 0.55467036060163E-01
 0.55364215832023E-01
 0.55257683679377E-01
 0.55147838579309E-01
 0.55033744029482E-01
 0.54915742877974E-01
 0.54792095686744E-01
 0.54664478564776E-01
 0.54531500575548E-01
 0.54394101531960E-01
 0.54249532948192E-01
 0.54100742278236E-01
 0.53943361394531E-01
 0.53780522690755E-01
 0.53610085969297E-01
 0.53433640314903E-01
 0.53247237806839E-01
 0.53054485760766E-01
 0.52850719222341E-01
 0.52639732466395E-01
 0.52416209804998E-01
 0.52180875557826E-01
 0.51937872368415E-01
 0.51682608145866E-01
 0.51412793636998E-01
 0.51133372662496E-01
 0.50836908757076E-01
 0.50527614453290E-01
 0.50202979083877E-01
 0.49863184295138E-01
 0.49503716546173E-01
 0.49127627385101E-01
 0.48735677494903E-01
 0.48321865304012E-01
 0.47888266966189E-01
 0.47431829444894E-01
 0.46956972603288E-01
 0.46456851285742E-01
 0.45927716303905E-01
 0.45372931301284E-01
 0.44798977023265E-01
 0.44185776262082E-01
 0.43553234268974E-01
 0.42887313628203E-01
 0.42186865236627E-01
 0.41450259528959E-01
 0.40687107870962E-01
 0.39884243543773E-01
 0.39048175819338E-01
 0.38174710024674E-01
 0.37251974074623E-01
 0.36295751296613E-01
 0.35296219411672E-01
 0.34254358537117E-01
 0.33170227879400E-01
 0.32035775713417E-01
 0.30872934619244E-01
 0.29651134852259E-01
 0.28400473900745E-01
 0.27106582669245E-01
 0.25771284251253E-01
 0.24392446102488E-01
 0.23002232389536E-01
 0.21570631690681E-01
 0.20129828492583E-01
 0.18682646920567E-01
 0.17232836836591E-01
 0.15798672687207E-01
 0.14379872241606E-01
 0.13020210654437E-01
 0.11720826210977E-01
 0.10487118858372E-01
 0.93411671202967E-02
 0.82777361839638E-02
 0.73119902957619E-02
 0.64409709572725E-02
 0.56661520235408E-02
 0.49773758916311E-02
 0.43738933329093E-02
 0.38420550019438E-02
 0.33759904413081E-02
 0.29708491710850E-02
 0.26169573110179E-02
 0.23078811311432E-02
 0.20405496924735E-02
 0.18075708849688E-02
 0.16038863555199E-02
 0.14280059765826E-02
 0.12739542308738E-02
 0.11393055334928E-02
 0.10213136746022E-02
 0.91672198961908E-03
 0.82579104422947E-03
 0.74565517987053E-03
 0.67464839779640E-03
 0.61187767741237E-03
 0.55609555349835E-03
 0.50678548920598E-03
 0.46275280459782E-03
 0.42342114719863E-03
 0.38816749320698E-03
 0.35654818849898E-03
 0.32824116920705E-03
 0.30282664691241E-03
 0.27953949146703E-03
 0.25872179342258E-03
 0.23983429510972E-03
 0.22271072159459E-03
 0.20704162408848E-03
 0.19283471268542E-03
 0.17988725512034E-03
 0.16799161800016E-03
 0.15707994677515E-03
 0.14707884237867E-03
 0.13786440083161E-03
 0.12938299296628E-03
 0.12160352780065E-03
 0.11438762213037E-03
 0.10772555342834E-03
 0.10157637306521E-03
