 0.66913438411476E+03
 0.66913438411476E+03
 0.66913438411476E+03
 0.66913438411476E+03
 0.66913438411476E+03
 0.66913449560104E+03
 0.66913407411294E+03
 0.66913434385972E+03
 0.66913172935685E+03
 0.66914152443201E+03
 0.66903784632783E+03
 0.66912284884764E+03
 0.66904794475448E+03
 0.66910154851210E+03
 0.66914051774068E+03
 0.66918380992925E+03
 0.66915893298080E+03
 0.66910151744808E+03
 0.66900113945965E+03
 0.66908211146925E+03
 0.66897602746714E+03
 0.66900667451214E+03
 0.66905724618860E+03
 0.66887243405287E+03
 0.66920538414698E+03
 0.66905114321002E+03
 0.66920164104032E+03
 0.66902468823977E+03
 0.66902258882118E+03
 0.66900734493086E+03
 0.66922259904046E+03
 0.66892708664102E+03
 0.66856662652805E+03
 0.66931785702951E+03
 0.66899175181387E+03
 0.66877788441944E+03
 0.66917513493803E+03
 0.66894256109152E+03
 0.66939670877355E+03
 0.66940642997863E+03
 0.66891441945416E+03
 0.66848707861996E+03
 0.67118664588153E+03
 0.67056841391436E+03
 0.66956569013958E+03
 0.66946703252902E+03
 0.67085692281268E+03
 0.67140270161067E+03
 0.67094406326172E+03
 0.66847210836483E+03
 0.66846489278680E+03
 0.67164057037003E+03
 0.66856996137269E+03
 0.67101071558127E+03
 0.66946893962234E+03
 0.66824414790403E+03
 0.66895595437472E+03
 0.66347787051980E+03
 0.67179115834127E+03
 0.66490506336880E+03
 0.66773502116519E+03
 0.66641427749369E+03
 0.67223748776964E+03
 0.66495730399848E+03
 0.66865531996880E+03
 0.66496756585229E+03
 0.66703963205684E+03
 0.66780990287872E+03
 0.66330780165131E+03
 0.66409267304900E+03
 0.67095705795874E+03
 0.66723596883167E+03
 0.67144002143018E+03
 0.66828527904567E+03
 0.66508776305915E+03
 0.66188753785848E+03
 0.66537681186153E+03
 0.67245549463399E+03
 0.67123865620900E+03
 0.66810163347254E+03
 0.66841129850297E+03
 0.66956320724004E+03
 0.66928234909020E+03
 0.67307946404703E+03
 0.67384639504050E+03
 0.67432731129354E+03
 0.66694981612804E+03
 0.66484419963096E+03
 0.67367482663915E+03
 0.67638919683625E+03
 0.67508646936197E+03
 0.67587752239270E+03
 0.66940090581902E+03
 0.67422300459082E+03
 0.66899667420950E+03
 0.67608118297230E+03
 0.67432710773652E+03
 0.67340652898380E+03
 0.67480551941776E+03
 0.67310228338913E+03
 0.68096861255595E+03
 0.67876288404839E+03
 0.67670310045627E+03
 0.68289294621869E+03
 0.68039957879944E+03
 0.67659725846258E+03
 0.68016679129528E+03
 0.67737940075679E+03
 0.68241068568566E+03
 0.68152975045940E+03
 0.68695210465671E+03
 0.68245319168439E+03
 0.68542382087022E+03
 0.68459216428283E+03
 0.68648064998828E+03
 0.68652367453246E+03
 0.69005817203280E+03
 0.69779265338629E+03
 0.69626510085705E+03
 0.70004950833911E+03
 0.69989922232964E+03
 0.69235896246183E+03
 0.69591243779594E+03
 0.70006609911893E+03
 0.69981518149776E+03
 0.70717493214864E+03
 0.70075404305273E+03
 0.70489023213025E+03
 0.71034749628970E+03
 0.71371849845805E+03
 0.70643409982579E+03
 0.70688063815764E+03
 0.70687987888250E+03
 0.71184242132330E+03
 0.71552764459907E+03
 0.71324878328304E+03
 0.71427083989518E+03
 0.72219701778608E+03
 0.71985250886147E+03
 0.72767159107901E+03
 0.72130818182817E+03
 0.73304198726413E+03
 0.72413846806820E+03
 0.73531968780287E+03
 0.73529652652826E+03
 0.73475556754320E+03
 0.73910569140051E+03
 0.73337890398481E+03
 0.74645207826721E+03
 0.74468397779013E+03
 0.74299032903600E+03
 0.74404940759750E+03
 0.74267379472077E+03
 0.74690325173181E+03
 0.75079838546869E+03
 0.75712135097862E+03
 0.75690226332893E+03
 0.75654080216635E+03
 0.75995428627204E+03
 0.75605020508506E+03
 0.77065921045794E+03
 0.76473996249684E+03
 0.77040519594989E+03
 0.77430180520027E+03
 0.77453336102706E+03
 0.77295370238323E+03
 0.77395631188822E+03
 0.77558231012499E+03
 0.77773136087387E+03
 0.77892931455621E+03
 0.78476239566648E+03
 0.78983484917197E+03
 0.78464280247198E+03
 0.79820860514628E+03
 0.79548724522894E+03
 0.79058279554248E+03
 0.79736669186132E+03
 0.79893258337719E+03
 0.79762493644563E+03
 0.80168801027000E+03
 0.80903746696252E+03
 0.80522262006578E+03
 0.81121070051373E+03
 0.81106218429241E+03
 0.82030378075805E+03
 0.82128116487629E+03
 0.82717720713706E+03
 0.82573764475158E+03
 0.82651509710589E+03
 0.83098540746637E+03
 0.83329154789219E+03
 0.83767455714203E+03
 0.83395241500645E+03
 0.83714526313408E+03
 0.84257418215238E+03
 0.84133284470342E+03
 0.85142371053390E+03
 0.84508100723632E+03
 0.84834594833035E+03
 0.85938471666758E+03
