   6.91360382032448847522976250442333937      
   6.91360382032448897452856100055816334      
   6.91360382032452743201328781372420908      
   6.91360382032516444341181800519020349      
   6.91360382032990751712095170087933365      
   6.91360382035170981779289183518638513      
   6.91360382042467998402730538398293210      
   6.91360382061958405575439075118777638      
   6.91360382105548862151324460988193820      
   6.91360382188595357241999219000179989      
   6.91360382321898980234004362069355897      
   6.91360382491702757164209269083857322      
   6.91360382622650346139245782193810839      
   6.91360382520635179015444475921134799      
   6.91360381795271752366847293136115279      
   6.91360379764466427465197586600700584      
   6.91360375345691122310208737255039026      
   6.91360366939923818096749749804581157      
   6.91360352314906522300788129211346524      
   6.91360328494558975998875669961681208      
   6.91360291661224931714523791355607753      
   6.91360237076968775090653916085891103      
   6.91360159029346629013973359528918455      
   6.91360050805957760926073996649471519      
   6.91359904700543356605399981128393055      
   6.91359712051626140874808727960230961      
   6.91359463312672904379481563577118120      
   6.91359148150854640299588156893746068      
   6.91358755569766405626346672521993402      
   6.91358274050087917364896589584716066      
   6.91357691701421838612926752007439106      
   6.91356996418223243533705217645814582      
   6.91356176032987294067174586300160628      
   6.91355218460534234408087080302788466      
   6.91354111828232325860151210103155636      
   6.91352844588191120140471707501358349      
   6.91351405608744513718233717797817512      
   6.91349784243780482822947732532366471      
   6.91347970379652213542602709103252116      
   6.91345954460347986274431216072981460      
   6.91343727492439610341208224881539344      
   6.91341281031883568863621536531797663      
   6.91338607155175651786233934367376470      
   6.91335698417549227111721581483198059      
   6.91332547800986344036266951497017583      
   6.91329148654744195078930813521034143      
   6.91325494630932123158058527783058549      
   6.91321579617438443185984049363784037      
   6.91317397670242116774275906355482539      
   6.91312942946838500640421772547862375      
   6.91308209642178078931867660756495521      
   6.91303191928251258461809061077827715      
   6.91297883896721596141034424715175960      
   6.91292279513269011563847710804013081      
   6.91286372564709450340163922307814530      
   6.91280156623535390753216708542523517      
   6.91273625012241796667308401885339917      
   6.91266770774008946718759332793589260      
   6.91259586648326273100560534621335904      
   6.91252065051210925574880166066078169      
   6.91244198059498966060326855157528837      
   6.91235977398766183942512161829940392      
   6.91227394434310673447577003554683464      
   6.91218440164658580538957407948320913      
   6.91209105217094934932177874161004952      
   6.91199379844561567084721555932034727      
   6.91189253923615473415547267353736760      
   6.91178716952722326984920173497177156      
   6.91167758050648060038596013821384604      
   6.91156365954437779846212550270258866      
   6.91144529016468111022780505792933688      
   6.91132235200520321590921038816177267      
   6.91119472076304539698382912811881650      
   6.91106226812202869022993697771985073      
   6.91092486166184404896854793961765266      
   6.91078236474396340799529745790441469      
   6.91063463637265042923110915546755976      
   6.91048153103390215463892091558580427      
   6.91032289850556138086864973140335674      
   6.91015858364131550935078067340661872      
   6.90998842612958467590572203952102632      
   6.90981226021542388585934198861615940      
   6.90962991439755877357237505968347746      
   6.90944121109142427331199431583910015      
   6.90924596627348249804382501823671129      
   6.90904398908225907951547278267389326      
   6.90883508139895731129412764359686888      
   6.90861903738467007889386774566788207      
   6.90839564301068452437822480871644819      
   6.90816467552467247347290963685765913      
   6.90792590290156811505788778996966733      
   6.90767908326682736695102303337270031      
   6.90742396428876590520892902311383712      
   6.90716028253511411584347554646213211      
   6.90688776281067879542741884186490905      
   6.90660611744559587549298266788067473      
   6.90631504549399914679379755670831843      
   6.90601423202178947107436378239448723      
   6.90570334727375035344976305216548449      
   6.90538204584206170813921708968777529      
   6.90504996573986045585488442821911471      
   6.90470672752857545784968858362362112      
   6.90435193335245829784267904194415658      
   6.90398516585476869896850036149708535      
   6.90360598715487638552338181505424570      
   6.90321393783447685280524736392878145      
   6.90280853580453875998543910539401845      
   6.90238927497803037502200878671192179      
   6.90195562403822770664375655282396549      
   6.90150702528024888537085540722757597      
   6.90104289336784947922947294597779008      
   6.90056261335087858067137598172558870      
   6.90006553990703558379859733850463038      
   6.89955099544350107144367673362727968      
   6.89901826845318191549597712455730055      
   6.89846661164839866741898792174270417      
   6.89789524093440376798724437682972881      
   6.89730333277858436438618265249927839      
   6.89669002240032881241480185656961882      
   6.89605440215655950188261595374238606      
   6.89539551930496455337561234479186794      
   6.89471237301047424239397366271694555      
   6.89400391340913587772341848946889294      
   6.89326903764398361532130866612350287      
   6.89250658847679376508775827899293795      
   6.89171535079923082759722007116783377      
   6.89089404925885938478865290674657747      
   6.89004134482142604827845004801119999      
   6.88915583219309670989394663643024837      
   6.88823603559512161617928371675502547      
   6.88728040641697508202633136563418724      
   6.88628731808364194522820130510610869      
   6.88525506369438339097195246233358975      
   6.88418185084653465481398815046847286      
   6.88306579712999098838582273817061803      
   6.88190492678345545160302095951748737      
   6.88069716448493878342884650655802646      
   6.87944033082770279049410344360286084      
   6.87813213686213567505852246128772666      
   6.87677017790505331991452216231951306      
   6.87535192843411755967272534259998743      
   6.87387473474491004307846119600145037      
   6.87233580820405358104976311739089501      
   6.87073221830220240137891959280929674      
   6.86906088484452174282704637078284969      
   6.86731856959760006567077872727367353      
   6.86550186791839071791927531761868116      
   6.86360719963575944237429668099175219      
   6.86163079892936105224519541317523980      
   6.85956870375373566256931310702936642      
   6.85741674517651100312375749907465145      
   6.85517053616597546850174978447566665      
   6.85282545756236780318429809466964381      
   6.85037664635331493627552816182808452      
   6.84781898063211970007792812017789741      
   6.84514706479820097713065222854188873      
   6.84235521353178974492581610759624795      
   6.83943743480411864796880724721826319      
   6.83638741152788804764328476897133692      
   6.83319848299654859825219492931251660      
   6.82986362306925219453304992947892554      
   6.82637541958080906201312988467807766      
   6.82272605105904584630675009653160767      
   6.81890726207640890524052270822521920      
   6.81491033769444939859574499628736230      
   6.81072607593738446915629097826657785      
   6.80634475913434534298594929804425786      
   6.80175612398433177553422218573705736      
   6.79694932913826162954246770711215244      
   6.79191292532780831120260470504205266      
   6.78663481766787449361353696197243273      
   6.78110223285976370588513145879151508      
   6.77530168439919121839350756829157207      
   6.76921893552266360881319407915678938      
   6.76283896520070265569577403295715554      
   6.75614593352019722853249987515297142      
   6.74912314932760791905353837115184646      
   6.74175304136371000706688546928505377      
   6.73401713316121677086888662323039658      
   6.72589602400333246901350997400542201      
   6.71736937789480812311143369033079818      
   6.70841592163305306535802475036749311      
   6.69901345503333317332693072934839060      
   6.68913887644298040962155155785070847      
   6.67876822333848173810833699016261717      
   6.66787673276747704614126555176416356      
   6.65643892127470559253275896309955225      
   6.64442868691179864345649532847416660      
   6.63181942953480145004056094960741765      
   6.61858419391226424072178364326191290      
   6.60469582100720204609626064883557884      
   6.59012711330037127054300597435853372      
   6.57485099506735973406588933808577394      
   6.55884066667821070791499549071604491      
   6.54206973897311275218208764853443561      
   6.52451233798482673164766469328596197      
   6.50614317279084914876933628370705351      
   6.48693757068225399382096576536599392      
   6.46687146656507050049193786799464834      
   6.44592137362384405527197290578622337      
   6.42406431758372858334073781015446322      
   6.40127777926436805734016529387249303      
   6.37753962842896139050042373332218626      
   6.35282808185255959702981725941691459      
   6.32712167111001010908818863076785255      
   6.30039924053385416553439391716723883      
   6.27263995889582183247640165955988054      
   6.24382334726332152907778152273204412      
   6.21392931277024636242343050226571518      
   6.18293818413723607948277599940200910      
   6.15083074104017796928518706523830446      
   6.11758823801284333257037530979007416      
   6.08319241604896455244526957457364164      
   6.04762550467309294375844936120920319      
   6.01087021485880785319458573845243888      
   5.97290972271026093959114983483826902      
   5.93372764687803587176228865270551427      
   5.89330802071605052492739095414208506      
   5.85163526121975425213353456606533620      
   5.80869413599941938852154443197721090      
   5.76446972912748123900607768111245932      
   5.71894740797181634806832303815119059      
   5.67211279026606887981236700806971558      
   5.62395171299937026332549824803897289      
   5.57445020295235886499315753307611053      
   5.52359444924986825669940375407334960      
   5.47137077815620815963489615127897422      
   5.41776562979978553787723967994753893      
   5.36276553705360990068022863784613776      
   5.30635710625868026985579123226130198      
   5.24852700000329626741847963590943463      
   5.18926192145794437941679389115639322      
   5.12854860035832401638525003891275116      
   5.06637378043808448379109169899414745      
   5.00272420820311360026478158499369830      
   4.93758662280973491523195017182919396      
   4.87094774723982517063348206111587703      
   4.80279428017206479217443883113284627      
   4.73311288887113682982059122183762076      
   4.66189020288438832915969846135874049      
   4.58911280834036276247253843236148738      
   4.51476724289125472574316879232082271      
   4.43883999125271626057502723063395911      
   4.36131748123283265116751341540594533      
   4.28218608014690626307543598450584564      
   4.20143209165291657457918559929759141      
   4.11904175297151011897269563673430550      
   4.03500123238088350736538374481781855      
   3.94929662700023034234102912497551783      
   3.86191396081385567925923837879251561      
   3.77283918293397806710566944216325822      
   3.68205816607972646436602715148138198      
   3.58955670516857650202918189183746767      
   3.49532051614293213633812987161450787      
   3.39933523489558119161193273793337606      
   3.30158641633674641011466152640375686      
   3.20205953357078463380340000418421164      
   3.10073997717922402574642382912531474      
   2.99761305459172401331579383815678875      
   2.89266398956112029936471433211725960      
   2.78587792167462665019581909121985005      
   2.67723990596643021304564472422042726      
   2.56673491257500589952277781138310096      
   2.45434782645829950938740118876604636      
   2.34006344715477175209924492241039549      
   2.22386648859664489095394813766244077      
   2.10574157895330399566459750808266986      
   1.98567326051536830719080448313772672      
   1.86364598961539322280405900789337021      
   1.73964413656373787075757067483154438      
   1.61365198562381553625823093418422728      
   1.48565373502825838570668534423792399      
   1.35563349696492713130637145915807205      
   1.22357529761369756206768168993324341      
   1.08946307722983510212301975437031515      
  0.953280690183024001805112965473326733      
  0.815011905057693711069306799747718583      
  0.674640404752931345721410793816637560      
  0.532149786567805213141166376758217864      
  0.387523562359629857941199516253311396      
  0.240745158619793831618821536187794349      
   9.17979166572599413074321540997391944E-0002
  -5.93349072724994766940421205661719256E-0002
 -0.212670141840983161937450638283990893      
 -0.368224700444115846134027834987595149      
 -0.526015581084429132333168897950731201      
 -0.686059866172710226972867294464935941      
 -0.848374722361726600959304579925879028      
  -1.01297740039528678950961307136067437      
  -1.17988523488799281234095033023775130      
  -1.34911564416539227514937674452210792      
  -1.52068613009660614280816005843817907      
  -1.69461427786725375402581232997645807      
  -1.87091775581625956999255789637188184      
  -2.04961431524215744144548795178649194      
  -2.23072179020489039852817859998607886      
  -2.41425809732753560963910151423921042      
  -2.60024123561207245345108148694803083      
  -2.78868928623140742642354590600924212      
  -2.97962041234710057729505541047374052      
