   6.91360382032448847522976250442333937      
   6.91360382032448897452856100055816334      
   6.91360382032452743201328781372420831      
   6.91360382032516444341181800519006791      
   6.91360382032990751712095170029648023      
   6.91360382035170981779289166043956138      
   6.91360382042467998402729437548439411      
   6.91360382061958405575413112387938777      
   6.91360382105548862151007969063444410      
   6.91360382188595357239576839392760238      
   6.91360382321898980220818823866255182      
   6.91360382491702757108630658464109158      
   6.91360382622650346135741224332969272      
   6.91360382520635178950614743394996389      
   6.91360381795271751616239392707969582      
   6.91360379764466421107053648283182423      
   6.91360375345691080151056245546423923      
   6.91360366939923589250015651363348715      
   6.91360352314905474639145240516316284      
   6.91360328494554818978059653862601532      
   6.91360291661210344672790846535662889      
   6.91360237076922757137551072997809682      
   6.91360159029214325461188287837531313      
   6.91360050805607149045254850089885484      
   6.91359904699678717565405447123787026      
   6.91359712049625792100458256114062059      
   6.91359463308301368617694970999225067      
   6.91359148141776597714833383540244186      
   6.91358755551760966287372081804046568      
   6.91358274015826831065528360705320008      
   6.91357691638634349492968527546657707      
   6.91356996307023825071130825332649685      
   6.91356175842091113400614218917030713      
   6.91355218142029523674960536509876191      
   6.91354111310519826124064094029893994      
   6.91352843766638987253318140114636780      
   6.91351404333543242001608571222654977      
   6.91349782304417320415973301389005897      
   6.91347967485357976253141354286989843      
   6.91345950215802179512320021560183105      
   6.91343721365679473721102914439359195      
   6.91341272324122209500199846751621741      
   6.91338594951896963282117347273048839      
   6.91335681538410948065921787199083054      
   6.91332524738764138506348357692998119      
   6.91329117503861150301401988644342517      
   6.91325453004420745475487809507556459      
   6.91321524551122222559411574519391665      
   6.91317325512890923615159110424193318      
   6.91312849235005540281743501020517225      
   6.91308088958419628263240648331966780      
   6.91303037741393083596831118015460854      
   6.91297688384290934176114663700866990      
   6.91292033358079240949295055548870790      
   6.91286064736918750542750325610168356      
   6.91279774135018273503926282092016781      
   6.91273152647717676202045631507831437      
   6.91266190796745569162221755939127269      
   6.91258878479324340573372762727591433      
   6.91251204920982505032326051888462001      
   6.91243158631455173586768724300341293      
   6.91234727363559234668067475914329027      
   6.91225898074384529347555993205685048      
   6.91216656888531269620995131004391485      
   6.91206989063002821253465494774326446      
   6.91196878952903101874148290960807308      
   6.91186309978373754273212632751051565      
   6.91175264591415397452689839206223711      
   6.91163724243026361342321699935740891      
   6.91151669350140222197030122194010062      
   6.91139079261415168549820270325170707      
   6.91125932222923148445140284068643315      
   6.91112205342023598068832270183846317      
   6.91097874550636352725859329641519417      
   6.91082914565491914337304171455768283      
   6.91067298850086742903273111597508072      
   6.91050999569138948948253148315197259      
   6.91033987546386073737299151324812302      
   6.91016232217238571895213996386807499      
   6.90997701580826782010138242548010716      
   6.90978362149266359059259079369172507      
   6.90958178892944840219997680170028751      
   6.90937115183231420806142946356861516      
   6.90915132734580269520471151176297535      
   6.90892191542606717537292006761251823      
   6.90868249818986326150789745930491067      
   6.90843263922873299058431123897917083      
   6.90817188291617469881081217770058582      
   6.90789975367725069280238004375459604      
   6.90761575511737196817295487199710407      
   6.90731936926894846318131255861903097      
   6.90701005572592002708425549469861775      
   6.90668725074626052593030816833815183      
   6.90635036635193275240094037093301960      
   6.90599878932841219235243481024146362      
   6.90563188000266320709053921936577819      
   6.90524897157874732299579310171970172      
   6.90484936859719712863303768424530454      
   6.90443234589980718162837707219002733      
   6.90399714741989658631216033522531406      
   6.90354298490138888931930874810950421      
   6.90306903660764676192950680250252981      
   6.90257444551610412924869205172930885      
   6.90205831814851156295766443790509575      
   6.90151972294371160289083331667959203      
   6.90095768888085878981880067426309996      
   6.90037120303063208267166111201790448      
   6.89975920903992296554067294962996509      
   6.89912060604882736809718558173723980      
   6.89845424547608211967617485001609333      
   6.89775892910725274202540854788737290      
   6.89703340775975879611082308014317529      
   6.89627637859435421826686155975560946      
   6.89548648159260136160227108212365792      
   6.89466229862230262860123690677342598      
   6.89380234997619846948711569078999964      
   6.89290509111629528906221695183016790      
   6.89196891112549542125760583732071440      
   6.89099212769064244873350174849460982      
   6.88997298577156745709125610629937724      
   6.88890965269825152141070422110106344      
   6.88780021528059519775456678190141173      
   6.88664267619483440721963092704175445      
   6.88543494933775338056325118442180550      
   6.88417485645366794193332115988674466      
   6.88286012316874889561899896893986104      
   6.88148837267860116971335631180877723      
   6.88005712242836251436090547153435310      
   6.87856377926841313410156399253962046      
   6.87700563307190630019128843808806136      
   6.87537985269520541092496829732805756      
   6.87368347875929718390962662032535732      
   6.87191341936069147774245667849394101      
   6.87006644211406147839229397720571727      
   6.86813916817145575535333639102360852      
   6.86612806666294461552307945165544553      
   6.86402944552890423599313105940793705      
   6.86183944553423156246365236201388820      
   6.85955403210887116951739705320585658      
   6.85716898666148049569504809678699468      
   6.85467989871870006093622214643036094      
   6.85208215774031859665200837113356815      
   6.84937094333798905600080384256535772      
   6.84654121578350150715588646289872656      
   6.84358770649596870241926100386114820      
   6.84050490814813060928248497836562420      
   6.83728706394939638817526374428122304      
   6.83392815859405692956005751839110315      
   6.83042190429641992401830074657777499      
   6.82676173260780367313159586904469222      
   6.82294078239780310736257428166404594      
   6.81895188719941282958155192258944138      
   6.81478756587705538159286484598135398      
   6.81044000938293032874205467391777660      
   6.80590107085367703544190154640160362      
   6.80116225430724523756818688453420232      
   6.79621470455319615522667479590297337      
   6.79104919694567345533493217223705466      
   6.78565612869761196408856617901517689      
   6.78002551216020952320806091446736486      
   6.77414696752664462370645976637095269      
   6.76800971951651862965124060666467616      
   6.76160259551652884005837505814384386      
   6.75491402577432533033370275506624371      
   6.74793205209521282900026637765736812      
   6.74064432921411685375444420065930953      
   6.73303814498892543277131415468889108      
   6.72510043562563065789668158907147229      
   6.71681781424608326686873331221474559      
   6.70817659567330769944496405631608190      
   6.69916284406624912856530754356047144      
   6.68976241215915903328868749636506423      
   6.67996099613281980281811912291056623      
   6.66974419264225994162337545986814067      
   6.65909756365163804873062599532481283      
   6.64800669452885934584751446625450286      
   6.63645725759510688289447762564202054      
   6.62443506122818138102390259527405585      
   6.61192608414734704691606345791436062      
   6.59891648654262929279709559295172757      
   6.58539259261144192632954888069277097      
   6.57134083252806995675427495938501246      
   6.55674763916783806683191557775609148      
   6.54159932646590434774113252101402410      
   6.52588189542755158363356661047835826      
   6.50958085544436371679408317901945455      
   6.49268102104112787783382473957933214      
   6.47516633394277808664178821400242209      
   6.45701971978811689362579135263739668      
   6.43822299828011541047927222770000005      
   6.41875685383596711750178109671827402      
   6.39860086892625728860910046124821072      
   6.37773361153412837962087885524382878      
   6.35613276858210367653773942991483898      
   6.33377530870565232423937117097782496      
   6.31063766317081901618347126155902012      
   6.28669590923263123741215033035883983      
   6.26192594951817729309675404115039160      
   6.23630367501590843974149173796280026      
   6.20980511018805361186579172793874910      
   6.18240653512521934224838288905789135      
   6.15408458520540357319475815564364163      
   6.12481632798446576590991021122442781      
   6.09457931945284686229783543218680814      
   6.06335164128338747272726989142347805      
   6.03111192223269881229704379471857751      
   5.99783934625893885728898040151068279      
   5.96351364948606695501027107534859234      
   5.92811510848078848950636439532178666      
   5.89162452193632766837714909082316918      
   5.85402318768491130314481000724145225      
   5.81529287618856124663385455270072438      
   5.77541580196321249716960238551471891      
   5.73437459383117296204896004606727755      
   5.69215226469018760258734421708067895      
   5.64873218159626321503409714200276211      
   5.60409803630183380477644138966511642      
   5.55823381700966354234172965621076241      
   5.51112378112826282915690329619459769      
   5.46275242941075747604875670346411311      
   5.41310448156280012845919282687853405      
   5.36216485322381614359894582819646155      
   5.30991863454833400184029340937167438      
   5.25635107015724262015361030172643937      
   5.20144754049348006807761463474120782      
   5.14519354455650511364778040893367171      
   5.08757468390189520595854493286371461      
   5.02857664787223489796050981103549350      
   4.96818519997156211540227461731864964      
   4.90638616529758111714416927821312790      
   4.84316541897962020257053605213428572      
   4.77850887553587713833769201198313321      
   4.71240247909203275900065738266581891      
   4.64483219439519965542186956424782664      
   4.57578399855578948547794064523742937      
   4.50524387346467031780511417050062709      
   4.43319779883476830553295305098293386      
   4.35963174578175296409321179648749268      
   4.28453167101040808832254945109077715      
   4.20788351134356899990733376255060356      
   4.12967317888536692353090356388912798      
   4.04988655636445070069171040069808621      
   3.96850949298847061916125237563051833      
   3.88552780069592997431463285765754658      
   3.80092725051532622886632551967637155      
   3.71469356940720348902971897765827318      
   3.62681243725883722271237131681096918      
   3.53726948417282732265918912149198767      
   3.44605028789979248423961780368871600      
   3.35314037158117879670327089384894013      
   3.25852520161623202688925302741466102      
   3.16219018568565251813745604696647893      
   3.06412067095481597250708076777729477      
   2.96430194242358233020839915219388220      
   2.86271922140953128394428249288723301      
   2.75935766414904366334997170261749274      
   2.65420236048385372926414866953439448      
   2.54723833268332751519243967649367528      
   2.43845053433316474765886595746619551      
   2.32782384948142741340383598512882263      
   2.21534309144846264052892078018725634      
   2.10099300216456499232695902337035780      
   1.98475825136946154814501841716087953      
   1.86662343585427019585372683353652430      
   1.74657307879981654673421544951256661      
   1.62459162923468329987042170614705731      
   1.50066346142497349759509190817766100      
   1.37477287438045422102808906087869009      
   1.24690409142408968172792230201890006      
   1.11704125972788286129974851536160450      
  0.985168449923273567766140898260866349      
  0.851269655814388015566734436703084004      
  0.715328793988374240978348448654800062      
  0.577329703571518056204576526459928801      
  0.437256145944054467007229578245840000      
  0.295091804521140830977591178915871348      
  0.150820284536659968297265466871220307      
   4.42511285781878807052973499709661043E-0003
 -0.144110262180330054885875595750317676      
 -0.294802470938128356806482942630741279      
 -0.447668222563698617858686714521016524      
 -0.602724305151355806418396869027993733      
 -0.759987585781308622868567071655890802      
 -0.919475010652490847147013992294118342      
  -1.08120360512002259588188619077301764      
  -1.24519047374764370665457644148014924      
  -1.41145280036364370115823078147383876      
  -1.58000784807290848661932671202785083      
  -1.75087295927905359683708016410873682      
  -1.92406555570329785181446331758353471      
  -2.09960313837264543645301523853566761      
  -2.27750328760120911970364872111532909      
  -2.45778366299109685617761904204902386      
  -2.64046200337801774595265157564007093      
  -2.82555612682368167211022923671717831      
  -3.01308393055656138254721103377611505      
  -3.20306339092294099705164581792812388      
  -3.39551256334012450466480691683514402      
  -3.59044958222276876601794981110705724      
  -3.78789266092670957592904866446426585      
