   482.989325854482766625225197452827150      
   482.989325854498234655481154983509087      
   482.989325855059819086560773405629421      
   482.989325860516629894659871621309713      
   482.989325887322284515814506978045909      
   482.989325967435644092579296817533311      
   482.989325968950923145095325145857792      
   482.989323869000587490727212612952779      
   482.989307850192948670155216411226308      
   482.989234838319703637126956135709231      
   482.988991240619911306576290004491789      
   482.988340383513761376753850103220342      
   482.986868773418214897325368692867120      
   482.983944755005546258330800265323031      
   482.978698901874597937562186804822993      
   482.970029030597576371596820277836605      
   482.956627172603876389119450209135831      
   482.937022557309724284369333875150565      
   482.909633640881307041914747934027871      
   482.872822787406504056718061711906472      
   482.824948608072664972512296457194356      
   482.764412594925231278959948164718148      
   482.689698184370799378554933691251952      
   482.599401580038263071250080420592565      
   482.492254511355188920517660286064235      
   482.367139633497528411590878205051704      
   482.223099548713360579744817345032880      
   482.059340516809886646523628453801366      
   481.875231889764867983829756457504499      
   481.670302203465020352339018798725175      
   481.444232725257041994751326675208380      
   481.196849118039749723130283574300138      
   480.928111754191729985222017043147420      
   480.638105103248056200761728239883024      
   480.327026529008629555953813329038876      
   479.995174762960823780566440272811973      
   479.642938268823491665252098119160405      
   479.270783674204502016497913790159053      
   478.879244415570286561814099827973337      
   478.468909720215110363793133491846091      
   478.040414029538199670733012345035807      
   477.594426951938170479093190284580766      
   477.131643818149301220445232442713777      
   476.652776897432482639404835503253565      
   476.158547319331871288657192923919608      
   475.649677731155343676564587390906412      
   475.126885709360231931563724885952409      
   474.590877929907634712373966853392922      
   474.042345092015212901286579410393029      
   473.481957578548245780399228848985113      
   472.910361828108139171736514418433584      
   472.328177386556106498971015400811244      
   471.735994598281524405102227491124207      
   471.134372893748292991774577423272274      
   470.523839626291086483244298060301688      
   469.904889408132078402846897197726622      
   469.277983894605177634943265808165963      
   468.643551966302845635009275431342807      
   468.001990257788537271276952473609651      
   467.353663984125353005619539051813089      
   466.698908018531175937739451887252243      
   466.038028175752785832083294012545793      
   465.371302659518741353663743080406868      
   464.698983631539700164282064790946182      
   464.021298890248297781117461579164362      
   463.338453568633137096939215891896816      
   462.650631897983406546108861113892398      
   461.957998956738419275182810476933341      
   461.260702404476560033598026172625826      
   460.558874177711284925282117825936588      
   459.852632131033834366957610641465135      
   459.142081611798031736837290217220100      
   458.427316955957326104758555135263631      
   457.708422897367957959117138890723789      
   456.985475885279541074344562923624938      
   456.258545303904473934492806999116282      
   455.527694593299838545267247818227686      
   454.792982270132419984733437565094533      
   454.054462848300688528215851505404114      
   453.312187661885426396869405176903992      
   452.566205592765123447704968433102927      
   451.816563704188267481436639883868670      
   451.063307786989787790128827855160667      
   450.306482820681347021779724555928139      
   449.546133357885868137000417800155946      
   448.782303831881900718260698101442078      
   448.015038797356617712488498175257127      
   447.244383104440852756014112809650390      
   446.470382020031382883148855423896001      
   445.693081289129249404565704100747268      
   444.912527147934954969078493863705981      
   444.128766301258573510141764290378118      
   443.341845855015364049608572100160985      
   442.551813217347601516446121642927998      
   441.758715971249368271764289273132068      
   440.962601720587142740857456920888694      
   440.163517896447800075975803263174421      
   439.361511575518566429383160794501910      
   438.556629263000118564795629383656200      
   437.748916671363303760301350451271045      
   436.938418474756007140592887299967473      
   436.125178074081005779871010935544796      
   435.309237349761038226384155530577554      
   434.490636390516639717187191136814105      
   433.669413239025666387382715398234492      
   432.845603642340002691022346051024081      
   432.019240809605684168300401394476724      
   431.190355117265710629885711070724801      
   430.358973848394162719394759275661479      
   429.525120962636736326496063732188706      
   428.688816879543690749739572880789915      
   427.850078136775033774691194138970741      
   427.008917167223356862598013491437468      
   426.165342114732270685046889062399498      
   425.319356575366721980435338164130582      
   424.470959220252074766528655539213980      
   423.620143753709343382157745936302549      
   422.766898603727395588434495803931374      
   421.911206500482937159057450472206106      
   421.053044634803918057456617502468631      
   420.192384044021596613184087540968765      
   419.329189539699920856247982657390552      
   418.463419382848155708608732872604655      
   417.595025228918087029241477868843716      
   416.723951563954337958606540751435631      
   415.850135817732204090049367349045451      
   414.973507719249899103505769550840143      
   414.093989346749379246654316713855895      
   413.211494695167091228011124820824516      
   412.325929349127852095754978188744067      
   411.437190290143596510068728035064570      
   410.545165537794327997853996020222295      
   409.649733693171891261202427270515330      
   408.750763896964380482097268617587135      
   407.848115050052399706163394737674590      
   406.941635785401214835096837907221096      
   406.031163910458064728538872758142671      
   405.116525816056569237798895424644785      
   404.197536268874316340882103818662711      
   403.273997809154208340698907541073522      
   402.345700216647586730560994899411444      
   401.412419769352054252993904100853414      
   400.473918916475641335130362045314249      
   399.529945576973074741511770439353116      
   398.580232268974800221200244828671385      
   397.624495311870131827569885841827993      
   396.662434489289333057477927739736112      
   395.693731480907476984069958558469655      
   394.718049589740848446490407739551182      
   393.735032288814903261528030767955581      
   392.744302380672955135207222937808365      
   391.745460773438659014126751478188654      
   390.738085148089539423349943459924476      
   389.721728736554694379555085806962858      
   388.695919120989578735636015160103892      
   387.660156167588182429834144276161205      
   386.613910752931305550861367368623035      
   385.556622963938099893046296228993570      
   384.487700147719091955581445293130305      
   383.406514970460240421286733343707345      
   382.312403363974473909136824331708611      
   381.204662070698884924323095375304941      
   380.082546431503080410746821415615274      
   378.945268073147682665798106972384250      
   377.791991813923589446058732650121616      
   376.621833344712141198495551675272292      
   375.433856507440047314900842425158499      
   374.227070387943180420190971664438213      
   373.000426419283988439799689377482566      
   371.752816191199141671110878136467600      
   370.483068654665096598605995653024631      
   369.189948187573296205131671623124223      
   367.872152767336841959089248831328708      
   366.528313307429905036393309363358753      
   365.156993813730001813902249955691236      
   363.756692773912149633456761413592365      
   362.325847366231354934291967134700422      
   360.862838408498488258512261036768521      
   359.366000459167589630619491374862500      
   357.833635288463264708557183148176382      
   356.264031465564247760191183652300289      
   354.655490317386730312535575845672778      
   353.006361976633006709437672852227167      
   351.315091694426139067151291006247586      
   349.580280910981723304558586953978171      
   347.800765293407170455664812549052330      
   345.975712322237762191227849403561065      
   344.104744686543630832329572855023864      
   342.188089933639673443609782176029950      
   340.226761437138120105522908481285352      
   338.222771731174373455488341242338237      
   336.179381238688434201330266486234302      
   334.101366418155281551198619074031027      
   331.995339582354697372449015976123567      
   329.870027194371826531938010531798781      
   327.736586155178629457506881169984411      
   325.608857844405589310634532097748869      
   323.503556284459079718213552261576706      
   321.440347445593630634243768254584696      
   319.441770355621231494263082075487099      
   317.533028614408739399573936269117850      
   315.741502362950251690375330470729233      
   314.096126309427504050293846834786439      
   312.626561832441776638161041146352992      
   311.362241502120925792628808369469678      
   310.331525285766500058332408418454365      
   309.560059219058781240012516000660764      
   309.070777581517289759475667199079619      
   308.882628490745245100998663845393337      
   309.010213074653347931782599500798943      
   309.463543692562590589347239610474735      
   310.248045062661336758290683314287290      
   311.364767421680007881951210632182813      
   312.810766432739015962950159931612632      
   314.579598308081148567290121341873121      
   316.661876214245238197438384096875611      
   319.045846119455938304556876596284320      
   321.717945698182708883296377247041990      
   324.663319603479076032262688179163484      
   327.866277603815006093818416612242014      
   331.310686610973335340736083229355104      
   334.980295751008220384194837433150125      
   338.858996638743465782438441187923639      
   342.931025314847559951913881014155388      
   347.181113204790027604345779872041591      
   351.594594849012514214999652029776833      
   356.157476584203984640114784531982231      
   360.856479585471184235514789133192969      
   365.679057592923010113187737429650824      
   370.613398504128243993995202168563865      
   375.648411613592601915920452624432545      
   380.773705515632226056193278754635385      
   385.979559799208121646053101617520797      
   391.256893004057969753974167822944347      
   396.597226977788634263912419670664225      
   401.992650598429696466273803969859343      
   407.435784177846750802978510720310821      
   412.919743945033287495035381722318601      
   418.438107213447815752160240272397054      
   423.984881547760234359844783102234172      
   429.554471034507247077433129133131284      
   435.141649556259143119842185791669708      
   440.741533455171642575344265500784807      
   446.349555868247041965578552012906867      
   451.961443642907189978790331595532989      
   457.573196480089539262916695500189988      
   463.181066982090987573978831561732796      
   468.781542330781783155824301888037939      
   474.371327908509689853430789569629150      
   479.947332408654097827840871280698409      
   485.506653732749914506288707635611043      
   491.046566103966568557701214050091298      
   496.564508849353870222350839852461718      
   502.058075636999849094246739163102077      
   507.525005216645072320466392170505606      
   512.963171518651390529383234791758195      
   518.370576384998050595012034799151302      
   523.745342396371253089027168764696241      
   529.085705369885589234737925649570439      
   534.390008174228297320322488883325564      
   539.656695848457637913513067292424369      
   544.884309197716007769158162711805241      
   550.071480642849136972180080248135908      
   555.216929658150544766755169865397285      
   560.319458733582306747080004927409893      
   565.377949036691468447738565129121190      
   570.391357184553741574002717068463635      
   575.358712153296596564489603707457428      
   580.279111839040777699896136259354887      
   585.151720444688963523415387071037636      
   589.975765301695885158678281119464752      
   594.750535052282909986475811911965917      
   599.475376571392441400236599868002367      
   604.149693129078525679566195221922289      
   608.772941315358892579660993306953882      
   613.344631808713255052808163034514966      
   617.864323633408706544795896602825134      
   622.331624035270378218494452004846934      
   626.746187684334426227871144238407965      
   631.107713333311958317439676347691640      
   635.415943193105272742600473032883982      
   639.670660680225823103666297519876506      
   643.871689927899374491410683204722138      
   648.018892749251107773161295137432932      
   652.112168558577654281816054233839344      
   656.151452656460358170975404589526292      
   660.136714051425539287369668218955226      
   664.067955561243723844453200701796020      
   667.945211115555234832425342297017939      
   671.768545601048174249591434531659883      
   675.538053102674033648903871072765244      
   679.253855490561068996209881199392595      
   682.916102071967540570546056659423506      
   686.524967572384647995163644801473619      
   690.080651600346002998182918401654265      
   693.583377137215617349251597287560175      
   697.033390024440164381183263934271199      
   700.430957372085152252183987448029063      
   703.776366674983113458124140519646300      
   707.069925176384123772927468475759154      
